<TICKER>,<PER>,<DATE>,<TIME>,<OPEN>,<HIGH>,<LOW>,<CLOSE>,<VOL>
12984_090101_130416,D,20090111,000000,200.0000000,200.0000000,185.6100000,185.6100000,51
12984_090101_130416,D,20090113,000000,188.6000000,200.0000000,188.6000000,200.0000000,31
12984_090101_130416,D,20090114,000000,199.0000000,199.0000000,188.6000000,193.6100000,6
12984_090101_130416,D,20090115,000000,200.0000000,200.0000000,195.0000000,195.0000000,17
12984_090101_130416,D,20090116,000000,200.0000000,202.0000000,195.0000000,202.0000000,1.212
12984_090101_130416,D,20090119,000000,193.6000000,193.6000000,193.6000000,193.6000000,5
12984_090101_130416,D,20090122,000000,200.0000000,200.0000000,200.0000000,200.0000000,88
12984_090101_130416,D,20090123,000000,200.0000000,200.0000000,200.0000000,200.0000000,1
12984_090101_130416,D,20090126,000000,199.0000000,202.0000000,199.0000000,200.0100000,4.839
12984_090101_130416,D,20090127,000000,218.0000000,218.0000000,218.0000000,218.0000000,520
12984_090101_130416,D,20090128,000000,218.0000000,230.0000000,218.0000000,230.0000000,34.574
12984_090101_130416,D,20090129,000000,230.0100000,250.0000000,230.0100000,245.0000000,4.025
12984_090101_130416,D,20090130,000000,235.0100000,264.0100000,235.0100000,264.0100000,2.480
12984_090101_130416,D,20090202,000000,311.1100000,311.1100000,287.0500000,287.0500000,2
12984_090101_130416,D,20090203,000000,287.0500000,299.0000000,265.0000000,299.0000000,453
12984_090101_130416,D,20090204,000000,299.0000000,302.0000000,280.0000000,302.0000000,2.104
12984_090101_130416,D,20090205,000000,327.0000000,327.0000000,310.0000000,320.0000000,838
12984_090101_130416,D,20090206,000000,333.0000000,339.0000000,320.0000000,330.0000000,1.954
12984_090101_130416,D,20090209,000000,315.0100000,339.9900000,315.0000000,339.5000000,18
12984_090101_130416,D,20090210,000000,340.0000000,340.0000000,340.0000000,340.0000000,48
12984_090101_130416,D,20090211,000000,350.0000000,350.0000000,300.0100000,349.9900000,1.573
12984_090101_130416,D,20090212,000000,349.9900000,349.9900000,349.9900000,349.9900000,5
12984_090101_130416,D,20090213,000000,349.9900000,350.0000000,333.0000000,333.0000000,5
12984_090101_130416,D,20090216,000000,350.0000000,350.0000000,295.4900000,350.0000000,845
12984_090101_130416,D,20090217,000000,300.0000000,348.9900000,290.0300000,347.9900000,5
12984_090101_130416,D,20090218,000000,310.0000000,340.0000000,310.0000000,340.0000000,3
12984_090101_130416,D,20090219,000000,329.9800000,350.0000000,329.9800000,350.0000000,2
12984_090101_130416,D,20090220,000000,348.0000000,349.0000000,344.0000000,345.0000000,6
12984_090101_130416,D,20090224,000000,350.0000000,350.0000000,315.0000000,349.0000000,114
12984_090101_130416,D,20090225,000000,400.0000000,400.0000000,380.0000000,380.0000000,2
12984_090101_130416,D,20090226,000000,360.0000000,360.0000000,300.0300000,320.0000000,193
12984_090101_130416,D,20090227,000000,315.0200000,352.0000000,301.0200000,351.9900000,11
12984_090101_130416,D,20090302,000000,351.0000000,364.9900000,351.0000000,364.9900000,2
12984_090101_130416,D,20090303,000000,360.0000000,360.0000000,330.0000000,330.0000000,80
12984_090101_130416,D,20090304,000000,364.0000000,364.0000000,328.0000000,359.0000000,64
12984_090101_130416,D,20090305,000000,363.5000000,363.5000000,363.5000000,363.5000000,2
12984_090101_130416,D,20090306,000000,362.0000000,362.0000000,320.0100000,320.0100000,11
12984_090101_130416,D,20090310,000000,349.0000000,410.0000000,344.0000000,410.0000000,35
12984_090101_130416,D,20090311,000000,479.0000000,479.0000000,381.0000000,381.0000000,47
12984_090101_130416,D,20090312,000000,379.9900000,379.9900000,338.0100000,345.9900000,110
12984_090101_130416,D,20090313,000000,379.9900000,379.9900000,340.5000000,375.5000000,87
12984_090101_130416,D,20090316,000000,370.0000000,370.0000000,345.0100000,370.0000000,16
12984_090101_130416,D,20090317,000000,370.0000000,410.0000000,370.0000000,410.0000000,71
12984_090101_130416,D,20090318,000000,414.0000000,414.0000000,360.0000000,360.0000000,55
12984_090101_130416,D,20090319,000000,360.0000000,380.0000000,350.0000000,350.0000000,283
12984_090101_130416,D,20090320,000000,377.0000000,377.0000000,360.0000000,369.5000000,25
12984_090101_130416,D,20090323,000000,375.0000000,387.9900000,360.0000000,387.6400000,44
12984_090101_130416,D,20090324,000000,387.6400000,387.6400000,345.9900000,350.0000000,399
12984_090101_130416,D,20090325,000000,365.0000000,365.0000000,351.0000000,351.0000000,7
12984_090101_130416,D,20090326,000000,355.0000000,379.0000000,310.0000000,378.9900000,173
12984_090101_130416,D,20090327,000000,368.0000000,370.0000000,340.0100000,369.5000000,37
12984_090101_130416,D,20090330,000000,382.0000000,382.0000000,369.5000000,369.5000000,2
12984_090101_130416,D,20090331,000000,355.0000000,369.5000000,355.0000000,368.9900000,7.007
12984_090101_130416,D,20090401,000000,369.0000000,369.9900000,360.0000000,369.0000000,26
12984_090101_130416,D,20090402,000000,367.0000000,379.0000000,367.0000000,379.0000000,46
12984_090101_130416,D,20090403,000000,387.0000000,387.0000000,355.0000000,355.0000000,17
12984_090101_130416,D,20090406,000000,389.0000000,390.0000000,365.0000000,385.0000000,111
12984_090101_130416,D,20090407,000000,385.0000000,388.0000000,340.0100000,385.0000000,77
12984_090101_130416,D,20090408,000000,385.0000000,392.0000000,362.0100000,370.0000000,48
12984_090101_130416,D,20090409,000000,392.0000000,490.0000000,345.0000000,366.0000000,1.439
12984_090101_130416,D,20090410,000000,366.0000000,370.0000000,351.0400000,369.9500000,238
12984_090101_130416,D,20090413,000000,375.0000000,375.0000000,360.0000000,372.0000000,182
12984_090101_130416,D,20090414,000000,361.0000000,372.0000000,360.0000000,368.0000000,82
12984_090101_130416,D,20090415,000000,370.0000000,370.0000000,360.0200000,365.0000000,82
12984_090101_130416,D,20090416,000000,380.0000000,380.0000000,360.0000000,360.0000000,36
12984_090101_130416,D,20090417,000000,374.9900000,374.9900000,360.0000000,367.0000000,19
12984_090101_130416,D,20090420,000000,355.0200000,379.9700000,355.0100000,378.0000000,4.154
12984_090101_130416,D,20090421,000000,379.9900000,379.9900000,371.0000000,378.0000000,471
12984_090101_130416,D,20090422,000000,375.0000000,385.9900000,375.0000000,377.5000000,237
12984_090101_130416,D,20090423,000000,386.0000000,386.0000000,385.0000000,385.0000000,31
12984_090101_130416,D,20090424,000000,392.0000000,392.0000000,385.0000000,385.0000000,1.094
12984_090101_130416,D,20090428,000000,365.0200000,365.0200000,365.0100000,365.0100000,280
12984_090101_130416,D,20090429,000000,379.9900000,400.0000000,365.0100000,370.0000000,206
12984_090101_130416,D,20090430,000000,389.9900000,389.9900000,389.9900000,389.9900000,1
12984_090101_130416,D,20090504,000000,389.9900000,415.0000000,389.9900000,415.0000000,2.451
12984_090101_130416,D,20090505,000000,400.0100000,400.0100000,400.0100000,400.0100000,10
12984_090101_130416,D,20090506,000000,419.9700000,419.9700000,391.0100000,392.0100000,27
12984_090101_130416,D,20090507,000000,418.9900000,420.0000000,410.0100000,410.0100000,65
12984_090101_130416,D,20090508,000000,420.0000000,429.9900000,420.0000000,429.9900000,16
12984_090101_130416,D,20090512,000000,390.0200000,558.9900000,390.0200000,525.0000000,156
12984_090101_130416,D,20090513,000000,526.0000000,526.0000000,396.0000000,411.0000000,3.245
12984_090101_130416,D,20090514,000000,439.9900000,450.0000000,409.0000000,409.0000000,559
12984_090101_130416,D,20090515,000000,424.9900000,425.0000000,424.9900000,425.0000000,211
12984_090101_130416,D,20090518,000000,400.0200000,400.0200000,400.0000000,400.0000000,989
12984_090101_130416,D,20090519,000000,439.9900000,439.9900000,424.9900000,425.0000000,156
12984_090101_130416,D,20090520,000000,430.0000000,469.9700000,430.0000000,436.0000000,52
12984_090101_130416,D,20090521,000000,430.0000000,430.0000000,429.9900000,430.0000000,55
12984_090101_130416,D,20090522,000000,430.1100000,430.1100000,430.1100000,430.1100000,5
12984_090101_130416,D,20090525,000000,430.0100000,430.0100000,420.0000000,420.0000000,21
12984_090101_130416,D,20090526,000000,439.9900000,449.9800000,439.9900000,449.9800000,26
12984_090101_130416,D,20090527,000000,432.0000000,450.1300000,415.0000000,450.0000000,2.242
12984_090101_130416,D,20090528,000000,450.0000000,455.0000000,448.0000000,448.0000000,1.114
12984_090101_130416,D,20090529,000000,442.0000000,448.0000000,442.0000000,448.0000000,71
12984_090101_130416,D,20090601,000000,442.0000000,444.8200000,442.0000000,444.8200000,15
12984_090101_130416,D,20090602,000000,450.0000000,520.0000000,450.0000000,460.0000000,379
12984_090101_130416,D,20090603,000000,460.0000000,460.0000000,450.0000000,450.0000000,42
12984_090101_130416,D,20090604,000000,430.0000000,460.0000000,420.0100000,460.0000000,156
12984_090101_130416,D,20090605,000000,460.1000000,464.9900000,460.1000000,464.9900000,90
12984_090101_130416,D,20090609,000000,467.0100000,467.0100000,466.0000000,466.0000000,139
12984_090101_130416,D,20090610,000000,468.0000000,485.0100000,460.0000000,485.0000000,4.905
12984_090101_130416,D,20090611,000000,510.0000000,510.0000000,499.9900000,500.0000000,93
12984_090101_130416,D,20090615,000000,470.0300000,470.0300000,470.0300000,470.0300000,4
12984_090101_130416,D,20090616,000000,527.0000000,527.0000000,455.0000000,455.5500000,710
12984_090101_130416,D,20090617,000000,530.0000000,530.0000000,470.0000000,520.0000000,209
12984_090101_130416,D,20090618,000000,462.5000000,467.1000000,452.0100000,467.0000000,66
12984_090101_130416,D,20090619,000000,468.0000000,490.0000000,468.0000000,490.0000000,310
12984_090101_130416,D,20090622,000000,465.0000000,525.0000000,465.0000000,525.0000000,4
12984_090101_130416,D,20090623,000000,472.0200000,519.7100000,470.0200000,473.0100000,14
12984_090101_130416,D,20090624,000000,450.1000000,532.7100000,450.1000000,475.1700000,315
12984_090101_130416,D,20090625,000000,471.0000000,525.0000000,471.0000000,525.0000000,274
12984_090101_130416,D,20090629,000000,469.0000000,498.0000000,468.0100000,477.0000000,5.313
12984_090101_130416,D,20090630,000000,481.0000000,519.0000000,471.6400000,471.6400000,199
12984_090101_130416,D,20090701,000000,470.0000000,505.0000000,450.0300000,475.0500000,45
12984_090101_130416,D,20090706,000000,468.7900000,482.0000000,450.0000000,482.0000000,361
12984_090101_130416,D,20090707,000000,470.0100000,470.0100000,427.0000000,465.0000000,1.021
12984_090101_130416,D,20090708,000000,465.0000000,465.0000000,464.0000000,464.0000000,11
12984_090101_130416,D,20090709,000000,469.0000000,474.0000000,469.0000000,474.0000000,6
12984_090101_130416,D,20090710,000000,474.9900000,480.0000000,474.9900000,480.0000000,38
12984_090101_130416,D,20090713,000000,451.0000000,480.0000000,451.0000000,480.0000000,394
12984_090101_130416,D,20090721,000000,486.0000000,535.7100000,486.0000000,535.7100000,159
12984_090101_130416,D,20090722,000000,550.0000000,640.0000000,485.0000000,500.0000000,489
12984_090101_130416,D,20090724,000000,490.0000000,490.5000000,460.0100000,460.0100000,20.010
12984_090101_130416,D,20090728,000000,460.0000000,495.0000000,460.0000000,461.0000000,142
12984_090101_130416,D,20090729,000000,460.0100000,590.0100000,460.0100000,500.7700000,139
12984_090101_130416,D,20090731,000000,509.9900000,509.9900000,509.9900000,509.9900000,1
12984_090101_130416,D,20090803,000000,509.9900000,509.9900000,509.9900000,509.9900000,1
12984_090101_130416,D,20090805,000000,478.0400000,478.0400000,478.0300000,478.0300000,4
12984_090101_130416,D,20090806,000000,480.0100000,480.0100000,480.0000000,480.0000000,11
12984_090101_130416,D,20090810,000000,500.0000000,520.0000000,500.0000000,520.0000000,22
12984_090101_130416,D,20090811,000000,519.9900000,520.0000000,480.0000000,493.0000000,200
12984_090101_130416,D,20090812,000000,505.0000000,505.0000000,505.0000000,505.0000000,14
12984_090101_130416,D,20090814,000000,510.0000000,510.0000000,510.0000000,510.0000000,4
12984_090101_130416,D,20090817,000000,510.0000000,510.0000000,500.0000000,500.0000000,21
12984_090101_130416,D,20090818,000000,500.0000000,535.0000000,500.0000000,535.0000000,287
12984_090101_130416,D,20090819,000000,515.0000000,515.0000000,515.0000000,515.0000000,1
12984_090101_130416,D,20090820,000000,500.0000000,510.0000000,500.0000000,510.0000000,4
12984_090101_130416,D,20090821,000000,500.0100000,505.0000000,500.0000000,505.0000000,127
12984_090101_130416,D,20090824,000000,500.0000000,500.0000000,490.0000000,500.0000000,62
12984_090101_130416,D,20090825,000000,500.0000000,510.4100000,500.0000000,510.4100000,11.817
12984_090101_130416,D,20090826,000000,535.0000000,535.0000000,490.0300000,490.0300000,2
12984_090101_130416,D,20090827,000000,491.9900000,492.0000000,491.9900000,492.0000000,5
12984_090101_130416,D,20090828,000000,500.0000000,535.0000000,500.0000000,535.0000000,24
12984_090101_130416,D,20090901,000000,500.0100000,500.0100000,500.0100000,500.0100000,7
12984_090101_130416,D,20090902,000000,506.0000000,506.0000000,506.0000000,506.0000000,1
12984_090101_130416,D,20090903,000000,502.0000000,502.0000000,502.0000000,502.0000000,5
12984_090101_130416,D,20090904,000000,509.9900000,509.9900000,502.0000000,502.0000000,11
12984_090101_130416,D,20090907,000000,500.0000000,500.0000000,500.0000000,500.0000000,10
12984_090101_130416,D,20090909,000000,460.0000000,529.9700000,450.0000000,470.5000000,166
12984_090101_130416,D,20090910,000000,534.9900000,534.9900000,456.0500000,456.0500000,160
12984_090101_130416,D,20090911,000000,467.0000000,480.0100000,467.0000000,480.0000000,32
12984_090101_130416,D,20090914,000000,480.1200000,480.1200000,465.2500000,465.2500000,10
12984_090101_130416,D,20090915,000000,480.0000000,501.9800000,480.0000000,495.1000000,17
12984_090101_130416,D,20090917,000000,480.0000000,480.0000000,480.0000000,480.0000000,120
12984_090101_130416,D,20090918,000000,480.0000000,480.0000000,435.0200000,480.0000000,45
12984_090101_130416,D,20090921,000000,460.0100000,475.0000000,460.0000000,465.0000000,248
12984_090101_130416,D,20090922,000000,470.0100000,475.0000000,457.0000000,475.0000000,262
12984_090101_130416,D,20090923,000000,480.0000000,480.0000000,450.0000000,479.9900000,516
12984_090101_130416,D,20090924,000000,465.0000000,480.0000000,455.0000000,455.0000000,870
12984_090101_130416,D,20090928,000000,448.9900000,464.5000000,438.0400000,460.0000000,173
12984_090101_130416,D,20090929,000000,430.0000000,448.0000000,430.0000000,448.0000000,11.002
12984_090101_130416,D,20091001,000000,459.9900000,459.9900000,459.9900000,459.9900000,6
12984_090101_130416,D,20091002,000000,444.0300000,453.9900000,443.0400000,445.0000000,9
12984_090101_130416,D,20091005,000000,433.0000000,441.0000000,430.0000000,441.0000000,16
12984_090101_130416,D,20091006,000000,440.0900000,444.9900000,411.0200000,440.0000000,2.558
12984_090101_130416,D,20091007,000000,437.9800000,465.0000000,437.9800000,444.0500000,114
12984_090101_130416,D,20091008,000000,450.0000000,495.0100000,450.0000000,451.0000000,888
12984_090101_130416,D,20091012,000000,451.0000000,469.0000000,451.0000000,469.0000000,70
12984_090101_130416,D,20091013,000000,464.5000000,464.5000000,443.0000000,443.0000000,185
12984_090101_130416,D,20091014,000000,470.0000000,470.0000000,440.0000000,440.0000000,303
12984_090101_130416,D,20091015,000000,424.0000000,437.0000000,421.0000000,437.0000000,15
12984_090101_130416,D,20091016,000000,425.0100000,427.0000000,425.0000000,427.0000000,24
12984_090101_130416,D,20091019,000000,435.0000000,435.0000000,425.0000000,425.0000000,113
12984_090101_130416,D,20091020,000000,430.0000000,432.0000000,430.0000000,432.0000000,2
12984_090101_130416,D,20091022,000000,426.0000000,426.0000000,426.0000000,426.0000000,5
12984_090101_130416,D,20091023,000000,439.9700000,439.9800000,439.9700000,439.9800000,15
12984_090101_130416,D,20091026,000000,420.0000000,455.0000000,420.0000000,435.0000000,1.065
12984_090101_130416,D,20091027,000000,435.0100000,436.0000000,435.0000000,436.0000000,711
12984_090101_130416,D,20091028,000000,436.6500000,436.6500000,435.0000000,435.0000000,705
12984_090101_130416,D,20091029,000000,426.0000000,473.0400000,426.0000000,473.0400000,206
12984_090101_130416,D,20091103,000000,444.0000000,473.0000000,444.0000000,457.0000000,115
12984_090101_130416,D,20091105,000000,442.0100000,442.0100000,420.0000000,430.0100000,396
12984_090101_130416,D,20091106,000000,452.0000000,458.0000000,410.0000000,412.9300000,349
12984_090101_130416,D,20091109,000000,425.9000000,432.5900000,415.0300000,432.5900000,44
12984_090101_130416,D,20091110,000000,411.4300000,436.9500000,411.4300000,435.9600000,158
12984_090101_130416,D,20091111,000000,434.7500000,434.7500000,434.7500000,434.7500000,1
12984_090101_130416,D,20091112,000000,435.0000000,435.0000000,435.0000000,435.0000000,1
12984_090101_130416,D,20091113,000000,435.0000000,444.9900000,414.9900000,414.9900000,3
12984_090101_130416,D,20091116,000000,411.0800000,439.8900000,411.0800000,420.0000000,19
12984_090101_130416,D,20091118,000000,443.9900000,443.9900000,443.9900000,443.9900000,5
12984_090101_130416,D,20091119,000000,425.0000000,425.0000000,425.0000000,425.0000000,2
12984_090101_130416,D,20091120,000000,430.0000000,430.0000000,430.0000000,430.0000000,2
12984_090101_130416,D,20091123,000000,411.5400000,413.0000000,411.5400000,413.0000000,201
12984_090101_130416,D,20091124,000000,413.0000000,437.0000000,412.0100000,437.0000000,240
12984_090101_130416,D,20091125,000000,412.5100000,434.7700000,412.0500000,412.0700000,57
12984_090101_130416,D,20091126,000000,412.1700000,412.1700000,410.0000000,410.1000000,59
12984_090101_130416,D,20091127,000000,400.0000000,400.0000000,363.0000000,399.0000000,6.997
12984_090101_130416,D,20091130,000000,399.8000000,399.8000000,399.0300000,399.0300000,2
12984_090101_130416,D,20091201,000000,400.0000000,412.0000000,400.0000000,412.0000000,3
12984_090101_130416,D,20091202,000000,392.0100000,400.0000000,392.0100000,400.0000000,90
12984_090101_130416,D,20091203,000000,409.0000000,410.0000000,409.0000000,409.0000000,343
12984_090101_130416,D,20091204,000000,411.9900000,413.0100000,411.9900000,413.0100000,177
12984_090101_130416,D,20091208,000000,419.0000000,419.0000000,419.0000000,419.0000000,2
12984_090101_130416,D,20091210,000000,422.0000000,422.0000000,422.0000000,422.0000000,14
12984_090101_130416,D,20091211,000000,445.9900000,473.9900000,445.9900000,454.9600000,180
12984_090101_130416,D,20091214,000000,475.0000000,475.0000000,445.0100000,457.2400000,3
12984_090101_130416,D,20091215,000000,440.0100000,440.0100000,440.0000000,440.0000000,15
12984_090101_130416,D,20091216,000000,449.9600000,449.9600000,426.0100000,438.9700000,49
12984_090101_130416,D,20091217,000000,431.0200000,431.0200000,431.0200000,431.0200000,5
12984_090101_130416,D,20091218,000000,432.0300000,435.0000000,432.0200000,435.0000000,62
12984_090101_130416,D,20091222,000000,457.2400000,457.2400000,405.2400000,440.2700000,140
12984_090101_130416,D,20091223,000000,443.7000000,444.7000000,443.7000000,444.7000000,12
12984_090101_130416,D,20091224,000000,443.3000000,443.3000000,432.0000000,443.3000000,3
12984_090101_130416,D,20091225,000000,430.0000000,430.3500000,430.0000000,430.3500000,12.000
12984_090101_130416,D,20091228,000000,421.0100000,421.0100000,421.0000000,421.0000000,2
12984_090101_130416,D,20091230,000000,422.1000000,422.1000000,422.1000000,422.1000000,27
12984_090101_130416,D,20100111,000000,440.9800000,440.9800000,440.9800000,440.9800000,1
12984_090101_130416,D,20100112,000000,439.9800000,439.9800000,425.0000000,439.9800000,15
12984_090101_130416,D,20100113,000000,425.0000000,439.9800000,425.0000000,439.9800000,2
12984_090101_130416,D,20100115,000000,430.0000000,439.8800000,430.0000000,439.8800000,7
12984_090101_130416,D,20100118,000000,425.0100000,450.0000000,425.0100000,427.3000000,403
12984_090101_130416,D,20100119,000000,448.8500000,482.3000000,427.0300000,449.9900000,2.286
12984_090101_130416,D,20100120,000000,449.9900000,449.9900000,410.0000000,429.9800000,993
12984_090101_130416,D,20100121,000000,420.0000000,420.9800000,401.0000000,420.9800000,138
12984_090101_130416,D,20100122,000000,406.0000000,419.9800000,402.0000000,419.9800000,122
12984_090101_130416,D,20100125,000000,437.2000000,437.8700000,402.0000000,425.0100000,109
12984_090101_130416,D,20100126,000000,433.9800000,433.9800000,402.0100000,402.0100000,85
12984_090101_130416,D,20100127,000000,426.8800000,427.8000000,426.8800000,427.8000000,50
12984_090101_130416,D,20100128,000000,422.9900000,429.9000000,410.8500000,410.8500000,24
12984_090101_130416,D,20100129,000000,420.0000000,420.0000000,408.0600000,408.0600000,28
12984_090101_130416,D,20100201,000000,428.7700000,428.7700000,428.7700000,428.7700000,5
12984_090101_130416,D,20100202,000000,427.6500000,430.0000000,416.0100000,430.0000000,1.154
12984_090101_130416,D,20100203,000000,420.0000000,420.0000000,419.0000000,419.0000000,26
12984_090101_130416,D,20100204,000000,429.9900000,429.9900000,412.1200000,414.5100000,9
12984_090101_130416,D,20100209,000000,414.9900000,415.0000000,414.9900000,415.0000000,12
12984_090101_130416,D,20100210,000000,414.5000000,415.0000000,414.5000000,415.0000000,19
12984_090101_130416,D,20100211,000000,405.0200000,405.0200000,405.0200000,405.0200000,1
12984_090101_130416,D,20100212,000000,402.0600000,402.0600000,391.0300000,391.0300000,157
12984_090101_130416,D,20100215,000000,377.1200000,377.1200000,371.1200000,371.1200000,2
12984_090101_130416,D,20100216,000000,399.9800000,406.8900000,385.7700000,395.7700000,6
12984_090101_130416,D,20100217,000000,395.7700000,405.9600000,395.7700000,405.9600000,4
12984_090101_130416,D,20100218,000000,414.9400000,414.9400000,414.9400000,414.9400000,4
12984_090101_130416,D,20100219,000000,391.2900000,391.2900000,391.2900000,391.2900000,1
12984_090101_130416,D,20100224,000000,407.2700000,412.1900000,407.2700000,412.1900000,2
12984_090101_130416,D,20100225,000000,395.0000000,395.0000000,362.0000000,374.0000000,298
12984_090101_130416,D,20100226,000000,379.9800000,394.8700000,379.9800000,394.8700000,11
12984_090101_130416,D,20100227,000000,403.9800000,460.0000000,403.9800000,415.0000000,267
12984_090101_130416,D,20100301,000000,411.5700000,411.5700000,410.5500000,410.5500000,7
12984_090101_130416,D,20100302,000000,407.1500000,423.1000000,407.1500000,423.1000000,179
12984_090101_130416,D,20100303,000000,421.8900000,421.8900000,421.8900000,421.8900000,2
12984_090101_130416,D,20100304,000000,411.7800000,421.5000000,411.7800000,421.5000000,95
12984_090101_130416,D,20100305,000000,421.9900000,423.0000000,419.4400000,420.0000000,297
12984_090101_130416,D,20100309,000000,422.9700000,423.0000000,420.0000000,420.0000000,4
12984_090101_130416,D,20100310,000000,419.9900000,419.9900000,413.2400000,413.2400000,3
12984_090101_130416,D,20100311,000000,422.9800000,422.9800000,415.0000000,415.0000000,26
12984_090101_130416,D,20100312,000000,415.0000000,425.0000000,400.0200000,400.0200000,726
12984_090101_130416,D,20100315,000000,393.1500000,404.8500000,390.0000000,404.4300000,632
12984_090101_130416,D,20100316,000000,399.9800000,410.0000000,390.1000000,410.0000000,473
12984_090101_130416,D,20100317,000000,410.0000000,410.0000000,408.0000000,408.0000000,246
12984_090101_130416,D,20100318,000000,409.9800000,415.0000000,404.0500000,405.0100000,98
12984_090101_130416,D,20100319,000000,414.9900000,415.0000000,406.9300000,414.9500000,124
12984_090101_130416,D,20100322,000000,414.9700000,414.9700000,405.1000000,405.1000000,274
12984_090101_130416,D,20100323,000000,405.0200000,405.0200000,405.0200000,405.0200000,1
12984_090101_130416,D,20100325,000000,409.9900000,410.0000000,400.8800000,408.9800000,59
12984_090101_130416,D,20100329,000000,410.0000000,410.0000000,395.0000000,395.0000000,133
12984_090101_130416,D,20100330,000000,387.9100000,406.0000000,387.9100000,406.0000000,18
12984_090101_130416,D,20100331,000000,400.0000000,405.0000000,395.0200000,405.0000000,410
12984_090101_130416,D,20100401,000000,404.9800000,414.9500000,402.8800000,410.0000000,61
12984_090101_130416,D,20100402,000000,412.0000000,412.0000000,412.0000000,412.0000000,6
12984_090101_130416,D,20100405,000000,401.1100000,411.0000000,400.0000000,400.0000000,924
12984_090101_130416,D,20100406,000000,391.1300000,408.7600000,391.1300000,408.7600000,2
12984_090101_130416,D,20100407,000000,401.0000000,401.0000000,401.0000000,401.0000000,19
12984_090101_130416,D,20100408,000000,395.8700000,407.9500000,395.1100000,395.1100000,16
12984_090101_130416,D,20100409,000000,391.8700000,404.9400000,385.3000000,404.8900000,44
12984_090101_130416,D,20100412,000000,404.4100000,410.0000000,397.0000000,400.0000000,119
12984_090101_130416,D,20100413,000000,400.0000000,400.0000000,400.0000000,400.0000000,356
12984_090101_130416,D,20100414,000000,388.8900000,409.0000000,388.8900000,400.1200000,7
12984_090101_130416,D,20100415,000000,395.0100000,395.0100000,395.0100000,395.0100000,4
12984_090101_130416,D,20100416,000000,391.3500000,391.3500000,390.0000000,390.0000000,257
12984_090101_130416,D,20100419,000000,388.8800000,388.8800000,385.3500000,385.3500000,2
12984_090101_130416,D,20100420,000000,399.9900000,400.0000000,399.9800000,399.9800000,9
12984_090101_130416,D,20100421,000000,393.3600000,393.3600000,371.4800000,389.9800000,81
12984_090101_130416,D,20100422,000000,394.1100000,394.1100000,371.0000000,378.7000000,105
12984_090101_130416,D,20100423,000000,370.0300000,370.0300000,359.0000000,369.0000000,1.117
12984_090101_130416,D,20100426,000000,376.9800000,400.0000000,375.1100000,385.0000000,72
12984_090101_130416,D,20100427,000000,378.0300000,378.0300000,370.0100000,370.0100000,69
12984_090101_130416,D,20100428,000000,380.0000000,380.0000000,360.0100000,360.0100000,57
12984_090101_130416,D,20100429,000000,362.8700000,369.2300000,362.8700000,369.2300000,3
12984_090101_130416,D,20100430,000000,360.2300000,384.9800000,360.1000000,372.0100000,115
12984_090101_130416,D,20100504,000000,333.3600000,378.9900000,333.3600000,355.0200000,3.167
12984_090101_130416,D,20100505,000000,345.5200000,345.9900000,341.1200000,345.9900000,16
12984_090101_130416,D,20100506,000000,364.8800000,364.8800000,364.8800000,364.8800000,1
12984_090101_130416,D,20100507,000000,320.0500000,361.9900000,320.0500000,340.0000000,141
12984_090101_130416,D,20100511,000000,333.4200000,350.0800000,328.4100000,350.0800000,1.711
12984_090101_130416,D,20100512,000000,323.3700000,350.0500000,323.3700000,345.0000000,518
12984_090101_130416,D,20100513,000000,359.2100000,359.2100000,335.0600000,340.0500000,10
12984_090101_130416,D,20100514,000000,342.7100000,342.7100000,342.7000000,342.7000000,4
12984_090101_130416,D,20100518,000000,330.0200000,330.0200000,330.0200000,330.0200000,93
12984_090101_130416,D,20100519,000000,349.9200000,349.9500000,322.0000000,322.0000000,127
12984_090101_130416,D,20100520,000000,348.9800000,366.0600000,348.9800000,361.1000000,549
12984_090101_130416,D,20100521,000000,336.0400000,336.0400000,322.0600000,332.9600000,262
12984_090101_130416,D,20100524,000000,323.0300000,326.0100000,302.3100000,326.0100000,684
12984_090101_130416,D,20100526,000000,328.9700000,380.0000000,327.9600000,354.0000000,109
12984_090101_130416,D,20100527,000000,339.9800000,365.0000000,339.9800000,365.0000000,1.049
12984_090101_130416,D,20100528,000000,387.0000000,387.0000000,325.1300000,335.2300000,119
12984_090101_130416,D,20100531,000000,357.0000000,379.0000000,357.0000000,379.0000000,874
12984_090101_130416,D,20100601,000000,374.9900000,395.0000000,361.0900000,375.0000000,1.488
12984_090101_130416,D,20100602,000000,390.9000000,390.9900000,371.4300000,389.9500000,180
12984_090101_130416,D,20100603,000000,396.9900000,396.9900000,389.0000000,389.0000000,18
12984_090101_130416,D,20100604,000000,393.0000000,393.0000000,367.0000000,373.3400000,64
12984_090101_130416,D,20100607,000000,389.1700000,390.0000000,386.0100000,386.0300000,144
12984_090101_130416,D,20100608,000000,335.1700000,377.9900000,335.1700000,377.9900000,2
12984_090101_130416,D,20100609,000000,382.0000000,395.0000000,382.0000000,390.0000000,1.284
12984_090101_130416,D,20100610,000000,380.0000000,392.9800000,380.0000000,392.9800000,13
12984_090101_130416,D,20100611,000000,367.1900000,385.8800000,365.0000000,385.8800000,54
12984_090101_130416,D,20100615,000000,388.0000000,394.8000000,378.3000000,393.7000000,40
12984_090101_130416,D,20100616,000000,389.9400000,389.9400000,365.0000000,365.0000000,76
12984_090101_130416,D,20100617,000000,389.0000000,394.9900000,377.3700000,389.0000000,116
12984_090101_130416,D,20100618,000000,365.0100000,389.0000000,365.0100000,389.0000000,4
12984_090101_130416,D,20100621,000000,373.0000000,389.9800000,366.8900000,372.0000000,46
12984_090101_130416,D,20100622,000000,370.7700000,386.0000000,370.0000000,386.0000000,29
12984_090101_130416,D,20100623,000000,388.7700000,388.9700000,372.7900000,388.9600000,16
12984_090101_130416,D,20100624,000000,387.9900000,388.9500000,387.9900000,388.9500000,25
12984_090101_130416,D,20100625,000000,372.8000000,380.0000000,322.0200000,379.9900000,297
12984_090101_130416,D,20100628,000000,382.9900000,387.0000000,368.0100000,387.0000000,19
12984_090101_130416,D,20100630,000000,385.0000000,385.0000000,385.0000000,385.0000000,202
12984_090101_130416,D,20100701,000000,368.8800000,385.4900000,365.0100000,385.4900000,19
12984_090101_130416,D,20100702,000000,369.9900000,389.0000000,358.8900000,389.0000000,195
12984_090101_130416,D,20100706,000000,391.4500000,391.4500000,391.4500000,391.4500000,3
12984_090101_130416,D,20100707,000000,364.0100000,372.2200000,322.0000000,372.2200000,35
12984_090101_130416,D,20100708,000000,373.9900000,385.7400000,373.9900000,385.7400000,17
12984_090101_130416,D,20100709,000000,387.0000000,387.0000000,387.0000000,387.0000000,10
12984_090101_130416,D,20100713,000000,377.0000000,377.0000000,365.0000000,370.0000000,4
12984_090101_130416,D,20100714,000000,370.0000000,370.0000000,370.0000000,370.0000000,68
12984_090101_130416,D,20100715,000000,370.0000000,384.8900000,370.0000000,384.8900000,21
12984_090101_130416,D,20100716,000000,371.0000000,371.0000000,371.0000000,371.0000000,1
12984_090101_130416,D,20100720,000000,380.0000000,380.0000000,379.0000000,379.0000000,406
12984_090101_130416,D,20100721,000000,382.0000000,382.0000000,380.0000000,380.0000000,5
12984_090101_130416,D,20100722,000000,365.0500000,375.9800000,355.0000000,375.9800000,621
12984_090101_130416,D,20100723,000000,365.1000000,365.1000000,358.8900000,358.8900000,5
12984_090101_130416,D,20100726,000000,365.8000000,377.1900000,365.8000000,377.1900000,24
12984_090101_130416,D,20100727,000000,370.4000000,370.4000000,370.4000000,370.4000000,12
12984_090101_130416,D,20100729,000000,368.7800000,377.9800000,368.7800000,377.9800000,2
12984_090101_130416,D,20100730,000000,380.6700000,380.7000000,380.6700000,380.7000000,73
12984_090101_130416,D,20100802,000000,378.6100000,379.8000000,378.6100000,379.8000000,4
12984_090101_130416,D,20100803,000000,380.0000000,380.5000000,379.9800000,380.5000000,45
12984_090101_130416,D,20100804,000000,373.0500000,373.0500000,360.0000000,365.7800000,473
12984_090101_130416,D,20100805,000000,360.0000000,360.0000000,360.0000000,360.0000000,180
12984_090101_130416,D,20100806,000000,365.0000000,406.0000000,365.0000000,385.0000000,498
12984_090101_130416,D,20100809,000000,375.0100000,375.0100000,375.0100000,375.0100000,1
12984_090101_130416,D,20100810,000000,371.0000000,371.0000000,353.0000000,357.0000000,565
12984_090101_130416,D,20100811,000000,358.5000000,358.5000000,350.0000000,350.0000000,349
12984_090101_130416,D,20100816,000000,371.1000000,371.1000000,367.4300000,367.4300000,2
12984_090101_130416,D,20100817,000000,355.0000000,355.0000000,340.0000000,340.0000000,400
12984_090101_130416,D,20100818,000000,357.0000000,359.9800000,351.0000000,355.0000000,148
12984_090101_130416,D,20100820,000000,355.0200000,355.0200000,350.0000000,350.0000000,500
12984_090101_130416,D,20100826,000000,363.7900000,364.0000000,360.0000000,363.7600000,18
12984_090101_130416,D,20100830,000000,363.5000000,395.0000000,361.0200000,379.8000000,1.444
12984_090101_130416,D,20100831,000000,370.0500000,370.0500000,355.0000000,370.0000000,142
12984_090101_130416,D,20100901,000000,369.9900000,369.9900000,357.0000000,357.0000000,81
12984_090101_130416,D,20100902,000000,367.9800000,367.9800000,364.0000000,367.9800000,101
12984_090101_130416,D,20100903,000000,364.3400000,369.9900000,358.0100000,367.9600000,111
12984_090101_130416,D,20100906,000000,367.9700000,367.9800000,367.9700000,367.9800000,33
12984_090101_130416,D,20100907,000000,367.9800000,379.9800000,367.9800000,375.5100000,272
12984_090101_130416,D,20100908,000000,375.5000000,375.5000000,371.8000000,373.5000000,23
12984_090101_130416,D,20100909,000000,375.5200000,375.5200000,365.2900000,365.2900000,75
12984_090101_130416,D,20100910,000000,375.5100000,375.5100000,375.5100000,375.5100000,24
12984_090101_130416,D,20100913,000000,375.5200000,375.5600000,371.8000000,371.8000000,588
12984_090101_130416,D,20100914,000000,375.5200000,388.9900000,371.1300000,379.3000000,23
12984_090101_130416,D,20100915,000000,375.5500000,379.9900000,375.5400000,379.9900000,152
12984_090101_130416,D,20100916,000000,383.0900000,409.9900000,380.0000000,390.8500000,1.325
12984_090101_130416,D,20100917,000000,390.0300000,408.0000000,390.0000000,401.9900000,1.028
12984_090101_130416,D,20100920,000000,402.0000000,402.0000000,385.2100000,386.4800000,260
12984_090101_130416,D,20100921,000000,392.9800000,405.0000000,392.9800000,400.0200000,2.192
12984_090101_130416,D,20100922,000000,394.0100000,402.0000000,394.0000000,402.0000000,701
12984_090101_130416,D,20100923,000000,402.0000000,403.9900000,394.0000000,394.0000000,881
12984_090101_130416,D,20100924,000000,394.0000000,402.9700000,382.0000000,402.0000000,43
12984_090101_130416,D,20100927,000000,391.0100000,400.9900000,391.0100000,400.0000000,108
12984_090101_130416,D,20100928,000000,399.5000000,399.5000000,396.0000000,396.0000000,101
12984_090101_130416,D,20100929,000000,401.0000000,404.0000000,401.0000000,404.0000000,101
12984_090101_130416,D,20100930,000000,404.0000000,404.0000000,400.1500000,400.4000000,987
12984_090101_130416,D,20101001,000000,403.0300000,403.9800000,395.1300000,399.9500000,1.482
12984_090101_130416,D,20101004,000000,403.5000000,403.5000000,390.0000000,399.0000000,162
12984_090101_130416,D,20101005,000000,393.0000000,399.9500000,393.0000000,399.9500000,92
12984_090101_130416,D,20101006,000000,393.0000000,399.9500000,393.0000000,399.9500000,208
12984_090101_130416,D,20101007,000000,395.9900000,395.9900000,390.0000000,390.0000000,19
12984_090101_130416,D,20101008,000000,388.1900000,392.0700000,380.0300000,392.0700000,129
12984_090101_130416,D,20101011,000000,395.5500000,395.9800000,390.0000000,395.9800000,70
12984_090101_130416,D,20101012,000000,395.0000000,395.0000000,394.9900000,395.0000000,294
12984_090101_130416,D,20101014,000000,395.0000000,395.0000000,395.0000000,395.0000000,81
12984_090101_130416,D,20101018,000000,395.9900000,534.9900000,381.9200000,396.0400000,2.443
12984_090101_130416,D,20101019,000000,392.1800000,399.9500000,384.1500000,392.1200000,1.751
12984_090101_130416,D,20101020,000000,389.2300000,389.3000000,389.2300000,389.2300000,303
12984_090101_130416,D,20101021,000000,394.9900000,399.0000000,391.0000000,391.0000000,16.507
12984_090101_130416,D,20101022,000000,396.0400000,400.0000000,396.0400000,400.0000000,164
12984_090101_130416,D,20101025,000000,399.9900000,400.0000000,392.1200000,392.1200000,264
12984_090101_130416,D,20101026,000000,392.1200000,399.9900000,392.1200000,399.9900000,26
12984_090101_130416,D,20101028,000000,395.0000000,408.0500000,395.0000000,408.0500000,129
12984_090101_130416,D,20101029,000000,418.0000000,420.0000000,416.0000000,420.0000000,1.919
12984_090101_130416,D,20101101,000000,418.0000000,419.9900000,418.0000000,418.0100000,163
12984_090101_130416,D,20101102,000000,418.0000000,420.0000000,412.1000000,418.0000000,1.731
12984_090101_130416,D,20101103,000000,420.4200000,424.9800000,416.0000000,416.0000000,243
12984_090101_130416,D,20101108,000000,420.4400000,424.9900000,420.4400000,424.9900000,356
12984_090101_130416,D,20101109,000000,418.0000000,424.0000000,418.0000000,424.0000000,31
12984_090101_130416,D,20101110,000000,422.8800000,424.9900000,418.0000000,418.0000000,137
12984_090101_130416,D,20101111,000000,422.0000000,422.0000000,420.0000000,420.0000000,178
12984_090101_130416,D,20101112,000000,420.0100000,424.9000000,418.0100000,424.9000000,423
12984_090101_130416,D,20101113,000000,424.9000000,424.9900000,424.0000000,424.0000000,67
12984_090101_130416,D,20101115,000000,420.0400000,420.0400000,420.0400000,420.0400000,3
12984_090101_130416,D,20101116,000000,424.9800000,424.9900000,421.0000000,421.0000000,115
12984_090101_130416,D,20101117,000000,420.0600000,424.9900000,420.0400000,424.9900000,154
12984_090101_130416,D,20101118,000000,421.0200000,421.0200000,421.0200000,421.0200000,4
12984_090101_130416,D,20101119,000000,422.0000000,422.0000000,422.0000000,422.0000000,216
12984_090101_130416,D,20101122,000000,422.0000000,422.0000000,422.0000000,422.0000000,40
12984_090101_130416,D,20101123,000000,422.0000000,422.0000000,422.0000000,422.0000000,68
12984_090101_130416,D,20101124,000000,422.0000000,422.0000000,422.0000000,422.0000000,500
12984_090101_130416,D,20101125,000000,422.0000000,422.0000000,422.0000000,422.0000000,23
12984_090101_130416,D,20101126,000000,422.0000000,424.9900000,422.0000000,424.9900000,11
12984_090101_130416,D,20101129,000000,424.9900000,424.9900000,424.0000000,424.0000000,60
12984_090101_130416,D,20101130,000000,424.9900000,425.0000000,424.9900000,425.0000000,538
12984_090101_130416,D,20101201,000000,424.0000000,425.0000000,424.0000000,425.0000000,512
12984_090101_130416,D,20101202,000000,425.0000000,429.0000000,425.0000000,429.0000000,308
12984_090101_130416,D,20101203,000000,429.0000000,429.0000000,425.0000000,425.0000000,282
12984_090101_130416,D,20101206,000000,428.9800000,428.9900000,428.9800000,428.9900000,46
12984_090101_130416,D,20101207,000000,428.9900000,428.9900000,425.0000000,425.0000000,36
12984_090101_130416,D,20101209,000000,428.9800000,428.9900000,428.9800000,428.9900000,74
12984_090101_130416,D,20101210,000000,425.1000000,428.0000000,425.1000000,428.0000000,50
12984_090101_130416,D,20101213,000000,427.9900000,433.0500000,427.9900000,432.8100000,1.528
12984_090101_130416,D,20101214,000000,432.9500000,432.9600000,426.9900000,428.0000000,552
12984_090101_130416,D,20101215,000000,428.0000000,428.0000000,428.0000000,428.0000000,45
12984_090101_130416,D,20101216,000000,428.0000000,429.0000000,428.0000000,429.0000000,935
12984_090101_130416,D,20101217,000000,430.0000000,432.9900000,430.0000000,432.9900000,817
12984_090101_130416,D,20101220,000000,433.0000000,433.0000000,433.0000000,433.0000000,474
12984_090101_130416,D,20101221,000000,427.0000000,427.0000000,427.0000000,427.0000000,107
12984_090101_130416,D,20101223,000000,434.0000000,434.0000000,433.0000000,434.0000000,2.677
12984_090101_130416,D,20101224,000000,430.0000000,439.9900000,430.0000000,439.9900000,6.768
12984_090101_130416,D,20101228,000000,430.0200000,439.9800000,429.5900000,439.9800000,275
12984_090101_130416,D,20101229,000000,439.9800000,439.9900000,430.0000000,434.9900000,291
12984_090101_130416,D,20101230,000000,435.0000000,435.0000000,430.1100000,430.1100000,47
12984_090101_130416,D,20110111,000000,435.0000000,435.0000000,434.0000000,435.0000000,27
12984_090101_130416,D,20110112,000000,431.0000000,435.0000000,431.0000000,435.0000000,11.732
12984_090101_130416,D,20110113,000000,434.0500000,434.0500000,434.0500000,434.0500000,500
12984_090101_130416,D,20110114,000000,431.0000000,435.0000000,431.0000000,435.0000000,3.397
12984_090101_130416,D,20110117,000000,432.0000000,435.0000000,430.0000000,430.0000000,2.530
12984_090101_130416,D,20110118,000000,433.0000000,436.2000000,430.0000000,436.2000000,52.538
12984_090101_130416,D,20110119,000000,440.0000000,440.0000000,433.0000000,433.0000000,213
12984_090101_130416,D,20110120,000000,426.0100000,580.0000000,425.0000000,431.0000000,4.337
12984_090101_130416,D,20110121,000000,431.0000000,442.9800000,431.0000000,436.0000000,650
12984_090101_130416,D,20110124,000000,432.0000000,450.0100000,432.0000000,450.0000000,1.328
12984_090101_130416,D,20110125,000000,436.0000000,482.0000000,433.0000000,445.0000000,2.507
12984_090101_130416,D,20110126,000000,440.0000000,452.8600000,440.0000000,452.7600000,51
12984_090101_130416,D,20110127,000000,440.0100000,449.9900000,440.0000000,449.9800000,177
12984_090101_130416,D,20110128,000000,449.9500000,449.9500000,449.9500000,449.9500000,1
12984_090101_130416,D,20110131,000000,457.1900000,457.2300000,457.1900000,457.2300000,96
12984_090101_130416,D,20110201,000000,457.2100000,500.0000000,440.1000000,447.1000000,1.989
12984_090101_130416,D,20110202,000000,447.5700000,447.5700000,275.6600000,435.0000000,1.143
12984_090101_130416,D,20110203,000000,439.4900000,467.9900000,435.0000000,441.6100000,231
12984_090101_130416,D,20110204,000000,460.0000000,460.0000000,432.0100000,440.0400000,488
12984_090101_130416,D,20110207,000000,432.5600000,440.0500000,432.5600000,440.0500000,23
12984_090101_130416,D,20110208,000000,441.0000000,448.8600000,440.1300000,448.8300000,409
12984_090101_130416,D,20110209,000000,459.0000000,464.7900000,450.0000000,450.0000000,21
12984_090101_130416,D,20110210,000000,458.9800000,458.9800000,457.6500000,458.9800000,14
12984_090101_130416,D,20110211,000000,431.0600000,444.0000000,409.9900000,444.0000000,265
12984_090101_130416,D,20110214,000000,449.0000000,457.4800000,449.0000000,457.4800000,6
12984_090101_130416,D,20110215,000000,415.1100000,456.7400000,415.1100000,452.5800000,61
12984_090101_130416,D,20110216,000000,425.0000000,445.0000000,420.0200000,426.0200000,205
12984_090101_130416,D,20110217,000000,428.0000000,489.9800000,428.0000000,449.0000000,273
12984_090101_130416,D,20110218,000000,479.9700000,479.9700000,436.0200000,436.0200000,88
12984_090101_130416,D,20110222,000000,435.0000000,435.0000000,430.0100000,430.0100000,26
12984_090101_130416,D,20110224,000000,426.0300000,444.9900000,415.0000000,444.9900000,20
12984_090101_130416,D,20110225,000000,429.9900000,439.9900000,429.5000000,439.9900000,876
12984_090101_130416,D,20110228,000000,439.9900000,478.9200000,422.0000000,454.9500000,1.163
12984_090101_130416,D,20110301,000000,474.9900000,480.0000000,455.0000000,455.0000000,450
12984_090101_130416,D,20110302,000000,455.0300000,455.0300000,455.0200000,455.0200000,110
12984_090101_130416,D,20110309,000000,445.0000000,459.7000000,445.0000000,459.7000000,20
12984_090101_130416,D,20110310,000000,445.1500000,446.0000000,445.1500000,446.0000000,20
12984_090101_130416,D,20110311,000000,405.1500000,440.0000000,400.0000000,440.0000000,120
12984_090101_130416,D,20110314,000000,440.8700000,440.8700000,440.8700000,440.8700000,470
12984_090101_130416,D,20110315,000000,445.0000000,475.0000000,445.0000000,450.0000000,3.900
12984_090101_130416,D,20110316,000000,440.2600000,474.0000000,440.2600000,474.0000000,32.790
12984_090101_130416,D,20110317,000000,441.0000000,474.0000000,441.0000000,446.0000000,29.830
12984_090101_130416,D,20110318,000000,446.0300000,494.9900000,446.0100000,446.0100000,24.800
12984_090101_130416,D,20110323,000000,407.0000000,429.0000000,407.0000000,428.9800000,140
12984_090101_130416,D,20110324,000000,434.9000000,449.8600000,434.9000000,449.8600000,20
12984_090101_130416,D,20110328,000000,450.0000000,450.0000000,450.0000000,450.0000000,230
12984_090101_130416,D,20110330,000000,440.0000000,445.0000000,430.0000000,435.0000000,120
12984_090101_130416,D,20110331,000000,440.0000000,440.0000000,435.0000000,435.0000000,170
12984_090101_130416,D,20110401,000000,430.0000000,435.0000000,430.0000000,430.0000000,320
12984_090101_130416,D,20110404,000000,430.0000000,430.0000000,430.0000000,430.0000000,100
12984_090101_130416,D,20110406,000000,430.0000000,430.0000000,420.0300000,420.0300000,460
12984_090101_130416,D,20110414,000000,390.0200000,400.0000000,390.0000000,394.9900000,480
12984_090101_130416,D,20110415,000000,409.9800000,439.8600000,400.0400000,435.0000000,150
12984_090101_130416,D,20110418,000000,406.0100000,406.0100000,406.0100000,406.0100000,10
12984_090101_130416,D,20110419,000000,439.9900000,444.9900000,420.0000000,420.0000000,120
12984_090101_130416,D,20110420,000000,439.9800000,439.9800000,439.9800000,439.9800000,10
12984_090101_130416,D,20110421,000000,439.9900000,439.9900000,439.9900000,439.9900000,10
12984_090101_130416,D,20110422,000000,444.9500000,449.9900000,444.9500000,449.9900000,140
12984_090101_130416,D,20110425,000000,496.0000000,499.0000000,425.0000000,496.9900000,1.950
12984_090101_130416,D,20110426,000000,477.0000000,477.0000000,422.2300000,454.9800000,870
12984_090101_130416,D,20110427,000000,440.0100000,446.5500000,440.0000000,446.5500000,40
12984_090101_130416,D,20110428,000000,455.8800000,459.9300000,437.6500000,459.7400000,240
12984_090101_130416,D,20110429,000000,435.0000000,458.8900000,435.0000000,458.8900000,80
12984_090101_130416,D,20110503,000000,431.1100000,432.0100000,422.0200000,422.0200000,180
12984_090101_130416,D,20110504,000000,422.0000000,422.0000000,400.0000000,400.0000000,330
12984_090101_130416,D,20110505,000000,409.9900000,410.0000000,409.9900000,410.0000000,120
12984_090101_130416,D,20110506,000000,407.0100000,419.9900000,407.0100000,419.8800000,100
12984_090101_130416,D,20110511,000000,419.8800000,420.0000000,419.8800000,420.0000000,60
12984_090101_130416,D,20110513,000000,425.0000000,440.0000000,425.0000000,440.0000000,100
12984_090101_130416,D,20110516,000000,414.0500000,414.0500000,414.0500000,414.0500000,150
12984_090101_130416,D,20110517,000000,445.9900000,445.9900000,431.3300000,435.6400000,120
12984_090101_130416,D,20110518,000000,434.3300000,435.0000000,431.3300000,431.3300000,510
12984_090101_130416,D,20110519,000000,430.0000000,459.0000000,430.0000000,449.0500000,920
12984_090101_130416,D,20110520,000000,444.6100000,453.5400000,439.1200000,440.2100000,920
12984_090101_130416,D,20110523,000000,444.6100000,450.0000000,440.2300000,444.6500000,320
12984_090101_130416,D,20110524,000000,440.2500000,440.2500000,415.0700000,436.0000000,150
12984_090101_130416,D,20110525,000000,437.1100000,437.1100000,435.9000000,435.9000000,240
12984_090101_130416,D,20110526,000000,444.5700000,449.9000000,430.0000000,430.0000000,50
12984_090101_130416,D,20110527,000000,444.5900000,450.0000000,426.0100000,449.1100000,360
12984_090101_130416,D,20110530,000000,453.6000000,488.7500000,440.2800000,449.1300000,2.010
12984_090101_130416,D,20110601,000000,453.6100000,494.9700000,444.6900000,451.0700000,110
12984_090101_130416,D,20110602,000000,455.5000000,455.5000000,440.0300000,450.0000000,40
12984_090101_130416,D,20110603,000000,445.0000000,454.9900000,440.0700000,454.9900000,80
12984_090101_130416,D,20110608,000000,431.6800000,445.0000000,431.6800000,445.0000000,20
12984_090101_130416,D,20110609,000000,448.0000000,448.0000000,439.1600000,439.1600000,40
12984_090101_130416,D,20110610,000000,433.0000000,451.1500000,433.0000000,449.3900000,100
12984_090101_130416,D,20110614,000000,455.5400000,460.0000000,455.5400000,460.0000000,30
12984_090101_130416,D,20110616,000000,430.1400000,430.1400000,430.0000000,430.0000000,100
12984_090101_130416,D,20110617,000000,432.0500000,445.6000000,432.0000000,445.6000000,170
12984_090101_130416,D,20110620,000000,479.9600000,479.9600000,432.0100000,432.0100000,160
12984_090101_130416,D,20110621,000000,457.2500000,457.2500000,457.2500000,457.2500000,10
12984_090101_130416,D,20110624,000000,439.9800000,442.0000000,439.9800000,441.9900000,50
12984_090101_130416,D,20110627,000000,432.0100000,432.0100000,432.0000000,432.0000000,120
12984_090101_130416,D,20110628,000000,441.2500000,441.2600000,441.2400000,441.2400000,40
12984_090101_130416,D,20110629,000000,441.6200000,441.9500000,441.6200000,441.9500000,470
12984_090101_130416,D,20110701,000000,430.0100000,434.9900000,430.0000000,434.9900000,100
12984_090101_130416,D,20110704,000000,439.9900000,440.0000000,439.9900000,440.0000000,40
12984_090101_130416,D,20110705,000000,440.0000000,440.0000000,427.8900000,440.0000000,570
12984_090101_130416,D,20110706,000000,440.1900000,440.1900000,430.0000000,430.0000000,140
12984_090101_130416,D,20110708,000000,442.9200000,450.0000000,442.9200000,450.0000000,110
12984_090101_130416,D,20110712,000000,438.7900000,438.7900000,438.7900000,438.7900000,30
12984_090101_130416,D,20110714,000000,435.0800000,435.2000000,435.0000000,435.0000000,100
12984_090101_130416,D,20110715,000000,420.2000000,434.0000000,420.1100000,434.0000000,60
12984_090101_130416,D,20110718,000000,435.0000000,455.0000000,435.0000000,455.0000000,60
12984_090101_130416,D,20110720,000000,440.0000000,440.0000000,440.0000000,440.0000000,30
12984_090101_130416,D,20110721,000000,436.0300000,448.4700000,436.0000000,448.4700000,40
12984_090101_130416,D,20110722,000000,432.0400000,432.0400000,432.0400000,432.0400000,10
12984_090101_130416,D,20110725,000000,432.0100000,432.0100000,432.0100000,432.0100000,100
12984_090101_130416,D,20110726,000000,437.6600000,440.0000000,437.6600000,440.0000000,90
12984_090101_130416,D,20110727,000000,450.0000000,450.0000000,450.0000000,450.0000000,10
12984_090101_130416,D,20110729,000000,432.2300000,432.2300000,430.0000000,430.0200000,280
12984_090101_130416,D,20110801,000000,439.9600000,439.9800000,433.0000000,433.0000000,150
12984_090101_130416,D,20110802,000000,450.0000000,450.0000000,433.0100000,433.0100000,110
12984_090101_130416,D,20110803,000000,430.0000000,430.0000000,430.0000000,430.0000000,20
12984_090101_130416,D,20110804,000000,432.0000000,432.0000000,432.0000000,432.0000000,10
12984_090101_130416,D,20110805,000000,422.0000000,422.0000000,422.0000000,422.0000000,10
12984_090101_130416,D,20110808,000000,415.0200000,415.0200000,411.0000000,411.0000000,100
12984_090101_130416,D,20110809,000000,382.0100000,382.0100000,381.9700000,382.0000000,70
12984_090101_130416,D,20110810,000000,431.6500000,431.6500000,431.6500000,431.6500000,10
12984_090101_130416,D,20110811,000000,375.7300000,375.7300000,375.7300000,375.7300000,10
12984_090101_130416,D,20110812,000000,433.9800000,497.9300000,425.0100000,425.0100000,180
12984_090101_130416,D,20110816,000000,474.0000000,474.0000000,460.0000000,460.0000000,60
12984_090101_130416,D,20110817,000000,458.0000000,458.0000000,458.0000000,458.0000000,30
12984_090101_130416,D,20110822,000000,400.4500000,420.0200000,400.0900000,420.0200000,110
12984_090101_130416,D,20110830,000000,478.8800000,478.9000000,478.8800000,478.9000000,70
12984_090101_130416,D,20110913,000000,425.0100000,425.0100000,425.0100000,425.0100000,10
12984_090101_130416,D,20110914,000000,425.0000000,425.0000000,425.0000000,425.0000000,40
12984_090101_130416,D,20110919,000000,435.0000000,435.0000000,435.0000000,435.0000000,70
12984_090101_130416,D,20110921,000000,454.0000000,454.0000000,420.5200000,420.5200000,20
12984_090101_130416,D,20110922,000000,421.0000000,421.0000000,415.0000000,415.0000000,1.390
12984_090101_130416,D,20110923,000000,410.1100000,410.1100000,410.0200000,410.0200000,20
12984_090101_130416,D,20110926,000000,462.9800000,462.9800000,462.9800000,462.9800000,10
12984_090101_130416,D,20110927,000000,438.9600000,438.9800000,438.9600000,438.9800000,70
12984_090101_130416,D,20111003,000000,425.0000000,425.0000000,411.0000000,411.0000000,180
12984_090101_130416,D,20111004,000000,414.9900000,433.3300000,414.9900000,433.3300000,20
12984_090101_130416,D,20111006,000000,420.1000000,424.9900000,420.1000000,424.9900000,20
12984_090101_130416,D,20111007,000000,424.9700000,449.8500000,424.9700000,427.8500000,110
12984_090101_130416,D,20111010,000000,422.2800000,422.2800000,422.2100000,422.2100000,80
12984_090101_130416,D,20111012,000000,415.1000000,434.9300000,410.1300000,434.9300000,540
12984_090101_130416,D,20111017,000000,410.1400000,410.1400000,410.0700000,410.0700000,70
12984_090101_130416,D,20111019,000000,420.1000000,420.1000000,420.1000000,420.1000000,10
12984_090101_130416,D,20111024,000000,419.9900000,420.0000000,419.9900000,420.0000000,60
12984_090101_130416,D,20111107,000000,447.6700000,447.6700000,447.6600000,447.6700000,60
12984_090101_130416,D,20111109,000000,447.6000000,447.7000000,447.6000000,447.7000000,40
12984_090101_130416,D,20111110,000000,435.2300000,450.0100000,435.2300000,450.0100000,120
12984_090101_130416,D,20111111,000000,489.9900000,600.0000000,466.0100000,490.0000000,460
12984_090101_130416,D,20111115,000000,467.8100000,467.8100000,460.0100000,460.0100000,270
12984_090101_130416,D,20111124,000000,489.9100000,489.9200000,489.9100000,489.9200000,50
12984_090101_130416,D,20111130,000000,452.1200000,469.0200000,452.1200000,469.0200000,30
12984_090101_130416,D,20111201,000000,497.9900000,498.0000000,497.9900000,498.0000000,20
12984_090101_130416,D,20111206,000000,460.9900000,460.9900000,460.9900000,460.9900000,20
12984_090101_130416,D,20111207,000000,461.1400000,461.1400000,461.1400000,461.1400000,10
12984_090101_130416,D,20111208,000000,475.0700000,475.0700000,475.0700000,475.0700000,10
12984_090101_130416,D,20111209,000000,559.9800000,559.9800000,559.9800000,559.9800000,20
12984_090101_130416,D,20111212,000000,480.2800000,480.2800000,480.2500000,480.2500000,20
12984_090101_130416,D,20111213,000000,480.0200000,480.1900000,480.0200000,480.0300000,40
12984_090101_130416,D,20111216,000000,480.1200000,480.1200000,480.1200000,480.1200000,20
12984_090101_130416,D,20111219,000000,500.0000000,500.0000000,474.9900000,475.0000000,1.020
12984_090101_130416,D,20111220,000000,470.0100000,470.0100000,460.0000000,464.0000000,70
12984_090101_130416,D,20111223,000000,452.0700000,452.0700000,412.1300000,450.0000000,120
12984_090101_130416,D,20111226,000000,474.3800000,474.3800000,474.3800000,474.3800000,10
12984_090101_130416,D,20111228,000000,450.0100000,475.0000000,450.0100000,475.0000000,60
12984_090101_130416,D,20111229,000000,475.0100000,479.9800000,412.1200000,479.9800000,2.800
12984_090101_130416,D,20111230,000000,455.0000000,455.0000000,450.0000000,450.0000000,390
12984_090101_130416,D,20120103,000000,474.9800000,474.9800000,474.9800000,474.9800000,10
12984_090101_130416,D,20120106,000000,450.2900000,460.0000000,450.0000000,460.0000000,1.880
12984_090101_130416,D,20120109,000000,460.0000000,460.0000000,460.0000000,460.0000000,70
12984_090101_130416,D,20120110,000000,462.0000000,465.0000000,462.0000000,465.0000000,1.210
12984_090101_130416,D,20120111,000000,465.0000000,465.0000000,465.0000000,465.0000000,540
12984_090101_130416,D,20120112,000000,467.0000000,467.0000000,467.0000000,467.0000000,30
12984_090101_130416,D,20120113,000000,450.1300000,450.1300000,450.1300000,450.1300000,10
12984_090101_130416,D,20120118,000000,474.0000000,474.0000000,470.0000000,470.0000000,40
12984_090101_130416,D,20120119,000000,479.6900000,542.3900000,475.0000000,480.0000000,770
12984_090101_130416,D,20120120,000000,475.0100000,475.0100000,475.0000000,475.0000000,240
12984_090101_130416,D,20120123,000000,476.6400000,476.6400000,476.6400000,476.6400000,20
12984_090101_130416,D,20120126,000000,480.0000000,480.0000000,480.0000000,480.0000000,10
12984_090101_130416,D,20120130,000000,509.9300000,509.9300000,509.8100000,509.8200000,40
12984_090101_130416,D,20120131,000000,475.0000000,493.9900000,475.0000000,493.9900000,510
12984_090101_130416,D,20120203,000000,485.0000000,485.0000000,485.0000000,485.0000000,60
12984_090101_130416,D,20120207,000000,481.4700000,515.0000000,481.4700000,515.0000000,1.670
12984_090101_130416,D,20120208,000000,524.9800000,542.3800000,520.0000000,542.3800000,60
12984_090101_130416,D,20120209,000000,542.4000000,542.4000000,542.4000000,542.4000000,10
12984_090101_130416,D,20120214,000000,574.9900000,574.9900000,549.9900000,550.0000000,1.060
12984_090101_130416,D,20120216,000000,574.9900000,574.9900000,574.9900000,574.9900000,30
12984_090101_130416,D,20120217,000000,599.9700000,599.9700000,599.9700000,599.9700000,10
12984_090101_130416,D,20120220,000000,550.0000000,560.0000000,549.9900000,549.9900000,1.100
12984_090101_130416,D,20120221,000000,559.9200000,559.9200000,559.8100000,559.8100000,20
12984_090101_130416,D,20120222,000000,535.2000000,535.2000000,535.1300000,535.1600000,560
12984_090101_130416,D,20120224,000000,560.0000000,560.0000000,560.0000000,560.0000000,240
12984_090101_130416,D,20120228,000000,547.0000000,547.4000000,545.0000000,545.0000000,2.380
12984_090101_130416,D,20120229,000000,579.7600000,579.7700000,579.7600000,579.7700000,20
12984_090101_130416,D,20120301,000000,549.9600000,550.0000000,549.1500000,549.1500000,510
12984_090101_130416,D,20120302,000000,555.0100000,555.0100000,545.0000000,545.0000000,1.000
12984_090101_130416,D,20120305,000000,584.9800000,584.9800000,584.9800000,584.9800000,10
12984_090101_130416,D,20120306,000000,560.0100000,560.0100000,560.0000000,560.0000000,70
12984_090101_130416,D,20120311,000000,560.0000000,560.0000000,560.0000000,560.0000000,10
12984_090101_130416,D,20120313,000000,560.0000000,560.0000000,560.0000000,560.0000000,10
12984_090101_130416,D,20120315,000000,599.9500000,599.9800000,599.9500000,599.9800000,160
12984_090101_130416,D,20120316,000000,575.0500000,584.9700000,575.0400000,584.9700000,80
12984_090101_130416,D,20120319,000000,594.0000000,599.9600000,590.0000000,590.9700000,660
12984_090101_130416,D,20120320,000000,575.0100000,591.9600000,575.0100000,580.0000000,250
12984_090101_130416,D,20120321,000000,570.0100000,599.9600000,570.0000000,599.9300000,510
12984_090101_130416,D,20120322,000000,570.2500000,575.0000000,570.0000000,575.0000000,160
12984_090101_130416,D,20120326,000000,570.0000000,570.0000000,564.9800000,565.0000000,1.600
12984_090101_130416,D,20120330,000000,570.1300000,584.9000000,570.1300000,584.9000000,730
12984_090101_130416,D,20120402,000000,545.1400000,545.1400000,545.0000000,545.0000000,1.590
12984_090101_130416,D,20120403,000000,569.9700000,569.9700000,569.9700000,569.9700000,10
12984_090101_130416,D,20120405,000000,535.0000000,535.0000000,535.0000000,535.0000000,50
12984_090101_130416,D,20120406,000000,511.0500000,511.0500000,510.0300000,510.0300000,240
12984_090101_130416,D,20120409,000000,501.0000000,509.9900000,460.0000000,509.9900000,110
12984_090101_130416,D,20120410,000000,500.0000000,500.0000000,500.0000000,500.0000000,100
12984_090101_130416,D,20120411,000000,520.0000000,520.0000000,520.0000000,520.0000000,100
12984_090101_130416,D,20120412,000000,530.0000000,530.0000000,530.0000000,530.0000000,30
12984_090101_130416,D,20120413,000000,525.7500000,525.7500000,525.7500000,525.7500000,10
12984_090101_130416,D,20120416,000000,525.0000000,525.0000000,525.0000000,525.0000000,10
12984_090101_130416,D,20120417,000000,524.0000000,524.0000000,524.0000000,524.0000000,10
12984_090101_130416,D,20120418,000000,529.9900000,529.9900000,529.9900000,529.9900000,30
12984_090101_130416,D,20120420,000000,515.0000000,530.0000000,515.0000000,530.0000000,470
12984_090101_130416,D,20120424,000000,475.1100000,488.0300000,475.1100000,488.0300000,550
12984_090101_130416,D,20120426,000000,470.0000000,470.0000000,470.0000000,470.0000000,10
12984_090101_130416,D,20120427,000000,450.0100000,450.0100000,450.0100000,450.0100000,140
12984_090101_130416,D,20120504,000000,450.0100000,450.0100000,450.0000000,450.0000000,30
12984_090101_130416,D,20120510,000000,481.0000000,481.0000000,481.0000000,481.0000000,10
12984_090101_130416,D,20120511,000000,500.0200000,500.0200000,500.0200000,500.0200000,10
12984_090101_130416,D,20120516,000000,499.9100000,499.9100000,499.9100000,499.9100000,10
12984_090101_130416,D,20120521,000000,497.0000000,497.0000000,417.3600000,417.3600000,30
12984_090101_130416,D,20120523,000000,420.0400000,435.0100000,420.0200000,420.0200000,220
12984_090101_130416,D,20120524,000000,420.0100000,440.0000000,420.0100000,440.0000000,30
12984_090101_130416,D,20120525,000000,439.9900000,439.9900000,439.9900000,439.9900000,40
12984_090101_130416,D,20120528,000000,444.9900000,450.0000000,440.0000000,440.0000000,80
12984_090101_130416,D,20120529,000000,450.0000000,480.0000000,450.0000000,480.0000000,1.030
12984_090101_130416,D,20120601,000000,471.0000000,471.0000000,471.0000000,471.0000000,10
12984_090101_130416,D,20120604,000000,445.0700000,445.0700000,445.0700000,445.0700000,10
12984_090101_130416,D,20120607,000000,467.0100000,467.0100000,467.0100000,467.0100000,10
12984_090101_130416,D,20120609,000000,470.0000000,470.0000000,470.0000000,470.0000000,10
12984_090101_130416,D,20120613,000000,470.0000000,470.0000000,470.0000000,470.0000000,10
12984_090101_130416,D,20120614,000000,461.0700000,499.9300000,461.0700000,465.0700000,60
12984_090101_130416,D,20120615,000000,489.9900000,489.9900000,470.0000000,472.1900000,50
12984_090101_130416,D,20120705,000000,499.9900000,500.0000000,499.9900000,500.0000000,100
12984_090101_130416,D,20120716,000000,468.9300000,468.9300000,468.9300000,468.9300000,40
12984_090101_130416,D,20120717,000000,480.0000000,480.0000000,480.0000000,480.0000000,30
12984_090101_130416,D,20120718,000000,480.0100000,480.0100000,480.0100000,480.0100000,20
12984_090101_130416,D,20120724,000000,480.0000000,480.0000000,480.0000000,480.0000000,10
12984_090101_130416,D,20120725,000000,489.9900000,490.0000000,489.9900000,490.0000000,30
12984_090101_130416,D,20120726,000000,471.1100000,498.7600000,457.0000000,498.7600000,190
12984_090101_130416,D,20120730,000000,477.0200000,477.0200000,457.0200000,457.0300000,200
12984_090101_130416,D,20120731,000000,475.0000000,475.0000000,475.0000000,475.0000000,70
12984_090101_130416,D,20120802,000000,475.0000000,475.0000000,475.0000000,475.0000000,100
12984_090101_130416,D,20120810,000000,457.0100000,457.0100000,457.0000000,457.0000000,70
12984_090101_130416,D,20120815,000000,457.0100000,457.0100000,457.0100000,457.0100000,30
12984_090101_130416,D,20120830,000000,479.9800000,480.0100000,479.9800000,480.0100000,20
12984_090101_130416,D,20120904,000000,498.9900000,498.9900000,491.0000000,491.0000000,30
12984_090101_130416,D,20120907,000000,499.9900000,500.0000000,499.9900000,500.0000000,1.260
12984_090101_130416,D,20120911,000000,500.0000000,500.0000000,500.0000000,500.0000000,270
12984_090101_130416,D,20120912,000000,505.0000000,505.0000000,505.0000000,505.0000000,10
12984_090101_130416,D,20120913,000000,500.0100000,500.0100000,500.0000000,500.0000000,490
12984_090101_130416,D,20120914,000000,485.0000000,489.6000000,460.0100000,489.6000000,290
12984_090101_130416,D,20120918,000000,499.9700000,499.9700000,470.0500000,470.0500000,20
12984_090101_130416,D,20120925,000000,485.0300000,492.8600000,485.0300000,492.8600000,80
12984_090101_130416,D,20120926,000000,485.0000000,491.7700000,485.0000000,491.7700000,20
12984_090101_130416,D,20121002,000000,494.9800000,494.9800000,494.9800000,494.9800000,10
12984_090101_130416,D,20121003,000000,499.9700000,499.9700000,499.9700000,499.9700000,10
12984_090101_130416,D,20121005,000000,463.4200000,485.0000000,463.1300000,485.0000000,260
12984_090101_130416,D,20121011,000000,499.9400000,499.9400000,499.9400000,499.9400000,40
12984_090101_130416,D,20121012,000000,475.2500000,475.2500000,475.2500000,475.2500000,10
12984_090101_130416,D,20121015,000000,470.0000000,470.0000000,470.0000000,470.0000000,20
12984_090101_130416,D,20121018,000000,480.0000000,480.0000000,480.0000000,480.0000000,10
12984_090101_130416,D,20121023,000000,499.9700000,499.9700000,499.9700000,499.9700000,10
12984_090101_130416,D,20121024,000000,480.0000000,480.0000000,480.0000000,480.0000000,10
12984_090101_130416,D,20121108,000000,450.0800000,475.0100000,450.0700000,475.0100000,200
12984_090101_130416,D,20121109,000000,462.3100000,462.3100000,462.3100000,462.3100000,20
12984_090101_130416,D,20121127,000000,489.9700000,500.0000000,489.9700000,500.0000000,200
12984_090101_130416,D,20121128,000000,475.3200000,475.3200000,475.0000000,475.0000000,100
12984_090101_130416,D,20121129,000000,484.9000000,500.0000000,484.9000000,500.0000000,210
12984_090101_130416,D,20121213,000000,476.3300000,476.3300000,476.0000000,476.0000000,50
12984_090101_130416,D,20121218,000000,499.9500000,500.0000000,499.9500000,500.0000000,720
12984_090101_130416,D,20121219,000000,501.0000000,501.0000000,499.0000000,499.0100000,130
12984_090101_130416,D,20121220,000000,480.0400000,500.0000000,480.0100000,500.0000000,230
12984_090101_130416,D,20121226,000000,550.0000000,550.0000000,550.0000000,550.0000000,10
12984_090101_130416,D,20130115,000000,497.7700000,510.1100000,490.0900000,505.0000000,680
12984_090101_130416,D,20130116,000000,518.0000000,518.0000000,518.0000000,518.0000000,10
12984_090101_130416,D,20130122,000000,517.9800000,517.9800000,517.9800000,517.9800000,10
12984_090101_130416,D,20130124,000000,549.9900000,549.9900000,549.9900000,549.9900000,10
12984_090101_130416,D,20130130,000000,496.1400000,496.1400000,496.1300000,496.1300000,30
12984_090101_130416,D,20130204,000000,551.9300000,551.9300000,549.9700000,549.9700000,20
12984_090101_130416,D,20130205,000000,554.8200000,554.8200000,554.8200000,554.8200000,10
12984_090101_130416,D,20130306,000000,495.5300000,495.5300000,495.5300000,495.5300000,10
12984_090101_130416,D,20130318,000000,475.0000000,500.0000000,475.0000000,500.0000000,1.240
12984_090101_130416,D,20130320,000000,490.0100000,490.0100000,490.0100000,490.0100000,50
12984_090101_130416,D,20130326,000000,549.9600000,549.9600000,549.9600000,549.9600000,10
12984_090101_130416,D,20130328,000000,542.8700000,542.8700000,542.8700000,542.8700000,10
12984_090101_130416,D,20130329,000000,519.8700000,519.8700000,519.8700000,519.8700000,10
12984_090101_130416,D,20130402,000000,466.7300000,500.0000000,466.0000000,490.0000000,960
