<TICKER>,<PER>,<DATE>,<TIME>,<OPEN>,<HIGH>,<LOW>,<CLOSE>,<VOL>
15518_090101_130416,D,20090112,000000,19.0000000,19.0000000,16.9000000,17.1000000,400
15518_090101_130416,D,20090113,000000,19.0000000,19.0000000,19.0000000,19.0000000,100
15518_090101_130416,D,20090114,000000,17.9000000,18.9000000,15.1600000,16.1500000,5.700
15518_090101_130416,D,20090115,000000,17.1000000,17.1000000,17.1000000,17.1000000,200
15518_090101_130416,D,20090116,000000,15.0000000,16.1300000,15.0000000,15.9700000,12.400
15518_090101_130416,D,20090119,000000,15.9700000,15.9700000,14.1800000,15.9700000,400
15518_090101_130416,D,20090120,000000,15.0000000,15.9000000,15.0000000,15.0000000,3.000
15518_090101_130416,D,20090122,000000,15.0000000,15.0000000,14.8000000,14.8000000,200
15518_090101_130416,D,20090126,000000,17.0000000,17.0000000,17.0000000,17.0000000,100
15518_090101_130416,D,20090127,000000,17.1000000,17.1000000,14.7000000,16.9000000,400
15518_090101_130416,D,20090129,000000,17.1000000,17.1000000,17.1000000,17.1000000,1.000
15518_090101_130416,D,20090203,000000,16.5000000,17.2000000,16.3100000,17.1500000,2.700
15518_090101_130416,D,20090204,000000,17.4800000,17.4800000,17.4800000,17.4800000,100
15518_090101_130416,D,20090206,000000,17.0000000,17.0000000,17.0000000,17.0000000,600
15518_090101_130416,D,20090210,000000,16.0000000,17.0000000,15.5000000,17.0000000,500
15518_090101_130416,D,20090211,000000,16.9900000,16.9900000,15.5500000,16.8800000,600
15518_090101_130416,D,20090212,000000,16.9800000,22.0000000,11.0000000,16.2100000,170.300
15518_090101_130416,D,20090216,000000,18.5000000,18.5000000,18.5000000,18.5000000,100
15518_090101_130416,D,20090217,000000,16.3000000,17.8000000,16.2100000,17.8000000,5.400
15518_090101_130416,D,20090218,000000,17.7000000,17.8500000,17.7000000,17.8500000,300
15518_090101_130416,D,20090219,000000,16.3100000,16.3100000,15.5000000,15.5000000,1.600
15518_090101_130416,D,20090226,000000,15.7100000,16.1800000,15.7000000,16.1800000,300
15518_090101_130416,D,20090305,000000,14.3000000,16.5000000,14.3000000,16.5000000,600
15518_090101_130416,D,20090312,000000,14.3700000,15.1100000,14.3700000,15.0000000,1.600
15518_090101_130416,D,20090316,000000,16.3000000,16.3000000,15.3000000,16.0000000,1.100
15518_090101_130416,D,20090318,000000,15.5000000,16.6600000,15.5000000,16.6600000,200
15518_090101_130416,D,20090319,000000,15.5000000,15.5000000,15.4900000,15.5000000,2.300
15518_090101_130416,D,20090323,000000,16.0000000,16.0000000,16.0000000,16.0000000,11.600
15518_090101_130416,D,20090324,000000,15.2000000,15.8800000,14.5000000,15.5000000,4.200
15518_090101_130416,D,20090325,000000,15.0000000,15.5000000,15.0000000,15.5000000,1.000
15518_090101_130416,D,20090326,000000,16.6000000,16.7900000,15.0100000,15.1000000,1.400
15518_090101_130416,D,20090327,000000,15.0000000,15.0000000,14.4100000,14.4500000,29.900
15518_090101_130416,D,20090330,000000,14.9800000,14.9800000,14.7700000,14.7700000,2.500
15518_090101_130416,D,20090331,000000,14.8300000,14.8700000,14.6000000,14.6000000,3.200
15518_090101_130416,D,20090401,000000,14.3500000,14.4500000,13.4700000,14.4500000,9.100
15518_090101_130416,D,20090402,000000,13.6500000,15.8800000,13.6000000,15.6300000,15.700
15518_090101_130416,D,20090403,000000,15.6300000,17.0000000,15.6300000,17.0000000,6.500
15518_090101_130416,D,20090406,000000,17.4000000,17.5000000,16.2700000,16.9000000,1.100
15518_090101_130416,D,20090407,000000,15.3100000,19.0000000,15.0000000,18.3900000,14.500
15518_090101_130416,D,20090408,000000,18.3900000,18.3900000,18.3200000,18.3200000,900
15518_090101_130416,D,20090409,000000,18.3200000,18.3200000,18.3200000,18.3200000,400
15518_090101_130416,D,20090410,000000,18.0000000,18.3900000,18.0000000,18.3900000,5.400
15518_090101_130416,D,20090413,000000,19.0000000,24.0900000,19.0000000,20.6300000,179.500
15518_090101_130416,D,20090414,000000,22.0000000,23.4900000,21.4000000,21.4000000,2.000
15518_090101_130416,D,20090415,000000,24.0000000,24.0000000,24.0000000,24.0000000,100
15518_090101_130416,D,20090416,000000,23.8900000,23.9000000,21.4500000,23.6800000,2.900
15518_090101_130416,D,20090417,000000,23.9000000,23.9400000,23.0000000,23.9400000,500
15518_090101_130416,D,20090420,000000,23.9500000,25.7000000,22.7500000,23.0000000,900
15518_090101_130416,D,20090421,000000,21.5500000,24.3200000,19.7700000,24.3200000,600
15518_090101_130416,D,20090422,000000,24.1000000,24.3200000,22.1000000,23.5000000,1.900
15518_090101_130416,D,20090423,000000,24.4900000,27.0000000,24.4900000,26.0000000,4.700
15518_090101_130416,D,20090424,000000,26.9900000,27.0000000,25.8000000,27.0000000,2.000
15518_090101_130416,D,20090427,000000,27.6100000,27.6100000,22.1100000,22.1100000,4.200
15518_090101_130416,D,20090428,000000,23.0000000,26.5000000,23.0000000,26.5000000,2.100
15518_090101_130416,D,20090429,000000,23.5100000,25.9700000,23.5100000,25.9700000,2.500
15518_090101_130416,D,20090430,000000,26.4500000,26.4800000,24.1500000,26.3000000,2.400
15518_090101_130416,D,20090504,000000,26.5000000,27.5000000,26.0000000,27.5000000,5.400
15518_090101_130416,D,20090506,000000,27.6100000,34.4900000,27.6100000,34.4900000,15.200
15518_090101_130416,D,20090507,000000,34.6900000,34.6900000,33.2500000,33.2500000,4.600
15518_090101_130416,D,20090512,000000,36.9400000,36.9500000,36.9400000,36.9500000,2.400
15518_090101_130416,D,20090513,000000,33.0000000,33.0000000,30.9900000,31.0000000,2.500
15518_090101_130416,D,20090515,000000,32.0000000,32.0000000,32.0000000,32.0000000,100
15518_090101_130416,D,20090518,000000,34.3500000,34.3500000,34.3500000,34.3500000,100
15518_090101_130416,D,20090520,000000,35.3000000,48.0900000,35.3000000,39.0000000,11.700
15518_090101_130416,D,20090521,000000,29.2100000,40.0000000,29.2100000,35.2000000,15.300
15518_090101_130416,D,20090522,000000,35.0000000,35.0000000,35.0000000,35.0000000,200
15518_090101_130416,D,20090525,000000,33.2000000,37.5000000,33.2000000,35.0000000,2.600
15518_090101_130416,D,20090526,000000,37.0400000,37.0400000,35.2000000,35.2000000,400
15518_090101_130416,D,20090528,000000,38.9500000,38.9500000,38.9000000,38.9000000,81.400
15518_090101_130416,D,20090529,000000,38.2000000,39.0000000,33.3300000,38.9000000,5.600
15518_090101_130416,D,20090601,000000,35.3100000,37.0500000,34.0000000,37.0500000,6.600
15518_090101_130416,D,20090602,000000,34.2100000,37.3000000,24.0000000,37.0000000,90.100
15518_090101_130416,D,20090603,000000,38.0000000,39.6000000,37.0000000,37.0000000,3.500
15518_090101_130416,D,20090604,000000,36.0000000,36.0000000,35.0500000,35.0500000,1.500
15518_090101_130416,D,20090605,000000,35.0500000,37.0000000,35.0500000,37.0000000,1.600
15518_090101_130416,D,20090608,000000,37.0000000,38.9000000,35.7000000,38.1000000,80.300
15518_090101_130416,D,20090609,000000,36.2000000,38.4000000,35.5000000,38.0000000,1.600
15518_090101_130416,D,20090610,000000,36.0000000,36.5500000,36.0000000,36.5500000,700
15518_090101_130416,D,20090611,000000,36.5500000,38.0000000,36.5500000,38.0000000,10.700
15518_090101_130416,D,20090615,000000,37.0000000,37.4900000,35.0700000,35.0700000,17.700
15518_090101_130416,D,20090616,000000,34.0100000,35.4900000,34.0100000,35.4900000,300
15518_090101_130416,D,20090617,000000,34.8700000,34.8700000,34.8300000,34.8400000,300
15518_090101_130416,D,20090618,000000,35.0000000,35.0000000,30.1000000,30.1000000,2.900
15518_090101_130416,D,20090619,000000,34.8800000,34.8800000,34.8800000,34.8800000,100
15518_090101_130416,D,20090622,000000,29.5300000,33.0000000,29.5300000,33.0000000,2.000
15518_090101_130416,D,20090623,000000,29.0000000,32.3800000,28.0700000,29.0000000,1.000
15518_090101_130416,D,20090624,000000,32.9000000,33.8000000,32.9000000,33.6000000,1.300
15518_090101_130416,D,20090626,000000,32.0000000,32.0000000,32.0000000,32.0000000,400
15518_090101_130416,D,20090629,000000,33.9000000,33.9000000,33.9000000,33.9000000,100
15518_090101_130416,D,20090630,000000,35.5000000,35.5000000,30.2000000,35.1000000,900
15518_090101_130416,D,20090701,000000,32.0000000,32.0000000,32.0000000,32.0000000,200
15518_090101_130416,D,20090702,000000,34.0000000,34.4900000,34.0000000,34.4900000,400
15518_090101_130416,D,20090703,000000,34.4000000,34.5000000,34.4000000,34.5000000,300
15518_090101_130416,D,20090706,000000,33.8000000,33.8000000,33.8000000,33.8000000,100
15518_090101_130416,D,20090707,000000,33.8500000,35.0000000,33.8500000,35.0000000,1.200
15518_090101_130416,D,20090708,000000,33.2000000,34.7000000,32.6000000,32.6000000,300
15518_090101_130416,D,20090709,000000,30.0000000,33.5000000,30.0000000,33.5000000,200
15518_090101_130416,D,20090710,000000,31.0000000,33.1500000,28.6200000,33.0300000,700
15518_090101_130416,D,20090713,000000,31.0000000,33.0000000,30.0000000,33.0000000,700
15518_090101_130416,D,20090715,000000,31.5000000,33.4800000,31.5000000,33.4800000,400
15518_090101_130416,D,20090716,000000,33.0000000,33.0000000,33.0000000,33.0000000,900
15518_090101_130416,D,20090717,000000,34.0000000,35.5000000,30.4000000,30.5700000,28.300
15518_090101_130416,D,20090720,000000,35.2500000,35.2500000,29.5000000,31.9900000,5.400
15518_090101_130416,D,20090721,000000,31.5000000,32.4000000,28.2100000,28.2100000,14.600
15518_090101_130416,D,20090722,000000,29.9700000,30.7500000,27.6300000,28.0300000,7.300
15518_090101_130416,D,20090723,000000,29.8500000,29.8500000,27.0000000,28.9700000,9.900
15518_090101_130416,D,20090724,000000,28.8900000,30.0000000,27.3000000,30.0000000,6.000
15518_090101_130416,D,20090727,000000,29.0000000,30.0400000,27.5000000,27.5000000,5.200
15518_090101_130416,D,20090728,000000,28.0100000,28.5000000,25.2700000,25.2700000,8.800
15518_090101_130416,D,20090729,000000,25.2800000,28.3300000,25.2800000,27.0000000,38.500
15518_090101_130416,D,20090730,000000,26.8000000,26.8000000,26.8000000,26.8000000,200
15518_090101_130416,D,20090731,000000,28.4500000,29.0000000,27.0000000,27.0000000,1.100
15518_090101_130416,D,20090803,000000,29.0000000,29.8100000,28.5000000,28.5000000,2.600
15518_090101_130416,D,20090804,000000,29.2600000,29.5400000,27.4000000,28.5000000,9.900
15518_090101_130416,D,20090805,000000,29.5400000,30.4900000,28.8100000,29.0000000,1.500
15518_090101_130416,D,20090806,000000,28.9200000,30.0200000,28.1100000,28.1100000,5.000
15518_090101_130416,D,20090807,000000,27.5100000,28.2000000,26.0000000,26.1800000,10.000
15518_090101_130416,D,20090810,000000,27.2200000,27.9700000,26.0000000,26.2600000,10.500
15518_090101_130416,D,20090811,000000,27.8800000,28.0000000,27.5000000,27.5000000,900
15518_090101_130416,D,20090812,000000,26.5100000,26.5100000,26.5100000,26.5100000,100
15518_090101_130416,D,20090813,000000,28.0900000,28.0900000,27.0000000,27.0000000,700
15518_090101_130416,D,20090814,000000,27.4500000,29.4500000,27.1800000,28.0100000,8.100
15518_090101_130416,D,20090817,000000,28.0100000,34.0000000,28.0100000,33.5000000,8.700
15518_090101_130416,D,20090818,000000,34.4800000,39.0000000,34.4800000,38.9900000,30.600
15518_090101_130416,D,20090819,000000,39.0000000,54.5900000,39.0000000,54.5900000,329.500
15518_090101_130416,D,20090820,000000,58.9000000,75.0000000,54.0200000,59.9900000,241.200
15518_090101_130416,D,20090821,000000,58.0000000,58.0000000,45.0000000,47.0000000,159.400
15518_090101_130416,D,20090824,000000,45.2200000,54.9000000,45.0000000,48.1000000,61.500
15518_090101_130416,D,20090825,000000,47.0100000,48.4900000,47.0000000,48.0000000,17.200
15518_090101_130416,D,20090826,000000,46.6000000,49.0000000,46.5000000,47.9000000,11.500
15518_090101_130416,D,20090827,000000,45.9500000,48.0000000,45.9500000,47.6900000,60.800
15518_090101_130416,D,20090828,000000,47.4600000,47.5000000,46.1000000,47.2000000,27.500
15518_090101_130416,D,20090831,000000,48.2800000,48.2800000,46.0200000,46.6500000,9.400
15518_090101_130416,D,20090901,000000,47.2000000,47.2000000,46.0000000,46.0000000,28.500
15518_090101_130416,D,20090902,000000,46.0100000,46.9600000,46.0000000,46.3000000,25.500
15518_090101_130416,D,20090903,000000,47.4900000,47.4900000,46.0000000,46.0100000,25.600
15518_090101_130416,D,20090904,000000,46.0100000,53.3700000,46.0000000,48.0000000,190.600
15518_090101_130416,D,20090907,000000,48.2700000,52.9000000,48.2700000,51.0000000,4.400
15518_090101_130416,D,20090908,000000,52.7500000,55.5900000,51.2000000,52.3000000,31.500
15518_090101_130416,D,20090909,000000,54.5000000,55.9000000,51.5100000,53.4000000,12.300
15518_090101_130416,D,20090910,000000,55.0000000,59.5000000,53.5000000,58.4800000,392.700
15518_090101_130416,D,20090911,000000,59.5000000,59.5000000,56.0500000,59.1500000,18.900
15518_090101_130416,D,20090914,000000,56.1500000,57.7400000,56.0000000,57.4500000,8.000
15518_090101_130416,D,20090915,000000,58.9500000,58.9500000,56.0200000,58.0000000,18.800
15518_090101_130416,D,20090916,000000,58.6900000,58.8000000,56.1800000,56.9000000,8.600
15518_090101_130416,D,20090917,000000,57.5000000,58.4900000,55.4000000,57.9800000,11.900
15518_090101_130416,D,20090918,000000,57.9600000,58.3400000,55.0000000,58.2400000,13.800
15518_090101_130416,D,20090921,000000,58.3900000,58.3900000,53.1000000,56.7200000,2.400
15518_090101_130416,D,20090922,000000,56.4000000,56.8900000,53.3000000,56.3600000,4.800
15518_090101_130416,D,20090923,000000,56.9900000,57.0000000,56.4800000,57.0000000,1.200
15518_090101_130416,D,20090924,000000,55.1700000,56.9500000,55.0300000,56.4900000,3.500
15518_090101_130416,D,20090925,000000,54.3000000,56.3200000,54.0800000,55.4000000,1.400
15518_090101_130416,D,20090928,000000,56.4500000,56.4500000,53.5000000,53.5100000,2.600
15518_090101_130416,D,20090929,000000,54.0000000,56.0000000,53.9000000,54.6800000,9.700
15518_090101_130416,D,20090930,000000,54.0000000,55.8400000,53.7500000,54.4900000,6.300
15518_090101_130416,D,20091001,000000,53.9900000,56.0000000,53.3600000,54.7500000,8.700
15518_090101_130416,D,20091002,000000,54.5600000,55.5000000,52.0000000,54.5200000,3.900
15518_090101_130416,D,20091005,000000,54.5500000,55.2500000,52.9900000,54.1600000,500
15518_090101_130416,D,20091006,000000,55.0500000,55.0500000,51.1200000,53.0900000,4.000
15518_090101_130416,D,20091007,000000,51.1600000,54.4000000,49.2500000,51.6000000,23.200
15518_090101_130416,D,20091008,000000,51.6000000,51.9600000,50.9000000,51.5000000,36.500
15518_090101_130416,D,20091009,000000,51.0000000,51.2000000,51.0000000,51.2000000,3.200
15518_090101_130416,D,20091012,000000,51.2700000,52.2000000,50.1100000,51.5500000,12.800
15518_090101_130416,D,20091013,000000,50.4000000,51.5500000,50.1600000,51.0900000,6.300
15518_090101_130416,D,20091014,000000,50.9900000,52.4800000,49.4100000,49.4200000,52.400
15518_090101_130416,D,20091015,000000,49.5000000,50.4400000,47.5700000,49.0000000,11.300
15518_090101_130416,D,20091016,000000,49.0200000,49.0200000,46.9000000,48.0000000,10.300
15518_090101_130416,D,20091019,000000,48.3200000,48.3200000,46.5100000,46.9000000,13.700
15518_090101_130416,D,20091020,000000,47.2000000,47.3400000,46.5100000,47.3400000,10.000
15518_090101_130416,D,20091021,000000,46.2500000,48.6000000,46.0000000,47.0000000,9.400
15518_090101_130416,D,20091022,000000,46.3500000,46.9700000,46.0000000,46.9500000,5.700
15518_090101_130416,D,20091023,000000,45.7300000,48.6800000,45.7300000,46.1700000,600
15518_090101_130416,D,20091026,000000,47.9800000,47.9800000,45.1500000,45.3500000,18.300
15518_090101_130416,D,20091027,000000,45.0300000,45.0300000,40.1700000,43.9500000,13.400
15518_090101_130416,D,20091028,000000,42.0100000,42.3000000,41.0100000,41.6500000,8.300
15518_090101_130416,D,20091029,000000,41.0200000,41.9700000,40.0000000,41.9700000,9.100
15518_090101_130416,D,20091030,000000,41.8900000,42.0000000,40.7800000,41.8100000,3.500
15518_090101_130416,D,20091102,000000,41.8900000,42.9800000,41.8000000,42.0000000,20.300
15518_090101_130416,D,20091103,000000,42.5900000,43.0500000,42.0100000,42.8000000,6.700
15518_090101_130416,D,20091105,000000,42.9700000,43.2300000,40.3500000,43.2300000,5.700
15518_090101_130416,D,20091106,000000,42.6600000,42.6600000,42.5100000,42.5100000,600
15518_090101_130416,D,20091109,000000,44.8000000,44.8000000,42.3300000,43.6000000,7.400
15518_090101_130416,D,20091110,000000,44.3500000,44.3900000,42.2900000,42.6900000,5.800
15518_090101_130416,D,20091111,000000,42.7000000,43.6700000,42.6400000,43.6700000,600
15518_090101_130416,D,20091112,000000,43.0000000,43.0000000,40.2100000,42.0100000,3.400
15518_090101_130416,D,20091113,000000,42.5000000,44.9000000,42.5000000,44.8000000,8.500
15518_090101_130416,D,20091116,000000,44.9800000,46.1600000,44.9800000,45.9900000,5.300
15518_090101_130416,D,20091117,000000,46.9100000,46.9100000,44.0000000,44.9900000,17.300
15518_090101_130416,D,20091118,000000,44.5000000,47.4500000,44.4900000,45.9700000,19.600
15518_090101_130416,D,20091119,000000,46.0000000,46.3000000,45.9000000,45.9000000,8.700
15518_090101_130416,D,20091120,000000,46.7200000,47.4500000,46.5000000,46.5000000,9.300
15518_090101_130416,D,20091123,000000,47.0000000,48.7000000,45.6700000,45.8000000,7.800
15518_090101_130416,D,20091124,000000,46.4500000,46.4800000,45.6100000,46.4300000,1.100
15518_090101_130416,D,20091125,000000,46.0000000,46.0000000,45.1000000,45.9800000,81.000
15518_090101_130416,D,20091126,000000,44.0000000,45.8600000,43.5300000,45.8600000,4.200
15518_090101_130416,D,20091127,000000,43.0000000,45.0000000,40.6100000,45.0000000,1.800
15518_090101_130416,D,20091130,000000,45.4000000,45.4000000,45.4000000,45.4000000,100
15518_090101_130416,D,20091201,000000,45.4000000,46.9100000,45.4000000,46.9100000,500
15518_090101_130416,D,20091202,000000,46.9800000,47.6300000,45.7500000,45.7500000,500
15518_090101_130416,D,20091203,000000,45.5000000,45.5000000,45.0000000,45.0000000,400
15518_090101_130416,D,20091204,000000,46.0300000,46.0300000,46.0300000,46.0300000,100
15518_090101_130416,D,20091207,000000,46.3900000,46.3900000,46.0000000,46.0000000,300
15518_090101_130416,D,20091208,000000,46.4000000,46.4000000,43.5000000,45.4000000,900
15518_090101_130416,D,20091209,000000,44.9000000,45.7300000,44.9000000,45.1000000,700
15518_090101_130416,D,20091210,000000,45.1700000,45.4900000,45.1000000,45.3500000,1.400
15518_090101_130416,D,20091211,000000,46.0000000,47.1600000,46.0000000,47.1600000,37.000
15518_090101_130416,D,20091214,000000,46.5500000,47.4400000,46.5000000,47.2100000,2.900
15518_090101_130416,D,20091215,000000,47.2100000,47.9100000,47.2100000,47.9100000,800
15518_090101_130416,D,20091216,000000,47.9000000,49.0000000,47.9000000,48.7600000,12.200
15518_090101_130416,D,20091217,000000,47.4700000,48.7300000,47.4000000,47.4000000,1.400
15518_090101_130416,D,20091218,000000,48.0000000,48.9000000,48.0000000,48.9000000,6.300
15518_090101_130416,D,20091221,000000,49.5000000,51.5000000,49.5000000,51.4500000,10.400
15518_090101_130416,D,20091222,000000,51.5000000,56.9800000,50.5500000,56.6000000,38.300
15518_090101_130416,D,20091223,000000,56.6000000,59.5000000,54.5200000,57.0000000,42.500
15518_090101_130416,D,20091224,000000,55.0000000,56.7500000,54.5500000,55.4000000,7.200
15518_090101_130416,D,20091225,000000,55.3700000,55.3700000,55.0000000,55.0200000,600
15518_090101_130416,D,20091228,000000,55.6000000,57.4000000,54.5100000,55.3400000,1.100
15518_090101_130416,D,20091229,000000,54.9900000,55.0000000,51.0100000,54.8000000,2.700
15518_090101_130416,D,20091230,000000,52.0000000,55.0000000,51.7800000,53.5400000,1.100
15518_090101_130416,D,20091231,000000,53.5000000,54.7500000,46.2300000,49.7300000,13.900
15518_090101_130416,D,20100111,000000,50.5100000,54.4800000,50.0000000,54.4800000,1.800
15518_090101_130416,D,20100112,000000,51.5300000,56.5000000,50.0100000,54.0000000,7.000
15518_090101_130416,D,20100113,000000,53.2700000,54.2000000,52.5200000,54.2000000,15.800
15518_090101_130416,D,20100114,000000,55.9000000,55.9000000,54.5000000,54.7500000,4.500
15518_090101_130416,D,20100115,000000,55.5400000,55.5400000,52.5000000,53.5000000,7.700
15518_090101_130416,D,20100118,000000,54.0100000,54.9800000,54.0000000,54.9800000,14.600
15518_090101_130416,D,20100119,000000,55.1400000,55.1400000,53.7500000,54.0000000,3.600
15518_090101_130416,D,20100121,000000,53.7600000,53.7600000,52.9900000,53.2500000,3.700
15518_090101_130416,D,20100122,000000,53.2500000,53.2500000,52.5000000,52.5000000,2.400
15518_090101_130416,D,20100125,000000,52.2600000,53.8900000,52.2600000,52.6700000,5.900
15518_090101_130416,D,20100126,000000,52.9900000,53.0100000,52.2600000,53.0000000,12.000
15518_090101_130416,D,20100127,000000,52.2700000,54.4000000,50.2200000,52.2800000,3.500
15518_090101_130416,D,20100128,000000,52.9300000,55.0000000,52.5500000,52.5500000,30.300
15518_090101_130416,D,20100129,000000,53.0100000,53.4200000,52.3300000,53.0500000,6.300
15518_090101_130416,D,20100201,000000,50.5100000,50.5200000,50.5100000,50.5200000,200
15518_090101_130416,D,20100202,000000,51.3200000,53.9900000,50.5600000,50.8400000,11.300
15518_090101_130416,D,20100203,000000,51.1200000,53.0500000,47.3000000,50.7000000,25.100
15518_090101_130416,D,20100204,000000,51.7000000,51.7500000,50.0000000,50.1800000,2.400
15518_090101_130416,D,20100205,000000,47.1900000,51.7700000,46.2000000,47.0000000,13.700
15518_090101_130416,D,20100208,000000,50.4000000,52.1800000,49.0000000,51.0000000,13.500
15518_090101_130416,D,20100209,000000,51.4300000,52.1000000,47.2500000,47.7200000,2.300
15518_090101_130416,D,20100210,000000,49.8800000,52.0000000,49.0100000,49.0100000,32.900
15518_090101_130416,D,20100211,000000,49.0300000,51.9000000,47.2500000,49.3400000,17.400
15518_090101_130416,D,20100212,000000,49.1000000,51.4400000,49.1000000,49.4000000,10.800
15518_090101_130416,D,20100215,000000,50.0300000,53.5000000,50.0100000,50.0100000,19.100
15518_090101_130416,D,20100216,000000,50.1500000,67.0000000,50.1000000,64.3800000,837.600
15518_090101_130416,D,20100217,000000,66.0000000,69.9900000,61.0000000,64.8000000,534.500
15518_090101_130416,D,20100218,000000,64.5000000,64.5000000,57.0000000,61.5100000,210.700
15518_090101_130416,D,20100219,000000,58.1100000,64.8000000,57.5000000,62.0000000,128.900
15518_090101_130416,D,20100224,000000,61.0000000,67.9800000,61.0000000,64.2000000,46.600
15518_090101_130416,D,20100225,000000,66.4900000,66.5000000,63.5700000,65.4900000,6.200
15518_090101_130416,D,20100226,000000,65.6000000,66.0000000,62.0000000,63.8000000,40.000
15518_090101_130416,D,20100227,000000,64.1900000,65.5000000,62.0000000,62.3900000,30.400
15518_090101_130416,D,20100301,000000,62.7000000,62.8000000,60.2100000,61.9500000,38.500
15518_090101_130416,D,20100302,000000,60.0000000,60.3000000,57.5700000,59.3900000,49.500
15518_090101_130416,D,20100303,000000,58.4300000,59.2900000,55.0100000,57.7900000,163.000
15518_090101_130416,D,20100304,000000,56.0000000,60.6800000,54.6000000,56.8500000,239.800
15518_090101_130416,D,20100305,000000,57.0000000,60.7000000,56.7800000,60.4900000,161.200
15518_090101_130416,D,20100309,000000,60.9000000,61.3400000,58.9800000,61.0000000,6.500
15518_090101_130416,D,20100310,000000,61.0700000,64.9900000,61.0000000,61.7700000,67.500
15518_090101_130416,D,20100311,000000,61.5200000,62.7500000,61.5000000,61.5000000,11.700
15518_090101_130416,D,20100312,000000,60.5900000,62.0000000,60.5900000,62.0000000,14.000
15518_090101_130416,D,20100315,000000,63.4800000,63.4800000,60.0000000,60.0000000,9.100
15518_090101_130416,D,20100316,000000,61.1900000,61.4200000,59.9800000,61.2000000,22.600
15518_090101_130416,D,20100317,000000,61.9700000,62.0000000,60.7500000,61.9700000,20.700
15518_090101_130416,D,20100318,000000,61.0500000,61.0500000,61.0000000,61.0000000,1.600
15518_090101_130416,D,20100319,000000,61.0000000,61.4900000,60.0500000,61.0000000,7.400
15518_090101_130416,D,20100322,000000,61.0000000,61.3200000,60.4800000,61.3200000,6.300
15518_090101_130416,D,20100323,000000,61.4500000,62.4400000,61.0500000,61.8800000,5.700
15518_090101_130416,D,20100324,000000,60.3100000,61.4100000,60.0000000,60.3000000,10.900
15518_090101_130416,D,20100325,000000,60.9700000,61.0000000,60.1800000,60.1800000,14.200
15518_090101_130416,D,20100326,000000,61.0000000,61.5000000,60.5000000,61.5000000,4.300
15518_090101_130416,D,20100329,000000,61.9900000,62.9900000,61.2200000,61.2200000,600
15518_090101_130416,D,20100330,000000,61.9700000,64.9800000,61.9700000,63.0000000,46.000
15518_090101_130416,D,20100331,000000,63.8000000,68.5000000,63.7500000,68.1900000,217.500
15518_090101_130416,D,20100401,000000,68.2000000,72.5000000,66.0900000,72.0000000,563.200
15518_090101_130416,D,20100402,000000,73.4000000,73.4000000,70.0000000,71.0000000,259.400
15518_090101_130416,D,20100405,000000,72.9900000,73.9500000,69.0000000,73.8900000,308.500
15518_090101_130416,D,20100406,000000,72.6000000,73.8800000,70.0000000,71.8100000,146.200
15518_090101_130416,D,20100407,000000,71.0000000,72.8300000,66.3200000,66.5000000,112.500
15518_090101_130416,D,20100408,000000,65.0000000,69.9000000,65.0000000,67.6900000,137.100
15518_090101_130416,D,20100409,000000,67.5100000,69.8800000,67.5100000,69.8200000,8.300
15518_090101_130416,D,20100412,000000,70.5000000,70.5000000,69.0200000,69.5400000,9.200
15518_090101_130416,D,20100413,000000,68.2000000,68.5000000,66.2100000,68.4900000,11.600
15518_090101_130416,D,20100414,000000,67.1000000,69.0100000,67.0000000,68.2700000,8.700
15518_090101_130416,D,20100415,000000,68.2000000,68.2000000,66.2100000,67.1200000,7.000
15518_090101_130416,D,20100416,000000,66.6800000,66.6800000,61.8000000,62.0000000,24.600
15518_090101_130416,D,20100419,000000,65.0000000,65.0000000,59.4900000,61.9700000,36.400
15518_090101_130416,D,20100420,000000,61.9400000,64.8300000,61.9000000,63.0000000,25.700
15518_090101_130416,D,20100421,000000,64.3500000,64.4700000,63.0000000,63.0000000,10.100
15518_090101_130416,D,20100422,000000,61.8300000,64.0000000,61.5200000,62.8400000,20.200
15518_090101_130416,D,20100423,000000,60.8000000,63.0000000,60.8000000,62.9700000,1.400
15518_090101_130416,D,20100426,000000,63.9800000,65.9000000,63.9800000,64.0400000,11.500
15518_090101_130416,D,20100427,000000,64.6400000,65.2000000,60.4800000,62.2000000,37.700
15518_090101_130416,D,20100428,000000,61.4000000,63.1500000,60.5000000,62.8700000,11.900
15518_090101_130416,D,20100429,000000,63.4900000,65.0000000,62.1000000,65.0000000,14.000
15518_090101_130416,D,20100430,000000,62.4500000,64.5000000,62.3700000,63.5500000,5.100
15518_090101_130416,D,20100504,000000,63.5500000,63.5500000,61.0000000,61.0000000,44.600
15518_090101_130416,D,20100505,000000,60.0000000,61.9900000,55.3000000,55.6500000,133.500
15518_090101_130416,D,20100506,000000,56.0500000,60.0000000,55.3300000,59.1500000,56.200
15518_090101_130416,D,20100507,000000,57.8000000,69.8700000,56.0200000,58.5000000,37.200
15518_090101_130416,D,20100511,000000,58.6100000,61.9900000,58.6100000,61.0000000,10.900
15518_090101_130416,D,20100512,000000,62.0000000,62.0000000,60.2000000,61.9500000,6.500
15518_090101_130416,D,20100513,000000,60.3000000,61.5000000,58.5000000,60.7900000,2.200
15518_090101_130416,D,20100514,000000,59.0500000,60.8900000,59.0000000,60.8900000,3.500
15518_090101_130416,D,20100517,000000,59.5800000,63.3000000,57.6100000,61.7400000,4.700
15518_090101_130416,D,20100518,000000,61.9700000,61.9900000,59.0000000,60.4900000,5.000
15518_090101_130416,D,20100519,000000,58.3400000,59.2700000,57.1000000,59.2700000,3.300
15518_090101_130416,D,20100520,000000,59.9600000,63.9900000,58.0000000,58.0000000,35.300
15518_090101_130416,D,20100521,000000,58.4400000,58.4400000,56.4900000,58.3400000,10.200
15518_090101_130416,D,20100524,000000,57.6200000,57.6200000,57.2000000,57.2000000,3.300
15518_090101_130416,D,20100525,000000,55.0000000,57.5000000,55.0000000,55.5000000,7.900
15518_090101_130416,D,20100526,000000,54.6300000,60.0000000,53.0000000,59.9100000,14.700
15518_090101_130416,D,20100527,000000,61.5000000,61.5000000,58.0200000,60.0500000,2.200
15518_090101_130416,D,20100528,000000,60.0200000,62.0100000,59.9800000,62.0100000,27.300
15518_090101_130416,D,20100531,000000,62.5900000,70.0000000,60.0000000,67.9100000,137.600
15518_090101_130416,D,20100601,000000,66.7300000,66.9300000,63.3600000,66.0000000,28.900
15518_090101_130416,D,20100602,000000,63.3600000,66.0000000,63.3600000,66.0000000,6.300
15518_090101_130416,D,20100603,000000,69.4900000,71.5000000,67.5000000,70.0000000,197.700
15518_090101_130416,D,20100604,000000,68.5000000,69.2000000,66.5100000,67.2000000,8.700
15518_090101_130416,D,20100607,000000,65.0000000,67.2000000,64.0000000,67.2000000,4.300
15518_090101_130416,D,20100608,000000,67.2000000,67.2000000,66.0000000,67.1800000,4.900
15518_090101_130416,D,20100609,000000,65.5300000,68.0000000,65.0000000,68.0000000,7.200
15518_090101_130416,D,20100610,000000,67.9900000,68.0000000,67.9900000,68.0000000,600
15518_090101_130416,D,20100611,000000,67.0100000,69.9900000,66.0200000,69.9000000,12.300
15518_090101_130416,D,20100615,000000,66.6600000,70.0000000,66.2100000,69.9900000,15.300
15518_090101_130416,D,20100616,000000,70.0100000,71.1000000,69.0100000,70.6900000,26.300
15518_090101_130416,D,20100617,000000,70.8900000,71.0000000,70.6900000,71.0000000,9.000
15518_090101_130416,D,20100618,000000,70.0000000,70.9000000,69.5000000,70.9000000,4.400
15518_090101_130416,D,20100621,000000,70.9000000,70.9000000,69.1000000,70.0000000,1.900
15518_090101_130416,D,20100622,000000,68.1500000,68.5900000,68.1500000,68.5500000,4.000
15518_090101_130416,D,20100623,000000,71.4500000,71.4500000,68.0300000,69.8900000,6.100
15518_090101_130416,D,20100624,000000,67.2900000,70.2200000,66.3200000,67.8200000,2.500
15518_090101_130416,D,20100625,000000,66.9900000,67.0000000,66.5000000,67.0000000,1.800
15518_090101_130416,D,20100628,000000,67.0000000,69.2800000,67.0000000,69.2800000,2.100
15518_090101_130416,D,20100629,000000,65.5000000,67.9800000,63.2100000,67.9800000,12.300
15518_090101_130416,D,20100630,000000,65.0000000,71.0000000,65.0000000,71.0000000,4.000
15518_090101_130416,D,20100701,000000,68.9200000,69.9900000,65.6000000,69.9900000,3.000
15518_090101_130416,D,20100702,000000,70.6900000,70.6900000,66.2100000,69.9300000,800
15518_090101_130416,D,20100705,000000,69.9300000,70.2000000,65.5700000,70.2000000,10.100
15518_090101_130416,D,20100706,000000,70.0000000,71.0000000,70.0000000,70.9900000,26.500
15518_090101_130416,D,20100707,000000,70.0000000,71.9500000,69.0000000,71.0000000,29.800
15518_090101_130416,D,20100708,000000,72.0600000,80.0000000,72.0000000,73.3000000,25.100
15518_090101_130416,D,20100709,000000,74.0000000,75.0000000,71.5300000,75.0000000,87.800
15518_090101_130416,D,20100712,000000,75.0000000,75.0000000,73.0000000,75.0000000,6.200
15518_090101_130416,D,20100713,000000,75.0000000,75.4000000,74.0000000,75.1000000,2.700
15518_090101_130416,D,20100714,000000,74.2000000,75.3000000,74.2000000,75.3000000,200
15518_090101_130416,D,20100715,000000,73.2100000,73.3900000,72.1200000,72.1200000,2.200
15518_090101_130416,D,20100716,000000,72.2000000,72.2000000,72.2000000,72.2000000,1.000
15518_090101_130416,D,20100719,000000,73.9400000,73.9400000,73.9400000,73.9400000,200
15518_090101_130416,D,20100721,000000,73.1300000,73.1300000,73.1300000,73.1300000,300
15518_090101_130416,D,20100722,000000,73.4900000,75.4900000,71.1600000,75.4900000,49.300
15518_090101_130416,D,20100723,000000,74.9000000,78.7000000,74.5100000,78.0000000,45.700
15518_090101_130416,D,20100726,000000,75.5000000,86.0000000,64.0000000,81.1000000,378.800
15518_090101_130416,D,20100727,000000,82.5000000,89.0000000,82.5000000,85.9800000,116.500
15518_090101_130416,D,20100728,000000,87.0000000,88.0000000,84.0000000,86.0000000,61.200
15518_090101_130416,D,20100729,000000,85.5000000,86.9800000,84.0800000,86.9800000,45.200
15518_090101_130416,D,20100730,000000,83.3100000,89.8700000,83.0700000,84.1000000,34.400
15518_090101_130416,D,20100802,000000,87.0000000,91.8300000,86.2600000,90.0000000,25.300
15518_090101_130416,D,20100803,000000,87.1100000,88.0000000,85.1200000,88.0000000,27.700
15518_090101_130416,D,20100804,000000,85.1800000,87.9500000,80.0200000,87.9500000,100.000
15518_090101_130416,D,20100805,000000,85.6100000,90.9900000,85.6100000,90.0000000,154.100
15518_090101_130416,D,20100806,000000,89.0000000,91.0000000,88.9000000,91.0000000,62.800
15518_090101_130416,D,20100809,000000,91.5000000,100.0000000,91.5000000,95.0000000,478.000
15518_090101_130416,D,20100810,000000,95.0000000,98.0000000,92.6400000,92.6400000,135.400
15518_090101_130416,D,20100811,000000,91.8100000,98.4900000,88.1100000,98.4000000,245.600
15518_090101_130416,D,20100812,000000,98.8800000,104.7000000,98.2100000,104.7000000,217.200
15518_090101_130416,D,20100813,000000,103.0000000,110.0000000,100.0000000,108.2500000,344.300
15518_090101_130416,D,20100816,000000,107.9000000,108.8900000,103.1000000,106.4900000,146.100
15518_090101_130416,D,20100817,000000,104.6700000,105.2000000,98.3300000,103.5000000,172.900
15518_090101_130416,D,20100818,000000,103.0000000,104.9700000,102.0000000,102.0100000,99.700
15518_090101_130416,D,20100819,000000,102.1100000,109.8900000,102.0000000,104.9000000,122.300
15518_090101_130416,D,20100820,000000,103.0300000,103.3000000,100.0000000,101.9900000,35.700
15518_090101_130416,D,20100823,000000,102.9900000,103.4000000,102.5000000,103.0000000,15.800
15518_090101_130416,D,20100824,000000,103.4300000,105.4700000,99.5000000,99.9900000,73.100
15518_090101_130416,D,20100825,000000,101.0000000,106.5000000,100.0000000,106.5000000,151.500
15518_090101_130416,D,20100826,000000,105.0000000,105.0000000,103.9000000,104.5000000,1.600
15518_090101_130416,D,20100827,000000,103.0000000,104.6500000,102.0000000,104.6500000,24.500
15518_090101_130416,D,20100830,000000,104.0000000,113.0000000,104.0000000,112.9800000,339.300
15518_090101_130416,D,20100831,000000,109.5600000,110.9000000,107.0000000,108.7500000,44.000
15518_090101_130416,D,20100901,000000,111.4900000,113.9900000,106.0000000,113.5000000,69.600
15518_090101_130416,D,20100902,000000,113.0000000,134.3500000,113.0000000,125.0000000,694.200
15518_090101_130416,D,20100903,000000,120.0300000,123.0000000,116.1000000,122.4000000,119.100
15518_090101_130416,D,20100906,000000,121.9000000,121.9000000,115.0000000,119.8000000,39.500
15518_090101_130416,D,20100907,000000,119.5500000,120.8000000,116.5500000,118.8400000,39.400
15518_090101_130416,D,20100908,000000,115.8900000,117.9900000,115.0000000,117.5000000,35.600
15518_090101_130416,D,20100909,000000,119.0000000,124.4800000,117.0000000,124.4800000,150.800
15518_090101_130416,D,20100910,000000,120.3300000,126.9700000,118.3300000,124.0000000,265.300
15518_090101_130416,D,20100913,000000,129.4700000,129.4700000,122.0000000,122.2000000,50.600
15518_090101_130416,D,20100914,000000,119.4500000,123.7900000,112.4100000,123.7900000,89.500
15518_090101_130416,D,20100915,000000,121.5100000,124.6800000,121.1000000,123.7500000,16.600
15518_090101_130416,D,20100916,000000,122.5000000,123.9500000,122.0000000,123.9500000,70.100
15518_090101_130416,D,20100917,000000,124.0000000,128.5000000,121.9900000,128.0000000,202.000
15518_090101_130416,D,20100920,000000,126.8000000,129.9800000,124.0200000,126.5500000,103.600
15518_090101_130416,D,20100921,000000,127.7700000,144.0000000,125.2100000,131.9700000,171.000
15518_090101_130416,D,20100922,000000,131.9900000,131.9900000,128.0800000,129.9800000,51.600
15518_090101_130416,D,20100923,000000,130.9500000,131.4900000,128.7500000,129.0000000,38.400
15518_090101_130416,D,20100924,000000,129.8700000,131.9800000,126.0000000,131.9800000,165.800
15518_090101_130416,D,20100927,000000,131.5000000,136.9900000,131.0000000,132.5000000,255.300
15518_090101_130416,D,20100928,000000,132.0100000,136.0000000,128.0000000,134.0000000,195.100
15518_090101_130416,D,20100929,000000,135.9000000,140.0000000,134.1200000,135.0000000,28.300
15518_090101_130416,D,20100930,000000,135.9100000,139.5000000,135.0000000,137.9900000,150.500
15518_090101_130416,D,20101001,000000,138.9900000,139.0000000,133.5000000,137.0000000,30.600
15518_090101_130416,D,20101004,000000,136.5000000,136.5000000,132.5000000,135.0000000,46.400
15518_090101_130416,D,20101005,000000,133.7100000,134.9900000,132.0000000,134.9900000,73.300
15518_090101_130416,D,20101006,000000,136.8600000,136.8600000,132.5200000,133.2000000,7.900
15518_090101_130416,D,20101007,000000,136.3400000,136.3400000,132.1700000,133.8900000,10.300
15518_090101_130416,D,20101008,000000,130.7000000,137.0000000,130.7000000,137.0000000,93.800
15518_090101_130416,D,20101011,000000,138.3700000,143.9900000,136.0000000,143.9900000,202.200
15518_090101_130416,D,20101012,000000,137.0000000,150.0000000,135.0200000,135.0200000,631.400
15518_090101_130416,D,20101013,000000,137.7000000,141.9800000,132.0100000,132.5000000,179.800
15518_090101_130416,D,20101014,000000,133.6700000,133.9000000,128.0000000,132.9800000,142.800
15518_090101_130416,D,20101015,000000,132.5000000,132.9500000,130.0000000,132.4500000,24.100
15518_090101_130416,D,20101018,000000,130.1700000,136.0000000,126.2100000,136.0000000,373.200
15518_090101_130416,D,20101019,000000,136.4800000,136.4800000,130.3100000,132.8400000,305.000
15518_090101_130416,D,20101020,000000,130.0000000,134.0000000,129.5500000,131.0000000,26.400
15518_090101_130416,D,20101021,000000,129.6000000,134.0000000,128.0000000,134.0000000,115.600
15518_090101_130416,D,20101022,000000,131.8000000,140.0000000,131.5000000,137.0000000,353.300
15518_090101_130416,D,20101025,000000,137.0000000,141.0000000,136.1000000,137.7900000,71.500
15518_090101_130416,D,20101026,000000,137.9700000,140.0000000,134.5000000,140.0000000,193.600
15518_090101_130416,D,20101027,000000,139.8000000,140.0000000,138.0000000,140.0000000,244.300
15518_090101_130416,D,20101028,000000,138.1000000,148.2800000,138.1000000,148.0000000,605.900
15518_090101_130416,D,20101029,000000,145.0000000,164.9900000,145.0000000,159.0000000,350.500
15518_090101_130416,D,20101101,000000,157.5600000,157.5600000,149.0600000,151.8900000,256.900
15518_090101_130416,D,20101102,000000,151.6900000,159.5000000,149.0000000,154.9900000,263.700
15518_090101_130416,D,20101103,000000,155.9600000,170.0000000,151.2200000,170.0000000,335.200
15518_090101_130416,D,20101108,000000,168.0000000,185.0000000,160.0500000,182.0000000,208.800
15518_090101_130416,D,20101109,000000,180.0000000,183.8900000,173.0000000,177.1300000,49.900
15518_090101_130416,D,20101110,000000,174.0000000,177.1800000,165.2000000,169.8000000,61.300
15518_090101_130416,D,20101111,000000,166.0100000,169.7000000,161.5000000,161.7500000,92.700
15518_090101_130416,D,20101112,000000,161.0000000,180.0000000,152.0100000,176.0000000,335.200
15518_090101_130416,D,20101113,000000,175.0000000,198.0000000,174.0800000,193.6400000,129.200
15518_090101_130416,D,20101115,000000,190.0200000,196.0000000,185.1800000,189.9900000,80.700
15518_090101_130416,D,20101116,000000,185.1600000,189.9800000,180.0300000,180.0300000,54.100
15518_090101_130416,D,20101117,000000,180.0000000,180.0000000,175.0000000,177.6000000,48.600
15518_090101_130416,D,20101118,000000,177.4900000,185.0000000,175.0000000,179.0300000,90.000
15518_090101_130416,D,20101119,000000,179.9800000,180.0000000,175.1200000,178.0000000,33.200
15518_090101_130416,D,20101122,000000,177.5000000,186.9900000,173.6200000,178.0500000,148.700
15518_090101_130416,D,20101123,000000,179.9400000,180.0000000,175.0000000,176.9000000,28.500
15518_090101_130416,D,20101124,000000,178.8600000,179.0000000,173.0100000,178.7400000,251.700
15518_090101_130416,D,20101125,000000,176.9900000,185.0000000,174.0400000,185.0000000,180.500
15518_090101_130416,D,20101126,000000,179.0000000,187.9800000,179.0000000,184.0000000,233.300
15518_090101_130416,D,20101129,000000,184.9800000,193.9700000,177.0000000,190.0000000,267.500
15518_090101_130416,D,20101130,000000,189.9900000,192.0000000,179.5000000,183.1500000,489.100
15518_090101_130416,D,20101201,000000,187.1500000,210.0000000,183.7700000,193.0000000,201.600
15518_090101_130416,D,20101202,000000,187.7000000,198.0000000,181.0000000,198.0000000,159.500
15518_090101_130416,D,20101203,000000,191.0000000,219.0000000,191.0000000,211.0200000,337.000
15518_090101_130416,D,20101206,000000,206.7100000,217.0000000,205.0000000,212.8900000,86.500
15518_090101_130416,D,20101207,000000,210.0000000,212.0000000,206.1000000,206.9900000,273.600
15518_090101_130416,D,20101208,000000,208.7400000,208.7500000,196.2100000,201.7000000,173.600
15518_090101_130416,D,20101209,000000,202.0000000,202.0000000,196.0000000,198.0000000,22.300
15518_090101_130416,D,20101210,000000,199.0000000,199.9500000,191.0100000,194.9500000,14.000
15518_090101_130416,D,20101213,000000,194.0000000,194.0000000,183.0000000,186.3000000,99.500
15518_090101_130416,D,20101214,000000,189.9900000,192.0000000,183.2100000,189.6000000,113.000
15518_090101_130416,D,20101215,000000,185.0800000,189.9000000,179.3300000,182.0000000,136.500
15518_090101_130416,D,20101216,000000,180.0100000,192.5100000,179.3500000,188.4400000,179.600
15518_090101_130416,D,20101217,000000,188.4400000,196.5000000,184.3500000,194.5000000,252.300
15518_090101_130416,D,20101220,000000,195.5500000,197.5000000,184.5100000,184.5100000,93.200
15518_090101_130416,D,20101221,000000,185.1300000,188.9700000,184.5000000,185.5100000,37.000
15518_090101_130416,D,20101222,000000,186.9900000,186.9900000,184.1300000,185.7000000,11.600
15518_090101_130416,D,20101223,000000,187.0000000,199.9700000,182.1100000,193.0000000,220.400
15518_090101_130416,D,20101224,000000,191.8800000,206.0000000,191.8800000,196.0500000,731.100
15518_090101_130416,D,20101227,000000,193.0100000,197.0000000,188.0000000,195.5000000,62.800
15518_090101_130416,D,20101228,000000,190.1900000,196.8000000,190.1400000,192.0000000,62.300
15518_090101_130416,D,20101229,000000,194.0000000,199.9000000,191.0000000,198.0000000,194.500
15518_090101_130416,D,20101230,000000,197.8800000,203.0000000,194.0000000,201.5000000,119.900
15518_090101_130416,D,20110111,000000,201.0000000,206.0000000,194.0100000,203.8000000,365.200
15518_090101_130416,D,20110112,000000,203.7900000,206.0000000,201.0000000,205.0000000,217.700
15518_090101_130416,D,20110113,000000,202.0100000,205.0000000,199.3000000,204.0000000,133.200
15518_090101_130416,D,20110114,000000,196.0400000,205.0000000,196.0300000,204.0000000,133.000
15518_090101_130416,D,20110117,000000,203.0100000,204.5000000,199.6900000,200.9900000,56.800
15518_090101_130416,D,20110118,000000,198.0600000,201.0000000,197.4000000,199.5000000,14.700
15518_090101_130416,D,20110119,000000,199.0100000,200.0000000,197.0100000,198.0000000,41.000
15518_090101_130416,D,20110120,000000,196.0100000,197.0100000,195.0200000,196.0000000,11.100
15518_090101_130416,D,20110121,000000,197.0000000,211.8000000,197.0000000,205.8900000,368.200
15518_090101_130416,D,20110124,000000,205.8900000,205.8900000,201.0000000,203.0000000,30.600
15518_090101_130416,D,20110125,000000,201.1000000,211.0000000,198.0000000,203.4900000,308.800
15518_090101_130416,D,20110126,000000,200.1400000,204.4700000,200.1200000,202.7000000,54.400
15518_090101_130416,D,20110127,000000,203.9900000,204.0000000,197.9900000,198.7000000,87.000
15518_090101_130416,D,20110128,000000,198.7100000,201.0000000,193.0000000,196.1000000,352.100
15518_090101_130416,D,20110131,000000,194.0200000,200.0000000,191.2000000,197.0100000,262.600
15518_090101_130416,D,20110201,000000,198.0000000,204.0000000,196.0500000,200.0400000,408.800
15518_090101_130416,D,20110202,000000,199.5000000,208.5000000,199.5000000,208.0000000,716.400
15518_090101_130416,D,20110203,000000,205.0300000,205.0400000,202.3100000,203.0300000,41.100
15518_090101_130416,D,20110204,000000,204.9900000,206.5000000,199.4900000,206.5000000,866.300
15518_090101_130416,D,20110207,000000,204.9800000,208.8700000,202.5000000,205.3500000,757.900
15518_090101_130416,D,20110208,000000,204.0600000,205.0000000,201.0000000,202.0000000,525.100
15518_090101_130416,D,20110209,000000,201.0000000,205.0000000,200.1200000,204.7000000,176.800
15518_090101_130416,D,20110210,000000,201.0000000,206.0300000,198.0100000,200.0100000,261.300
15518_090101_130416,D,20110211,000000,198.9900000,200.0100000,198.4700000,198.8800000,18.900
15518_090101_130416,D,20110214,000000,199.5100000,200.0000000,197.4000000,199.4900000,5.700
15518_090101_130416,D,20110215,000000,198.1000000,201.5000000,196.9400000,200.9800000,132.600
15518_090101_130416,D,20110216,000000,198.0000000,205.5000000,198.0000000,205.5000000,420.400
15518_090101_130416,D,20110217,000000,205.5100000,209.4000000,202.9900000,206.4500000,255.200
15518_090101_130416,D,20110218,000000,202.0000000,207.5000000,202.0000000,203.0000000,303.400
15518_090101_130416,D,20110221,000000,201.5100000,202.9700000,200.0200000,201.8900000,19.700
15518_090101_130416,D,20110222,000000,200.0100000,200.0100000,197.0000000,198.2100000,37.800
15518_090101_130416,D,20110224,000000,196.0200000,204.0000000,196.0100000,201.3400000,45.900
15518_090101_130416,D,20110225,000000,200.5000000,200.5000000,198.1300000,199.5600000,22.000
15518_090101_130416,D,20110228,000000,199.0100000,202.5000000,198.3000000,199.9000000,106.500
15518_090101_130416,D,20110301,000000,199.9000000,206.0000000,197.0000000,201.7000000,373.360
15518_090101_130416,D,20110302,000000,201.0000000,201.5000000,199.9800000,200.0000000,236.410
15518_090101_130416,D,20110303,000000,200.5000000,201.0000000,200.0000000,200.0000000,302.360
15518_090101_130416,D,20110304,000000,201.0000000,204.5100000,200.0000000,200.5000000,188.950
15518_090101_130416,D,20110305,000000,200.0000000,203.0000000,200.0000000,202.8800000,78.410
15518_090101_130416,D,20110309,000000,200.0200000,201.0100000,200.0000000,200.6400000,63.760
15518_090101_130416,D,20110310,000000,201.6400000,204.9600000,201.0000000,201.5000000,254.530
15518_090101_130416,D,20110311,000000,204.5000000,204.5000000,200.0000000,201.0000000,288.400
15518_090101_130416,D,20110314,000000,202.9000000,203.6900000,199.9900000,200.7900000,132.900
15518_090101_130416,D,20110315,000000,199.0100000,199.9900000,190.0000000,195.9000000,131.030
15518_090101_130416,D,20110316,000000,197.6900000,203.0000000,195.0700000,196.0000000,1.770
15518_090101_130416,D,20110317,000000,191.5000000,196.5000000,173.5600000,196.5000000,108.990
15518_090101_130416,D,20110318,000000,199.9900000,199.9900000,195.0000000,199.0000000,32.610
15518_090101_130416,D,20110321,000000,199.9900000,199.9900000,197.0000000,199.0000000,1.220
15518_090101_130416,D,20110322,000000,199.9800000,202.0000000,197.0000000,199.7700000,450
15518_090101_130416,D,20110323,000000,197.0100000,199.8400000,197.0100000,198.9000000,960
15518_090101_130416,D,20110324,000000,200.0000000,201.2400000,198.0100000,201.1900000,80
15518_090101_130416,D,20110325,000000,199.6900000,201.1700000,196.0000000,197.9900000,4.610
15518_090101_130416,D,20110328,000000,199.9800000,199.9800000,197.0100000,198.6000000,450
15518_090101_130416,D,20110329,000000,198.5900000,198.5900000,195.5000000,195.5000000,1.270
15518_090101_130416,D,20110330,000000,196.3100000,199.7900000,195.0000000,197.4700000,1.550
15518_090101_130416,D,20110331,000000,196.0000000,199.8500000,196.0000000,199.4700000,510
15518_090101_130416,D,20110401,000000,199.4700000,199.4700000,197.0100000,198.9200000,360
15518_090101_130416,D,20110404,000000,195.0100000,199.9900000,195.0000000,197.0500000,2.990
15518_090101_130416,D,20110405,000000,198.9800000,198.9800000,196.5900000,197.4400000,70
15518_090101_130416,D,20110406,000000,197.4100000,200.0000000,193.0100000,200.0000000,6.920
15518_090101_130416,D,20110407,000000,198.3200000,201.9000000,194.1000000,198.0000000,7.660
15518_090101_130416,D,20110408,000000,198.0000000,200.0000000,196.0100000,199.6900000,4.440
15518_090101_130416,D,20110411,000000,199.9900000,199.9900000,195.0000000,198.2700000,1.560
15518_090101_130416,D,20110412,000000,193.0300000,198.1900000,193.0300000,197.3800000,390
15518_090101_130416,D,20110413,000000,198.9700000,200.0000000,195.0000000,200.0000000,2.730
15518_090101_130416,D,20110414,000000,198.7000000,198.7000000,190.9000000,196.0000000,3.190
15518_090101_130416,D,20110415,000000,196.5000000,196.5000000,193.9600000,195.5000000,140
15518_090101_130416,D,20110418,000000,194.0100000,194.8400000,188.0000000,188.0000000,2.060
15518_090101_130416,D,20110419,000000,191.0000000,191.0000000,184.0800000,187.4700000,1.730
15518_090101_130416,D,20110420,000000,189.7900000,198.2500000,188.2900000,196.9900000,2.820
15518_090101_130416,D,20110421,000000,197.5100000,197.5100000,185.1000000,188.8600000,8.800
15518_090101_130416,D,20110422,000000,188.8700000,188.8700000,182.5500000,183.0100000,6.300
15518_090101_130416,D,20110425,000000,183.0100000,183.0100000,181.0100000,181.3100000,1.940
15518_090101_130416,D,20110426,000000,183.0100000,183.0100000,179.0600000,182.5500000,2.290
15518_090101_130416,D,20110427,000000,182.9100000,183.8000000,180.0000000,183.7700000,2.830
15518_090101_130416,D,20110428,000000,184.9900000,184.9900000,179.0600000,181.4900000,2.150
15518_090101_130416,D,20110429,000000,180.4900000,180.7700000,178.2500000,180.4900000,650
15518_090101_130416,D,20110503,000000,180.0000000,180.0000000,171.2300000,179.9900000,1.910
15518_090101_130416,D,20110504,000000,178.0600000,179.9800000,166.1000000,176.5900000,226.790
15518_090101_130416,D,20110505,000000,176.4000000,176.4000000,167.3500000,169.0000000,1.680
15518_090101_130416,D,20110506,000000,165.0100000,168.3100000,156.0000000,167.9900000,3.960
15518_090101_130416,D,20110510,000000,168.2600000,170.0000000,167.7300000,169.7800000,720
15518_090101_130416,D,20110511,000000,169.6900000,169.6900000,161.0000000,167.7800000,1.570
15518_090101_130416,D,20110512,000000,166.6400000,166.6400000,158.0000000,160.5500000,2.020
15518_090101_130416,D,20110513,000000,159.1200000,160.8800000,155.5500000,160.7000000,1.380
15518_090101_130416,D,20110516,000000,159.1600000,159.8200000,156.0000000,159.8200000,12.230
15518_090101_130416,D,20110517,000000,159.8200000,163.0000000,159.0000000,159.9900000,15.050
15518_090101_130416,D,20110518,000000,163.0000000,163.0000000,157.4800000,162.9800000,7.060
15518_090101_130416,D,20110519,000000,164.9400000,164.9400000,164.5000000,164.5100000,1.100
15518_090101_130416,D,20110520,000000,164.1400000,164.1400000,164.1300000,164.1300000,630
15518_090101_130416,D,20110523,000000,164.1300000,164.1300000,152.6100000,153.0000000,2.480
15518_090101_130416,D,20110524,000000,150.2000000,154.5800000,149.8800000,151.6200000,2.400
15518_090101_130416,D,20110525,000000,149.0000000,154.5700000,145.7500000,154.5700000,6.980
15518_090101_130416,D,20110526,000000,150.0100000,153.9800000,150.0100000,152.2000000,910
15518_090101_130416,D,20110527,000000,152.4900000,153.2800000,149.0000000,151.5100000,1.140
15518_090101_130416,D,20110530,000000,151.8200000,152.7600000,148.2000000,149.9400000,3.690
15518_090101_130416,D,20110531,000000,148.0100000,149.9600000,148.0100000,149.5000000,8.620
15518_090101_130416,D,20110601,000000,148.0000000,150.2500000,148.0000000,149.2900000,13.140
15518_090101_130416,D,20110602,000000,149.9900000,154.0200000,148.9500000,151.9600000,4.370
15518_090101_130416,D,20110603,000000,150.9000000,154.0000000,150.9000000,153.0000000,7.360
15518_090101_130416,D,20110606,000000,153.8300000,155.9000000,152.9900000,155.8000000,4.100
15518_090101_130416,D,20110607,000000,155.8000000,155.8000000,150.0100000,152.0000000,2.010
15518_090101_130416,D,20110608,000000,152.1700000,164.3500000,150.3700000,160.0000000,8.260
15518_090101_130416,D,20110609,000000,162.5500000,162.5500000,151.5200000,157.0500000,7.550
15518_090101_130416,D,20110610,000000,156.9300000,156.9300000,155.0000000,155.0100000,590
15518_090101_130416,D,20110614,000000,155.6700000,161.9000000,151.5200000,155.3000000,37.810
15518_090101_130416,D,20110615,000000,155.5000000,159.0000000,155.5000000,158.0000000,1.480
15518_090101_130416,D,20110616,000000,158.9700000,164.2500000,158.9700000,162.0000000,1.480
15518_090101_130416,D,20110617,000000,162.0100000,162.5600000,160.0000000,161.0200000,6.610
15518_090101_130416,D,20110620,000000,160.9900000,163.9100000,160.0000000,160.0000000,500
15518_090101_130416,D,20110621,000000,160.0000000,163.9000000,160.0000000,163.9000000,420
15518_090101_130416,D,20110622,000000,163.8900000,163.8900000,162.1500000,163.8900000,370
15518_090101_130416,D,20110623,000000,163.8100000,163.8100000,160.0000000,160.2400000,340
15518_090101_130416,D,20110624,000000,162.5600000,162.9900000,162.5600000,162.8000000,100
15518_090101_130416,D,20110627,000000,161.5700000,164.1800000,161.5700000,164.1800000,500
15518_090101_130416,D,20110628,000000,164.1800000,166.0000000,164.1800000,165.0100000,1.300
15518_090101_130416,D,20110629,000000,166.4900000,168.3300000,165.5000000,168.3300000,2.960
15518_090101_130416,D,20110630,000000,168.0000000,169.7600000,166.5000000,169.7600000,4.980
15518_090101_130416,D,20110701,000000,169.8500000,170.0000000,168.6900000,168.7000000,2.950
15518_090101_130416,D,20110704,000000,169.0000000,171.4000000,169.0000000,171.4000000,1.160
15518_090101_130416,D,20110705,000000,171.0000000,175.3500000,171.0000000,175.3500000,7.140
15518_090101_130416,D,20110706,000000,174.0000000,175.3500000,174.0000000,175.0000000,2.940
15518_090101_130416,D,20110707,000000,175.0000000,175.0000000,175.0000000,175.0000000,640
15518_090101_130416,D,20110708,000000,175.0000000,175.0000000,173.6000000,173.6000000,1.450
15518_090101_130416,D,20110711,000000,170.1800000,175.0000000,170.0000000,174.9900000,1.270
15518_090101_130416,D,20110712,000000,172.5200000,174.5000000,172.0000000,174.5000000,1.060
15518_090101_130416,D,20110713,000000,174.5000000,175.4900000,174.5000000,175.0100000,2.990
15518_090101_130416,D,20110714,000000,174.0000000,176.7600000,174.0000000,175.3500000,20.690
15518_090101_130416,D,20110715,000000,176.0000000,195.0000000,175.0000000,179.0000000,50.790
15518_090101_130416,D,20110718,000000,178.1900000,180.0000000,176.9900000,180.0000000,5.530
15518_090101_130416,D,20110719,000000,179.4800000,180.4500000,178.2300000,178.2300000,640
15518_090101_130416,D,20110720,000000,180.3300000,189.0000000,180.1400000,183.0000000,2.490
15518_090101_130416,D,20110721,000000,181.8100000,182.4100000,181.5300000,182.3900000,520
15518_090101_130416,D,20110722,000000,181.0500000,182.4100000,179.0000000,179.4500000,3.610
15518_090101_130416,D,20110725,000000,179.4500000,179.9900000,179.4500000,179.4500000,500
15518_090101_130416,D,20110726,000000,179.4500000,179.4500000,175.4000000,178.8500000,2.580
15518_090101_130416,D,20110727,000000,179.0000000,179.0000000,177.0000000,177.0000000,2.080
15518_090101_130416,D,20110728,000000,173.0000000,176.5000000,173.0000000,176.0000000,2.010
15518_090101_130416,D,20110729,000000,175.0000000,176.0300000,168.0000000,175.1500000,6.510
15518_090101_130416,D,20110801,000000,176.0200000,176.0300000,175.0300000,175.0300000,370
15518_090101_130416,D,20110802,000000,175.3900000,179.0000000,175.0900000,179.0000000,1.210
15518_090101_130416,D,20110803,000000,176.6000000,176.6100000,176.5700000,176.5700000,90
15518_090101_130416,D,20110804,000000,179.8400000,179.8400000,175.0000000,177.0000000,2.130
15518_090101_130416,D,20110805,000000,168.1500000,179.5000000,168.1500000,176.0000000,5.530
15518_090101_130416,D,20110808,000000,168.0000000,177.0500000,148.2500000,175.1400000,5.520
15518_090101_130416,D,20110809,000000,137.0300000,168.9000000,137.0200000,168.9000000,8.390
15518_090101_130416,D,20110810,000000,168.5000000,168.8000000,160.0000000,167.0000000,2.920
15518_090101_130416,D,20110811,000000,165.1100000,170.0000000,161.0000000,167.5000000,1.670
15518_090101_130416,D,20110812,000000,162.0900000,169.6100000,162.0800000,169.2700000,3.170
15518_090101_130416,D,20110815,000000,167.0100000,169.6600000,164.9700000,169.5800000,4.060
15518_090101_130416,D,20110816,000000,167.0400000,170.7900000,165.0000000,170.7900000,1.200
15518_090101_130416,D,20110817,000000,169.9900000,175.0000000,169.9900000,175.0000000,910
15518_090101_130416,D,20110819,000000,179.0000000,179.0000000,159.9900000,173.2500000,4.540
15518_090101_130416,D,20110822,000000,179.9800000,179.9800000,168.0000000,174.9900000,2.230
15518_090101_130416,D,20110823,000000,168.6800000,170.0000000,168.6800000,170.0000000,670
15518_090101_130416,D,20110824,000000,170.0000000,172.8700000,165.0000000,172.0000000,730
15518_090101_130416,D,20110825,000000,173.3000000,174.7300000,172.0000000,174.7300000,690
15518_090101_130416,D,20110826,000000,168.2600000,174.0000000,168.2500000,174.0000000,1.040
15518_090101_130416,D,20110829,000000,173.0000000,174.9300000,172.0100000,174.9300000,1.050
15518_090101_130416,D,20110831,000000,172.4900000,172.9600000,170.0000000,172.9600000,1.400
15518_090101_130416,D,20110901,000000,172.9400000,172.9400000,172.9400000,172.9400000,40
15518_090101_130416,D,20110902,000000,168.0600000,171.9500000,167.0000000,171.9500000,1.900
15518_090101_130416,D,20110905,000000,165.0000000,165.0000000,163.6500000,165.0000000,1.630
15518_090101_130416,D,20110906,000000,168.8100000,168.8200000,164.2500000,168.8200000,420
15518_090101_130416,D,20110907,000000,167.0300000,169.8400000,167.0100000,169.8400000,110
15518_090101_130416,D,20110908,000000,170.6900000,170.6900000,170.6900000,170.6900000,30
15518_090101_130416,D,20110912,000000,160.1200000,166.6000000,160.1000000,166.6000000,170
15518_090101_130416,D,20110913,000000,163.3100000,165.9200000,163.0000000,165.9200000,210
15518_090101_130416,D,20110915,000000,163.0000000,165.9900000,163.0000000,165.8500000,49.870
15518_090101_130416,D,20110916,000000,168.9500000,168.9500000,160.0500000,166.4800000,8.730
15518_090101_130416,D,20110919,000000,167.1500000,167.1800000,161.4500000,164.0500000,12.370
15518_090101_130416,D,20110920,000000,164.9500000,165.0000000,161.4300000,165.0000000,9.720
15518_090101_130416,D,20110921,000000,162.5200000,165.4500000,162.4400000,165.4500000,31.660
15518_090101_130416,D,20110922,000000,161.5500000,165.4500000,155.0100000,159.0100000,22.940
15518_090101_130416,D,20110923,000000,150.3100000,151.9900000,146.0000000,150.4700000,1.120
15518_090101_130416,D,20110926,000000,142.1700000,156.0000000,139.9900000,156.0000000,920
15518_090101_130416,D,20110927,000000,153.1600000,158.9800000,153.1600000,158.9800000,110
15518_090101_130416,D,20110928,000000,146.5000000,159.0100000,144.9900000,145.0000000,6.320
15518_090101_130416,D,20110929,000000,149.9900000,165.4500000,145.0000000,149.6100000,14.320
15518_090101_130416,D,20110930,000000,145.0100000,150.0000000,145.0100000,150.0000000,1.480
15518_090101_130416,D,20111003,000000,146.2100000,151.5000000,146.2000000,151.5000000,620
15518_090101_130416,D,20111004,000000,145.0500000,165.0000000,145.0000000,164.8500000,13.770
15518_090101_130416,D,20111005,000000,155.5000000,159.9500000,153.0300000,159.9500000,200
15518_090101_130416,D,20111006,000000,163.5300000,165.3500000,154.8700000,163.5300000,3.830
15518_090101_130416,D,20111007,000000,158.0100000,161.9700000,149.2500000,161.9700000,700
15518_090101_130416,D,20111010,000000,163.9900000,163.9900000,153.2800000,159.0000000,1.290
15518_090101_130416,D,20111011,000000,155.1100000,156.5900000,154.0000000,156.5900000,1.080
15518_090101_130416,D,20111012,000000,155.9900000,158.9900000,155.0000000,158.0100000,2.350
15518_090101_130416,D,20111013,000000,155.1600000,159.4300000,155.1100000,159.4300000,400
15518_090101_130416,D,20111014,000000,154.6900000,159.8800000,154.6900000,159.8800000,120
15518_090101_130416,D,20111017,000000,156.0000000,156.0000000,150.9900000,155.9800000,180
15518_090101_130416,D,20111019,000000,154.7000000,158.1500000,150.5500000,158.1500000,560
15518_090101_130416,D,20111020,000000,149.9800000,150.0000000,146.7500000,149.1100000,1.670
15518_090101_130416,D,20111021,000000,149.0000000,149.1300000,148.8800000,149.1300000,40
15518_090101_130416,D,20111024,000000,152.5000000,155.0000000,149.5000000,150.9800000,410
15518_090101_130416,D,20111025,000000,146.5600000,146.5600000,146.5600000,146.5600000,20
15518_090101_130416,D,20111026,000000,149.4900000,154.7000000,149.4900000,151.0000000,570
15518_090101_130416,D,20111027,000000,152.5200000,154.7000000,151.3000000,152.9400000,1.290
15518_090101_130416,D,20111028,000000,152.0000000,152.8700000,151.1000000,151.1000000,1.350
15518_090101_130416,D,20111031,000000,146.5200000,146.5200000,146.5200000,146.5200000,20
15518_090101_130416,D,20111101,000000,146.0100000,154.0000000,100.0400000,154.0000000,5.530
15518_090101_130416,D,20111102,000000,147.0000000,154.0000000,144.0400000,154.0000000,1.660
15518_090101_130416,D,20111103,000000,146.3000000,150.0000000,145.0000000,145.0000000,7.220
15518_090101_130416,D,20111107,000000,144.9900000,145.0000000,144.4500000,144.4500000,240
15518_090101_130416,D,20111108,000000,145.0000000,145.0000000,145.0000000,145.0000000,110
15518_090101_130416,D,20111109,000000,144.8500000,146.8400000,141.5300000,146.8400000,120
15518_090101_130416,D,20111110,000000,145.0000000,147.9800000,145.0000000,147.0000000,70
15518_090101_130416,D,20111111,000000,144.0000000,144.0000000,139.9900000,140.0000000,1.500
15518_090101_130416,D,20111114,000000,139.1200000,143.8200000,139.1200000,140.0000000,1.830
15518_090101_130416,D,20111115,000000,143.5000000,143.5100000,141.5000000,141.5000000,250
15518_090101_130416,D,20111116,000000,140.0100000,142.7900000,140.0000000,142.7900000,30
15518_090101_130416,D,20111117,000000,140.0000000,143.9800000,138.5000000,143.4400000,450
15518_090101_130416,D,20111121,000000,136.1000000,136.1100000,135.6700000,135.6700000,170
15518_090101_130416,D,20111122,000000,141.8400000,141.8400000,135.0200000,135.0200000,50
15518_090101_130416,D,20111123,000000,136.4600000,138.9900000,136.4600000,138.9900000,20
15518_090101_130416,D,20111124,000000,133.0100000,133.0100000,132.8900000,132.9900000,590
15518_090101_130416,D,20111125,000000,126.1000000,134.5000000,126.1000000,134.5000000,270
15518_090101_130416,D,20111128,000000,135.3100000,142.9900000,135.3100000,142.8300000,630
15518_090101_130416,D,20111129,000000,133.3200000,136.5000000,133.3200000,136.5000000,780
15518_090101_130416,D,20111130,000000,136.4800000,140.0100000,136.4800000,140.0000000,410
15518_090101_130416,D,20111201,000000,138.0000000,138.0000000,137.9900000,137.9900000,100
15518_090101_130416,D,20111202,000000,135.7300000,139.1300000,135.0100000,139.1300000,110
15518_090101_130416,D,20111205,000000,139.8400000,140.0000000,139.8400000,140.0000000,1.150
15518_090101_130416,D,20111206,000000,143.9000000,143.9100000,137.5000000,142.9800000,40
15518_090101_130416,D,20111207,000000,137.1300000,142.8400000,137.0200000,142.8400000,160
15518_090101_130416,D,20111208,000000,133.1500000,136.9600000,123.1700000,132.9900000,2.380
15518_090101_130416,D,20111209,000000,130.0000000,131.0000000,130.0000000,130.0000000,840
15518_090101_130416,D,20111212,000000,130.0500000,130.0500000,125.0000000,127.6400000,1.110
15518_090101_130416,D,20111213,000000,127.0000000,127.0000000,120.0000000,124.9800000,500
15518_090101_130416,D,20111214,000000,127.9000000,127.9100000,123.9500000,125.5000000,430
15518_090101_130416,D,20111215,000000,126.0000000,127.0000000,124.8700000,124.8700000,520
15518_090101_130416,D,20111216,000000,124.5300000,125.5100000,120.0000000,123.1900000,2.100
15518_090101_130416,D,20111219,000000,121.0200000,123.5100000,117.0300000,123.5100000,6.340
15518_090101_130416,D,20111220,000000,117.0200000,118.5000000,117.0000000,118.4900000,1.180
15518_090101_130416,D,20111221,000000,119.9500000,119.9500000,115.0000000,115.0000000,3.720
15518_090101_130416,D,20111222,000000,111.1400000,113.0500000,105.5700000,106.0000000,2.300
15518_090101_130416,D,20111223,000000,105.0000000,107.0000000,105.0000000,105.0500000,250
15518_090101_130416,D,20111226,000000,100.0800000,106.0000000,98.2500000,106.0000000,120
15518_090101_130416,D,20111227,000000,103.9500000,103.9500000,100.5100000,103.2700000,310
15518_090101_130416,D,20111228,000000,101.9800000,103.0000000,99.0300000,103.0000000,12.590
15518_090101_130416,D,20111229,000000,99.0200000,99.0200000,95.0700000,96.6000000,2.040
15518_090101_130416,D,20111230,000000,96.6100000,103.8100000,96.5900000,97.9900000,650
15518_090101_130416,D,20120103,000000,99.9900000,105.0000000,97.8200000,105.0000000,7.100
15518_090101_130416,D,20120104,000000,102.8000000,103.0000000,102.8000000,103.0000000,360
15518_090101_130416,D,20120105,000000,103.0000000,103.0000000,102.3400000,103.0000000,5.100
15518_090101_130416,D,20120106,000000,102.0000000,102.0000000,102.0000000,102.0000000,100
15518_090101_130416,D,20120110,000000,106.0000000,107.0000000,101.0200000,103.0700000,1.800
15518_090101_130416,D,20120111,000000,104.1000000,104.1000000,102.0000000,103.0000000,2.850
15518_090101_130416,D,20120112,000000,106.5000000,106.5000000,101.0000000,103.2500000,7.780
15518_090101_130416,D,20120113,000000,103.3000000,105.7300000,103.0000000,105.7300000,50
15518_090101_130416,D,20120116,000000,105.5800000,106.0300000,103.0400000,106.0300000,800
15518_090101_130416,D,20120118,000000,104.0100000,105.5000000,103.2000000,105.5000000,5.110
15518_090101_130416,D,20120119,000000,105.1200000,106.0000000,104.0000000,106.0000000,580
15518_090101_130416,D,20120120,000000,105.0200000,106.7600000,104.0000000,106.7600000,8.020
15518_090101_130416,D,20120123,000000,106.0000000,112.9200000,106.0000000,108.6000000,3.720
15518_090101_130416,D,20120124,000000,108.8700000,108.8700000,108.8700000,108.8700000,20
15518_090101_130416,D,20120125,000000,108.0000000,108.0000000,108.0000000,108.0000000,10
15518_090101_130416,D,20120126,000000,110.9700000,114.9700000,110.0000000,112.0000000,2.870
15518_090101_130416,D,20120127,000000,113.0000000,124.8000000,113.0000000,117.6600000,4.440
15518_090101_130416,D,20120130,000000,115.2000000,124.8000000,115.0100000,121.0000000,2.880
15518_090101_130416,D,20120131,000000,122.0100000,125.7000000,121.0000000,122.9200000,2.690
15518_090101_130416,D,20120201,000000,124.4700000,127.0000000,118.7200000,121.1500000,4.830
15518_090101_130416,D,20120202,000000,122.2000000,138.9000000,122.2000000,138.5000000,18.850
15518_090101_130416,D,20120203,000000,138.0000000,151.1200000,138.0000000,150.0000000,34.960
15518_090101_130416,D,20120206,000000,141.6000000,158.9900000,140.0000000,149.0000000,4.490
15518_090101_130416,D,20120207,000000,153.0000000,153.0000000,145.3500000,145.5200000,1.270
15518_090101_130416,D,20120208,000000,147.9000000,150.9900000,140.7700000,141.2500000,4.510
15518_090101_130416,D,20120209,000000,136.5000000,141.1100000,136.0000000,137.9800000,770
15518_090101_130416,D,20120210,000000,145.5500000,145.5500000,128.7700000,129.0000000,1.680
15518_090101_130416,D,20120213,000000,127.5600000,133.9900000,125.0300000,133.9900000,880
15518_090101_130416,D,20120215,000000,134.8900000,134.8900000,134.8900000,134.8900000,10
15518_090101_130416,D,20120217,000000,132.2300000,133.9800000,128.5100000,128.5100000,820
15518_090101_130416,D,20120220,000000,128.9900000,128.9900000,125.2000000,128.0000000,1.660
15518_090101_130416,D,20120221,000000,125.0300000,126.4800000,124.0000000,126.4800000,3.000
15518_090101_130416,D,20120222,000000,126.5300000,127.2700000,126.5300000,127.2700000,40
15518_090101_130416,D,20120224,000000,123.2200000,123.2200000,80.4000000,120.0000000,9.700
15518_090101_130416,D,20120227,000000,119.6600000,119.6600000,117.2000000,117.2000000,2.980
15518_090101_130416,D,20120228,000000,118.9900000,119.7800000,117.0000000,118.9700000,1.020
15518_090101_130416,D,20120229,000000,118.9700000,118.9800000,117.7000000,118.9600000,4.860
15518_090101_130416,D,20120301,000000,117.9800000,118.9600000,117.0200000,118.9600000,2.150
15518_090101_130416,D,20120302,000000,120.8800000,120.8800000,119.0000000,119.0100000,210
15518_090101_130416,D,20120305,000000,119.0000000,120.0000000,119.0000000,119.9900000,320
15518_090101_130416,D,20120306,000000,117.1000000,119.2700000,115.0200000,119.2700000,60
15518_090101_130416,D,20120307,000000,118.8500000,118.8500000,118.8500000,118.8500000,10
15518_090101_130416,D,20120311,000000,120.8800000,139.0000000,120.1700000,127.0000000,28.470
15518_090101_130416,D,20120312,000000,128.9900000,132.0000000,127.6800000,129.1000000,13.450
15518_090101_130416,D,20120313,000000,131.9800000,131.9800000,128.0000000,128.9900000,2.320
15518_090101_130416,D,20120314,000000,129.0000000,130.9000000,120.0000000,127.0000000,8.710
15518_090101_130416,D,20120315,000000,126.0000000,126.0000000,120.7800000,124.9800000,2.040
15518_090101_130416,D,20120316,000000,124.5000000,125.5000000,122.0000000,124.6000000,5.020
15518_090101_130416,D,20120319,000000,123.8900000,123.9900000,120.0000000,122.9200000,24.930
15518_090101_130416,D,20120320,000000,121.9900000,122.9500000,120.7100000,122.7400000,12.210
15518_090101_130416,D,20120321,000000,122.4900000,122.5000000,121.7000000,121.9900000,4.060
15518_090101_130416,D,20120322,000000,122.4900000,122.4900000,120.7500000,121.0000000,2.590
15518_090101_130416,D,20120323,000000,120.0700000,126.9900000,118.2200000,121.0200000,1.045.230
15518_090101_130416,D,20120326,000000,122.9200000,122.9200000,120.0100000,121.3700000,2.010
15518_090101_130416,D,20120327,000000,119.0600000,120.8600000,118.9600000,119.9700000,370
15518_090101_130416,D,20120328,000000,119.9400000,119.9400000,118.5000000,118.5000000,2.520
15518_090101_130416,D,20120329,000000,117.5000000,118.6000000,117.5000000,118.5900000,180
15518_090101_130416,D,20120330,000000,118.9900000,120.0000000,118.9900000,120.0000000,140
15518_090101_130416,D,20120403,000000,120.0000000,120.5000000,118.5200000,119.5100000,250
15518_090101_130416,D,20120404,000000,118.5800000,118.5800000,118.1800000,118.1800000,110
15518_090101_130416,D,20120405,000000,118.4900000,118.5000000,117.1000000,117.1000000,2.660
15518_090101_130416,D,20120406,000000,118.0500000,118.0500000,115.5000000,115.5000000,30
15518_090101_130416,D,20120409,000000,118.4000000,118.4000000,118.4000000,118.4000000,10
15518_090101_130416,D,20120411,000000,118.5300000,118.5300000,113.0000000,117.9500000,560
15518_090101_130416,D,20120412,000000,118.4800000,118.4800000,118.4800000,118.4800000,10
15518_090101_130416,D,20120413,000000,115.5100000,115.5100000,115.5000000,115.5000000,40
15518_090101_130416,D,20120416,000000,113.0100000,116.6300000,113.0100000,113.0100000,6.190
15518_090101_130416,D,20120417,000000,117.0000000,117.0000000,117.0000000,117.0000000,40
15518_090101_130416,D,20120418,000000,116.0000000,116.0000000,112.1000000,113.3700000,1.340
15518_090101_130416,D,20120419,000000,110.0600000,113.4000000,110.0500000,113.4000000,400
15518_090101_130416,D,20120420,000000,112.0000000,115.7800000,112.0000000,115.0000000,870
15518_090101_130416,D,20120423,000000,115.9000000,115.9000000,112.0200000,114.9900000,640
15518_090101_130416,D,20120424,000000,114.0000000,114.0000000,102.6800000,109.7900000,3.540
15518_090101_130416,D,20120425,000000,112.3500000,112.3500000,112.0300000,112.0300000,20
15518_090101_130416,D,20120426,000000,111.8800000,111.8800000,104.5000000,105.2900000,150
15518_090101_130416,D,20120427,000000,104.3900000,111.4000000,104.3800000,110.9900000,280
15518_090101_130416,D,20120428,000000,109.9900000,111.1100000,109.9900000,111.1100000,510
15518_090101_130416,D,20120502,000000,107.0100000,112.4700000,107.0000000,107.0000000,350
15518_090101_130416,D,20120503,000000,107.0000000,108.9700000,106.0100000,108.9700000,6.480
15518_090101_130416,D,20120504,000000,107.0000000,107.0000000,101.7800000,101.7800000,3.090
15518_090101_130416,D,20120505,000000,101.7800000,101.7800000,101.7800000,101.7800000,10
15518_090101_130416,D,20120507,000000,100.0000000,104.4900000,98.2500000,104.4900000,320
15518_090101_130416,D,20120508,000000,100.1300000,103.9900000,100.1300000,103.9900000,80
15518_090101_130416,D,20120510,000000,98.7900000,103.0900000,98.7900000,103.0400000,580
15518_090101_130416,D,20120511,000000,98.2100000,98.2100000,96.1000000,96.1000000,610
15518_090101_130416,D,20120512,000000,97.0000000,99.5000000,93.0300000,99.5000000,850
15518_090101_130416,D,20120514,000000,101.7600000,101.7600000,99.9600000,99.9600000,130
15518_090101_130416,D,20120515,000000,93.7800000,99.9500000,93.7800000,99.9500000,140
15518_090101_130416,D,20120516,000000,94.0100000,96.0000000,83.2800000,96.0000000,490
15518_090101_130416,D,20120517,000000,95.0000000,95.0000000,85.0000000,88.1000000,8.180
15518_090101_130416,D,20120518,000000,89.7700000,89.8000000,88.0000000,89.8000000,230
15518_090101_130416,D,20120521,000000,82.6300000,88.0000000,82.6300000,87.9900000,110
15518_090101_130416,D,20120522,000000,88.0000000,98.9900000,88.0000000,92.9000000,1.000
15518_090101_130416,D,20120523,000000,90.9600000,90.9600000,90.9600000,90.9600000,20
15518_090101_130416,D,20120524,000000,92.0000000,92.0000000,91.0000000,91.0000000,4.790
15518_090101_130416,D,20120525,000000,85.0300000,92.9500000,85.0300000,92.9000000,90
15518_090101_130416,D,20120528,000000,94.9900000,94.9900000,90.0000000,91.9900000,150
15518_090101_130416,D,20120529,000000,94.9400000,94.9500000,94.9400000,94.9500000,60
15518_090101_130416,D,20120530,000000,90.0200000,90.0200000,88.9100000,90.0000000,1.320
15518_090101_130416,D,20120531,000000,92.6900000,92.6900000,89.0000000,90.0700000,280
15518_090101_130416,D,20120601,000000,89.8400000,91.9900000,85.0700000,88.9400000,930
15518_090101_130416,D,20120604,000000,88.7900000,90.0000000,85.0500000,89.7900000,1.960
15518_090101_130416,D,20120605,000000,85.5500000,93.0000000,85.5000000,93.0000000,110
15518_090101_130416,D,20120606,000000,87.0100000,91.8500000,86.3400000,90.7000000,210
15518_090101_130416,D,20120607,000000,86.8100000,87.0000000,86.8000000,87.0000000,850
15518_090101_130416,D,20120608,000000,87.8500000,89.9200000,87.8500000,89.9200000,90
15518_090101_130416,D,20120613,000000,87.0300000,89.9900000,87.0300000,89.9900000,210
15518_090101_130416,D,20120615,000000,89.9900000,90.0000000,89.9900000,90.0000000,670
15518_090101_130416,D,20120618,000000,91.9600000,92.9500000,90.0100000,92.9300000,380
15518_090101_130416,D,20120619,000000,97.9600000,97.9600000,92.0000000,92.3900000,60
15518_090101_130416,D,20120620,000000,96.0000000,96.0000000,90.4200000,90.4200000,2.490
15518_090101_130416,D,20120621,000000,86.8400000,97.9900000,85.9000000,95.9800000,770
15518_090101_130416,D,20120622,000000,85.9000000,91.9000000,85.8500000,88.9700000,270
15518_090101_130416,D,20120625,000000,93.0000000,93.0000000,85.0000000,85.0000000,1.510
15518_090101_130416,D,20120626,000000,96.9900000,96.9900000,85.5100000,90.5000000,40
15518_090101_130416,D,20120627,000000,92.9900000,92.9900000,88.0000000,90.9900000,240
15518_090101_130416,D,20120628,000000,89.0000000,92.0000000,89.0000000,92.0000000,210
15518_090101_130416,D,20120629,000000,91.9900000,92.0000000,91.0000000,91.0000000,6.430
15518_090101_130416,D,20120702,000000,90.0100000,98.0000000,86.4500000,98.0000000,16.020
15518_090101_130416,D,20120703,000000,98.9900000,98.9900000,98.0000000,98.0000000,30
15518_090101_130416,D,20120704,000000,99.9800000,106.5900000,98.6000000,105.0000000,7.460
15518_090101_130416,D,20120705,000000,104.3200000,104.3200000,98.0700000,102.7700000,570
15518_090101_130416,D,20120706,000000,97.6200000,104.9600000,97.6200000,104.9600000,340
15518_090101_130416,D,20120709,000000,105.0000000,105.0000000,99.0000000,101.0000000,530
15518_090101_130416,D,20120710,000000,102.9800000,103.1000000,99.9800000,103.0000000,220
15518_090101_130416,D,20120711,000000,100.0000000,103.9400000,95.0600000,103.9400000,730
15518_090101_130416,D,20120712,000000,99.9900000,106.2000000,99.9900000,106.2000000,5.320
15518_090101_130416,D,20120713,000000,106.0000000,106.1000000,106.0000000,106.0000000,410
15518_090101_130416,D,20120716,000000,105.9700000,105.9700000,105.0000000,105.8500000,40
15518_090101_130416,D,20120717,000000,104.9700000,105.0000000,100.0300000,104.9900000,500
15518_090101_130416,D,20120718,000000,95.6900000,101.8000000,95.1800000,100.4900000,1.520
15518_090101_130416,D,20120719,000000,101.0400000,101.8100000,100.0100000,101.0000000,760
15518_090101_130416,D,20120720,000000,105.9900000,105.9900000,102.0000000,103.9700000,340
15518_090101_130416,D,20120723,000000,99.0000000,104.9900000,93.0000000,100.0000000,6.010
15518_090101_130416,D,20120724,000000,102.9700000,102.9700000,102.9700000,102.9700000,10
15518_090101_130416,D,20120725,000000,95.2600000,97.9900000,88.5500000,97.9900000,2.440
15518_090101_130416,D,20120726,000000,97.0000000,99.9800000,97.0000000,99.9400000,100
15518_090101_130416,D,20120727,000000,99.9700000,99.9700000,99.9500000,99.9500000,20
15518_090101_130416,D,20120730,000000,98.9000000,98.9000000,97.2500000,97.2500000,160
15518_090101_130416,D,20120731,000000,98.0000000,98.0000000,95.5200000,95.5200000,20
15518_090101_130416,D,20120801,000000,96.9900000,96.9900000,92.0500000,96.9800000,2.930
15518_090101_130416,D,20120802,000000,97.9900000,97.9900000,92.7800000,96.9900000,950
15518_090101_130416,D,20120806,000000,97.9900000,97.9900000,97.9900000,97.9900000,50
15518_090101_130416,D,20120808,000000,96.5600000,98.9700000,96.5600000,98.9700000,260
15518_090101_130416,D,20120809,000000,98.0000000,98.0000000,98.0000000,98.0000000,10
15518_090101_130416,D,20120810,000000,98.9800000,99.9900000,96.0000000,98.9600000,2.310
15518_090101_130416,D,20120813,000000,94.5400000,99.0000000,94.5300000,94.5300000,70
15518_090101_130416,D,20120814,000000,96.1000000,96.1000000,96.1000000,96.1000000,10
15518_090101_130416,D,20120815,000000,94.5200000,95.9800000,93.6900000,94.0000000,3.040
15518_090101_130416,D,20120816,000000,94.9300000,94.9400000,93.4900000,93.4900000,400
15518_090101_130416,D,20120817,000000,91.8600000,91.8600000,91.3900000,91.4900000,6.320
15518_090101_130416,D,20120820,000000,91.0100000,92.7500000,89.5100000,89.5100000,5.810
15518_090101_130416,D,20120821,000000,95.9200000,95.9200000,94.9000000,95.0000000,110
15518_090101_130416,D,20120822,000000,90.9900000,94.9500000,90.9900000,94.9000000,320
15518_090101_130416,D,20120823,000000,95.5000000,95.5100000,92.7600000,94.9600000,1.540
15518_090101_130416,D,20120824,000000,91.0600000,94.2600000,90.0500000,90.0500000,2.820
15518_090101_130416,D,20120827,000000,90.5000000,92.0000000,89.4000000,90.9400000,4.470
15518_090101_130416,D,20120828,000000,89.2700000,89.9500000,86.9800000,89.9500000,3.630
15518_090101_130416,D,20120829,000000,87.5600000,89.9100000,87.5000000,88.5700000,2.920
15518_090101_130416,D,20120830,000000,88.0600000,88.0600000,86.9500000,88.0200000,4.140
15518_090101_130416,D,20120831,000000,88.9500000,90.0000000,84.3700000,90.0000000,5.400
15518_090101_130416,D,20120903,000000,90.0000000,90.3000000,88.5500000,90.3000000,1.170
15518_090101_130416,D,20120904,000000,90.7900000,90.7900000,89.9900000,90.6800000,11.710
15518_090101_130416,D,20120905,000000,89.2500000,91.0000000,89.0000000,91.0000000,5.000
15518_090101_130416,D,20120906,000000,90.0000000,90.9600000,90.0000000,90.9600000,2.130
15518_090101_130416,D,20120907,000000,91.2100000,91.4300000,90.5100000,91.4300000,1.110
15518_090101_130416,D,20120910,000000,90.9900000,91.0000000,90.7000000,90.7000000,820
15518_090101_130416,D,20120911,000000,90.7000000,91.3600000,90.5100000,91.0000000,2.710
15518_090101_130416,D,20120912,000000,91.0000000,91.0000000,91.0000000,91.0000000,10
15518_090101_130416,D,20120913,000000,90.1600000,91.1900000,82.1500000,91.1900000,2.050
15518_090101_130416,D,20120914,000000,91.2100000,93.9300000,89.0000000,91.7400000,3.390
15518_090101_130416,D,20120917,000000,91.0000000,92.7800000,91.0000000,92.7800000,2.580
15518_090101_130416,D,20120918,000000,92.7400000,99.7000000,92.5000000,93.1900000,5.370
15518_090101_130416,D,20120919,000000,91.6300000,94.6300000,91.6000000,93.9900000,6.140
15518_090101_130416,D,20120920,000000,91.0100000,92.7800000,91.0000000,92.7800000,10.370
15518_090101_130416,D,20120921,000000,92.0000000,93.2800000,92.0000000,93.2800000,1.340
15518_090101_130416,D,20120924,000000,92.0700000,92.9100000,91.5800000,92.9100000,410
15518_090101_130416,D,20120925,000000,92.2000000,93.1600000,92.2000000,93.1600000,410
15518_090101_130416,D,20120926,000000,91.5800000,94.4300000,91.5700000,94.4300000,6.940
15518_090101_130416,D,20121001,000000,94.1700000,94.1700000,91.5600000,94.0900000,120
15518_090101_130416,D,20121003,000000,95.3900000,95.6000000,95.2000000,95.2000000,400
15518_090101_130416,D,20121004,000000,95.2200000,95.8700000,93.0000000,95.8700000,1.420
15518_090101_130416,D,20121005,000000,93.2800000,96.1000000,92.0400000,95.4300000,1.400
15518_090101_130416,D,20121009,000000,95.0000000,97.4800000,95.0000000,97.4800000,480
15518_090101_130416,D,20121010,000000,95.2900000,97.5000000,95.2900000,97.5000000,140
15518_090101_130416,D,20121011,000000,97.4900000,97.4900000,97.4900000,97.4900000,20
15518_090101_130416,D,20121015,000000,98.4400000,98.4800000,95.1300000,97.9500000,5.060
15518_090101_130416,D,20121016,000000,95.5200000,97.0000000,95.5000000,97.0000000,830
15518_090101_130416,D,20121017,000000,94.9000000,97.1200000,94.9000000,97.1200000,280
15518_090101_130416,D,20121018,000000,95.0000000,95.4700000,95.0000000,95.4700000,20
15518_090101_130416,D,20121019,000000,93.3800000,96.4800000,93.3600000,96.4800000,70
15518_090101_130416,D,20121022,000000,94.0000000,94.0000000,94.0000000,94.0000000,10
15518_090101_130416,D,20121023,000000,93.2700000,93.2700000,93.2600000,93.2600000,30
15518_090101_130416,D,20121024,000000,91.3200000,94.6900000,91.2500000,94.6900000,120
15518_090101_130416,D,20121025,000000,91.3000000,92.8800000,87.0000000,92.8800000,3.020
15518_090101_130416,D,20121026,000000,94.0900000,94.0900000,94.0900000,94.0900000,10
15518_090101_130416,D,20121029,000000,92.5100000,93.9200000,92.5100000,93.9200000,20
15518_090101_130416,D,20121031,000000,90.1300000,91.3100000,90.0000000,91.3100000,370
15518_090101_130416,D,20121101,000000,93.9100000,93.9100000,93.9100000,93.9100000,10
15518_090101_130416,D,20121102,000000,92.0000000,94.3100000,92.0000000,94.3100000,30
15518_090101_130416,D,20121106,000000,91.2000000,91.2300000,91.2000000,91.2300000,170
15518_090101_130416,D,20121107,000000,93.9300000,93.9300000,93.9300000,93.9300000,10
15518_090101_130416,D,20121108,000000,90.0100000,93.2300000,90.0000000,92.5400000,510
15518_090101_130416,D,20121112,000000,90.0100000,92.9500000,90.0000000,91.2100000,810
15518_090101_130416,D,20121113,000000,93.1600000,93.1600000,93.1600000,93.1600000,10
15518_090101_130416,D,20121114,000000,90.3300000,90.3300000,90.2000000,90.2000000,2.010
15518_090101_130416,D,20121115,000000,91.1200000,91.1200000,89.1000000,89.9800000,410
15518_090101_130416,D,20121116,000000,89.9300000,89.9300000,89.8900000,89.9000000,610
15518_090101_130416,D,20121119,000000,90.8800000,92.1900000,89.9100000,91.1100000,1.410
15518_090101_130416,D,20121120,000000,90.0300000,90.0300000,86.5000000,88.0000000,7.480
15518_090101_130416,D,20121121,000000,89.9700000,91.0000000,89.0900000,89.0900000,1.120
15518_090101_130416,D,20121122,000000,90.9700000,91.1200000,90.9700000,91.1200000,1.490
15518_090101_130416,D,20121126,000000,89.5200000,89.9900000,89.5100000,89.9900000,120
15518_090101_130416,D,20121127,000000,88.2300000,88.2300000,87.1600000,87.9000000,280
15518_090101_130416,D,20121129,000000,88.0100000,90.7700000,88.0000000,90.7700000,190
15518_090101_130416,D,20121203,000000,91.5000000,91.5000000,89.6200000,91.4900000,220
15518_090101_130416,D,20121204,000000,88.2600000,89.0000000,88.2500000,89.0000000,280
15518_090101_130416,D,20121205,000000,87.4000000,90.5600000,87.3800000,90.5600000,230
15518_090101_130416,D,20121207,000000,87.8500000,87.8600000,87.8500000,87.8500000,100.100
15518_090101_130416,D,20121210,000000,90.3900000,90.4100000,88.6500000,88.7500000,1.530
15518_090101_130416,D,20121211,000000,88.3600000,88.3600000,88.0000000,88.0000000,125.440
15518_090101_130416,D,20121212,000000,88.0100000,89.2100000,86.3000000,86.3000000,3.740
15518_090101_130416,D,20121213,000000,89.4900000,89.4900000,86.5000000,89.2500000,5.360
15518_090101_130416,D,20121214,000000,88.0000000,88.0000000,88.0000000,88.0000000,180
15518_090101_130416,D,20121217,000000,88.0100000,88.9700000,87.8500000,88.9700000,2.530
15518_090101_130416,D,20121218,000000,84.5400000,88.9000000,84.5400000,86.8700000,4.140
15518_090101_130416,D,20121219,000000,87.0900000,93.3300000,87.0000000,88.5000000,7.330
15518_090101_130416,D,20121220,000000,88.5000000,88.5000000,86.0100000,86.0600000,990
15518_090101_130416,D,20121221,000000,86.2900000,87.7200000,85.9600000,87.2000000,140
15518_090101_130416,D,20121224,000000,85.9300000,86.5500000,85.2500000,85.8300000,3.160
15518_090101_130416,D,20121225,000000,84.9600000,84.9600000,84.3500000,84.3500000,310
15518_090101_130416,D,20121226,000000,88.0900000,90.0000000,84.8400000,87.9700000,58.900
15518_090101_130416,D,20121227,000000,85.6300000,85.6300000,85.6000000,85.6000000,540
15518_090101_130416,D,20121228,000000,87.7500000,87.7500000,87.7500000,87.7500000,10
15518_090101_130416,D,20130108,000000,87.0000000,87.0000000,86.0000000,86.0000000,360
15518_090101_130416,D,20130110,000000,86.0000000,87.6900000,86.0000000,86.0000000,510
15518_090101_130416,D,20130111,000000,85.1000000,86.5400000,84.0000000,85.0000000,390
15518_090101_130416,D,20130114,000000,84.0500000,88.0000000,84.0500000,87.3000000,1.380
15518_090101_130416,D,20130115,000000,88.0100000,88.0100000,85.8000000,85.8200000,3.850
15518_090101_130416,D,20130116,000000,85.8200000,85.8200000,85.5000000,85.5000000,10.630
15518_090101_130416,D,20130117,000000,86.0000000,86.0000000,85.0300000,85.7700000,6.030
15518_090101_130416,D,20130118,000000,85.8000000,85.8000000,85.5000000,85.7700000,5.150
15518_090101_130416,D,20130121,000000,85.5000000,85.5000000,84.4000000,85.0000000,3.380
15518_090101_130416,D,20130122,000000,84.3400000,84.4900000,84.0200000,84.4800000,670
15518_090101_130416,D,20130123,000000,84.8900000,84.8900000,84.8900000,84.8900000,10
15518_090101_130416,D,20130124,000000,85.8200000,85.8200000,84.6600000,85.0000000,500
15518_090101_130416,D,20130125,000000,84.0000000,84.1400000,82.0200000,82.1000000,5.570
15518_090101_130416,D,20130128,000000,84.2100000,84.2100000,82.5000000,83.3000000,1.140
15518_090101_130416,D,20130129,000000,83.8300000,83.8300000,82.5100000,83.3700000,380
15518_090101_130416,D,20130130,000000,83.4900000,83.4900000,82.7800000,82.7800000,120
15518_090101_130416,D,20130131,000000,82.6000000,83.1900000,82.6000000,83.1900000,130
15518_090101_130416,D,20130201,000000,83.2100000,85.1700000,82.6000000,83.0000000,3.450
15518_090101_130416,D,20130204,000000,81.1200000,81.8000000,80.0200000,81.8000000,5.160
15518_090101_130416,D,20130205,000000,80.5000000,80.9800000,79.0900000,80.9800000,2.410
15518_090101_130416,D,20130206,000000,82.7000000,82.7000000,81.0000000,81.8000000,160
15518_090101_130416,D,20130207,000000,81.9900000,81.9900000,77.7900000,80.8900000,3.920
15518_090101_130416,D,20130208,000000,79.7100000,81.0700000,77.0000000,79.9900000,2.000
15518_090101_130416,D,20130211,000000,79.9500000,79.9500000,79.9500000,79.9500000,30
15518_090101_130416,D,20130212,000000,79.8600000,79.8600000,77.9900000,79.5200000,40
15518_090101_130416,D,20130213,000000,79.4400000,79.4500000,79.0000000,79.3000000,2.860
15518_090101_130416,D,20130214,000000,78.0900000,79.4200000,78.0800000,78.7800000,70
15518_090101_130416,D,20130215,000000,78.2100000,78.5000000,78.2100000,78.5000000,40
15518_090101_130416,D,20130218,000000,82.1100000,82.1100000,79.9900000,79.9900000,70
15518_090101_130416,D,20130219,000000,78.1200000,79.5200000,78.1100000,79.5200000,90
15518_090101_130416,D,20130220,000000,78.5100000,78.5100000,78.0100000,78.0100000,2.690
15518_090101_130416,D,20130221,000000,77.0300000,78.1700000,75.5900000,76.7900000,310
15518_090101_130416,D,20130222,000000,77.0000000,78.3700000,77.0000000,78.3700000,40
15518_090101_130416,D,20130225,000000,75.6000000,77.1100000,75.6000000,76.0400000,920
15518_090101_130416,D,20130226,000000,76.0100000,77.3400000,75.0200000,76.3900000,990
15518_090101_130416,D,20130227,000000,77.3400000,78.3900000,75.5700000,77.9700000,9.600
15518_090101_130416,D,20130228,000000,77.9600000,77.9600000,77.9400000,77.9400000,100
15518_090101_130416,D,20130301,000000,76.2200000,76.9900000,75.9900000,75.9900000,120
15518_090101_130416,D,20130304,000000,76.0300000,76.6300000,75.8100000,75.8100000,140
15518_090101_130416,D,20130305,000000,75.8200000,75.9900000,74.7000000,75.7300000,130
15518_090101_130416,D,20130306,000000,75.9900000,76.0000000,75.0400000,75.9900000,320
15518_090101_130416,D,20130307,000000,74.8000000,75.9100000,74.8000000,75.9100000,40
15518_090101_130416,D,20130311,000000,75.0100000,75.0100000,74.9100000,74.9100000,310
15518_090101_130416,D,20130312,000000,75.9900000,75.9900000,75.4900000,75.4900000,20
15518_090101_130416,D,20130313,000000,75.4400000,75.4400000,73.0000000,74.6700000,710
15518_090101_130416,D,20130314,000000,74.6000000,74.6000000,72.5000000,73.6500000,360
15518_090101_130416,D,20130315,000000,74.6700000,74.6700000,70.0000000,71.2000000,7.260
15518_090101_130416,D,20130318,000000,70.3400000,71.4500000,70.0000000,70.9500000,3.110
15518_090101_130416,D,20130319,000000,68.0000000,69.1200000,60.1600000,68.3700000,2.430
15518_090101_130416,D,20130320,000000,68.8800000,68.8800000,62.6000000,66.8900000,2.220
15518_090101_130416,D,20130321,000000,67.3500000,67.3500000,66.0000000,66.8500000,310
15518_090101_130416,D,20130322,000000,64.6800000,67.7600000,64.6800000,65.9200000,690
15518_090101_130416,D,20130325,000000,67.3000000,67.6900000,65.5000000,66.9700000,1.360
15518_090101_130416,D,20130326,000000,64.5800000,66.1000000,64.5800000,66.0800000,340
15518_090101_130416,D,20130328,000000,61.8600000,65.3400000,61.8100000,64.4500000,900
15518_090101_130416,D,20130329,000000,62.5000000,64.8400000,62.5000000,64.5500000,40
15518_090101_130416,D,20130401,000000,62.2000000,64.9300000,62.2000000,64.9300000,30
15518_090101_130416,D,20130402,000000,64.9900000,64.9900000,63.0500000,63.9900000,200
15518_090101_130416,D,20130403,000000,64.0000000,67.1500000,64.0000000,67.1500000,520
