<TICKER>,<PER>,<DATE>,<TIME>,<OPEN>,<HIGH>,<LOW>,<CLOSE>,<VOL>
15522_090101_130416,D,20090111,000000,2.2510000,2.6800000,2.2500000,2.6790000,35.700
15522_090101_130416,D,20090112,000000,2.6000000,2.8000000,2.5000000,2.7980000,48.700
15522_090101_130416,D,20090113,000000,2.5720000,2.9000000,2.5720000,2.8900000,43.700
15522_090101_130416,D,20090114,000000,2.8900000,3.0000000,2.6780000,2.9000000,74.400
15522_090101_130416,D,20090115,000000,2.7250000,2.9000000,2.5000000,2.7500000,57.100
15522_090101_130416,D,20090116,000000,2.8000000,3.1500000,2.6650000,2.9000000,183.200
15522_090101_130416,D,20090119,000000,2.9000000,3.0000000,2.8700000,2.9770000,63.600
15522_090101_130416,D,20090120,000000,2.5700000,2.9400000,2.5700000,2.9400000,31.200
15522_090101_130416,D,20090121,000000,2.7030000,2.9000000,2.7030000,2.8000000,21.500
15522_090101_130416,D,20090122,000000,2.8000000,3.0400000,2.8000000,2.8000000,56.100
15522_090101_130416,D,20090123,000000,2.9000000,3.0390000,2.2500000,2.3010000,122.500
15522_090101_130416,D,20090126,000000,2.7100000,2.8000000,2.5560000,2.6100000,236.400
15522_090101_130416,D,20090127,000000,2.7400000,2.7490000,2.5000000,2.5990000,37.300
15522_090101_130416,D,20090128,000000,2.6500000,2.8000000,2.5510000,2.5710000,163.700
15522_090101_130416,D,20090129,000000,2.6510000,2.7500000,2.6000000,2.6500000,33.100
15522_090101_130416,D,20090130,000000,2.6790000,2.9000000,2.6790000,2.8500000,101.300
15522_090101_130416,D,20090202,000000,2.7000000,2.7000000,2.6500000,2.6500000,700
15522_090101_130416,D,20090203,000000,2.7000000,2.8000000,2.6500000,2.6500000,9.000
15522_090101_130416,D,20090204,000000,2.6500000,2.9010000,2.5150000,2.7000000,18.900
15522_090101_130416,D,20090205,000000,2.7000000,2.7440000,2.5990000,2.6010000,129.500
15522_090101_130416,D,20090206,000000,2.6520000,2.7400000,2.6000000,2.6510000,33.800
15522_090101_130416,D,20090209,000000,2.6500000,2.8000000,2.6500000,2.6630000,234.000
15522_090101_130416,D,20090210,000000,2.6550000,2.8000000,2.6500000,2.7500000,16.200
15522_090101_130416,D,20090211,000000,2.7480000,2.8000000,2.7000000,2.8000000,136.900
15522_090101_130416,D,20090212,000000,2.8000000,2.8030000,2.7060000,2.7730000,5.300
15522_090101_130416,D,20090213,000000,2.7050000,2.7860000,2.6990000,2.7830000,2.100
15522_090101_130416,D,20090216,000000,2.8390000,2.8400000,2.7360000,2.8190000,1.400
15522_090101_130416,D,20090217,000000,2.8450000,2.8450000,2.5520000,2.6700000,72.500
15522_090101_130416,D,20090218,000000,2.6400000,2.7980000,2.6110000,2.7960000,34.500
15522_090101_130416,D,20090219,000000,2.7970000,2.7970000,2.7500000,2.7500000,1.200
15522_090101_130416,D,20090220,000000,2.6990000,2.6990000,2.6990000,2.6990000,100
15522_090101_130416,D,20090224,000000,2.6990000,2.6990000,2.6990000,2.6990000,200
15522_090101_130416,D,20090225,000000,2.7600000,2.8000000,2.7450000,2.7460000,110.100
15522_090101_130416,D,20090226,000000,2.7000000,2.7000000,2.6500000,2.7000000,21.300
15522_090101_130416,D,20090227,000000,2.7000000,2.7000000,2.6100000,2.6300000,1.600
15522_090101_130416,D,20090302,000000,2.6000000,2.6790000,2.4310000,2.6790000,102.500
15522_090101_130416,D,20090303,000000,2.5500000,2.6800000,2.5500000,2.6800000,9.700
15522_090101_130416,D,20090304,000000,2.6000000,2.7000000,2.5710000,2.6200000,40.200
15522_090101_130416,D,20090305,000000,2.6990000,2.6990000,2.5870000,2.6700000,8.700
15522_090101_130416,D,20090306,000000,2.8160000,2.8160000,2.5820000,2.6500000,20.700
15522_090101_130416,D,20090310,000000,2.6900000,2.8200000,2.6300000,2.7890000,96.600
15522_090101_130416,D,20090311,000000,2.7990000,2.7990000,2.6570000,2.6590000,3.100
15522_090101_130416,D,20090312,000000,2.7990000,3.3120000,2.7010000,2.7200000,61.700
15522_090101_130416,D,20090313,000000,2.9890000,2.9890000,2.7700000,2.9560000,3.700
15522_090101_130416,D,20090316,000000,2.7230000,2.9300000,2.7040000,2.9300000,13.400
15522_090101_130416,D,20090317,000000,2.9000000,2.9270000,2.7070000,2.9270000,2.500
15522_090101_130416,D,20090318,000000,2.9200000,2.9200000,2.7200000,2.7500000,2.700
15522_090101_130416,D,20090319,000000,2.6960000,2.7400000,2.6440000,2.7000000,46.500
15522_090101_130416,D,20090320,000000,2.6910000,2.8900000,2.6440000,2.7070000,45.300
15522_090101_130416,D,20090323,000000,2.8800000,2.9500000,2.7000000,2.9490000,193.500
15522_090101_130416,D,20090324,000000,2.9500000,2.9500000,2.7440000,2.8960000,30.200
15522_090101_130416,D,20090325,000000,2.7000000,2.8970000,2.7000000,2.7500000,58.900
15522_090101_130416,D,20090326,000000,2.7660000,2.8930000,2.7660000,2.8930000,60.300
15522_090101_130416,D,20090327,000000,2.9000000,3.3000000,2.8400000,3.1090000,594.700
15522_090101_130416,D,20090330,000000,3.0500000,3.2170000,2.9000000,2.9800000,54.000
15522_090101_130416,D,20090331,000000,3.0190000,3.0300000,2.8550000,2.9000000,43.900
15522_090101_130416,D,20090401,000000,2.9590000,3.0000000,2.8010000,3.0000000,57.900
15522_090101_130416,D,20090402,000000,3.0400000,3.1000000,3.0000000,3.0940000,82.900
15522_090101_130416,D,20090403,000000,3.0110000,3.1340000,3.0000000,3.0600000,212.800
15522_090101_130416,D,20090406,000000,3.1010000,3.2000000,3.0510000,3.1000000,220.100
15522_090101_130416,D,20090407,000000,3.1500000,3.3000000,3.0200000,3.2850000,183.200
15522_090101_130416,D,20090408,000000,3.2490000,3.3500000,3.1700000,3.3300000,175.400
15522_090101_130416,D,20090409,000000,3.3500000,3.4490000,3.2000000,3.4310000,195.700
15522_090101_130416,D,20090410,000000,3.3140000,3.4420000,3.2220000,3.3560000,539.700
15522_090101_130416,D,20090413,000000,3.2500000,3.4400000,3.2280000,3.3400000,177.200
15522_090101_130416,D,20090414,000000,3.4000000,3.5000000,3.3060000,3.4980000,417.200
15522_090101_130416,D,20090415,000000,3.3260000,3.7000000,3.3210000,3.4440000,619.200
15522_090101_130416,D,20090416,000000,3.4900000,3.6940000,3.4000000,3.6370000,296.900
15522_090101_130416,D,20090417,000000,3.7000000,3.8000000,3.6110000,3.8000000,392.400
15522_090101_130416,D,20090420,000000,3.7990000,3.8000000,3.5530000,3.7100000,521.700
15522_090101_130416,D,20090421,000000,3.6900000,4.2500000,3.6540000,4.2500000,1.225.600
15522_090101_130416,D,20090422,000000,4.3800000,4.6990000,4.2330000,4.5000000,1.394.900
15522_090101_130416,D,20090423,000000,4.5350000,4.5350000,4.3000000,4.4000000,80.300
15522_090101_130416,D,20090424,000000,4.4100000,4.4200000,4.2500000,4.4000000,12.900
15522_090101_130416,D,20090427,000000,4.5000000,4.5000000,3.8180000,4.1000000,37.200
15522_090101_130416,D,20090428,000000,3.8120000,4.1620000,3.7100000,3.9800000,176.500
15522_090101_130416,D,20090429,000000,4.0400000,4.1500000,4.0000000,4.1500000,98.300
15522_090101_130416,D,20090430,000000,4.1400000,4.5000000,4.0300000,4.4500000,382.300
15522_090101_130416,D,20090504,000000,4.3550000,5.4500000,4.3550000,5.0000000,448.800
15522_090101_130416,D,20090505,000000,5.0000000,5.2400000,4.8550000,4.8550000,231.100
15522_090101_130416,D,20090506,000000,5.0000000,5.1000000,4.8010000,5.1000000,250.200
15522_090101_130416,D,20090507,000000,5.1500000,5.3500000,5.0000000,5.0030000,307.900
15522_090101_130416,D,20090508,000000,5.0030000,5.0810000,4.9000000,5.0000000,91.700
15522_090101_130416,D,20090512,000000,5.0000000,5.0200000,4.8000000,5.0000000,213.600
15522_090101_130416,D,20090513,000000,5.0100000,5.1000000,4.3700000,4.8080000,335.800
15522_090101_130416,D,20090514,000000,4.9000000,4.9000000,4.6600000,4.8650000,16.300
15522_090101_130416,D,20090515,000000,4.6730000,4.8100000,4.5000000,4.8000000,399.100
15522_090101_130416,D,20090518,000000,4.8100000,5.0000000,4.6000000,4.9000000,1.764.800
15522_090101_130416,D,20090519,000000,4.9500000,5.0400000,4.8400000,4.8400000,445.500
15522_090101_130416,D,20090520,000000,4.8000000,4.8500000,4.7520000,4.8400000,44.800
15522_090101_130416,D,20090521,000000,4.7660000,5.4300000,4.7660000,5.1000000,568.400
15522_090101_130416,D,20090522,000000,5.1000000,5.2500000,5.0070000,5.0510000,12.900
15522_090101_130416,D,20090525,000000,4.9000000,6.3000000,4.9000000,6.0000000,2.235.900
15522_090101_130416,D,20090526,000000,6.0000000,6.6000000,5.7320000,6.5000000,2.402.200
15522_090101_130416,D,20090527,000000,6.8300000,6.8300000,5.7200000,6.3100000,126.800
15522_090101_130416,D,20090528,000000,5.9350000,6.1500000,5.8230000,5.9020000,85.000
15522_090101_130416,D,20090529,000000,6.1800000,6.7800000,5.9000000,5.9200000,456.200
15522_090101_130416,D,20090601,000000,6.2800000,6.5980000,5.9510000,6.2160000,138.400
15522_090101_130416,D,20090602,000000,6.4800000,6.4800000,6.0010000,6.1110000,167.000
15522_090101_130416,D,20090603,000000,6.2500000,6.2500000,5.9500000,6.0000000,94.800
15522_090101_130416,D,20090604,000000,6.0000000,6.0000000,5.8500000,6.0000000,97.200
15522_090101_130416,D,20090605,000000,6.0000000,6.1470000,5.9500000,6.1460000,88.800
15522_090101_130416,D,20090608,000000,6.3000000,6.3000000,5.7840000,6.0990000,105.300
15522_090101_130416,D,20090609,000000,6.2900000,6.2900000,5.8550000,5.9000000,29.200
15522_090101_130416,D,20090610,000000,6.1900000,6.5000000,6.0000000,6.1430000,56.900
15522_090101_130416,D,20090611,000000,6.2900000,7.3800000,6.2600000,6.8360000,1.409.800
15522_090101_130416,D,20090615,000000,6.7000000,6.9950000,6.4000000,6.5120000,1.293.100
15522_090101_130416,D,20090616,000000,6.3030000,6.4650000,6.2880000,6.3980000,68.000
15522_090101_130416,D,20090617,000000,6.4200000,6.4600000,5.9970000,6.2500000,114.500
15522_090101_130416,D,20090618,000000,6.2500000,6.2500000,5.7000000,5.9950000,103.600
15522_090101_130416,D,20090619,000000,5.7140000,6.1000000,5.7130000,5.9750000,35.600
15522_090101_130416,D,20090622,000000,6.3100000,6.4480000,5.6100000,5.8480000,48.900
15522_090101_130416,D,20090623,000000,5.4020000,5.8000000,5.4020000,5.8000000,76.100
15522_090101_130416,D,20090624,000000,5.6040000,6.1490000,5.6040000,5.9500000,6.800
15522_090101_130416,D,20090625,000000,5.8000000,6.0400000,5.6500000,6.0400000,9.000
15522_090101_130416,D,20090626,000000,6.0010000,6.1450000,5.7120000,6.1400000,22.300
15522_090101_130416,D,20090629,000000,6.1100000,6.1400000,6.0000000,6.1400000,8.200
15522_090101_130416,D,20090630,000000,6.1000000,6.1000000,5.8930000,6.0100000,2.200
15522_090101_130416,D,20090701,000000,5.8200000,6.1000000,5.7220000,6.0000000,35.300
15522_090101_130416,D,20090702,000000,6.1100000,6.1400000,5.9000000,5.9900000,5.900
15522_090101_130416,D,20090703,000000,6.0880000,6.0880000,5.3020000,5.7480000,175.000
15522_090101_130416,D,20090706,000000,5.7440000,5.7500000,5.3200000,5.4780000,76.300
15522_090101_130416,D,20090707,000000,5.6400000,5.7290000,5.4240000,5.7290000,29.700
15522_090101_130416,D,20090708,000000,5.6550000,5.6550000,5.1000000,5.6390000,19.200
15522_090101_130416,D,20090709,000000,5.6900000,5.7200000,5.2720000,5.6300000,19.700
15522_090101_130416,D,20090710,000000,5.4020000,5.5850000,5.2490000,5.5000000,21.400
15522_090101_130416,D,20090713,000000,5.3100000,5.3100000,4.9440000,5.1900000,69.400
15522_090101_130416,D,20090714,000000,5.2950000,5.5250000,5.0000000,5.3490000,28.400
15522_090101_130416,D,20090715,000000,5.4700000,5.4980000,5.2620000,5.4980000,5.200
15522_090101_130416,D,20090716,000000,5.5500000,5.8000000,5.0800000,5.4500000,77.300
15522_090101_130416,D,20090717,000000,5.4000000,5.6560000,5.2100000,5.3500000,22.300
15522_090101_130416,D,20090720,000000,5.4990000,5.5000000,5.4000000,5.4990000,10.600
15522_090101_130416,D,20090721,000000,5.5800000,5.5900000,5.1500000,5.3000000,21.200
15522_090101_130416,D,20090722,000000,5.5600000,5.5900000,5.3000000,5.3000000,9.900
15522_090101_130416,D,20090723,000000,5.3200000,5.3500000,5.1500000,5.3120000,51.500
15522_090101_130416,D,20090724,000000,5.4700000,5.5000000,5.3150000,5.4210000,22.300
15522_090101_130416,D,20090727,000000,5.6000000,5.8900000,5.5000000,5.6580000,202.900
15522_090101_130416,D,20090728,000000,5.5030000,5.8390000,5.4100000,5.4100000,36.400
15522_090101_130416,D,20090729,000000,5.2910000,5.4970000,5.2720000,5.4680000,2.700
15522_090101_130416,D,20090730,000000,5.4980000,5.7500000,5.4520000,5.4520000,66.500
15522_090101_130416,D,20090731,000000,5.6000000,5.6010000,5.5000000,5.5000000,36.800
15522_090101_130416,D,20090803,000000,5.5680000,5.8500000,5.5680000,5.8400000,195.700
15522_090101_130416,D,20090804,000000,5.7900000,5.7900000,5.5200000,5.7000000,54.600
15522_090101_130416,D,20090805,000000,5.7800000,5.7800000,5.5250000,5.7440000,164.800
15522_090101_130416,D,20090806,000000,5.6010000,5.7430000,5.6000000,5.7180000,17.100
15522_090101_130416,D,20090807,000000,5.4320000,5.6590000,5.4320000,5.6500000,8.600
15522_090101_130416,D,20090810,000000,5.5510000,5.6830000,5.4500000,5.5890000,24.400
15522_090101_130416,D,20090811,000000,5.5010000,5.5010000,5.4900000,5.4900000,12.100
15522_090101_130416,D,20090812,000000,5.4750000,5.7900000,5.2160000,5.7900000,342.600
15522_090101_130416,D,20090813,000000,5.6710000,6.1500000,5.4660000,5.7140000,493.000
15522_090101_130416,D,20090814,000000,5.7790000,5.9700000,5.6450000,5.9700000,815.100
15522_090101_130416,D,20090817,000000,5.9000000,6.2500000,5.8500000,6.1000000,1.473.900
15522_090101_130416,D,20090818,000000,6.2000000,6.2000000,6.0510000,6.1200000,629.200
15522_090101_130416,D,20090819,000000,6.1890000,6.2000000,6.0500000,6.0500000,430.000
15522_090101_130416,D,20090820,000000,6.1200000,6.1990000,6.1000000,6.1990000,147.700
15522_090101_130416,D,20090821,000000,6.2100000,6.2100000,6.1400000,6.1500000,33.100
15522_090101_130416,D,20090824,000000,6.2400000,6.2400000,6.1010000,6.1500000,98.400
15522_090101_130416,D,20090825,000000,6.2000000,6.3390000,6.1000000,6.2500000,2.333.700
15522_090101_130416,D,20090826,000000,6.2500000,6.6000000,6.2500000,6.5000000,486.700
15522_090101_130416,D,20090827,000000,6.4970000,6.5500000,6.3610000,6.4900000,110.400
15522_090101_130416,D,20090828,000000,6.5000000,6.5500000,6.3800000,6.4950000,71.600
15522_090101_130416,D,20090831,000000,6.5450000,6.5500000,6.4000000,6.4000000,39.800
15522_090101_130416,D,20090901,000000,6.4880000,6.4880000,6.3500000,6.4500000,73.700
15522_090101_130416,D,20090902,000000,6.4900000,6.9900000,6.4200000,6.7000000,674.500
15522_090101_130416,D,20090903,000000,6.9500000,7.8700000,6.9500000,7.4500000,918.800
15522_090101_130416,D,20090904,000000,7.6000000,7.9500000,7.0700000,7.3450000,412.500
15522_090101_130416,D,20090907,000000,7.3500000,7.4500000,6.9020000,7.3010000,147.400
15522_090101_130416,D,20090908,000000,7.3490000,7.5000000,7.3010000,7.5000000,113.600
15522_090101_130416,D,20090909,000000,7.4110000,8.1500000,7.4110000,7.7000000,925.200
15522_090101_130416,D,20090910,000000,7.6080000,7.7130000,7.5000000,7.6500000,69.600
15522_090101_130416,D,20090911,000000,7.7400000,7.9790000,7.6500000,7.8200000,199.500
15522_090101_130416,D,20090914,000000,7.6500000,8.1000000,7.6500000,8.0000000,309.400
15522_090101_130416,D,20090915,000000,8.0000000,8.6760000,7.9040000,8.6300000,252.300
15522_090101_130416,D,20090916,000000,8.5010000,9.0000000,8.1520000,8.7190000,116.800
15522_090101_130416,D,20090917,000000,9.1000000,9.2990000,8.6500000,9.1490000,330.000
15522_090101_130416,D,20090918,000000,8.8000000,9.7890000,8.7990000,9.7000000,445.200
15522_090101_130416,D,20090921,000000,9.7850000,10.2000000,9.6110000,9.6110000,232.400
15522_090101_130416,D,20090922,000000,9.4500000,9.9500000,9.3600000,9.6750000,98.600
15522_090101_130416,D,20090923,000000,9.5000000,9.8500000,9.5000000,9.7000000,192.900
15522_090101_130416,D,20090924,000000,9.7000000,10.7000000,9.7000000,10.2380000,454.200
15522_090101_130416,D,20090925,000000,10.2500000,10.6890000,10.0200000,10.3000000,561.400
15522_090101_130416,D,20090928,000000,10.3000000,10.9700000,10.2000000,10.6980000,359.400
15522_090101_130416,D,20090929,000000,10.7000000,10.7000000,10.4000000,10.4970000,48.400
15522_090101_130416,D,20090930,000000,10.6400000,11.3980000,10.4000000,11.3910000,416.700
15522_090101_130416,D,20091001,000000,11.3910000,11.9000000,11.0000000,11.4720000,110.800
15522_090101_130416,D,20091002,000000,11.4720000,11.6100000,7.0000000,11.6100000,283.600
15522_090101_130416,D,20091005,000000,10.5000000,11.5800000,10.5000000,10.9220000,31.800
15522_090101_130416,D,20091006,000000,10.9250000,11.0950000,10.5010000,10.8500000,57.400
15522_090101_130416,D,20091007,000000,10.8500000,11.5240000,10.5000000,11.0000000,339.100
15522_090101_130416,D,20091008,000000,11.0230000,11.2740000,10.7000000,10.8000000,20.300
15522_090101_130416,D,20091009,000000,10.7010000,11.1110000,10.7000000,10.7070000,62.500
15522_090101_130416,D,20091012,000000,10.9890000,10.9890000,10.3220000,10.4950000,101.800
15522_090101_130416,D,20091013,000000,10.2100000,10.7000000,10.0100000,10.2810000,83.500
15522_090101_130416,D,20091014,000000,10.6610000,10.6620000,10.5010000,10.5010000,22.000
15522_090101_130416,D,20091015,000000,10.5190000,10.5190000,10.0020000,10.0300000,63.200
15522_090101_130416,D,20091016,000000,10.0030000,10.0210000,9.5000000,9.7030000,58.900
15522_090101_130416,D,20091019,000000,9.9790000,9.9790000,9.8000000,9.9500000,14.500
15522_090101_130416,D,20091020,000000,10.0060000,10.0060000,9.9600000,9.9600000,305.600
15522_090101_130416,D,20091021,000000,9.9600000,9.9970000,9.9600000,9.9970000,3.300
15522_090101_130416,D,20091022,000000,9.8010000,9.9780000,9.7800000,9.9780000,1.700
15522_090101_130416,D,20091023,000000,9.9900000,11.0000000,9.9400000,10.1430000,60.600
15522_090101_130416,D,20091026,000000,10.0000000,10.0410000,9.6300000,9.9980000,7.000
15522_090101_130416,D,20091027,000000,9.9000000,9.9900000,9.1030000,9.7000000,30.500
15522_090101_130416,D,20091028,000000,9.2280000,9.3910000,8.5200000,8.7390000,63.000
15522_090101_130416,D,20091029,000000,8.7290000,9.6300000,8.3010000,9.4140000,24.600
15522_090101_130416,D,20091030,000000,9.3000000,10.4000000,8.6500000,9.1920000,80.700
15522_090101_130416,D,20091102,000000,9.2900000,9.9800000,9.2900000,9.4020000,6.700
15522_090101_130416,D,20091103,000000,9.5110000,9.5110000,9.0120000,9.3000000,8.200
15522_090101_130416,D,20091105,000000,9.3370000,9.9990000,9.3370000,9.7030000,11.800
15522_090101_130416,D,20091106,000000,9.4100000,9.5120000,9.0320000,9.5000000,5.600
15522_090101_130416,D,20091109,000000,9.5000000,9.7990000,9.3460000,9.6770000,21.400
15522_090101_130416,D,20091110,000000,9.7780000,9.9000000,9.3410000,9.9000000,13.900
15522_090101_130416,D,20091111,000000,9.9500000,9.9500000,9.5000000,9.8700000,10.300
15522_090101_130416,D,20091112,000000,9.5320000,9.5940000,9.5000000,9.5940000,17.600
15522_090101_130416,D,20091113,000000,9.9000000,9.9000000,9.4010000,9.8700000,15.200
15522_090101_130416,D,20091116,000000,9.7500000,9.9500000,9.7070000,9.9500000,22.100
15522_090101_130416,D,20091117,000000,9.9500000,9.9980000,9.7190000,9.9470000,98.600
15522_090101_130416,D,20091118,000000,9.9600000,9.9940000,9.8500000,9.8720000,64.800
15522_090101_130416,D,20091119,000000,9.9770000,9.9770000,9.1110000,9.6000000,14.900
15522_090101_130416,D,20091120,000000,9.8700000,9.8700000,9.5500000,9.7650000,21.500
15522_090101_130416,D,20091123,000000,9.7450000,9.8700000,9.6050000,9.6100000,14.900
15522_090101_130416,D,20091124,000000,9.5010000,9.7200000,9.2470000,9.4900000,24.300
15522_090101_130416,D,20091125,000000,9.4990000,9.5680000,9.1000000,9.2000000,40.700
15522_090101_130416,D,20091126,000000,9.2000000,9.2600000,8.6000000,8.8000000,35.300
15522_090101_130416,D,20091127,000000,8.2000000,8.9960000,8.2000000,8.9590000,33.800
15522_090101_130416,D,20091130,000000,8.9960000,8.9960000,8.8070000,8.9950000,29.400
15522_090101_130416,D,20091201,000000,9.1500000,9.1500000,8.5750000,8.9930000,34.100
15522_090101_130416,D,20091202,000000,9.1900000,9.8470000,8.7100000,9.3370000,199.000
15522_090101_130416,D,20091203,000000,9.8430000,9.9000000,9.4990000,9.4990000,113.100
15522_090101_130416,D,20091204,000000,9.8600000,9.8600000,9.5930000,9.7000000,14.600
15522_090101_130416,D,20091207,000000,9.7980000,9.7980000,9.4650000,9.6000000,13.900
15522_090101_130416,D,20091208,000000,9.4070000,9.6590000,9.3200000,9.5750000,16.800
15522_090101_130416,D,20091209,000000,9.5000000,9.5670000,9.5000000,9.5000000,23.800
15522_090101_130416,D,20091210,000000,9.4940000,9.5870000,9.4500000,9.5870000,3.900
15522_090101_130416,D,20091211,000000,9.2760000,9.5860000,9.2760000,9.5700000,10.400
15522_090101_130416,D,20091214,000000,9.5780000,9.8900000,9.5780000,9.8900000,24.900
15522_090101_130416,D,20091215,000000,9.8500000,9.8500000,9.5510000,9.8400000,122.800
15522_090101_130416,D,20091216,000000,9.8490000,9.8670000,8.9990000,9.4990000,179.300
15522_090101_130416,D,20091217,000000,9.4990000,9.6380000,9.2100000,9.2100000,23.600
15522_090101_130416,D,20091218,000000,9.4900000,10.2750000,9.3000000,9.9490000,522.100
15522_090101_130416,D,20091221,000000,9.7500000,10.6600000,9.7500000,10.6000000,304.200
15522_090101_130416,D,20091222,000000,10.3220000,10.7790000,9.7100000,10.4040000,307.500
15522_090101_130416,D,20091223,000000,10.1110000,10.8970000,10.1110000,10.5000000,421.500
15522_090101_130416,D,20091224,000000,10.5010000,10.5010000,9.7000000,10.0000000,114.400
15522_090101_130416,D,20091225,000000,10.0790000,10.5980000,10.0040000,10.1240000,144.000
15522_090101_130416,D,20091228,000000,10.0000000,10.5000000,9.8120000,10.1800000,496.900
15522_090101_130416,D,20091229,000000,10.2500000,10.7000000,10.2010000,10.6910000,67.000
15522_090101_130416,D,20091230,000000,10.6000000,10.6200000,10.1500000,10.4500000,90.800
15522_090101_130416,D,20091231,000000,10.4000000,10.5000000,10.3000000,10.3200000,24.700
15522_090101_130416,D,20100111,000000,10.7000000,10.8500000,10.4530000,10.6060000,81.100
15522_090101_130416,D,20100112,000000,10.7500000,10.9050000,10.6000000,10.9000000,87.800
15522_090101_130416,D,20100113,000000,10.5500000,11.3790000,10.5500000,11.3100000,189.000
15522_090101_130416,D,20100114,000000,11.5000000,12.4990000,11.4790000,11.7000000,120.000
15522_090101_130416,D,20100115,000000,11.9980000,12.0000000,11.2000000,11.8000000,82.600
15522_090101_130416,D,20100118,000000,11.5210000,11.8000000,11.4800000,11.6500000,80.500
15522_090101_130416,D,20100119,000000,11.5500000,11.5500000,10.6100000,11.3700000,124.300
15522_090101_130416,D,20100120,000000,11.7000000,11.7000000,11.3000000,11.4900000,34.300
15522_090101_130416,D,20100121,000000,11.4930000,11.6200000,11.0130000,11.6000000,66.600
15522_090101_130416,D,20100122,000000,11.3500000,11.5980000,10.9020000,11.1390000,107.000
15522_090101_130416,D,20100125,000000,11.0650000,11.1000000,10.8380000,10.8490000,69.600
15522_090101_130416,D,20100126,000000,10.8300000,10.9890000,10.6000000,10.8860000,50.500
15522_090101_130416,D,20100127,000000,10.9800000,11.0500000,10.4650000,10.9900000,110.700
15522_090101_130416,D,20100128,000000,11.0000000,11.1500000,10.9760000,11.0110000,92.500
15522_090101_130416,D,20100129,000000,10.8240000,11.1150000,10.8060000,11.1150000,43.200
15522_090101_130416,D,20100201,000000,10.9980000,11.2500000,10.9980000,11.1000000,28.000
15522_090101_130416,D,20100202,000000,11.1000000,11.4790000,11.1000000,11.1700000,43.400
15522_090101_130416,D,20100203,000000,11.4200000,11.4400000,11.1160000,11.1680000,25.000
15522_090101_130416,D,20100204,000000,11.1500000,11.1670000,10.9000000,10.9800000,67.400
15522_090101_130416,D,20100205,000000,10.8020000,10.8020000,10.1200000,10.4900000,103.200
15522_090101_130416,D,20100208,000000,10.4000000,10.7000000,10.2000000,10.4900000,318.400
15522_090101_130416,D,20100209,000000,10.5010000,10.8000000,10.3000000,10.5000000,53.900
15522_090101_130416,D,20100210,000000,10.6980000,10.7000000,10.5000000,10.5000000,24.600
15522_090101_130416,D,20100211,000000,10.6010000,10.6140000,10.1990000,10.5920000,52.400
15522_090101_130416,D,20100212,000000,10.5000000,10.7500000,10.2510000,10.2510000,41.800
15522_090101_130416,D,20100215,000000,10.2990000,10.5940000,10.2990000,10.5900000,53.300
15522_090101_130416,D,20100216,000000,10.5950000,10.7500000,10.3240000,10.7500000,74.700
15522_090101_130416,D,20100217,000000,10.7600000,11.3000000,10.5010000,11.3000000,221.100
15522_090101_130416,D,20100218,000000,11.1300000,11.5000000,11.1000000,11.4740000,120.000
15522_090101_130416,D,20100219,000000,11.1500000,11.4790000,10.9100000,11.4790000,38.800
15522_090101_130416,D,20100224,000000,11.8980000,11.8980000,11.0300000,11.3800000,38.500
15522_090101_130416,D,20100225,000000,11.4940000,11.4940000,10.9000000,11.1660000,54.900
15522_090101_130416,D,20100226,000000,11.0130000,11.1700000,10.9000000,11.1640000,23.100
15522_090101_130416,D,20100227,000000,11.1840000,11.1960000,10.9640000,11.1380000,36.400
15522_090101_130416,D,20100301,000000,11.1500000,11.3930000,10.9740000,11.0990000,36.500
15522_090101_130416,D,20100302,000000,11.0560000,11.2700000,11.0000000,11.2600000,59.800
15522_090101_130416,D,20100303,000000,11.2480000,11.8000000,11.2000000,11.3000000,111.300
15522_090101_130416,D,20100304,000000,11.2600000,11.5000000,11.2500000,11.3500000,17.900
15522_090101_130416,D,20100305,000000,11.3480000,11.7000000,11.2400000,11.3550000,42.500
15522_090101_130416,D,20100309,000000,11.3950000,11.4980000,11.3950000,11.4980000,53.200
15522_090101_130416,D,20100310,000000,11.4200000,11.8430000,11.4100000,11.7000000,145.000
15522_090101_130416,D,20100311,000000,11.4300000,11.6990000,11.4210000,11.5300000,56.600
15522_090101_130416,D,20100312,000000,11.5280000,11.7400000,11.4710000,11.5000000,77.400
15522_090101_130416,D,20100315,000000,11.5100000,11.6490000,11.4280000,11.5000000,98.100
15522_090101_130416,D,20100316,000000,11.6990000,11.6990000,11.5000000,11.6000000,54.500
15522_090101_130416,D,20100317,000000,11.6780000,12.9500000,11.6070000,12.5400000,414.100
15522_090101_130416,D,20100318,000000,12.5500000,13.1500000,12.2000000,12.7890000,654.300
15522_090101_130416,D,20100319,000000,12.6990000,12.7480000,12.4500000,12.5200000,94.100
15522_090101_130416,D,20100322,000000,12.7460000,12.8010000,12.4050000,12.7000000,133.100
15522_090101_130416,D,20100323,000000,12.4270000,12.5500000,12.3190000,12.5410000,26.300
15522_090101_130416,D,20100324,000000,12.7200000,12.7200000,12.3410000,12.7000000,27.800
15522_090101_130416,D,20100325,000000,12.2980000,12.9000000,12.2760000,12.7750000,167.900
15522_090101_130416,D,20100326,000000,12.9000000,13.7900000,12.9000000,13.4900000,450.000
15522_090101_130416,D,20100329,000000,13.5000000,13.5360000,13.2220000,13.4590000,55.700
15522_090101_130416,D,20100330,000000,13.4980000,13.5000000,13.3040000,13.4590000,7.300
15522_090101_130416,D,20100331,000000,13.4590000,13.5000000,13.2670000,13.4500000,87.600
15522_090101_130416,D,20100401,000000,13.4900000,13.5200000,13.3000000,13.3220000,67.500
15522_090101_130416,D,20100402,000000,13.5100000,13.5200000,13.2000000,13.2050000,102.100
15522_090101_130416,D,20100405,000000,13.2700000,13.4780000,13.0020000,13.4780000,63.100
15522_090101_130416,D,20100406,000000,13.1140000,13.4980000,13.1140000,13.3980000,69.300
15522_090101_130416,D,20100407,000000,13.4500000,13.4500000,13.1000000,13.3000000,104.100
15522_090101_130416,D,20100408,000000,13.3000000,13.7650000,13.2000000,13.7650000,191.700
15522_090101_130416,D,20100409,000000,13.7980000,14.2500000,13.6500000,14.1500000,43.900
15522_090101_130416,D,20100412,000000,14.3500000,14.6500000,14.0010000,14.0350000,151.000
15522_090101_130416,D,20100413,000000,14.0000000,14.2480000,14.0000000,14.2000000,81.300
15522_090101_130416,D,20100414,000000,14.5150000,14.7000000,14.0790000,14.1520000,64.800
15522_090101_130416,D,20100415,000000,14.1510000,14.1510000,13.4000000,13.8260000,148.200
15522_090101_130416,D,20100416,000000,13.8260000,13.8300000,13.5000000,13.5500000,146.000
15522_090101_130416,D,20100419,000000,13.5000000,14.0000000,12.9020000,13.4050000,115.400
15522_090101_130416,D,20100420,000000,14.4550000,14.4610000,13.5020000,13.7000000,138.000
15522_090101_130416,D,20100421,000000,13.7980000,14.0000000,13.0500000,13.2200000,201.300
15522_090101_130416,D,20100422,000000,13.3000000,13.5810000,13.0020000,13.2000000,23.000
15522_090101_130416,D,20100423,000000,13.2000000,13.4470000,12.8960000,13.1890000,65.600
15522_090101_130416,D,20100426,000000,13.1990000,13.6000000,13.1990000,13.6000000,75.700
15522_090101_130416,D,20100427,000000,13.2010000,13.3990000,13.1100000,13.2000000,79.300
15522_090101_130416,D,20100428,000000,13.1450000,13.1450000,12.8000000,12.8000000,67.100
15522_090101_130416,D,20100429,000000,13.1840000,14.7000000,13.1140000,13.7630000,1.028.700
15522_090101_130416,D,20100430,000000,13.7840000,14.0000000,13.4000000,13.9770000,45.400
15522_090101_130416,D,20100504,000000,14.0700000,14.3390000,13.2000000,13.2540000,222.700
15522_090101_130416,D,20100505,000000,13.6000000,13.6000000,12.4500000,12.4500000,128.700
15522_090101_130416,D,20100506,000000,12.4110000,12.8070000,11.6150000,12.4920000,70.600
15522_090101_130416,D,20100507,000000,12.1000000,12.1000000,11.6500000,12.1000000,73.000
15522_090101_130416,D,20100511,000000,12.3010000,12.7210000,11.8000000,12.0000000,98.600
15522_090101_130416,D,20100512,000000,12.0010000,12.2990000,11.7990000,12.2970000,62.700
15522_090101_130416,D,20100513,000000,12.3000000,12.5100000,12.1330000,12.3440000,86.600
15522_090101_130416,D,20100514,000000,12.0020000,12.0020000,12.0000000,12.0000000,10.600
15522_090101_130416,D,20100517,000000,11.8500000,12.0000000,11.6830000,11.8990000,20.800
15522_090101_130416,D,20100518,000000,12.0000000,12.0000000,11.4000000,11.7500000,120.700
15522_090101_130416,D,20100519,000000,11.6970000,11.6970000,11.0000000,11.5370000,36.600
15522_090101_130416,D,20100520,000000,11.6800000,11.6800000,10.5200000,10.5200000,64.400
15522_090101_130416,D,20100521,000000,10.2210000,10.7970000,10.2000000,10.4000000,25.300
15522_090101_130416,D,20100524,000000,10.8300000,10.9860000,10.4000000,10.7000000,42.300
15522_090101_130416,D,20100525,000000,10.5000000,10.7000000,9.7560000,9.9100000,31.900
15522_090101_130416,D,20100526,000000,10.4300000,10.6300000,10.0000000,10.2500000,6.800
15522_090101_130416,D,20100527,000000,10.3200000,11.5900000,10.3200000,10.9770000,37.400
15522_090101_130416,D,20100528,000000,11.4000000,11.7000000,10.8020000,10.9990000,17.300
15522_090101_130416,D,20100531,000000,11.3000000,11.3000000,11.0320000,11.2490000,39.300
15522_090101_130416,D,20100601,000000,10.9000000,10.9570000,10.8300000,10.9570000,17.400
15522_090101_130416,D,20100602,000000,10.8300000,11.2980000,10.5520000,11.0190000,22.300
15522_090101_130416,D,20100603,000000,11.6980000,11.6980000,11.2000000,11.2000000,45.700
15522_090101_130416,D,20100604,000000,11.2490000,11.2500000,11.0700000,11.0700000,24.400
15522_090101_130416,D,20100607,000000,10.8880000,10.9720000,10.8000000,10.9610000,19.200
15522_090101_130416,D,20100608,000000,11.4400000,11.4400000,10.5000000,10.8830000,40.900
15522_090101_130416,D,20100609,000000,11.3900000,11.3900000,11.1500000,11.1900000,8.200
15522_090101_130416,D,20100610,000000,10.8830000,11.0500000,10.8650000,10.8680000,30.100
15522_090101_130416,D,20100611,000000,11.0000000,11.4000000,10.8000000,10.8500000,24.800
15522_090101_130416,D,20100615,000000,11.3930000,11.4000000,11.0800000,11.1000000,21.600
15522_090101_130416,D,20100616,000000,11.3000000,11.3660000,10.8030000,10.9000000,28.600
15522_090101_130416,D,20100617,000000,11.1100000,11.3000000,10.8000000,11.0080000,48.200
15522_090101_130416,D,20100618,000000,10.9040000,11.1990000,10.9000000,11.1990000,16.000
15522_090101_130416,D,20100621,000000,11.2200000,11.2980000,11.0000000,11.0100000,91.800
15522_090101_130416,D,20100622,000000,11.0510000,11.2980000,10.7410000,11.1980000,24.700
15522_090101_130416,D,20100623,000000,11.1890000,11.2990000,11.0260000,11.2400000,7.200
15522_090101_130416,D,20100624,000000,11.0350000,11.0350000,11.0300000,11.0300000,300
15522_090101_130416,D,20100625,000000,11.0230000,11.0230000,10.7330000,10.9600000,16.000
15522_090101_130416,D,20100628,000000,10.9000000,11.0000000,10.8500000,10.8500000,29.200
15522_090101_130416,D,20100629,000000,10.8060000,10.8500000,10.7310000,10.7310000,5.500
15522_090101_130416,D,20100630,000000,10.7500000,11.1000000,10.7000000,10.9500000,66.300
15522_090101_130416,D,20100701,000000,11.3800000,11.3800000,10.0100000,10.3000000,48.000
15522_090101_130416,D,20100702,000000,10.6470000,11.1900000,10.3010000,10.9000000,39.900
15522_090101_130416,D,20100705,000000,11.1000000,11.1700000,10.7210000,11.1700000,7.300
15522_090101_130416,D,20100706,000000,11.1900000,11.2990000,10.6880000,11.2500000,32.900
15522_090101_130416,D,20100707,000000,11.2000000,11.2000000,10.6000000,11.0000000,82.100
15522_090101_130416,D,20100708,000000,11.1990000,11.4000000,10.3000000,11.3500000,115.800
15522_090101_130416,D,20100709,000000,11.1000000,11.1500000,11.0000000,11.1500000,30.300
15522_090101_130416,D,20100712,000000,11.1360000,11.2500000,10.8840000,11.0900000,13.400
15522_090101_130416,D,20100713,000000,11.2260000,11.4800000,11.1890000,11.1890000,37.000
15522_090101_130416,D,20100714,000000,11.2000000,11.3990000,11.1650000,11.1650000,13.400
15522_090101_130416,D,20100715,000000,11.1980000,11.2560000,11.1530000,11.1530000,34.700
15522_090101_130416,D,20100716,000000,11.0710000,11.1090000,10.9100000,11.0490000,68.400
15522_090101_130416,D,20100719,000000,10.6500000,11.3450000,10.5010000,11.1530000,58.000
15522_090101_130416,D,20100720,000000,11.2000000,11.2700000,11.0000000,11.1570000,26.300
15522_090101_130416,D,20100721,000000,10.7000000,11.3900000,10.7000000,11.2310000,86.600
15522_090101_130416,D,20100722,000000,11.2310000,11.3000000,11.1500000,11.1510000,64.200
15522_090101_130416,D,20100723,000000,11.2690000,11.3000000,11.1500000,11.1510000,28.900
15522_090101_130416,D,20100726,000000,11.2680000,11.4000000,11.2000000,11.2700000,17.800
15522_090101_130416,D,20100727,000000,11.3810000,11.4000000,11.0000000,11.2990000,175.900
15522_090101_130416,D,20100728,000000,11.1580000,11.2690000,11.0700000,11.2000000,20.200
15522_090101_130416,D,20100729,000000,11.2890000,11.2900000,10.8000000,11.2740000,15.900
15522_090101_130416,D,20100730,000000,11.2760000,11.2770000,11.1590000,11.2630000,10.700
15522_090101_130416,D,20100802,000000,11.2640000,11.4000000,11.1220000,11.3000000,68.600
15522_090101_130416,D,20100803,000000,11.3000000,11.3980000,11.1510000,11.2870000,37.600
15522_090101_130416,D,20100804,000000,11.1580000,11.3700000,11.1530000,11.1610000,27.000
15522_090101_130416,D,20100805,000000,11.3390000,11.3420000,11.1730000,11.3020000,3.400
15522_090101_130416,D,20100806,000000,11.3000000,11.3000000,11.1610000,11.2570000,1.800
15522_090101_130416,D,20100809,000000,11.2420000,11.3000000,11.2000000,11.3000000,49.900
15522_090101_130416,D,20100810,000000,11.1610000,11.2000000,11.0000000,11.0000000,44.700
15522_090101_130416,D,20100811,000000,10.9380000,10.9980000,10.8000000,10.9970000,2.800
15522_090101_130416,D,20100812,000000,10.9990000,11.0000000,10.3310000,10.8000000,54.400
15522_090101_130416,D,20100813,000000,11.0000000,11.0000000,10.8000000,10.9000000,14.200
15522_090101_130416,D,20100816,000000,10.7790000,10.9920000,10.6990000,10.8000000,47.900
15522_090101_130416,D,20100817,000000,10.8950000,10.9820000,10.7900000,10.9820000,64.500
15522_090101_130416,D,20100818,000000,10.9000000,11.0470000,10.9000000,10.9100000,158.500
15522_090101_130416,D,20100819,000000,11.0000000,11.2400000,10.9110000,10.9190000,34.900
15522_090101_130416,D,20100820,000000,11.0480000,11.3510000,10.9000000,11.1500000,93.900
15522_090101_130416,D,20100823,000000,11.1500000,11.1990000,11.0010000,11.0010000,6.300
15522_090101_130416,D,20100824,000000,11.2000000,11.3000000,10.9110000,10.9110000,53.700
15522_090101_130416,D,20100825,000000,10.9110000,11.0450000,10.7120000,10.7200000,49.200
15522_090101_130416,D,20100826,000000,10.8960000,11.0490000,10.8100000,10.8610000,25.400
15522_090101_130416,D,20100827,000000,10.9990000,11.0000000,10.8500000,11.0000000,14.200
15522_090101_130416,D,20100830,000000,11.0000000,11.0840000,10.9500000,11.0840000,66.400
15522_090101_130416,D,20100831,000000,10.9800000,11.0000000,10.7700000,10.9990000,15.500
15522_090101_130416,D,20100901,000000,11.0000000,11.0000000,10.9000000,11.0000000,13.400
15522_090101_130416,D,20100902,000000,10.9030000,10.9030000,10.8000000,10.9030000,60.400
15522_090101_130416,D,20100903,000000,11.0000000,11.2580000,11.0000000,11.2280000,119.600
15522_090101_130416,D,20100906,000000,11.2710000,11.2710000,11.0290000,11.1690000,200.000
15522_090101_130416,D,20100907,000000,11.2400000,11.3500000,11.1590000,11.2500000,203.300
15522_090101_130416,D,20100908,000000,11.1680000,11.2330000,11.1680000,11.2330000,24.700
15522_090101_130416,D,20100909,000000,11.3000000,11.3500000,11.0000000,11.3500000,308.400
15522_090101_130416,D,20100910,000000,11.3500000,11.4500000,11.2710000,11.4000000,153.600
15522_090101_130416,D,20100913,000000,11.3980000,11.4380000,11.3010000,11.4000000,31.900
15522_090101_130416,D,20100914,000000,11.3500000,11.7500000,11.3500000,11.6500000,348.800
15522_090101_130416,D,20100915,000000,11.7300000,12.1000000,11.7060000,12.1000000,273.900
15522_090101_130416,D,20100916,000000,12.0000000,12.3000000,11.8500000,11.8500000,198.400
15522_090101_130416,D,20100917,000000,11.9990000,12.2000000,11.9010000,11.9900000,338.800
15522_090101_130416,D,20100920,000000,12.0000000,12.0000000,11.9100000,12.0000000,26.600
15522_090101_130416,D,20100921,000000,12.0000000,12.0500000,11.9000000,12.0460000,19.700
15522_090101_130416,D,20100922,000000,11.9050000,12.1950000,11.9050000,12.1950000,52.200
15522_090101_130416,D,20100923,000000,12.0500000,12.1000000,11.9200000,12.0500000,39.900
15522_090101_130416,D,20100924,000000,12.1270000,12.1500000,12.0000000,12.0990000,116.500
15522_090101_130416,D,20100927,000000,12.0500000,12.0700000,11.9020000,12.0000000,162.900
15522_090101_130416,D,20100928,000000,11.8030000,12.0100000,11.8020000,12.0100000,15.100
15522_090101_130416,D,20100929,000000,12.0100000,12.2000000,11.8500000,12.0280000,59.300
15522_090101_130416,D,20100930,000000,12.0200000,12.2000000,12.0000000,12.2000000,37.500
15522_090101_130416,D,20101001,000000,12.1980000,12.1980000,11.8750000,12.0870000,105.400
15522_090101_130416,D,20101004,000000,12.0000000,12.0500000,11.9990000,12.0000000,15.200
15522_090101_130416,D,20101005,000000,12.0030000,12.0030000,11.8500000,11.9450000,55.100
15522_090101_130416,D,20101006,000000,11.8510000,12.0890000,11.8500000,11.9980000,28.000
15522_090101_130416,D,20101007,000000,11.8520000,11.9980000,11.8500000,11.8500000,8.000
15522_090101_130416,D,20101008,000000,11.9000000,11.9900000,11.8480000,11.9900000,7.400
15522_090101_130416,D,20101011,000000,11.8600000,11.9500000,11.8510000,11.9390000,44.500
15522_090101_130416,D,20101012,000000,11.8000000,11.9990000,11.7640000,11.9450000,18.100
15522_090101_130416,D,20101013,000000,11.9880000,12.1000000,11.7600000,12.1000000,161.700
15522_090101_130416,D,20101014,000000,12.1000000,12.1000000,11.8810000,11.8980000,97.900
15522_090101_130416,D,20101015,000000,11.9980000,12.2000000,11.9980000,12.1490000,162.200
15522_090101_130416,D,20101018,000000,12.1300000,12.2000000,12.0000000,12.1000000,212.300
15522_090101_130416,D,20101019,000000,12.1500000,13.2000000,12.1000000,13.0030000,592.300
15522_090101_130416,D,20101020,000000,12.9700000,13.2000000,12.9000000,13.2000000,64.500
15522_090101_130416,D,20101021,000000,13.0010000,13.5000000,12.9500000,13.1120000,261.800
15522_090101_130416,D,20101022,000000,13.3500000,13.8000000,13.0800000,13.7500000,156.400
15522_090101_130416,D,20101025,000000,13.7510000,14.2000000,13.7510000,13.9110000,198.500
15522_090101_130416,D,20101026,000000,14.4000000,14.4000000,13.7020000,14.2700000,253.900
15522_090101_130416,D,20101027,000000,14.2500000,14.5000000,14.0580000,14.5000000,150.300
15522_090101_130416,D,20101028,000000,14.3000000,14.9000000,14.3000000,14.8730000,144.000
15522_090101_130416,D,20101029,000000,14.9950000,15.0000000,14.5000000,14.8220000,114.200
15522_090101_130416,D,20101101,000000,14.9950000,15.2990000,14.9000000,15.0000000,210.600
15522_090101_130416,D,20101102,000000,15.2480000,15.2500000,14.8500000,15.2490000,136.400
15522_090101_130416,D,20101103,000000,15.0000000,15.7490000,15.0000000,15.6880000,436.400
15522_090101_130416,D,20101108,000000,15.7000000,15.7690000,15.5000000,15.7610000,154.300
15522_090101_130416,D,20101109,000000,15.2290000,15.7490000,14.8500000,15.4600000,90.900
15522_090101_130416,D,20101110,000000,15.3170000,16.0000000,15.3150000,15.9980000,243.600
15522_090101_130416,D,20101111,000000,15.9070000,16.4400000,15.9000000,15.9070000,57.300
15522_090101_130416,D,20101112,000000,15.9070000,16.0990000,15.5000000,16.0990000,120.000
15522_090101_130416,D,20101113,000000,16.1000000,16.1500000,15.6000000,16.0600000,52.600
15522_090101_130416,D,20101115,000000,15.9500000,16.2480000,15.9500000,16.0000000,85.300
15522_090101_130416,D,20101116,000000,15.8010000,16.0340000,15.6000000,15.8000000,314.300
15522_090101_130416,D,20101117,000000,15.8000000,15.9680000,15.7990000,15.9000000,79.200
15522_090101_130416,D,20101118,000000,15.9000000,15.9000000,15.7500000,15.8500000,80.200
15522_090101_130416,D,20101119,000000,15.8500000,19.8800000,15.8500000,17.8010000,669.400
15522_090101_130416,D,20101122,000000,17.5000000,18.0000000,16.5990000,16.9000000,309.300
15522_090101_130416,D,20101123,000000,17.0000000,17.0000000,16.2000000,17.0000000,97.300
15522_090101_130416,D,20101124,000000,16.9000000,16.9000000,16.2000000,16.4500000,43.100
15522_090101_130416,D,20101125,000000,16.3500000,16.3500000,16.0500000,16.2000000,121.800
15522_090101_130416,D,20101126,000000,16.2000000,16.2500000,15.9500000,16.1500000,298.600
15522_090101_130416,D,20101129,000000,16.1500000,16.1500000,15.9000000,16.1300000,99.400
15522_090101_130416,D,20101130,000000,16.0020000,16.3000000,15.9050000,16.1960000,62.600
15522_090101_130416,D,20101201,000000,16.2500000,16.2900000,16.0000000,16.2620000,183.200
15522_090101_130416,D,20101202,000000,16.2200000,16.3000000,16.1500000,16.3000000,83.200
15522_090101_130416,D,20101203,000000,16.2500000,16.3000000,16.1000000,16.2500000,84.700
15522_090101_130416,D,20101206,000000,16.2400000,16.8560000,16.0000000,16.3010000,45.100
15522_090101_130416,D,20101207,000000,16.3000000,16.3000000,16.0000000,16.2100000,293.800
15522_090101_130416,D,20101208,000000,16.2140000,17.0000000,16.1080000,16.6490000,95.600
15522_090101_130416,D,20101209,000000,16.6300000,16.8970000,16.4000000,16.5000000,49.800
15522_090101_130416,D,20101210,000000,16.8650000,16.8650000,16.3200000,16.4880000,14.600
15522_090101_130416,D,20101213,000000,16.3010000,16.4310000,16.2230000,16.2270000,53.000
15522_090101_130416,D,20101214,000000,16.2520000,16.4300000,16.2300000,16.4100000,75.800
15522_090101_130416,D,20101215,000000,16.4100000,16.6270000,16.3010000,16.4950000,18.300
15522_090101_130416,D,20101216,000000,16.2150000,16.5000000,16.2150000,16.4840000,18.600
15522_090101_130416,D,20101217,000000,16.4000000,16.4000000,16.1020000,16.3700000,34.100
15522_090101_130416,D,20101220,000000,16.1010000,16.2000000,16.1000000,16.1000000,25.900
15522_090101_130416,D,20101221,000000,16.2000000,16.2500000,16.1000000,16.2200000,175.100
15522_090101_130416,D,20101222,000000,16.4000000,16.4000000,16.2000000,16.3480000,55.800
15522_090101_130416,D,20101223,000000,16.3490000,16.4000000,16.2000000,16.2650000,75.900
15522_090101_130416,D,20101224,000000,16.4850000,16.4850000,16.2000000,16.2000000,44.100
15522_090101_130416,D,20101227,000000,16.3000000,16.4500000,16.2000000,16.2050000,25.600
15522_090101_130416,D,20101228,000000,16.2110000,16.3560000,16.2000000,16.2500000,36.300
15522_090101_130416,D,20101229,000000,16.4900000,16.4900000,16.2000000,16.3490000,41.200
15522_090101_130416,D,20101230,000000,16.2370000,16.4000000,16.2000000,16.3500000,43.600
15522_090101_130416,D,20110111,000000,16.5000000,16.5000000,16.2500000,16.5000000,56.600
15522_090101_130416,D,20110112,000000,16.5000000,16.7000000,16.3500000,16.5000000,205.900
15522_090101_130416,D,20110113,000000,16.5990000,16.6000000,16.2100000,16.4990000,63.700
15522_090101_130416,D,20110114,000000,16.5990000,18.3600000,16.5920000,17.3100000,568.100
15522_090101_130416,D,20110117,000000,17.5700000,18.7300000,17.3030000,18.2000000,467.700
15522_090101_130416,D,20110118,000000,18.3500000,18.5000000,17.8130000,17.9900000,253.000
15522_090101_130416,D,20110119,000000,17.7920000,17.9930000,17.6560000,17.6580000,74.600
15522_090101_130416,D,20110120,000000,17.5500000,17.6500000,17.0080000,17.3680000,59.700
15522_090101_130416,D,20110121,000000,17.6500000,17.7990000,17.3100000,17.4010000,51.500
15522_090101_130416,D,20110124,000000,17.4100000,17.9000000,17.3000000,17.6320000,78.300
15522_090101_130416,D,20110125,000000,17.6320000,17.9980000,17.6000000,17.8270000,57.100
15522_090101_130416,D,20110126,000000,17.9990000,18.3690000,17.6590000,17.9990000,42.900
15522_090101_130416,D,20110127,000000,17.7210000,17.8350000,17.3600000,17.3900000,71.400
15522_090101_130416,D,20110128,000000,17.3820000,17.5510000,17.0150000,17.0160000,63.300
15522_090101_130416,D,20110131,000000,17.3490000,17.3490000,17.0000000,17.1000000,16.100
15522_090101_130416,D,20110201,000000,16.9880000,17.1000000,15.0000000,16.9030000,95.400
15522_090101_130416,D,20110202,000000,17.1000000,17.1000000,16.6000000,16.6500000,29.600
15522_090101_130416,D,20110203,000000,16.6500000,16.7990000,16.0000000,16.5980000,111.100
15522_090101_130416,D,20110204,000000,16.1100000,16.5000000,16.0000000,16.3800000,165.000
15522_090101_130416,D,20110207,000000,16.5850000,16.5850000,16.0010000,16.0970000,74.300
15522_090101_130416,D,20110208,000000,16.2990000,16.2990000,16.0780000,16.2490000,28.500
15522_090101_130416,D,20110209,000000,16.0030000,16.1400000,16.0000000,16.0970000,97.200
15522_090101_130416,D,20110210,000000,16.0020000,16.3460000,16.0000000,16.3000000,34.400
15522_090101_130416,D,20110211,000000,16.3300000,16.3390000,15.2500000,15.8000000,426.200
15522_090101_130416,D,20110214,000000,15.8000000,15.9950000,15.8000000,15.9000000,14.800
15522_090101_130416,D,20110215,000000,16.1900000,16.1990000,15.8030000,16.0150000,31.500
15522_090101_130416,D,20110216,000000,16.1890000,16.3000000,16.1400000,16.2000000,37.200
15522_090101_130416,D,20110217,000000,16.1950000,16.1950000,16.0010000,16.1870000,6.600
15522_090101_130416,D,20110218,000000,16.0000000,16.0160000,16.0000000,16.0000000,10.200
15522_090101_130416,D,20110221,000000,16.1940000,16.1940000,15.8500000,16.1690000,3.600
15522_090101_130416,D,20110222,000000,15.8010000,16.0000000,15.7500000,16.0000000,23.500
15522_090101_130416,D,20110224,000000,15.5510000,15.8470000,15.5500000,15.5560000,35.000
15522_090101_130416,D,20110225,000000,15.1110000,16.1950000,15.1000000,16.0010000,41.600
15522_090101_130416,D,20110228,000000,16.1950000,16.5000000,15.7570000,16.1560000,44.300
15522_090101_130416,D,20110301,000000,15.8550000,16.4440000,15.8530000,16.0670000,35.900
15522_090101_130416,D,20110302,000000,15.9500000,16.0500000,15.9400000,16.0490000,13.700
15522_090101_130416,D,20110303,000000,16.1670000,16.5000000,15.7000000,16.0990000,107.000
15522_090101_130416,D,20110304,000000,16.2720000,16.2720000,15.7490000,15.9980000,800
15522_090101_130416,D,20110305,000000,16.0940000,16.1000000,16.0900000,16.0900000,1.100
15522_090101_130416,D,20110309,000000,15.9990000,16.1890000,15.8200000,16.0010000,23.100
15522_090101_130416,D,20110310,000000,16.0000000,16.0010000,15.7520000,16.0000000,79.400
15522_090101_130416,D,20110311,000000,15.9000000,16.0000000,15.8400000,15.8600000,11.900
15522_090101_130416,D,20110314,000000,15.7000000,16.0990000,15.7000000,16.0000000,71.900
15522_090101_130416,D,20110315,000000,15.7000000,15.9000000,15.6000000,15.8000000,107.300
15522_090101_130416,D,20110316,000000,15.8500000,16.0800000,15.5520000,16.0000000,82.900
15522_090101_130416,D,20110317,000000,15.9330000,15.9900000,15.8010000,15.8500000,39.600
15522_090101_130416,D,20110318,000000,15.9890000,15.9950000,15.8500000,15.9950000,70.600
15522_090101_130416,D,20110321,000000,15.9950000,15.9950000,15.9950000,15.9950000,200
15522_090101_130416,D,20110322,000000,15.8510000,15.9500000,15.8510000,15.9400000,81.700
15522_090101_130416,D,20110323,000000,15.8500000,16.0610000,15.8500000,16.0500000,57.000
15522_090101_130416,D,20110324,000000,16.0000000,16.2190000,16.0000000,16.0520000,10.700
15522_090101_130416,D,20110325,000000,16.1010000,16.2700000,15.9000000,16.2700000,149.400
15522_090101_130416,D,20110328,000000,16.2700000,16.3500000,16.0190000,16.0930000,13.300
15522_090101_130416,D,20110329,000000,16.1200000,16.1200000,16.0000000,16.0930000,116.200
15522_090101_130416,D,20110330,000000,15.9000000,16.7000000,15.9000000,16.6990000,317.900
15522_090101_130416,D,20110331,000000,16.5020000,16.8330000,16.1310000,16.4960000,189.800
15522_090101_130416,D,20110401,000000,16.6590000,16.6590000,15.5000000,16.2000000,41.900
15522_090101_130416,D,20110404,000000,16.0110000,16.1470000,14.5000000,15.2270000,439.800
15522_090101_130416,D,20110405,000000,15.3100000,15.3100000,14.9500000,15.2060000,178.300
15522_090101_130416,D,20110406,000000,15.2050000,15.5430000,15.1700000,15.5250000,44.100
15522_090101_130416,D,20110407,000000,15.2530000,15.7490000,15.2530000,15.6000000,78.500
15522_090101_130416,D,20110408,000000,15.7300000,15.7300000,15.0000000,15.4970000,171.500
15522_090101_130416,D,20110411,000000,15.3510000,15.6890000,15.3510000,15.4000000,39.300
15522_090101_130416,D,20110412,000000,15.3520000,15.7300000,15.3500000,15.4000000,39.500
15522_090101_130416,D,20110413,000000,15.4000000,15.7700000,15.3700000,15.5090000,27.200
15522_090101_130416,D,20110414,000000,15.4750000,15.7810000,15.3000000,15.4490000,65.400
15522_090101_130416,D,20110415,000000,15.4710000,15.6480000,15.4710000,15.5000000,2.600
15522_090101_130416,D,20110418,000000,15.4710000,15.5700000,15.2500000,15.4710000,30.600
15522_090101_130416,D,20110419,000000,15.4080000,15.8000000,15.2500000,15.3000000,41.200
15522_090101_130416,D,20110420,000000,15.7410000,15.7410000,15.3000000,15.4960000,15.400
15522_090101_130416,D,20110421,000000,15.4970000,15.4980000,15.3000000,15.3330000,16.000
15522_090101_130416,D,20110422,000000,15.4970000,15.5000000,15.3520000,15.4890000,24.900
15522_090101_130416,D,20110425,000000,15.3090000,15.8390000,15.3090000,15.8000000,37.300
15522_090101_130416,D,20110426,000000,15.4030000,15.6010000,15.4000000,15.6000000,208.600
15522_090101_130416,D,20110427,000000,15.7480000,15.8500000,15.4020000,15.5500000,39.800
15522_090101_130416,D,20110428,000000,15.5510000,15.8500000,15.5510000,15.7500000,129.000
15522_090101_130416,D,20110429,000000,15.6050000,15.7500000,15.6000000,15.7500000,11.200
15522_090101_130416,D,20110503,000000,15.8360000,15.8500000,15.5000000,15.6500000,81.200
15522_090101_130416,D,20110504,000000,15.6010000,15.6500000,15.5000000,15.5000000,18.300
15522_090101_130416,D,20110505,000000,15.6010000,15.7200000,15.6000000,15.7200000,23.300
15522_090101_130416,D,20110506,000000,15.6400000,15.7500000,15.6400000,15.7500000,19.700
15522_090101_130416,D,20110510,000000,15.7010000,15.8350000,15.7000000,15.7020000,4.900
15522_090101_130416,D,20110511,000000,15.7500000,15.8200000,15.7500000,15.8150000,25.100
15522_090101_130416,D,20110512,000000,15.6990000,15.7970000,15.6000000,15.7970000,84.000
15522_090101_130416,D,20110513,000000,15.6530000,15.7500000,15.6530000,15.7000000,642.400
15522_090101_130416,D,20110516,000000,15.3030000,15.5990000,15.0150000,15.5950000,9.400
15522_090101_130416,D,20110517,000000,15.6530000,15.6530000,14.8260000,15.0000000,14.400
15522_090101_130416,D,20110518,000000,15.5880000,15.5880000,15.0110000,15.0110000,1.300
15522_090101_130416,D,20110519,000000,15.3990000,15.3990000,15.0350000,15.3990000,16.000
15522_090101_130416,D,20110520,000000,15.0110000,15.4660000,15.0100000,15.0390000,24.400
15522_090101_130416,D,20110523,000000,15.0100000,15.2900000,14.5000000,14.5500000,253.200
15522_090101_130416,D,20110524,000000,14.5500000,14.8000000,14.5020000,14.8000000,41.800
15522_090101_130416,D,20110525,000000,14.2520000,15.2940000,13.6000000,14.8800000,103.200
15522_090101_130416,D,20110526,000000,15.1800000,15.4600000,14.9010000,15.2990000,56.100
15522_090101_130416,D,20110527,000000,15.0110000,15.2000000,14.7000000,14.8040000,4.012.500
15522_090101_130416,D,20110530,000000,14.8500000,15.2960000,14.7970000,14.7970000,3.000
15522_090101_130416,D,20110531,000000,15.2970000,15.2970000,14.4000000,15.1500000,28.200
15522_090101_130416,D,20110601,000000,14.7000000,14.7000000,14.7000000,14.7000000,100
15522_090101_130416,D,20110602,000000,14.7010000,14.7010000,14.7000000,14.7000000,10.200
15522_090101_130416,D,20110603,000000,14.7000000,14.7790000,14.6000000,14.7790000,2.000
15522_090101_130416,D,20110606,000000,14.5040000,14.6470000,14.5000000,14.6470000,62.000
15522_090101_130416,D,20110607,000000,14.4000000,14.9960000,14.4000000,14.5020000,20.700
15522_090101_130416,D,20110608,000000,14.4020000,14.7530000,14.4000000,14.5100000,13.400
15522_090101_130416,D,20110609,000000,14.8000000,14.8000000,14.6000000,14.6000000,7.700
15522_090101_130416,D,20110610,000000,14.6000000,14.6000000,14.4200000,14.4200000,21.200
15522_090101_130416,D,20110614,000000,14.5010000,14.8690000,13.9500000,14.5870000,20.500
15522_090101_130416,D,20110615,000000,14.3010000,14.3010000,14.2560000,14.2560000,6.900
15522_090101_130416,D,20110616,000000,14.2990000,14.5590000,14.2990000,14.4000000,28.500
15522_090101_130416,D,20110617,000000,14.0090000,14.4200000,14.0000000,14.3000000,61.100
15522_090101_130416,D,20110620,000000,14.0540000,15.2450000,14.0540000,14.8800000,29.400
15522_090101_130416,D,20110621,000000,14.5100000,14.5100000,14.5100000,14.5100000,100
15522_090101_130416,D,20110622,000000,14.5100000,14.8930000,14.5100000,14.5310000,4.500
15522_090101_130416,D,20110623,000000,14.8890000,14.8890000,14.6400000,14.7930000,203.600
15522_090101_130416,D,20110624,000000,14.5510000,14.7890000,14.5000000,14.7100000,325.800
15522_090101_130416,D,20110627,000000,14.5040000,14.6000000,14.5040000,14.6000000,1.400
15522_090101_130416,D,20110628,000000,14.7560000,15.0940000,14.3000000,14.6500000,45.600
15522_090101_130416,D,20110629,000000,15.2970000,15.4150000,14.2500000,15.3500000,35.300
15522_090101_130416,D,20110630,000000,15.5300000,16.0500000,15.3400000,15.8000000,3.417.200
15522_090101_130416,D,20110701,000000,15.9500000,16.0000000,15.7000000,15.7990000,15.700
15522_090101_130416,D,20110704,000000,15.7000000,15.7000000,15.0000000,15.1000000,79.300
15522_090101_130416,D,20110705,000000,14.8110000,15.5540000,14.7600000,14.8100000,91.900
15522_090101_130416,D,20110706,000000,14.9610000,15.0000000,14.9610000,14.9620000,101.600
15522_090101_130416,D,20110707,000000,14.9990000,14.9990000,14.8000000,14.8510000,8.800
15522_090101_130416,D,20110708,000000,15.0000000,15.3760000,14.8500000,15.1490000,104.000
15522_090101_130416,D,20110711,000000,15.3000000,15.3900000,14.5000000,14.7000000,55.400
15522_090101_130416,D,20110712,000000,14.5110000,14.6590000,14.5000000,14.5700000,44.400
15522_090101_130416,D,20110713,000000,14.5170000,15.0000000,14.5140000,14.6010000,18.500
15522_090101_130416,D,20110714,000000,14.6200000,14.7010000,14.4500000,14.5500000,43.300
15522_090101_130416,D,20110715,000000,14.6000000,14.8000000,14.6000000,14.6120000,17.300
15522_090101_130416,D,20110718,000000,14.6000000,14.7490000,14.5000000,14.5000000,4.400
15522_090101_130416,D,20110719,000000,14.5070000,14.7250000,14.5000000,14.7250000,4.200
15522_090101_130416,D,20110720,000000,14.6010000,14.6890000,14.5550000,14.6850000,4.800
15522_090101_130416,D,20110721,000000,14.5600000,14.7420000,14.5600000,14.7050000,3.900
15522_090101_130416,D,20110722,000000,14.6520000,14.6520000,14.6500000,14.6520000,1.100
15522_090101_130416,D,20110725,000000,14.9840000,14.9890000,14.7010000,14.7090000,16.700
15522_090101_130416,D,20110726,000000,14.6020000,14.7000000,14.5000000,14.6010000,1.114.200
15522_090101_130416,D,20110727,000000,14.6500000,14.6500000,14.6500000,14.6500000,100
15522_090101_130416,D,20110728,000000,14.7980000,14.8000000,14.6160000,14.6300000,31.300
15522_090101_130416,D,20110729,000000,14.6300000,14.7480000,14.6250000,14.7010000,63.200
15522_090101_130416,D,20110801,000000,14.7010000,14.9770000,14.7000000,14.7000000,4.500
15522_090101_130416,D,20110802,000000,14.7200000,14.8400000,14.7000000,14.8400000,2.700
15522_090101_130416,D,20110803,000000,14.6500000,14.8000000,14.6500000,14.6600000,5.000
15522_090101_130416,D,20110804,000000,14.6300000,14.7480000,14.5700000,14.6110000,13.200
15522_090101_130416,D,20110805,000000,14.5000000,14.5080000,14.3700000,14.5070000,73.600
15522_090101_130416,D,20110808,000000,14.4000000,14.4920000,14.2900000,14.3700000,214.800
15522_090101_130416,D,20110809,000000,14.3700000,14.4600000,14.2500000,14.3500000,179.600
15522_090101_130416,D,20110810,000000,14.3500000,14.9000000,13.6500000,13.6500000,209.500
15522_090101_130416,D,20110811,000000,14.3660000,14.3660000,11.4360000,12.8000000,76.600
15522_090101_130416,D,20110812,000000,12.9000000,12.9170000,12.0010000,12.9000000,34.100
15522_090101_130416,D,20110815,000000,13.0000000,13.4000000,13.0000000,13.4000000,41.200
15522_090101_130416,D,20110816,000000,13.2000000,14.5000000,13.2000000,13.9950000,80.100
15522_090101_130416,D,20110817,000000,13.7450000,13.8000000,13.4010000,13.8000000,1.857.100
15522_090101_130416,D,20110818,000000,13.3050000,13.3050000,13.1000000,13.1000000,6.300
15522_090101_130416,D,20110819,000000,13.1000000,13.2990000,12.7000000,13.2990000,203.900
15522_090101_130416,D,20110822,000000,13.0010000,13.6790000,12.8710000,12.8710000,23.400
15522_090101_130416,D,20110823,000000,13.3960000,13.3960000,13.0000000,13.3950000,38.100
15522_090101_130416,D,20110824,000000,13.0010000,13.2900000,13.0000000,13.2900000,3.000
15522_090101_130416,D,20110825,000000,13.2960000,13.8000000,12.9010000,12.9010000,152.900
15522_090101_130416,D,20110826,000000,12.5130000,13.1500000,12.5020000,13.0000000,1.700
15522_090101_130416,D,20110829,000000,13.7970000,14.1000000,12.6250000,14.1000000,102.800
15522_090101_130416,D,20110830,000000,13.5100000,13.5200000,13.5060000,13.5100000,7.000
15522_090101_130416,D,20110831,000000,14.0000000,14.0000000,13.5360000,13.9770000,3.900
15522_090101_130416,D,20110901,000000,14.5130000,14.5130000,13.2000000,13.7380000,22.100
15522_090101_130416,D,20110902,000000,13.5020000,13.6990000,13.5020000,13.5500000,5.400
15522_090101_130416,D,20110905,000000,13.5150000,13.5150000,13.5000000,13.5000000,10.000
15522_090101_130416,D,20110906,000000,13.8980000,14.1540000,13.4000000,14.0000000,52.300
15522_090101_130416,D,20110907,000000,14.0000000,14.7900000,14.0000000,14.1990000,3.800
15522_090101_130416,D,20110908,000000,14.0740000,14.1000000,13.7500000,14.1000000,59.900
15522_090101_130416,D,20110909,000000,14.0020000,14.2000000,14.0000000,14.0000000,50.700
15522_090101_130416,D,20110912,000000,13.8000000,14.2000000,13.8000000,14.0000000,8.800
15522_090101_130416,D,20110913,000000,14.4000000,14.4000000,14.0000000,14.2700000,20.800
15522_090101_130416,D,20110914,000000,14.1010000,14.2700000,14.1010000,14.2700000,2.600
15522_090101_130416,D,20110915,000000,14.4000000,14.7000000,14.0000000,14.6190000,56.100
15522_090101_130416,D,20110916,000000,14.2110000,14.4990000,14.2100000,14.4990000,2.000
15522_090101_130416,D,20110919,000000,14.1500000,14.7890000,14.0000000,14.7890000,14.600
15522_090101_130416,D,20110920,000000,14.1500000,14.3000000,14.1500000,14.3000000,11.900
15522_090101_130416,D,20110921,000000,14.7900000,15.2300000,14.3010000,14.3010000,5.600
15522_090101_130416,D,20110922,000000,14.3010000,14.3010000,13.9500000,14.0000000,254.200
15522_090101_130416,D,20110923,000000,14.1000000,14.1490000,11.0000000,12.5500000,689.600
15522_090101_130416,D,20110926,000000,11.9010000,12.3980000,11.0150000,11.8500000,24.600
15522_090101_130416,D,20110927,000000,11.9800000,12.3600000,11.9800000,12.3500000,14.900
15522_090101_130416,D,20110928,000000,12.3500000,12.3500000,11.8500000,12.0100000,6.700
15522_090101_130416,D,20110929,000000,12.3480000,12.3480000,11.1000000,12.0500000,714.600
15522_090101_130416,D,20110930,000000,12.0000000,12.0080000,11.9500000,12.0010000,4.700
15522_090101_130416,D,20111003,000000,11.6120000,11.6120000,11.6000000,11.6000000,3.900
15522_090101_130416,D,20111004,000000,11.3010000,11.3010000,11.3000000,11.3000000,9.100
15522_090101_130416,D,20111005,000000,11.3000000,11.8790000,11.0000000,11.8790000,1.000
15522_090101_130416,D,20111006,000000,11.2060000,11.9950000,11.2050000,11.8890000,3.300
15522_090101_130416,D,20111007,000000,12.2930000,12.2930000,11.5650000,11.5650000,600
15522_090101_130416,D,20111011,000000,11.5650000,12.0000000,11.5010000,11.9500000,154.500
15522_090101_130416,D,20111012,000000,12.0000000,12.9980000,12.0000000,12.9980000,11.200
15522_090101_130416,D,20111013,000000,12.5280000,13.5000000,12.4990000,13.0990000,22.700
15522_090101_130416,D,20111014,000000,13.4980000,13.6000000,12.8000000,12.8000000,21.700
15522_090101_130416,D,20111017,000000,12.9800000,13.3000000,12.9800000,13.1200000,61.900
15522_090101_130416,D,20111018,000000,13.2890000,13.3000000,13.1500000,13.3000000,32.700
15522_090101_130416,D,20111019,000000,13.3010000,15.2000000,12.0500000,12.9310000,64.100
15522_090101_130416,D,20111020,000000,12.5560000,14.0000000,12.5510000,13.6000000,9.700
15522_090101_130416,D,20111021,000000,13.0260000,13.9700000,13.0260000,13.6490000,1.400
15522_090101_130416,D,20111024,000000,13.5000000,13.5000000,12.9500000,13.4000000,22.400
15522_090101_130416,D,20111025,000000,13.2500000,14.0000000,13.0000000,13.3500000,318.700
15522_090101_130416,D,20111026,000000,12.5570000,13.5000000,12.5570000,13.5000000,43.600
15522_090101_130416,D,20111027,000000,13.0030000,14.4440000,13.0000000,14.2360000,34.600
15522_090101_130416,D,20111028,000000,14.3890000,14.5500000,14.3890000,14.4010000,35.300
15522_090101_130416,D,20111031,000000,14.7620000,14.8000000,14.2000000,14.5010000,1.511.900
15522_090101_130416,D,20111101,000000,13.5770000,14.4980000,13.5770000,14.4980000,14.100
15522_090101_130416,D,20111102,000000,14.4980000,14.9100000,14.2300000,14.8000000,13.200
15522_090101_130416,D,20111103,000000,14.5000000,15.3020000,14.5000000,15.0110000,77.400
15522_090101_130416,D,20111107,000000,13.5260000,15.1910000,13.5260000,15.1560000,80.900
15522_090101_130416,D,20111108,000000,15.1000000,15.1500000,14.9880000,15.1500000,113.500
15522_090101_130416,D,20111109,000000,15.1000000,15.1000000,13.9990000,14.5600000,84.600
15522_090101_130416,D,20111110,000000,14.3500000,15.0700000,14.2200000,15.0700000,53.100
15522_090101_130416,D,20111111,000000,15.1690000,15.1700000,15.0100000,15.1670000,45.300
15522_090101_130416,D,20111114,000000,15.1890000,15.5200000,15.0000000,15.5200000,63.400
15522_090101_130416,D,20111115,000000,15.3250000,15.5490000,15.3250000,15.4990000,7.500
15522_090101_130416,D,20111116,000000,15.1430000,15.4000000,15.0100000,15.3920000,369.500
15522_090101_130416,D,20111117,000000,15.2400000,15.4000000,15.0000000,15.4000000,26.500
15522_090101_130416,D,20111118,000000,15.2310000,15.3990000,15.2310000,15.3990000,300
15522_090101_130416,D,20111121,000000,15.2000000,15.3980000,15.2000000,15.3980000,114.200
15522_090101_130416,D,20111122,000000,15.2000000,15.4000000,15.2000000,15.2000000,101.300
15522_090101_130416,D,20111123,000000,15.4000000,15.8700000,15.0400000,15.8700000,56.100
15522_090101_130416,D,20111124,000000,14.6040000,15.7500000,13.6130000,15.5200000,8.200
15522_090101_130416,D,20111125,000000,15.7000000,16.1000000,15.7000000,16.1000000,231.300
15522_090101_130416,D,20111128,000000,15.5000000,16.3000000,15.5000000,15.9310000,22.300
15522_090101_130416,D,20111129,000000,16.0300000,16.6000000,15.5000000,16.6000000,234.400
15522_090101_130416,D,20111130,000000,16.0360000,16.9310000,16.0000000,16.9310000,30.700
15522_090101_130416,D,20111201,000000,16.3410000,17.0000000,16.0610000,17.0000000,81.700
15522_090101_130416,D,20111202,000000,17.0000000,17.5000000,16.0010000,17.4700000,366.400
15522_090101_130416,D,20111205,000000,17.4780000,17.4780000,15.0000000,16.5000000,7.700
15522_090101_130416,D,20111206,000000,16.5000000,17.1400000,16.5000000,16.8000000,277.000
15522_090101_130416,D,20111207,000000,17.3000000,17.3000000,16.5000000,16.5000000,6.100
15522_090101_130416,D,20111208,000000,16.6000000,17.3000000,16.5000000,17.0300000,6.800
15522_090101_130416,D,20111209,000000,16.9750000,16.9750000,16.1000000,16.8000000,12.600
15522_090101_130416,D,20111212,000000,16.9400000,16.9400000,16.5000000,16.8980000,21.300
15522_090101_130416,D,20111213,000000,16.8940000,16.9000000,16.8550000,16.8990000,2.200
15522_090101_130416,D,20111214,000000,16.8810000,16.8810000,16.8470000,16.8700000,2.200
15522_090101_130416,D,20111215,000000,16.9990000,17.0500000,16.8600000,17.0500000,45.300
15522_090101_130416,D,20111216,000000,17.2600000,17.2790000,16.9000000,16.9000000,44.700
15522_090101_130416,D,20111219,000000,15.0140000,17.0000000,15.0130000,16.9900000,17.100
15522_090101_130416,D,20111220,000000,17.2000000,17.2000000,16.9100000,17.0000000,112.600
15522_090101_130416,D,20111221,000000,16.9000000,17.1500000,16.9000000,17.1500000,63.200
15522_090101_130416,D,20111222,000000,17.2970000,17.3990000,17.0000000,17.3400000,37.200
15522_090101_130416,D,20111223,000000,16.9010000,17.3500000,16.9000000,17.3400000,240.600
15522_090101_130416,D,20111226,000000,17.0410000,17.4400000,17.0000000,17.3500000,217.300
15522_090101_130416,D,20111227,000000,17.4420000,17.5000000,17.0000000,17.5000000,411.000
15522_090101_130416,D,20111228,000000,17.2200000,17.6000000,17.0000000,17.6000000,807.300
15522_090101_130416,D,20111229,000000,17.6000000,17.9800000,17.4600000,17.8000000,300.900
15522_090101_130416,D,20111230,000000,17.8500000,17.8500000,17.8000000,17.8200000,203.200
15522_090101_130416,D,20120103,000000,17.0520000,17.0520000,17.0020000,17.0020000,3.100
15522_090101_130416,D,20120104,000000,17.0000000,17.5890000,16.9500000,17.1010000,5.000
15522_090101_130416,D,20120105,000000,17.4990000,17.4990000,17.4990000,17.4990000,100
15522_090101_130416,D,20120106,000000,17.3660000,17.3990000,17.1000000,17.3990000,900
15522_090101_130416,D,20120110,000000,17.2700000,17.6000000,17.2700000,17.6000000,21.800
15522_090101_130416,D,20120111,000000,17.5100000,17.5100000,17.0000000,17.5000000,9.300
15522_090101_130416,D,20120112,000000,17.5100000,17.5100000,17.5100000,17.5100000,700
15522_090101_130416,D,20120113,000000,17.5300000,17.7500000,17.0000000,17.7500000,91.700
15522_090101_130416,D,20120116,000000,17.3330000,17.9810000,17.3330000,17.8500000,64.300
15522_090101_130416,D,20120117,000000,17.3340000,17.8000000,17.0000000,17.1000000,65.500
15522_090101_130416,D,20120118,000000,17.5490000,17.8000000,17.1000000,17.6500000,31.200
15522_090101_130416,D,20120119,000000,17.5170000,17.9930000,17.1000000,17.9930000,28.400
15522_090101_130416,D,20120120,000000,17.9960000,18.0000000,17.5310000,17.8000000,66.200
15522_090101_130416,D,20120123,000000,17.6570000,17.8000000,17.5020000,17.8000000,15.200
15522_090101_130416,D,20120124,000000,17.7150000,17.7500000,17.6990000,17.7000000,209.300
15522_090101_130416,D,20120125,000000,17.5000000,17.7500000,17.2080000,17.7000000,160.000
15522_090101_130416,D,20120126,000000,17.6990000,17.7500000,17.1100000,17.7500000,259.400
15522_090101_130416,D,20120127,000000,17.6510000,17.9980000,17.6500000,17.7400000,228.300
15522_090101_130416,D,20120130,000000,17.7690000,17.7900000,17.7690000,17.7900000,157.700
15522_090101_130416,D,20120131,000000,17.1130000,18.4000000,17.1100000,17.9790000,120.700
15522_090101_130416,D,20120201,000000,17.8000000,17.8050000,17.3060000,17.8030000,70.600
15522_090101_130416,D,20120202,000000,17.8000000,18.0000000,17.7020000,18.0000000,56.300
15522_090101_130416,D,20120203,000000,17.8000000,17.8200000,17.7900000,17.8150000,9.500
15522_090101_130416,D,20120206,000000,17.8000000,17.8000000,17.5120000,17.5120000,24.100
15522_090101_130416,D,20120207,000000,17.6990000,18.0000000,17.6990000,17.8000000,88.300
15522_090101_130416,D,20120208,000000,17.7010000,17.8200000,17.7000000,17.8200000,113.300
15522_090101_130416,D,20120209,000000,17.8000000,17.8000000,17.8000000,17.8000000,112.900
15522_090101_130416,D,20120210,000000,17.7500000,18.3000000,17.2000000,17.8000000,78.500
15522_090101_130416,D,20120213,000000,18.3490000,18.3490000,18.0000000,18.1990000,108.500
15522_090101_130416,D,20120214,000000,18.1000000,18.3000000,18.0790000,18.0790000,146.100
15522_090101_130416,D,20120215,000000,18.1990000,18.2000000,18.0000000,18.1010000,17.200
15522_090101_130416,D,20120216,000000,18.3380000,18.3380000,18.3380000,18.3380000,100
15522_090101_130416,D,20120217,000000,17.4360000,18.3000000,17.4000000,17.8000000,7.400
15522_090101_130416,D,20120220,000000,17.8000000,18.1350000,17.3000000,18.1350000,14.900
15522_090101_130416,D,20120221,000000,17.8490000,18.2990000,17.8490000,18.2980000,12.300
15522_090101_130416,D,20120222,000000,18.2500000,18.2500000,17.5060000,18.0000000,144.200
15522_090101_130416,D,20120224,000000,17.6000000,18.1870000,17.6000000,18.1870000,89.100
15522_090101_130416,D,20120227,000000,18.3390000,18.3500000,17.5000000,18.3500000,321.400
15522_090101_130416,D,20120228,000000,18.3200000,18.4960000,18.0000000,18.1700000,374.100
15522_090101_130416,D,20120229,000000,18.1750000,18.1750000,18.0000000,18.1740000,342.600
15522_090101_130416,D,20120301,000000,18.4270000,18.4990000,18.1800000,18.3990000,198.400
15522_090101_130416,D,20120302,000000,18.4470000,18.4470000,18.0110000,18.2950000,160.100
15522_090101_130416,D,20120305,000000,18.4970000,18.4970000,17.5300000,18.0990000,217.900
15522_090101_130416,D,20120306,000000,18.2540000,18.4890000,17.9990000,18.0000000,96.000
15522_090101_130416,D,20120307,000000,18.2900000,18.2900000,18.0200000,18.0300000,72.400
15522_090101_130416,D,20120311,000000,18.0450000,18.0550000,17.9990000,18.0550000,35.800
15522_090101_130416,D,20120312,000000,18.0000000,18.1800000,18.0000000,18.1000000,372.300
15522_090101_130416,D,20120313,000000,18.1100000,18.1750000,18.0000000,18.1750000,118.000
15522_090101_130416,D,20120314,000000,18.0000000,18.2500000,17.9990000,18.2500000,86.900
15522_090101_130416,D,20120315,000000,18.2600000,18.2600000,18.0000000,18.0300000,53.900
15522_090101_130416,D,20120316,000000,18.0040000,18.4980000,17.8000000,18.0000000,53.400
15522_090101_130416,D,20120319,000000,17.9990000,18.0820000,14.3010000,17.8150000,430.900
15522_090101_130416,D,20120320,000000,17.7990000,18.0000000,17.2000000,18.0000000,69.700
15522_090101_130416,D,20120321,000000,17.5120000,18.0000000,17.2060000,18.0000000,56.000
15522_090101_130416,D,20120322,000000,17.9980000,18.0710000,17.7960000,18.0710000,32.300
15522_090101_130416,D,20120323,000000,18.0820000,18.6950000,18.0200000,18.6950000,54.700
15522_090101_130416,D,20120326,000000,18.6950000,19.4700000,18.6950000,19.4700000,79.200
15522_090101_130416,D,20120327,000000,19.9390000,20.4970000,19.6010000,20.1550000,64.900
15522_090101_130416,D,20120328,000000,20.1550000,20.1550000,19.4360000,19.9990000,65.900
15522_090101_130416,D,20120329,000000,19.9000000,20.0000000,18.0000000,19.8000000,44.300
15522_090101_130416,D,20120330,000000,20.1000000,20.4000000,20.1000000,20.1900000,43.800
15522_090101_130416,D,20120402,000000,20.1890000,20.2000000,19.4000000,19.9130000,76.000
15522_090101_130416,D,20120403,000000,19.8490000,20.4890000,18.7090000,19.6000000,28.900
15522_090101_130416,D,20120404,000000,19.9990000,20.0000000,19.4010000,19.8090000,2.900
15522_090101_130416,D,20120405,000000,19.9510000,19.9700000,19.9510000,19.9700000,700
15522_090101_130416,D,20120406,000000,19.3440000,19.3440000,19.2220000,19.3000000,1.600
15522_090101_130416,D,20120409,000000,18.5310000,19.4000000,18.5300000,19.4000000,1.800
15522_090101_130416,D,20120410,000000,18.6250000,19.0470000,18.5000000,18.5000000,8.400
15522_090101_130416,D,20120411,000000,18.5990000,20.2310000,18.0010000,18.5000000,15.500
15522_090101_130416,D,20120412,000000,18.5000000,18.5000000,18.2110000,18.2950000,1.000
15522_090101_130416,D,20120413,000000,18.1210000,18.5000000,18.1210000,18.3000000,1.000
15522_090101_130416,D,20120416,000000,18.3010000,18.6370000,18.0000000,18.0030000,20.200
15522_090101_130416,D,20120417,000000,18.4000000,18.4000000,18.0210000,18.2000000,50.900
15522_090101_130416,D,20120418,000000,18.2030000,18.6200000,18.2000000,18.6200000,3.500
15522_090101_130416,D,20120419,000000,18.8270000,19.1710000,18.4600000,19.1710000,49.100
15522_090101_130416,D,20120420,000000,19.1010000,19.8000000,19.0000000,19.8000000,51.200
15522_090101_130416,D,20120423,000000,19.8000000,21.0000000,19.5000000,19.5000000,22.500
15522_090101_130416,D,20120424,000000,20.5000000,20.6000000,20.0000000,20.5000000,71.800
15522_090101_130416,D,20120425,000000,20.5000000,20.6000000,20.2390000,20.6000000,16.400
15522_090101_130416,D,20120426,000000,20.6490000,20.6490000,20.6490000,20.6490000,100
15522_090101_130416,D,20120427,000000,20.6310000,20.6310000,20.0470000,20.5870000,5.300
15522_090101_130416,D,20120428,000000,21.0000000,21.5000000,20.0400000,21.5000000,45.800
15522_090101_130416,D,20120502,000000,21.1510000,21.1510000,20.5000000,20.5000000,7.900
15522_090101_130416,D,20120503,000000,20.5510000,20.5510000,20.1000000,20.4960000,65.600
15522_090101_130416,D,20120504,000000,20.4000000,20.4000000,20.2000000,20.3990000,87.100
15522_090101_130416,D,20120505,000000,18.1970000,20.3000000,18.1960000,20.3000000,3.100
15522_090101_130416,D,20120507,000000,18.0870000,20.4000000,18.0870000,20.4000000,500
15522_090101_130416,D,20120508,000000,20.5400000,20.5400000,20.5400000,20.5400000,500
15522_090101_130416,D,20120511,000000,20.4490000,20.4990000,20.3950000,20.4000000,55.500
15522_090101_130416,D,20120512,000000,20.4500000,20.4500000,20.3990000,20.4500000,54.300
15522_090101_130416,D,20120514,000000,20.4000000,20.4500000,20.4000000,20.4010000,2.000
15522_090101_130416,D,20120515,000000,20.4200000,20.4200000,20.4100000,20.4100000,1.300
15522_090101_130416,D,20120516,000000,20.4000000,20.4000000,20.3050000,20.3050000,1.500
15522_090101_130416,D,20120517,000000,20.5000000,20.5500000,20.0000000,20.2640000,84.500
15522_090101_130416,D,20120518,000000,20.3000000,20.3900000,20.2690000,20.3900000,19.100
15522_090101_130416,D,20120521,000000,20.3990000,20.3990000,20.2890000,20.2890000,9.900
15522_090101_130416,D,20120522,000000,20.4000000,20.4000000,20.2990000,20.2990000,3.800
15522_090101_130416,D,20120523,000000,20.4000000,20.4000000,19.0000000,20.2990000,23.500
15522_090101_130416,D,20120524,000000,20.3500000,20.3500000,20.2990000,20.2990000,6.800
15522_090101_130416,D,20120525,000000,20.5010000,20.5010000,20.2800000,20.3010000,10.200
15522_090101_130416,D,20120528,000000,20.3710000,20.3710000,20.2820000,20.2990000,6.100
15522_090101_130416,D,20120529,000000,20.0010000,20.5000000,20.0010000,20.2950000,6.700
15522_090101_130416,D,20120530,000000,20.4500000,20.4500000,20.3030000,20.3030000,1.900
15522_090101_130416,D,20120531,000000,20.4100000,20.4800000,20.4100000,20.4800000,4.500
15522_090101_130416,D,20120601,000000,20.4000000,20.4000000,20.1600000,20.2800000,36.300
15522_090101_130416,D,20120604,000000,20.3000000,20.3010000,20.2000000,20.3010000,4.000
15522_090101_130416,D,20120605,000000,20.2000000,20.2850000,20.1030000,20.2850000,9.500
15522_090101_130416,D,20120606,000000,20.2000000,20.2000000,20.2000000,20.2000000,3.300
15522_090101_130416,D,20120607,000000,20.1700000,20.1700000,20.0500000,20.0500000,3.600
15522_090101_130416,D,20120608,000000,20.1000000,20.1000000,20.0660000,20.0660000,8.100
15522_090101_130416,D,20120609,000000,20.1000000,20.1000000,19.9990000,20.0000000,72.400
15522_090101_130416,D,20120613,000000,20.1000000,20.1000000,19.0540000,19.9980000,50.900
15522_090101_130416,D,20120614,000000,20.0800000,20.0800000,20.0100000,20.0100000,27.100
15522_090101_130416,D,20120615,000000,20.1500000,20.2200000,20.0960000,20.0960000,10.400
15522_090101_130416,D,20120618,000000,20.1510000,20.1510000,20.1500000,20.1500000,2.600
15522_090101_130416,D,20120619,000000,20.0500000,20.1930000,20.0500000,20.1930000,1.700
15522_090101_130416,D,20120620,000000,20.0010000,20.0500000,19.9890000,20.0000000,67.500
15522_090101_130416,D,20120621,000000,19.9000000,19.9740000,19.8000000,19.9000000,117.800
15522_090101_130416,D,20120622,000000,19.9980000,19.9980000,19.8760000,19.8760000,209.300
15522_090101_130416,D,20120625,000000,20.0000000,20.0000000,19.9950000,20.0000000,207.200
15522_090101_130416,D,20120626,000000,19.5000000,19.9790000,19.5000000,19.9790000,63.400
15522_090101_130416,D,20120627,000000,20.0630000,20.1010000,19.9880000,20.0090000,145.400
15522_090101_130416,D,20120628,000000,20.0000000,20.0300000,19.9890000,20.0300000,137.400
15522_090101_130416,D,20120629,000000,19.0280000,20.4790000,19.0000000,20.4790000,121.000
15522_090101_130416,D,20120702,000000,21.0980000,21.0980000,20.2000000,20.2000000,66.700
15522_090101_130416,D,20120703,000000,20.1210000,20.7070000,20.0150000,20.7070000,25.700
15522_090101_130416,D,20120704,000000,20.1500000,20.2400000,20.0000000,20.0000000,134.300
15522_090101_130416,D,20120705,000000,20.2000000,20.2000000,20.0000000,20.0000000,155.600
15522_090101_130416,D,20120706,000000,20.1500000,20.1510000,18.1500000,20.0020000,232.200
15522_090101_130416,D,20120709,000000,20.1300000,20.1800000,20.0500000,20.1800000,167.900
15522_090101_130416,D,20120710,000000,20.1500000,20.9700000,20.1000000,20.8500000,177.600
15522_090101_130416,D,20120711,000000,20.2500000,20.5000000,20.0000000,20.5000000,205.000
15522_090101_130416,D,20120712,000000,20.5490000,20.5490000,20.1500000,20.1500000,80.200
15522_090101_130416,D,20120713,000000,20.1400000,20.2500000,20.0010000,20.2500000,135.100
15522_090101_130416,D,20120716,000000,20.2000000,20.2000000,20.0200000,20.0200000,752.500
15522_090101_130416,D,20120718,000000,19.5010000,20.3970000,19.5000000,20.2000000,14.900
15522_090101_130416,D,20120719,000000,20.1020000,20.1020000,20.1020000,20.1020000,200
15522_090101_130416,D,20120720,000000,20.1000000,20.2000000,20.0500000,20.1300000,12.300
15522_090101_130416,D,20120723,000000,20.1000000,20.1490000,20.0000000,20.0000000,14.100
15522_090101_130416,D,20120724,000000,20.1000000,20.1200000,20.0500000,20.0500000,19.100
15522_090101_130416,D,20120725,000000,19.9990000,20.9000000,19.2000000,19.4540000,278.500
15522_090101_130416,D,20120726,000000,20.4950000,20.4950000,19.5500000,19.7160000,67.200
15522_090101_130416,D,20120727,000000,19.9980000,20.0500000,19.7100000,19.7100000,38.200
15522_090101_130416,D,20120730,000000,19.5000000,19.7470000,19.4600000,19.7420000,14.300
15522_090101_130416,D,20120731,000000,19.6010000,19.7490000,19.6000000,19.6000000,30.500
15522_090101_130416,D,20120801,000000,19.6500000,19.6990000,19.6500000,19.6990000,10.900
15522_090101_130416,D,20120802,000000,19.7990000,19.7990000,19.6000000,19.7410000,1.300
15522_090101_130416,D,20120803,000000,19.8990000,19.8990000,19.8990000,19.8990000,200
15522_090101_130416,D,20120806,000000,20.0990000,20.4100000,19.9900000,20.2900000,255.300
15522_090101_130416,D,20120808,000000,20.2000000,20.2010000,19.9980000,20.2000000,76.300
15522_090101_130416,D,20120809,000000,19.9990000,19.9990000,19.9990000,19.9990000,100
15522_090101_130416,D,20120810,000000,19.8110000,20.2880000,19.8100000,20.2650000,18.400
15522_090101_130416,D,20120813,000000,20.0000000,20.0000000,19.7600000,19.9890000,35.000
15522_090101_130416,D,20120814,000000,19.8120000,19.9880000,19.8100000,19.9880000,2.100
15522_090101_130416,D,20120815,000000,19.9640000,19.9890000,19.7830000,19.7830000,20.100
15522_090101_130416,D,20120816,000000,19.7230000,19.9650000,19.7100000,19.7100000,19.200
15522_090101_130416,D,20120817,000000,19.8990000,19.8990000,19.6200000,19.8920000,17.700
15522_090101_130416,D,20120821,000000,19.9790000,20.0000000,19.8010000,19.8010000,10.500
15522_090101_130416,D,20120822,000000,19.6110000,19.6110000,19.6100000,19.6100000,10.500
15522_090101_130416,D,20120823,000000,19.8000000,20.0970000,19.6120000,19.8000000,3.700
15522_090101_130416,D,20120824,000000,19.7100000,19.9000000,19.7100000,19.9000000,900
15522_090101_130416,D,20120827,000000,19.7100000,19.7100000,19.7100000,19.7100000,600
15522_090101_130416,D,20120828,000000,20.4090000,20.4100000,19.7100000,19.7100000,13.900
15522_090101_130416,D,20120829,000000,19.7100000,19.9790000,19.7100000,19.9790000,200
15522_090101_130416,D,20120830,000000,19.6130000,19.9970000,19.6100000,19.6500000,30.800
15522_090101_130416,D,20120831,000000,19.5000000,19.7290000,19.5000000,19.6340000,135.400
15522_090101_130416,D,20120903,000000,19.5510000,19.8970000,19.5300000,19.5470000,73.800
15522_090101_130416,D,20120904,000000,19.4000000,19.4000000,19.3000000,19.3790000,50.200
15522_090101_130416,D,20120905,000000,19.3010000,19.7780000,19.3000000,19.4670000,70.700
15522_090101_130416,D,20120906,000000,19.5990000,19.5990000,19.3000000,19.4980000,1.200
15522_090101_130416,D,20120907,000000,19.4050000,19.4050000,19.3980000,19.3980000,36.100
15522_090101_130416,D,20120910,000000,19.4630000,19.4630000,19.3000000,19.4470000,36.500
15522_090101_130416,D,20120911,000000,19.3030000,19.4880000,19.3000000,19.4880000,14.900
15522_090101_130416,D,20120912,000000,19.6090000,19.6090000,19.6090000,19.6090000,100
15522_090101_130416,D,20120913,000000,19.1900000,19.7380000,18.9990000,19.7380000,133.400
15522_090101_130416,D,20120914,000000,19.7420000,20.3000000,19.7420000,20.2490000,91.800
15522_090101_130416,D,20120918,000000,20.1980000,20.1980000,20.0000000,20.0000000,200
15522_090101_130416,D,20120919,000000,19.9810000,19.9810000,19.9800000,19.9800000,43.100
15522_090101_130416,D,20120920,000000,19.9800000,20.0980000,19.9800000,20.0980000,4.600
15522_090101_130416,D,20120921,000000,20.0990000,20.2200000,20.0990000,20.2200000,15.000
15522_090101_130416,D,20120924,000000,20.2600000,20.4000000,19.9010000,20.4000000,21.100
15522_090101_130416,D,20120925,000000,20.2000000,20.4440000,20.2000000,20.4440000,30.100
15522_090101_130416,D,20120926,000000,20.3000000,21.3000000,20.3000000,21.3000000,329.500
15522_090101_130416,D,20120927,000000,20.9000000,20.9000000,20.8000000,20.8500000,72.300
15522_090101_130416,D,20120928,000000,20.8450000,20.8450000,20.8000000,20.8000000,115.600
15522_090101_130416,D,20121001,000000,20.0130000,20.8530000,20.0130000,20.8530000,75.400
15522_090101_130416,D,20121002,000000,20.5010000,20.5010000,20.5000000,20.5000000,600
15522_090101_130416,D,20121005,000000,20.9260000,20.9260000,20.5390000,20.5390000,300
15522_090101_130416,D,20121008,000000,20.5010000,20.5010000,20.5000000,20.5000000,5.500
15522_090101_130416,D,20121009,000000,20.6000000,20.6000000,20.5990000,20.5990000,60.100
15522_090101_130416,D,20121010,000000,20.5010000,20.5020000,20.5000000,20.5000000,42.500
15522_090101_130416,D,20121012,000000,20.4000000,20.4000000,20.4000000,20.4000000,1.000
15522_090101_130416,D,20121015,000000,20.2500000,20.5880000,20.2500000,20.5800000,46.200
15522_090101_130416,D,20121016,000000,20.5000000,20.8500000,20.5000000,20.8000000,4.800
15522_090101_130416,D,20121017,000000,20.5010000,20.7490000,20.5000000,20.7000000,83.500
15522_090101_130416,D,20121018,000000,20.7000000,21.0000000,20.7000000,21.0000000,27.500
15522_090101_130416,D,20121019,000000,20.7500000,20.8000000,20.7500000,20.8000000,20.700
15522_090101_130416,D,20121022,000000,20.5130000,20.8290000,20.5130000,20.7500000,360.200
15522_090101_130416,D,20121023,000000,20.7900000,20.7900000,20.5000000,20.6490000,42.000
15522_090101_130416,D,20121024,000000,20.7500000,20.7500000,20.6000000,20.6000000,65.400
15522_090101_130416,D,20121025,000000,20.7000000,20.7000000,20.7000000,20.7000000,20.000
15522_090101_130416,D,20121026,000000,20.6610000,21.0000000,20.6610000,20.7000000,2.870.500
15522_090101_130416,D,20121029,000000,20.8000000,21.0000000,20.6000000,20.6000000,124.800
15522_090101_130416,D,20121030,000000,20.2540000,20.6000000,20.2540000,20.5550000,30.300
15522_090101_130416,D,20121031,000000,20.6500000,20.6500000,20.5000000,20.5000000,43.000
15522_090101_130416,D,20121101,000000,20.5000000,20.5000000,20.5000000,20.5000000,17.200
15522_090101_130416,D,20121102,000000,20.9000000,20.9000000,20.6000000,20.6000000,42.800
15522_090101_130416,D,20121106,000000,20.4020000,20.4020000,20.4020000,20.4020000,500
15522_090101_130416,D,20121107,000000,20.5010000,20.5010000,20.4990000,20.4990000,10.100
15522_090101_130416,D,20121108,000000,20.3000000,20.3010000,20.3000000,20.3000000,36.500
15522_090101_130416,D,20121109,000000,20.2530000,20.2530000,20.1000000,20.2500000,75.000
15522_090101_130416,D,20121112,000000,20.0050000,20.0050000,20.0000000,20.0010000,32.000
15522_090101_130416,D,20121113,000000,20.0010000,20.0020000,20.0010000,20.0010000,5.400
15522_090101_130416,D,20121114,000000,20.0000000,20.0010000,20.0000000,20.0010000,51.400
15522_090101_130416,D,20121115,000000,20.8890000,20.8890000,20.1000000,20.1000000,34.700
15522_090101_130416,D,20121119,000000,20.2200000,20.4060000,20.2000000,20.2000000,3.800
15522_090101_130416,D,20121120,000000,20.4470000,20.4490000,20.4470000,20.4490000,300
15522_090101_130416,D,20121122,000000,20.3010000,20.3010000,20.3000000,20.3000000,25.000
15522_090101_130416,D,20121123,000000,20.2000000,20.5910000,20.2000000,20.2010000,113.900
15522_090101_130416,D,20121126,000000,20.2990000,20.4850000,20.0100000,20.4810000,35.100
15522_090101_130416,D,20121127,000000,20.2030000,20.2030000,20.2000000,20.2000000,15.000
15522_090101_130416,D,20121128,000000,20.7970000,20.7970000,19.2010000,20.1010000,42.900
15522_090101_130416,D,20121129,000000,20.6570000,20.6570000,20.6570000,20.6570000,100
15522_090101_130416,D,20121130,000000,20.1010000,21.0000000,20.0000000,21.0000000,310.700
15522_090101_130416,D,20121203,000000,20.7500000,20.9990000,20.5000000,20.7990000,37.100
15522_090101_130416,D,20121204,000000,20.5010000,20.5010000,20.3000000,20.4990000,24.100
15522_090101_130416,D,20121205,000000,18.3500000,20.4890000,18.3500000,20.1000000,59.400
15522_090101_130416,D,20121206,000000,20.0020000,20.3900000,20.0000000,20.3750000,3.988.100
15522_090101_130416,D,20121207,000000,20.2980000,20.9000000,20.2500000,20.6940000,36.000
15522_090101_130416,D,20121210,000000,20.9000000,20.9000000,20.3000000,20.5890000,80.500
15522_090101_130416,D,20121211,000000,20.0040000,20.6970000,20.0040000,20.4420000,146.000
15522_090101_130416,D,20121212,000000,20.6990000,20.6990000,20.0500000,20.5990000,14.300
15522_090101_130416,D,20121213,000000,20.3760000,20.5650000,20.2000000,20.2000000,59.200
15522_090101_130416,D,20121214,000000,20.3000000,20.3010000,20.3000000,20.3000000,2.400
15522_090101_130416,D,20121217,000000,20.3010000,20.9000000,20.1000000,20.9000000,58.500
15522_090101_130416,D,20121218,000000,20.5250000,20.9410000,20.0000000,20.9410000,1.800
15522_090101_130416,D,20121219,000000,20.5010000,20.9980000,20.1000000,20.9980000,4.933.000
15522_090101_130416,D,20121220,000000,20.8000000,22.0000000,20.3010000,22.0000000,282.500
15522_090101_130416,D,20121221,000000,21.5610000,23.0000000,21.5000000,23.0000000,129.900
15522_090101_130416,D,20121224,000000,22.5260000,23.9500000,22.5000000,23.7500000,392.800
15522_090101_130416,D,20121225,000000,24.4100000,24.6000000,23.0450000,24.6000000,67.800
15522_090101_130416,D,20121226,000000,23.1130000,25.5500000,23.0000000,25.2600000,2.423.200
15522_090101_130416,D,20121227,000000,24.8490000,25.2980000,24.7000000,24.7000000,37.900
15522_090101_130416,D,20121228,000000,24.6990000,25.0000000,24.5000000,24.6900000,255.200
15522_090101_130416,D,20130108,000000,24.5980000,24.6000000,24.5980000,24.6000000,200
15522_090101_130416,D,20130109,000000,24.0160000,24.0160000,23.0770000,23.6030000,17.400
15522_090101_130416,D,20130110,000000,23.9000000,23.9000000,23.7010000,23.7010000,6.100
15522_090101_130416,D,20130111,000000,23.9000000,23.9000000,23.9000000,23.9000000,1.100
15522_090101_130416,D,20130115,000000,23.5010000,23.5030000,22.9000000,23.5020000,49.300
15522_090101_130416,D,20130116,000000,23.9190000,23.9190000,20.1300000,23.7130000,549.700
15522_090101_130416,D,20130117,000000,23.7000000,24.0450000,23.7000000,24.0450000,7.800
15522_090101_130416,D,20130118,000000,24.0350000,24.6050000,24.0350000,24.2020000,12.800
15522_090101_130416,D,20130121,000000,24.1510000,24.4990000,24.1500000,24.4990000,58.900
15522_090101_130416,D,20130122,000000,24.2040000,24.2040000,24.2040000,24.2040000,100
15522_090101_130416,D,20130123,000000,24.0010000,24.3970000,24.0000000,24.3970000,14.100
15522_090101_130416,D,20130124,000000,24.9990000,25.0000000,24.0000000,24.0000000,35.600
15522_090101_130416,D,20130125,000000,23.8010000,23.9930000,23.7000000,23.9920000,73.400
15522_090101_130416,D,20130128,000000,23.7070000,24.1530000,23.7000000,23.9860000,3.500
15522_090101_130416,D,20130129,000000,24.0450000,24.0450000,23.2000000,23.2000000,4.191.300
15522_090101_130416,D,20130130,000000,23.2430000,23.2430000,22.7500000,22.7500000,54.300
15522_090101_130416,D,20130131,000000,22.5000000,22.7000000,21.5920000,21.9000000,4.436.500
15522_090101_130416,D,20130201,000000,22.5440000,22.5440000,21.9010000,22.1580000,500
15522_090101_130416,D,20130204,000000,22.6930000,22.6930000,20.8010000,21.5990000,137.600
15522_090101_130416,D,20130205,000000,21.0000000,22.1350000,21.0000000,21.5000000,22.900
15522_090101_130416,D,20130206,000000,22.0000000,22.2130000,22.0000000,22.0000000,3.700
15522_090101_130416,D,20130207,000000,22.1000000,22.1110000,22.1000000,22.1000000,51.700
15522_090101_130416,D,20130208,000000,23.0000000,23.0000000,22.0010000,22.1100000,6.500
15522_090101_130416,D,20130211,000000,22.4280000,22.4280000,22.0000000,22.0000000,28.400
15522_090101_130416,D,20130212,000000,22.0000000,22.3250000,21.9110000,22.3250000,176.000
15522_090101_130416,D,20130213,000000,22.3250000,23.0210000,22.2000000,23.0210000,48.700
15522_090101_130416,D,20130214,000000,23.0210000,23.2100000,22.7000000,23.2100000,54.900
15522_090101_130416,D,20130215,000000,23.6000000,25.0000000,23.5000000,24.0000000,141.400
15522_090101_130416,D,20130218,000000,24.0010000,24.0010000,23.5000000,23.5000000,17.300
15522_090101_130416,D,20130219,000000,22.1070000,23.8490000,22.0030000,23.5000000,40.700
15522_090101_130416,D,20130220,000000,23.4000000,23.7490000,23.4000000,23.4000000,10.400
15522_090101_130416,D,20130221,000000,23.0010000,23.3920000,23.0010000,23.3920000,14.200
15522_090101_130416,D,20130222,000000,23.3290000,23.3330000,23.2500000,23.2500000,32.400
15522_090101_130416,D,20130225,000000,23.3030000,23.5500000,23.3000000,23.5500000,31.600
15522_090101_130416,D,20130226,000000,23.1140000,23.1140000,22.2000000,22.4000000,60.400
15522_090101_130416,D,20130227,000000,22.4900000,22.5590000,22.3330000,22.5590000,700
15522_090101_130416,D,20130228,000000,22.8200000,22.8200000,22.5000000,22.8190000,8.200
15522_090101_130416,D,20130301,000000,22.6500000,23.2060000,22.6500000,23.2060000,1.744.200
15522_090101_130416,D,20130305,000000,23.5390000,23.5400000,23.2000000,23.5400000,36.000
15522_090101_130416,D,20130306,000000,22.2210000,23.8100000,22.1500000,23.5000000,30.800
15522_090101_130416,D,20130307,000000,23.8000000,24.2200000,22.1510000,24.0530000,55.000
15522_090101_130416,D,20130311,000000,25.0000000,27.8060000,23.4540000,24.1930000,24.300
15522_090101_130416,D,20130312,000000,24.5320000,24.5320000,24.0000000,24.0550000,3.700
15522_090101_130416,D,20130313,000000,24.0000000,24.0970000,23.7500000,24.0970000,68.100
15522_090101_130416,D,20130314,000000,23.8000000,24.0000000,23.8000000,24.0000000,13.800
15522_090101_130416,D,20130315,000000,23.8000000,23.8900000,23.8000000,23.8000000,1.100
15522_090101_130416,D,20130318,000000,23.7010000,23.7020000,23.7010000,23.7020000,400
15522_090101_130416,D,20130319,000000,23.9000000,23.9000000,23.8000000,23.9000000,28.500
15522_090101_130416,D,20130320,000000,23.9000000,24.1400000,23.9000000,24.0000000,22.500
15522_090101_130416,D,20130321,000000,23.9500000,24.1480000,23.8000000,24.1480000,2.533.000
15522_090101_130416,D,20130322,000000,23.9000000,23.9990000,23.2010000,23.6500000,42.500
15522_090101_130416,D,20130325,000000,23.7000000,23.7000000,23.7000000,23.7000000,10.600
15522_090101_130416,D,20130326,000000,23.6500000,23.6500000,23.1000000,23.1000000,64.500
15522_090101_130416,D,20130327,000000,23.5000000,23.5000000,23.5000000,23.5000000,1.000
15522_090101_130416,D,20130328,000000,23.4500000,23.5000000,22.8000000,23.4980000,50.700
15522_090101_130416,D,20130329,000000,23.6000000,23.6000000,19.0500000,23.4000000,18.100
15522_090101_130416,D,20130401,000000,23.5000000,23.7990000,23.5000000,23.7990000,8.200
15522_090101_130416,D,20130403,000000,23.3000000,23.3010000,23.3000000,23.3010000,800
