<TICKER>,<PER>,<DATE>,<TIME>,<OPEN>,<HIGH>,<LOW>,<CLOSE>,<VOL>
15547_090101_130416,D,20090111,000000,3.7640000,3.7670000,3.4530000,3.7000000,23.400
15547_090101_130416,D,20090112,000000,3.5000000,3.8190000,3.5000000,3.8180000,12.700
15547_090101_130416,D,20090113,000000,3.8180000,3.8900000,3.5490000,3.8500000,26.700
15547_090101_130416,D,20090114,000000,3.8490000,4.4500000,3.8490000,4.0100000,99.100
15547_090101_130416,D,20090115,000000,3.8070000,4.1700000,3.8000000,4.0990000,23.300
15547_090101_130416,D,20090116,000000,4.2000000,4.4990000,4.2000000,4.4000000,24.400
15547_090101_130416,D,20090119,000000,4.4000000,4.7280000,4.0100000,4.4500000,57.600
15547_090101_130416,D,20090120,000000,4.2600000,4.4400000,3.8930000,4.1490000,29.300
15547_090101_130416,D,20090121,000000,4.1580000,4.1580000,3.7010000,3.9930000,12.200
15547_090101_130416,D,20090122,000000,4.2980000,4.2980000,3.8570000,4.0000000,7.300
15547_090101_130416,D,20090123,000000,3.8000000,3.9790000,3.6010000,3.8010000,13.400
15547_090101_130416,D,20090126,000000,3.9970000,3.9970000,3.4700000,3.6650000,43.400
15547_090101_130416,D,20090127,000000,3.6620000,3.7990000,3.5200000,3.6200000,41.700
15547_090101_130416,D,20090128,000000,3.4200000,3.5000000,3.3650000,3.4630000,34.300
15547_090101_130416,D,20090129,000000,3.4100000,3.4640000,3.4000000,3.4000000,21.100
15547_090101_130416,D,20090130,000000,3.4010000,3.5000000,3.2000000,3.3160000,9.900
15547_090101_130416,D,20090202,000000,3.5690000,3.5690000,3.2500000,3.3000000,31.100
15547_090101_130416,D,20090203,000000,3.3070000,3.3070000,3.1570000,3.2550000,15.300
15547_090101_130416,D,20090204,000000,3.2990000,3.5700000,3.2030000,3.3330000,33.400
15547_090101_130416,D,20090205,000000,3.3500000,3.3500000,3.1710000,3.2000000,90.100
15547_090101_130416,D,20090206,000000,3.2000000,3.5490000,3.1180000,3.4470000,166.900
15547_090101_130416,D,20090209,000000,3.2050000,3.5500000,3.2020000,3.5000000,304.300
15547_090101_130416,D,20090210,000000,3.4490000,3.4500000,3.3000000,3.4000000,103.900
15547_090101_130416,D,20090211,000000,3.4890000,3.4890000,3.3530000,3.4000000,31.800
15547_090101_130416,D,20090212,000000,3.4900000,3.4900000,3.2110000,3.3300000,140.100
15547_090101_130416,D,20090213,000000,3.3500000,3.4570000,3.3450000,3.4560000,27.600
15547_090101_130416,D,20090216,000000,3.4200000,3.4290000,3.3300000,3.3550000,5.300
15547_090101_130416,D,20090217,000000,3.3790000,3.4490000,3.2500000,3.2510000,51.100
15547_090101_130416,D,20090218,000000,3.2030000,3.2340000,3.0990000,3.1970000,40.600
15547_090101_130416,D,20090219,000000,3.2000000,3.3980000,3.2000000,3.3600000,143.300
15547_090101_130416,D,20090220,000000,3.3500000,3.3590000,3.0130000,3.3480000,36.400
15547_090101_130416,D,20090224,000000,3.3000000,3.3450000,3.2400000,3.3400000,1.000
15547_090101_130416,D,20090225,000000,3.3610000,3.3610000,3.1500000,3.1900000,153.100
15547_090101_130416,D,20090226,000000,3.2850000,3.2950000,3.1610000,3.1610000,14.500
15547_090101_130416,D,20090227,000000,3.1110000,3.1250000,3.1100000,3.1100000,23.400
15547_090101_130416,D,20090302,000000,3.2490000,3.2490000,3.1100000,3.1100000,2.400
15547_090101_130416,D,20090303,000000,3.2000000,3.2000000,3.0560000,3.1000000,45.800
15547_090101_130416,D,20090304,000000,3.1040000,3.5000000,3.1030000,3.3000000,268.300
15547_090101_130416,D,20090305,000000,3.1740000,3.4000000,3.1650000,3.4000000,67.200
15547_090101_130416,D,20090306,000000,3.3900000,3.4170000,3.2060000,3.3470000,30.300
15547_090101_130416,D,20090310,000000,3.3940000,4.6400000,3.2500000,3.9090000,168.000
15547_090101_130416,D,20090311,000000,3.9990000,4.0000000,3.3550000,3.5950000,88.900
15547_090101_130416,D,20090312,000000,3.4400000,3.4400000,3.3100000,3.4290000,79.100
15547_090101_130416,D,20090313,000000,3.4610000,3.4610000,3.2540000,3.3790000,94.200
15547_090101_130416,D,20090316,000000,3.3340000,3.4490000,3.2680000,3.3420000,31.300
15547_090101_130416,D,20090317,000000,3.2710000,3.4690000,3.2140000,3.4690000,115.000
15547_090101_130416,D,20090318,000000,3.2810000,3.3800000,3.2810000,3.3010000,76.200
15547_090101_130416,D,20090319,000000,3.3500000,3.3500000,3.3040000,3.3490000,56.400
15547_090101_130416,D,20090320,000000,3.2310000,3.4000000,3.2310000,3.4000000,68.300
15547_090101_130416,D,20090323,000000,3.3990000,3.5950000,3.3500000,3.4500000,145.100
15547_090101_130416,D,20090324,000000,3.4600000,3.4600000,3.0700000,3.2110000,150.200
15547_090101_130416,D,20090325,000000,3.2500000,3.3280000,3.2210000,3.3280000,103.000
15547_090101_130416,D,20090326,000000,3.4000000,3.8880000,3.3000000,3.4000000,393.700
15547_090101_130416,D,20090327,000000,3.3950000,3.4500000,3.3000000,3.3870000,212.200
15547_090101_130416,D,20090330,000000,3.3870000,3.4490000,3.3800000,3.4000000,21.300
15547_090101_130416,D,20090331,000000,3.3110000,3.4700000,3.3110000,3.4700000,86.800
15547_090101_130416,D,20090401,000000,3.4500000,3.7500000,3.4000000,3.6500000,338.700
15547_090101_130416,D,20090402,000000,3.7290000,3.7300000,3.3500000,3.5110000,616.500
15547_090101_130416,D,20090403,000000,3.5110000,4.2500000,3.5080000,3.9980000,2.546.900
15547_090101_130416,D,20090406,000000,4.1900000,4.4950000,4.0000000,4.1500000,1.674.500
15547_090101_130416,D,20090407,000000,4.1600000,4.1900000,3.8720000,4.0890000,63.500
15547_090101_130416,D,20090408,000000,4.0000000,4.1440000,3.8800000,4.1000000,217.800
15547_090101_130416,D,20090409,000000,4.1000000,4.6990000,4.0000000,4.4900000,1.051.600
15547_090101_130416,D,20090410,000000,4.6000000,5.0550000,4.4000000,4.9700000,671.800
15547_090101_130416,D,20090413,000000,5.0000000,5.8400000,4.4500000,4.5010000,1.074.700
15547_090101_130416,D,20090414,000000,4.7000000,4.7000000,4.4440000,4.6900000,1.581.200
15547_090101_130416,D,20090415,000000,4.5500000,4.8500000,4.4010000,4.5800000,832.300
15547_090101_130416,D,20090416,000000,4.6000000,4.6990000,4.5090000,4.6700000,252.700
15547_090101_130416,D,20090417,000000,4.6700000,4.8600000,4.4210000,4.5900000,369.500
15547_090101_130416,D,20090420,000000,4.5000000,4.6500000,4.2890000,4.4500000,256.400
15547_090101_130416,D,20090421,000000,4.5900000,5.1370000,4.3510000,4.9000000,1.076.800
15547_090101_130416,D,20090422,000000,4.8000000,5.6440000,4.8000000,5.3690000,1.482.600
15547_090101_130416,D,20090423,000000,5.6900000,5.6900000,5.0100000,5.1490000,387.600
15547_090101_130416,D,20090424,000000,5.4500000,5.4500000,4.9500000,5.2400000,415.500
15547_090101_130416,D,20090427,000000,5.0100000,5.1900000,4.9000000,5.0000000,222.100
15547_090101_130416,D,20090428,000000,5.0000000,5.2000000,4.7510000,5.0900000,399.600
15547_090101_130416,D,20090429,000000,5.0000000,5.4500000,4.9000000,5.2490000,637.600
15547_090101_130416,D,20090430,000000,5.0640000,5.1000000,4.9700000,5.1000000,410.400
15547_090101_130416,D,20090504,000000,5.0020000,5.5800000,5.0020000,5.3000000,659.600
15547_090101_130416,D,20090505,000000,5.3400000,5.8430000,5.1500000,5.7660000,1.350.200
15547_090101_130416,D,20090506,000000,5.7510000,7.1280000,5.7510000,6.6770000,1.292.200
15547_090101_130416,D,20090507,000000,7.5000000,7.5000000,6.4000000,6.8170000,853.900
15547_090101_130416,D,20090508,000000,6.8170000,7.3700000,6.7000000,7.3700000,229.100
15547_090101_130416,D,20090512,000000,7.3300000,10.1990000,7.3050000,8.2000000,1.785.200
15547_090101_130416,D,20090513,000000,8.4000000,8.4800000,7.3000000,7.7000000,413.600
15547_090101_130416,D,20090514,000000,7.9900000,7.9900000,6.8000000,7.1900000,494.000
15547_090101_130416,D,20090515,000000,7.1500000,7.5000000,7.0560000,7.3700000,396.800
15547_090101_130416,D,20090518,000000,6.7500000,7.9000000,6.7500000,7.5210000,213.500
15547_090101_130416,D,20090519,000000,8.1980000,8.1980000,7.6200000,7.9440000,168.800
15547_090101_130416,D,20090520,000000,8.0000000,8.1100000,7.6000000,8.1000000,273.800
15547_090101_130416,D,20090521,000000,7.6500000,8.0080000,7.2000000,7.5000000,137.300
15547_090101_130416,D,20090522,000000,7.2100000,7.6980000,7.1500000,7.5000000,107.800
15547_090101_130416,D,20090525,000000,7.2210000,7.6200000,7.2210000,7.4900000,170.900
15547_090101_130416,D,20090526,000000,7.2150000,7.4900000,7.0520000,7.3000000,125.400
15547_090101_130416,D,20090527,000000,7.4800000,7.5500000,7.3100000,7.4350000,93.100
15547_090101_130416,D,20090528,000000,7.2120000,7.7400000,7.2100000,7.4970000,312.500
15547_090101_130416,D,20090529,000000,7.5000000,7.7900000,7.4010000,7.5000000,72.600
15547_090101_130416,D,20090601,000000,7.7000000,7.8100000,7.5170000,7.7760000,259.600
15547_090101_130416,D,20090602,000000,7.6000000,7.7390000,7.3080000,7.5600000,238.500
15547_090101_130416,D,20090603,000000,7.4800000,7.5990000,7.1550000,7.1550000,149.300
15547_090101_130416,D,20090604,000000,7.1450000,7.4990000,7.1450000,7.4340000,92.100
15547_090101_130416,D,20090605,000000,7.4260000,7.7000000,7.3450000,7.6920000,185.900
15547_090101_130416,D,20090608,000000,7.6900000,8.0000000,7.6000000,7.9690000,96.800
15547_090101_130416,D,20090609,000000,7.9700000,7.9700000,7.5760000,7.7000000,126.700
15547_090101_130416,D,20090610,000000,7.9760000,7.9770000,7.5870000,7.7500000,87.200
15547_090101_130416,D,20090611,000000,7.8000000,7.8000000,7.4500000,7.6710000,524.000
15547_090101_130416,D,20090615,000000,7.5600000,7.7280000,7.3050000,7.5000000,49.000
15547_090101_130416,D,20090616,000000,7.7000000,7.7000000,7.0000000,7.4150000,160.200
15547_090101_130416,D,20090617,000000,7.6000000,7.6000000,7.1250000,7.5950000,222.300
15547_090101_130416,D,20090618,000000,7.6000000,7.9000000,7.1500000,7.7380000,898.100
15547_090101_130416,D,20090619,000000,7.8000000,7.8500000,7.5590000,7.5600000,49.800
15547_090101_130416,D,20090622,000000,7.6500000,7.6500000,7.0000000,7.5500000,632.000
15547_090101_130416,D,20090623,000000,7.1720000,7.5990000,6.6160000,6.7010000,433.300
15547_090101_130416,D,20090624,000000,6.9990000,7.3850000,6.5500000,7.3200000,322.100
15547_090101_130416,D,20090625,000000,7.3250000,7.3350000,7.0000000,7.2870000,60.000
15547_090101_130416,D,20090626,000000,7.5320000,7.5320000,7.0200000,7.3440000,44.800
15547_090101_130416,D,20090629,000000,7.0100000,7.3000000,6.2000000,7.1410000,158.100
15547_090101_130416,D,20090630,000000,7.1560000,7.4000000,7.0850000,7.0850000,43.600
15547_090101_130416,D,20090701,000000,7.3000000,7.3000000,6.9330000,7.2000000,10.400
15547_090101_130416,D,20090702,000000,7.1140000,7.2790000,7.0000000,7.1570000,1.782.700
15547_090101_130416,D,20090703,000000,7.0000000,7.0150000,6.9350000,6.9600000,64.800
15547_090101_130416,D,20090706,000000,6.7510000,6.7510000,6.6700000,6.6700000,10.400
15547_090101_130416,D,20090707,000000,6.4000000,6.9990000,6.4000000,6.9990000,70.700
15547_090101_130416,D,20090708,000000,6.9000000,6.9000000,6.3650000,6.3650000,78.600
15547_090101_130416,D,20090709,000000,6.5110000,6.9970000,6.5100000,6.9970000,11.700
15547_090101_130416,D,20090710,000000,7.0000000,7.0000000,6.3000000,6.5750000,86.400
15547_090101_130416,D,20090713,000000,6.2080000,6.2080000,5.9450000,6.0710000,63.300
15547_090101_130416,D,20090714,000000,6.2500000,6.3000000,6.1500000,6.1500000,31.400
15547_090101_130416,D,20090715,000000,6.2300000,6.2300000,6.0000000,6.2000000,16.900
15547_090101_130416,D,20090716,000000,6.2530000,6.4880000,6.0000000,6.2000000,9.100
15547_090101_130416,D,20090717,000000,6.1050000,6.1370000,5.9030000,6.1370000,49.400
15547_090101_130416,D,20090720,000000,6.2890000,6.9200000,6.2890000,6.6000000,115.000
15547_090101_130416,D,20090721,000000,6.8470000,6.8470000,6.3160000,6.7690000,5.400
15547_090101_130416,D,20090722,000000,6.9460000,6.9460000,6.4000000,6.7800000,15.800
15547_090101_130416,D,20090723,000000,6.2510000,6.6980000,6.1040000,6.6980000,30.400
15547_090101_130416,D,20090724,000000,6.3000000,6.5950000,6.1900000,6.5950000,382.600
15547_090101_130416,D,20090727,000000,6.5000000,6.5900000,6.5000000,6.5520000,138.600
15547_090101_130416,D,20090728,000000,6.5760000,6.5970000,6.3000000,6.5700000,83.800
15547_090101_130416,D,20090729,000000,6.5700000,6.5700000,6.0500000,6.1500000,28.500
15547_090101_130416,D,20090730,000000,6.2000000,6.7010000,6.2000000,6.5000000,263.900
15547_090101_130416,D,20090731,000000,6.5000000,6.5010000,6.3000000,6.4650000,668.800
15547_090101_130416,D,20090803,000000,6.4660000,6.5500000,6.4100000,6.5500000,179.800
15547_090101_130416,D,20090804,000000,6.4500000,6.5250000,6.2500000,6.4430000,26.500
15547_090101_130416,D,20090805,000000,6.5500000,6.5500000,6.0000000,6.4100000,194.600
15547_090101_130416,D,20090806,000000,6.4950000,6.4950000,6.2000000,6.3000000,96.000
15547_090101_130416,D,20090807,000000,6.2720000,6.3600000,6.0620000,6.3600000,34.100
15547_090101_130416,D,20090810,000000,6.3000000,6.4000000,6.1060000,6.3000000,157.400
15547_090101_130416,D,20090811,000000,6.2000000,6.3550000,6.0380000,6.1670000,236.800
15547_090101_130416,D,20090812,000000,6.2000000,6.3500000,6.1000000,6.2990000,169.400
15547_090101_130416,D,20090813,000000,5.9840000,6.3000000,5.9840000,6.2500000,87.800
15547_090101_130416,D,20090814,000000,6.1020000,6.2430000,6.1020000,6.2430000,10.500
15547_090101_130416,D,20090817,000000,6.2090000,6.2500000,6.1000000,6.1000000,79.900
15547_090101_130416,D,20090818,000000,6.2490000,6.2930000,5.9000000,6.1290000,238.800
15547_090101_130416,D,20090819,000000,6.1570000,6.1570000,5.7100000,5.9790000,227.200
15547_090101_130416,D,20090820,000000,6.0730000,6.0900000,5.9050000,5.9900000,138.100
15547_090101_130416,D,20090821,000000,6.0000000,6.0470000,5.9000000,6.0450000,40.200
15547_090101_130416,D,20090824,000000,6.0500000,6.1000000,5.9500000,6.1000000,236.200
15547_090101_130416,D,20090825,000000,6.0500000,6.1500000,6.0000000,6.0750000,187.200
15547_090101_130416,D,20090826,000000,6.2000000,6.5450000,6.1050000,6.5450000,659.600
15547_090101_130416,D,20090827,000000,6.4800000,6.5730000,6.3670000,6.4700000,198.100
15547_090101_130416,D,20090828,000000,6.5400000,7.1000000,6.4100000,6.9970000,634.000
15547_090101_130416,D,20090831,000000,7.1400000,7.3000000,7.0000000,7.1500000,275.000
15547_090101_130416,D,20090901,000000,7.1000000,7.4290000,7.1000000,7.4000000,364.300
15547_090101_130416,D,20090902,000000,7.3500000,7.5000000,7.0000000,7.1960000,212.500
15547_090101_130416,D,20090903,000000,7.1900000,7.4250000,7.1300000,7.3300000,639.800
15547_090101_130416,D,20090904,000000,7.4000000,7.5000000,7.0510000,7.3000000,250.500
15547_090101_130416,D,20090907,000000,7.2500000,7.7600000,7.2500000,7.7600000,823.600
15547_090101_130416,D,20090908,000000,7.7000000,7.7770000,7.5600000,7.7000000,257.600
15547_090101_130416,D,20090909,000000,7.6700000,7.6700000,7.2500000,7.3990000,298.300
15547_090101_130416,D,20090910,000000,7.4950000,7.8000000,7.3850000,7.6800000,936.900
15547_090101_130416,D,20090911,000000,7.7000000,8.5570000,7.6200000,8.3000000,1.382.000
15547_090101_130416,D,20090914,000000,8.3000000,9.7000000,8.2000000,9.3500000,1.512.200
15547_090101_130416,D,20090915,000000,9.3500000,9.8900000,8.7500000,9.1830000,606.400
15547_090101_130416,D,20090916,000000,9.2010000,9.4700000,8.7300000,8.8810000,790.500
15547_090101_130416,D,20090917,000000,9.0000000,9.2700000,8.2300000,8.6790000,222.800
15547_090101_130416,D,20090918,000000,8.5900000,8.7000000,8.2910000,8.7000000,364.000
15547_090101_130416,D,20090921,000000,8.5180000,9.0000000,8.3050000,8.5500000,251.000
15547_090101_130416,D,20090922,000000,9.0900000,11.9700000,9.0200000,11.9700000,10.298.600
15547_090101_130416,D,20090923,000000,13.2000000,14.2990000,10.8810000,11.0500000,14.446.200
15547_090101_130416,D,20090924,000000,11.0000000,11.8790000,10.5000000,10.5000000,4.559.200
15547_090101_130416,D,20090925,000000,10.5000000,11.0000000,9.9120000,10.1000000,8.263.500
15547_090101_130416,D,20090928,000000,10.3000000,10.6000000,9.9000000,10.2500000,2.978.300
15547_090101_130416,D,20090929,000000,10.2800000,10.7880000,10.1500000,10.3700000,2.263.000
15547_090101_130416,D,20090930,000000,10.3700000,10.4900000,9.7800000,9.9150000,2.007.800
15547_090101_130416,D,20091001,000000,10.1100000,10.1100000,9.3000000,9.9750000,3.199.700
15547_090101_130416,D,20091002,000000,9.8460000,9.8460000,9.3700000,9.5780000,1.331.100
15547_090101_130416,D,20091005,000000,9.6500000,9.8750000,9.5000000,9.6860000,689.300
15547_090101_130416,D,20091006,000000,9.7000000,9.8380000,9.3800000,9.8000000,1.296.400
15547_090101_130416,D,20091007,000000,9.8200000,9.9000000,9.5580000,9.7300000,1.377.400
15547_090101_130416,D,20091008,000000,9.7960000,11.2990000,9.5900000,10.2510000,5.017.600
15547_090101_130416,D,20091009,000000,10.4500000,10.4900000,9.5000000,9.7690000,3.180.400
15547_090101_130416,D,20091012,000000,9.9400000,10.0000000,9.6310000,9.6990000,1.069.800
15547_090101_130416,D,20091013,000000,9.7000000,9.7970000,9.4530000,9.6680000,830.100
15547_090101_130416,D,20091014,000000,9.7000000,9.7870000,9.5100000,9.5470000,506.300
15547_090101_130416,D,20091015,000000,9.5200000,9.8300000,8.9550000,9.2000000,1.975.900
15547_090101_130416,D,20091016,000000,9.2970000,9.2970000,6.9600000,8.8390000,2.026.300
15547_090101_130416,D,20091019,000000,8.7490000,9.1770000,8.7000000,9.0100000,457.500
15547_090101_130416,D,20091020,000000,9.1000000,9.1100000,8.6400000,8.8000000,655.000
15547_090101_130416,D,20091021,000000,8.9100000,9.0590000,8.6400000,8.7400000,560.400
15547_090101_130416,D,20091022,000000,8.6000000,8.7190000,8.4210000,8.6500000,335.000
15547_090101_130416,D,20091023,000000,8.7400000,8.8900000,8.6050000,8.7590000,125.900
15547_090101_130416,D,20091026,000000,8.7900000,9.1350000,8.5700000,8.9370000,510.400
15547_090101_130416,D,20091027,000000,8.9350000,8.9360000,8.5130000,8.7770000,385.900
15547_090101_130416,D,20091028,000000,8.7950000,8.7950000,8.1700000,8.1700000,527.000
15547_090101_130416,D,20091029,000000,8.2000000,8.3950000,7.7790000,8.3000000,601.400
15547_090101_130416,D,20091030,000000,8.3800000,8.3870000,7.8810000,8.0990000,464.900
15547_090101_130416,D,20091102,000000,8.2000000,8.4980000,7.9900000,8.2200000,238.400
15547_090101_130416,D,20091103,000000,8.4200000,8.4200000,7.9000000,8.0270000,251.900
15547_090101_130416,D,20091105,000000,7.9000000,8.2500000,7.7600000,8.0850000,360.900
15547_090101_130416,D,20091106,000000,8.0990000,8.1300000,7.7500000,7.8750000,131.900
15547_090101_130416,D,20091109,000000,8.0000000,8.1390000,7.9030000,8.1210000,359.900
15547_090101_130416,D,20091110,000000,8.1160000,8.2000000,7.9850000,8.1250000,390.900
15547_090101_130416,D,20091111,000000,8.0990000,8.2500000,8.0990000,8.1500000,180.400
15547_090101_130416,D,20091112,000000,8.1880000,8.2000000,8.1070000,8.2000000,46.800
15547_090101_130416,D,20091113,000000,8.1800000,8.2000000,8.0010000,8.2000000,217.100
15547_090101_130416,D,20091116,000000,8.2170000,8.7770000,8.1800000,8.4500000,686.900
15547_090101_130416,D,20091117,000000,8.5490000,8.5490000,8.2130000,8.2990000,414.100
15547_090101_130416,D,20091118,000000,8.3100000,8.8890000,8.3100000,8.4800000,944.500
15547_090101_130416,D,20091119,000000,8.4500000,8.7990000,8.4130000,8.5070000,260.900
15547_090101_130416,D,20091120,000000,8.5970000,8.7480000,8.4010000,8.4300000,147.500
15547_090101_130416,D,20091123,000000,8.5500000,8.6490000,8.4820000,8.6230000,95.000
15547_090101_130416,D,20091124,000000,8.4520000,8.5890000,8.3990000,8.5470000,211.000
15547_090101_130416,D,20091125,000000,8.4990000,8.5260000,8.1440000,8.2690000,302.000
15547_090101_130416,D,20091126,000000,8.1010000,8.2690000,7.8500000,7.9500000,414.200
15547_090101_130416,D,20091127,000000,7.7770000,7.8400000,7.2700000,7.8400000,699.000
15547_090101_130416,D,20091130,000000,7.8010000,7.9400000,7.6600000,7.7990000,271.900
15547_090101_130416,D,20091201,000000,7.8640000,7.9500000,7.6910000,7.9000000,241.800
15547_090101_130416,D,20091202,000000,7.9150000,7.9150000,7.6770000,7.7790000,233.400
15547_090101_130416,D,20091203,000000,7.8890000,7.9190000,7.7220000,7.8490000,215.700
15547_090101_130416,D,20091204,000000,7.7030000,7.9200000,7.6840000,7.8850000,151.800
15547_090101_130416,D,20091207,000000,7.9200000,8.0000000,7.8090000,7.9000000,106.600
15547_090101_130416,D,20091208,000000,7.9000000,7.9870000,7.5100000,7.6910000,466.800
15547_090101_130416,D,20091209,000000,7.5100000,7.8000000,7.5100000,7.7500000,107.000
15547_090101_130416,D,20091210,000000,7.8980000,7.8980000,7.6260000,7.7950000,97.900
15547_090101_130416,D,20091211,000000,8.0000000,8.2500000,7.8310000,7.8840000,702.700
15547_090101_130416,D,20091214,000000,7.9600000,7.9950000,7.7250000,7.8010000,87.200
15547_090101_130416,D,20091215,000000,7.8970000,7.8970000,7.6720000,7.7850000,227.100
15547_090101_130416,D,20091216,000000,7.7800000,7.8900000,7.6770000,7.8900000,504.700
15547_090101_130416,D,20091217,000000,7.8510000,8.0000000,7.7400000,7.8460000,454.100
15547_090101_130416,D,20091218,000000,7.8410000,7.9200000,7.8000000,7.9100000,113.900
15547_090101_130416,D,20091221,000000,8.1360000,8.2780000,7.8720000,8.0950000,488.600
15547_090101_130416,D,20091222,000000,8.2450000,8.2450000,8.0370000,8.1390000,675.400
15547_090101_130416,D,20091223,000000,8.2170000,8.2200000,8.0600000,8.0810000,126.300
15547_090101_130416,D,20091224,000000,8.0110000,8.2110000,8.0100000,8.0310000,359.700
15547_090101_130416,D,20091225,000000,8.1200000,8.1200000,7.9930000,7.9950000,111.600
15547_090101_130416,D,20091228,000000,7.9800000,8.0490000,7.8900000,7.9990000,717.800
15547_090101_130416,D,20091229,000000,7.9100000,8.0500000,7.9100000,7.9730000,385.500
15547_090101_130416,D,20091230,000000,7.9000000,7.9860000,7.8700000,7.8770000,383.700
15547_090101_130416,D,20091231,000000,7.9000000,8.0400000,7.8100000,8.0400000,79.800
15547_090101_130416,D,20100111,000000,8.4000000,8.4000000,8.0920000,8.1830000,192.000
15547_090101_130416,D,20100112,000000,8.2380000,8.2380000,8.1000000,8.1750000,176.700
15547_090101_130416,D,20100113,000000,8.2200000,9.0000000,8.1550000,8.7890000,1.882.200
15547_090101_130416,D,20100114,000000,8.8000000,9.3600000,8.7900000,9.0360000,1.380.900
15547_090101_130416,D,20100115,000000,8.9000000,9.3000000,8.8000000,9.0900000,435.700
15547_090101_130416,D,20100118,000000,9.0100000,9.2220000,8.9990000,9.1400000,296.900
15547_090101_130416,D,20100119,000000,9.0600000,9.2210000,8.9200000,9.1400000,203.800
15547_090101_130416,D,20100120,000000,9.0650000,9.1730000,9.0650000,9.0990000,311.100
15547_090101_130416,D,20100121,000000,9.0900000,9.5800000,9.0900000,9.3600000,777.600
15547_090101_130416,D,20100122,000000,9.3100000,9.3100000,8.7140000,8.9000000,822.400
15547_090101_130416,D,20100125,000000,8.6310000,9.1210000,8.6200000,9.0000000,882.800
15547_090101_130416,D,20100126,000000,9.0000000,9.0990000,8.5800000,8.7000000,767.300
15547_090101_130416,D,20100127,000000,8.6500000,8.8000000,8.3320000,8.6500000,829.600
15547_090101_130416,D,20100128,000000,8.6500000,8.9990000,8.6500000,8.8800000,397.300
15547_090101_130416,D,20100129,000000,8.6880000,8.8540000,8.6870000,8.8000000,75.700
15547_090101_130416,D,20100201,000000,8.8000000,9.2990000,8.7700000,9.0800000,835.600
15547_090101_130416,D,20100202,000000,9.1100000,9.4470000,9.1100000,9.2960000,1.219.800
15547_090101_130416,D,20100203,000000,9.2000000,9.5500000,9.0500000,9.2970000,936.500
15547_090101_130416,D,20100204,000000,9.2970000,9.3500000,8.8520000,8.9990000,339.200
15547_090101_130416,D,20100205,000000,8.9590000,8.9590000,7.2220000,8.5200000,1.018.600
15547_090101_130416,D,20100208,000000,8.5200000,8.7480000,8.1500000,8.2990000,413.700
15547_090101_130416,D,20100209,000000,8.3150000,8.4350000,8.0070000,8.3870000,227.200
15547_090101_130416,D,20100210,000000,8.4770000,8.6000000,8.1700000,8.3060000,225.200
15547_090101_130416,D,20100211,000000,8.3990000,8.5200000,8.2030000,8.2950000,139.100
15547_090101_130416,D,20100212,000000,8.4200000,8.9500000,8.4000000,8.5000000,495.700
15547_090101_130416,D,20100215,000000,8.7770000,8.8480000,8.5340000,8.6730000,85.000
15547_090101_130416,D,20100216,000000,8.5250000,8.8980000,8.5250000,8.7300000,175.500
15547_090101_130416,D,20100217,000000,8.7290000,8.8300000,8.5520000,8.7000000,112.500
15547_090101_130416,D,20100218,000000,8.7400000,8.9000000,8.6300000,8.7250000,136.200
15547_090101_130416,D,20100219,000000,8.6300000,8.6970000,8.5040000,8.6970000,139.900
15547_090101_130416,D,20100224,000000,8.7500000,8.8970000,8.6130000,8.7260000,47.600
15547_090101_130416,D,20100225,000000,8.8870000,8.8870000,8.4670000,8.6120000,78.300
15547_090101_130416,D,20100226,000000,8.6490000,8.8960000,8.5210000,8.6980000,222.300
15547_090101_130416,D,20100227,000000,8.7000000,8.8570000,8.6000000,8.8570000,152.500
15547_090101_130416,D,20100301,000000,8.7210000,8.8850000,8.6600000,8.8400000,117.400
15547_090101_130416,D,20100302,000000,8.7720000,8.8990000,8.7290000,8.8400000,67.500
15547_090101_130416,D,20100303,000000,8.8990000,8.8990000,8.6000000,8.8280000,60.600
15547_090101_130416,D,20100304,000000,8.6650000,8.8640000,8.6600000,8.7740000,126.900
15547_090101_130416,D,20100305,000000,8.8390000,8.8790000,8.7100000,8.8760000,241.900
15547_090101_130416,D,20100309,000000,8.8940000,9.2990000,8.7770000,9.2100000,1.077.300
15547_090101_130416,D,20100310,000000,9.1780000,9.3500000,9.0620000,9.1930000,323.200
15547_090101_130416,D,20100311,000000,9.2270000,9.2300000,9.1100000,9.1100000,59.400
15547_090101_130416,D,20100312,000000,9.1550000,9.2440000,8.9500000,8.9510000,274.700
15547_090101_130416,D,20100315,000000,8.9510000,9.0980000,8.8610000,9.0000000,144.900
15547_090101_130416,D,20100316,000000,9.0500000,9.1950000,9.0500000,9.1850000,171.800
15547_090101_130416,D,20100317,000000,9.1050000,9.2200000,9.0420000,9.1970000,136.600
15547_090101_130416,D,20100318,000000,9.2210000,9.8900000,9.1030000,9.6000000,1.263.500
15547_090101_130416,D,20100319,000000,9.4510000,9.7500000,9.0630000,9.1250000,840.700
15547_090101_130416,D,20100322,000000,9.1200000,9.1940000,8.4100000,9.0500000,690.700
15547_090101_130416,D,20100323,000000,9.0950000,9.1770000,9.0000000,9.0930000,156.900
15547_090101_130416,D,20100324,000000,9.1190000,9.1200000,8.8800000,9.0000000,121.800
15547_090101_130416,D,20100325,000000,9.0990000,9.0990000,8.8900000,8.9600000,52.900
15547_090101_130416,D,20100326,000000,8.9020000,8.9740000,8.8500000,8.8600000,319.300
15547_090101_130416,D,20100329,000000,8.8580000,9.0400000,8.6850000,9.0400000,338.300
15547_090101_130416,D,20100330,000000,9.0000000,9.2970000,9.0000000,9.1900000,332.200
15547_090101_130416,D,20100331,000000,9.2450000,9.2970000,9.0100000,9.2400000,330.500
15547_090101_130416,D,20100401,000000,9.0210000,9.3890000,9.0020000,9.3090000,374.500
15547_090101_130416,D,20100402,000000,9.3080000,9.3660000,9.1000000,9.3000000,472.100
15547_090101_130416,D,20100405,000000,9.3000000,9.4400000,9.1500000,9.3780000,397.600
15547_090101_130416,D,20100406,000000,9.2090000,9.3500000,9.1600000,9.2790000,276.700
15547_090101_130416,D,20100407,000000,9.2790000,9.3900000,9.0070000,9.1760000,360.400
15547_090101_130416,D,20100408,000000,9.0340000,9.1870000,8.9800000,9.1870000,80.200
15547_090101_130416,D,20100409,000000,9.1960000,9.3490000,9.1950000,9.3050000,217.100
15547_090101_130416,D,20100412,000000,9.3890000,9.3900000,9.2600000,9.3000000,303.900
15547_090101_130416,D,20100413,000000,9.2620000,9.3000000,9.1630000,9.2000000,450.100
15547_090101_130416,D,20100414,000000,9.2540000,9.2700000,9.1820000,9.2490000,440.400
15547_090101_130416,D,20100415,000000,9.1700000,9.2420000,9.0000000,9.1660000,169.900
15547_090101_130416,D,20100416,000000,9.1650000,9.1650000,9.0000000,9.0290000,146.300
15547_090101_130416,D,20100419,000000,8.9000000,8.9450000,8.6500000,8.7000000,392.800
15547_090101_130416,D,20100420,000000,8.7000000,8.9990000,8.7000000,8.9970000,224.300
15547_090101_130416,D,20100421,000000,8.8150000,9.0270000,8.8140000,8.9580000,68.900
15547_090101_130416,D,20100422,000000,8.9100000,8.9950000,8.6000000,8.7940000,199.400
15547_090101_130416,D,20100423,000000,8.6260000,8.8410000,8.6260000,8.7700000,80.400
15547_090101_130416,D,20100426,000000,8.8020000,8.9950000,8.7100000,8.8450000,143.900
15547_090101_130416,D,20100427,000000,8.7180000,8.8940000,8.6100000,8.7780000,246.800
15547_090101_130416,D,20100428,000000,8.5830000,8.7000000,8.2060000,8.4870000,375.500
15547_090101_130416,D,20100429,000000,8.6690000,8.7890000,8.5100000,8.7610000,120.500
15547_090101_130416,D,20100430,000000,8.7120000,8.7950000,8.5000000,8.6000000,188.500
15547_090101_130416,D,20100504,000000,8.6650000,8.6870000,8.3270000,8.3270000,121.300
15547_090101_130416,D,20100505,000000,8.4000000,8.4480000,7.7500000,7.8490000,545.900
15547_090101_130416,D,20100506,000000,7.6050000,7.9190000,7.6000000,7.7950000,176.800
15547_090101_130416,D,20100507,000000,7.5110000,7.6470000,7.2000000,7.4790000,740.600
15547_090101_130416,D,20100511,000000,7.8900000,7.9900000,7.5000000,7.6430000,129.800
15547_090101_130416,D,20100512,000000,7.7900000,7.9700000,7.5050000,7.7600000,476.500
15547_090101_130416,D,20100513,000000,7.8980000,7.9980000,7.7000000,7.8480000,288.500
15547_090101_130416,D,20100514,000000,7.9560000,7.9650000,7.5000000,7.7740000,143.800
15547_090101_130416,D,20100517,000000,7.4900000,7.6030000,7.2600000,7.5300000,103.800
15547_090101_130416,D,20100518,000000,7.4400000,7.8000000,7.3490000,7.8000000,212.700
15547_090101_130416,D,20100519,000000,7.5580000,7.6730000,7.5000000,7.5300000,63.200
15547_090101_130416,D,20100520,000000,7.6960000,7.7000000,7.2070000,7.3000000,94.400
15547_090101_130416,D,20100521,000000,7.4680000,7.5900000,7.0100000,7.4780000,274.600
15547_090101_130416,D,20100524,000000,7.7500000,7.9200000,7.6080000,7.7950000,106.600
15547_090101_130416,D,20100525,000000,7.6260000,7.8900000,7.3000000,7.4170000,770.100
15547_090101_130416,D,20100526,000000,7.5470000,7.6600000,7.5000000,7.6000000,41.400
15547_090101_130416,D,20100527,000000,7.6030000,7.9300000,7.6030000,7.7400000,598.000
15547_090101_130416,D,20100528,000000,7.7000000,7.9010000,7.6500000,7.7400000,102.900
15547_090101_130416,D,20100531,000000,7.8030000,7.8890000,7.7600000,7.8770000,70.000
15547_090101_130416,D,20100601,000000,7.7390000,8.1720000,7.6100000,8.1720000,313.000
15547_090101_130416,D,20100602,000000,8.0880000,8.0880000,7.8590000,8.0660000,28.000
15547_090101_130416,D,20100603,000000,8.1190000,8.2320000,7.9100000,7.9100000,201.000
15547_090101_130416,D,20100604,000000,8.0300000,8.1880000,7.8150000,8.0090000,526.300
15547_090101_130416,D,20100607,000000,7.7550000,8.1770000,7.6100000,8.1770000,721.600
15547_090101_130416,D,20100608,000000,8.2500000,8.2500000,7.8780000,7.9900000,101.900
15547_090101_130416,D,20100609,000000,8.1890000,8.5000000,7.9620000,7.9620000,152.000
15547_090101_130416,D,20100610,000000,7.9330000,8.2390000,7.0000000,8.1100000,354.000
15547_090101_130416,D,20100611,000000,8.0010000,8.1560000,8.0000000,8.1540000,17.200
15547_090101_130416,D,20100615,000000,8.2890000,8.2990000,7.7570000,8.1790000,61.900
15547_090101_130416,D,20100616,000000,8.2490000,8.2490000,8.0490000,8.1380000,115.800
15547_090101_130416,D,20100617,000000,8.1790000,8.2900000,7.9650000,8.2600000,310.700
15547_090101_130416,D,20100618,000000,8.1840000,8.4800000,8.1430000,8.2400000,73.700
15547_090101_130416,D,20100621,000000,8.3990000,8.4300000,8.1200000,8.4300000,132.900
15547_090101_130416,D,20100622,000000,8.4800000,8.4800000,8.0900000,8.3300000,66.300
15547_090101_130416,D,20100623,000000,8.3000000,8.4000000,8.1210000,8.2600000,41.200
15547_090101_130416,D,20100624,000000,8.2580000,8.2580000,8.0020000,8.1230000,46.100
15547_090101_130416,D,20100625,000000,8.2190000,8.2480000,7.8000000,7.9000000,232.800
15547_090101_130416,D,20100628,000000,7.8980000,8.1950000,7.8980000,8.1950000,132.500
15547_090101_130416,D,20100629,000000,8.1290000,8.1290000,7.8710000,7.8810000,92.100
15547_090101_130416,D,20100630,000000,8.1500000,8.1500000,7.5550000,7.5600000,178.000
15547_090101_130416,D,20100701,000000,7.5580000,7.6480000,7.3310000,7.3310000,147.400
15547_090101_130416,D,20100702,000000,7.3070000,7.6680000,7.3070000,7.6200000,24.000
15547_090101_130416,D,20100705,000000,7.7630000,7.7700000,7.6510000,7.7000000,7.900
15547_090101_130416,D,20100706,000000,7.6440000,7.9590000,7.6430000,7.8810000,152.500
15547_090101_130416,D,20100707,000000,7.5570000,7.7640000,7.5000000,7.7600000,17.600
15547_090101_130416,D,20100708,000000,7.9080000,7.9500000,7.6600000,7.7760000,57.500
15547_090101_130416,D,20100709,000000,7.7660000,7.9040000,7.5500000,7.7000000,71.800
15547_090101_130416,D,20100712,000000,7.8960000,7.8960000,7.5600000,7.8100000,165.400
15547_090101_130416,D,20100713,000000,7.7740000,8.0000000,7.7740000,7.9510000,59.500
15547_090101_130416,D,20100714,000000,7.9950000,7.9950000,7.8000000,7.9290000,102.100
15547_090101_130416,D,20100715,000000,7.8960000,8.1600000,7.8960000,8.0000000,64.400
15547_090101_130416,D,20100716,000000,7.7780000,7.9790000,7.7780000,7.8040000,14.100
15547_090101_130416,D,20100719,000000,7.8000000,7.9850000,7.8000000,7.9740000,65.000
15547_090101_130416,D,20100720,000000,7.9360000,8.0480000,7.9000000,7.9000000,13.000
15547_090101_130416,D,20100721,000000,7.9000000,8.0380000,7.7010000,8.0150000,65.100
15547_090101_130416,D,20100722,000000,7.9890000,8.1500000,7.8950000,8.1300000,94.200
15547_090101_130416,D,20100723,000000,7.9990000,8.1900000,7.9990000,8.1160000,325.100
15547_090101_130416,D,20100726,000000,8.0030000,8.1500000,8.0000000,8.0010000,98.100
15547_090101_130416,D,20100727,000000,8.0080000,8.1500000,8.0000000,8.0450000,96.400
15547_090101_130416,D,20100728,000000,8.0000000,8.1200000,7.9770000,7.9770000,25.500
15547_090101_130416,D,20100729,000000,7.9810000,8.0150000,7.8500000,7.9930000,201.100
15547_090101_130416,D,20100730,000000,7.9930000,8.1800000,7.9600000,8.1270000,59.500
15547_090101_130416,D,20100802,000000,8.0290000,9.2000000,8.0270000,8.9450000,1.721.400
15547_090101_130416,D,20100803,000000,9.1000000,9.5000000,8.9010000,9.0090000,1.002.200
15547_090101_130416,D,20100804,000000,8.7550000,9.0000000,8.6400000,8.8390000,392.700
15547_090101_130416,D,20100805,000000,8.9280000,8.9850000,8.5400000,8.6500000,192.200
15547_090101_130416,D,20100806,000000,8.5880000,8.6920000,8.4630000,8.6920000,121.100
15547_090101_130416,D,20100809,000000,8.7000000,9.4990000,8.7000000,9.1200000,859.200
15547_090101_130416,D,20100810,000000,9.0150000,9.0460000,8.8000000,8.8000000,84.700
15547_090101_130416,D,20100811,000000,8.9000000,8.9000000,8.7000000,8.7260000,120.600
15547_090101_130416,D,20100812,000000,8.7340000,8.8830000,8.5800000,8.7670000,163.000
15547_090101_130416,D,20100813,000000,8.7030000,9.2300000,8.7020000,8.9660000,134.600
15547_090101_130416,D,20100816,000000,9.0000000,9.1990000,8.6520000,8.9100000,85.200
15547_090101_130416,D,20100817,000000,8.8030000,9.1000000,8.7090000,9.1000000,114.200
15547_090101_130416,D,20100818,000000,9.0090000,9.1580000,8.8900000,8.9450000,218.500
15547_090101_130416,D,20100819,000000,9.0250000,9.3000000,8.9910000,9.0020000,223.800
15547_090101_130416,D,20100820,000000,9.2480000,9.2480000,8.9550000,9.0000000,72.700
15547_090101_130416,D,20100823,000000,9.1000000,9.1000000,8.9450000,9.0000000,52.900
15547_090101_130416,D,20100824,000000,8.9450000,8.9470000,8.7510000,8.7990000,74.100
15547_090101_130416,D,20100825,000000,8.7300000,9.5000000,8.5500000,8.9620000,636.200
15547_090101_130416,D,20100826,000000,8.8060000,9.0000000,8.8050000,8.9000000,33.000
15547_090101_130416,D,20100827,000000,8.9970000,9.0600000,8.8170000,9.0600000,85.000
15547_090101_130416,D,20100830,000000,9.0000000,9.0990000,8.8620000,9.0670000,72.300
15547_090101_130416,D,20100831,000000,8.9230000,8.9280000,8.8000000,8.9200000,91.400
15547_090101_130416,D,20100901,000000,8.9710000,8.9870000,7.8700000,8.9620000,230.000
15547_090101_130416,D,20100902,000000,8.9870000,9.0850000,8.8020000,8.9000000,107.400
15547_090101_130416,D,20100903,000000,8.8600000,9.0790000,8.7670000,9.0450000,214.300
15547_090101_130416,D,20100906,000000,9.0500000,9.2200000,8.8430000,9.2180000,294.400
15547_090101_130416,D,20100907,000000,9.1440000,9.1500000,8.9360000,9.0550000,276.500
15547_090101_130416,D,20100908,000000,9.0510000,9.2770000,9.0500000,9.2500000,915.900
15547_090101_130416,D,20100909,000000,9.3000000,9.3000000,9.1300000,9.2180000,59.400
15547_090101_130416,D,20100910,000000,9.2600000,9.2760000,9.1100000,9.2180000,119.500
15547_090101_130416,D,20100913,000000,9.2270000,9.3620000,9.1100000,9.2120000,165.300
15547_090101_130416,D,20100914,000000,9.0800000,9.1490000,8.8200000,9.0100000,608.300
15547_090101_130416,D,20100915,000000,9.0400000,9.1690000,8.9130000,9.1000000,163.300
15547_090101_130416,D,20100916,000000,9.0020000,9.1240000,8.8760000,8.9700000,256.700
15547_090101_130416,D,20100917,000000,9.0000000,9.1690000,9.0000000,9.1000000,124.900
15547_090101_130416,D,20100920,000000,9.1100000,9.1670000,9.0090000,9.0930000,301.100
15547_090101_130416,D,20100921,000000,9.1670000,9.1670000,9.0500000,9.1290000,191.100
15547_090101_130416,D,20100922,000000,9.1630000,9.1630000,8.9480000,8.9550000,84.000
15547_090101_130416,D,20100923,000000,8.9550000,9.0200000,8.8550000,8.9840000,64.700
15547_090101_130416,D,20100924,000000,8.8900000,9.0030000,8.8600000,8.9790000,54.500
15547_090101_130416,D,20100927,000000,9.0200000,9.1080000,8.7720000,8.9260000,142.800
15547_090101_130416,D,20100928,000000,8.9370000,8.9400000,8.6700000,8.7000000,203.400
15547_090101_130416,D,20100929,000000,8.7800000,8.9250000,8.7000000,8.8450000,82.600
15547_090101_130416,D,20100930,000000,8.8000000,8.9440000,8.7000000,8.8920000,127.200
15547_090101_130416,D,20101001,000000,8.8240000,9.0030000,8.7660000,8.8570000,78.000
15547_090101_130416,D,20101004,000000,8.9920000,9.0000000,8.8190000,8.9960000,85.500
15547_090101_130416,D,20101005,000000,8.9980000,9.0000000,8.8880000,8.9100000,16.200
15547_090101_130416,D,20101006,000000,8.9210000,9.0990000,8.7290000,8.8500000,193.100
15547_090101_130416,D,20101007,000000,8.8710000,8.8750000,8.7990000,8.8750000,285.800
15547_090101_130416,D,20101008,000000,8.8500000,8.8970000,8.7150000,8.8350000,79.400
15547_090101_130416,D,20101011,000000,8.8530000,8.9460000,8.8100000,8.8700000,173.100
15547_090101_130416,D,20101012,000000,8.8700000,8.8900000,8.7680000,8.8370000,25.100
15547_090101_130416,D,20101013,000000,8.8850000,8.9000000,8.8010000,8.8850000,255.900
15547_090101_130416,D,20101014,000000,8.8870000,8.8870000,8.8100000,8.8110000,120.600
15547_090101_130416,D,20101015,000000,8.7670000,8.9760000,8.7660000,8.8620000,173.900
15547_090101_130416,D,20101018,000000,8.7630000,9.0980000,8.7070000,8.9540000,164.800
15547_090101_130416,D,20101019,000000,8.9140000,8.9750000,8.8150000,8.8850000,125.200
15547_090101_130416,D,20101020,000000,8.8850000,8.8850000,8.7810000,8.8700000,18.800
15547_090101_130416,D,20101021,000000,8.8860000,8.8970000,8.7310000,8.8250000,166.600
15547_090101_130416,D,20101022,000000,8.9150000,8.9190000,8.8030000,8.9140000,61.700
15547_090101_130416,D,20101025,000000,8.8020000,8.8990000,8.5860000,8.8860000,114.400
15547_090101_130416,D,20101026,000000,8.8880000,8.9300000,8.8150000,8.8550000,82.900
15547_090101_130416,D,20101027,000000,8.8490000,8.8990000,8.8040000,8.8800000,50.900
15547_090101_130416,D,20101028,000000,8.8790000,8.9820000,8.7920000,8.8910000,136.900
15547_090101_130416,D,20101029,000000,8.9270000,8.9270000,8.8050000,8.8860000,33.300
15547_090101_130416,D,20101101,000000,8.8940000,9.0000000,8.8500000,8.9010000,310.600
15547_090101_130416,D,20101102,000000,8.9970000,8.9970000,8.8090000,8.8690000,130.600
15547_090101_130416,D,20101103,000000,8.8690000,8.9990000,8.8250000,8.9500000,130.200
15547_090101_130416,D,20101108,000000,8.9980000,9.2010000,8.9610000,9.0350000,305.800
15547_090101_130416,D,20101109,000000,9.1770000,9.1800000,9.0010000,9.0510000,115.900
15547_090101_130416,D,20101110,000000,9.0200000,9.1500000,8.9500000,9.0760000,121.400
15547_090101_130416,D,20101111,000000,9.0030000,10.0800000,9.0030000,10.0000000,1.552.700
15547_090101_130416,D,20101112,000000,10.1000000,10.9400000,9.8520000,10.4900000,5.509.600
15547_090101_130416,D,20101113,000000,10.2990000,10.4500000,10.0120000,10.2000000,682.300
15547_090101_130416,D,20101115,000000,10.3210000,10.3500000,10.0160000,10.1790000,265.900
15547_090101_130416,D,20101116,000000,10.2400000,10.2400000,9.6060000,9.7110000,722.600
15547_090101_130416,D,20101117,000000,9.7000000,9.8390000,9.4500000,9.7390000,847.400
15547_090101_130416,D,20101118,000000,9.8370000,9.8370000,9.5030000,9.7490000,162.000
15547_090101_130416,D,20101119,000000,9.5700000,9.8500000,9.5610000,9.8300000,152.200
15547_090101_130416,D,20101122,000000,9.8400000,9.8700000,9.6600000,9.7670000,133.100
15547_090101_130416,D,20101123,000000,9.5640000,10.2770000,9.5630000,10.0880000,867.700
15547_090101_130416,D,20101124,000000,9.9900000,10.3470000,9.9900000,10.0780000,421.300
15547_090101_130416,D,20101125,000000,10.0990000,10.0990000,9.8550000,10.0190000,522.800
15547_090101_130416,D,20101126,000000,9.8820000,10.2910000,9.8270000,10.0960000,359.800
15547_090101_130416,D,20101129,000000,10.1000000,10.2500000,10.0010000,10.1480000,258.500
15547_090101_130416,D,20101130,000000,10.1480000,10.1480000,9.9080000,10.0990000,270.300
15547_090101_130416,D,20101201,000000,10.0000000,10.0500000,9.9210000,10.0500000,131.200
15547_090101_130416,D,20101202,000000,10.0400000,10.2000000,9.9500000,9.9800000,324.800
15547_090101_130416,D,20101203,000000,9.9900000,10.0000000,9.8500000,9.9670000,240.000
15547_090101_130416,D,20101206,000000,9.9690000,10.2000000,9.8900000,10.1770000,149.700
15547_090101_130416,D,20101207,000000,10.1700000,10.2670000,10.0270000,10.2670000,310.900
15547_090101_130416,D,20101208,000000,10.1550000,10.2580000,10.0400000,10.0520000,105.700
15547_090101_130416,D,20101209,000000,10.1890000,10.7120000,10.0400000,10.3700000,1.602.700
15547_090101_130416,D,20101210,000000,10.3980000,10.5990000,10.3220000,10.4330000,309.100
15547_090101_130416,D,20101213,000000,10.4970000,10.5000000,10.2150000,10.3190000,207.800
15547_090101_130416,D,20101214,000000,10.2660000,10.3250000,10.1500000,10.1800000,123.700
15547_090101_130416,D,20101215,000000,10.1590000,10.3480000,10.1590000,10.3240000,181.700
15547_090101_130416,D,20101216,000000,10.1510000,10.3200000,10.1510000,10.2500000,171.100
15547_090101_130416,D,20101217,000000,10.2600000,10.3900000,10.2130000,10.2700000,117.200
15547_090101_130416,D,20101220,000000,10.4390000,10.6000000,10.3120000,10.3900000,238.000
15547_090101_130416,D,20101221,000000,10.3530000,10.5000000,10.3530000,10.4220000,104.000
15547_090101_130416,D,20101222,000000,10.4300000,10.4820000,10.2860000,10.2860000,289.200
15547_090101_130416,D,20101223,000000,10.2830000,10.4060000,10.2100000,10.3970000,112.600
15547_090101_130416,D,20101224,000000,10.3500000,10.4870000,10.2000000,10.3120000,246.100
15547_090101_130416,D,20101227,000000,10.3100000,10.4000000,10.2010000,10.2810000,63.900
15547_090101_130416,D,20101228,000000,10.2210000,10.5440000,10.2000000,10.3240000,248.500
15547_090101_130416,D,20101229,000000,10.3790000,10.5480000,10.2010000,10.2400000,172.400
15547_090101_130416,D,20101230,000000,10.3040000,10.3580000,10.0050000,10.2000000,267.000
15547_090101_130416,D,20110111,000000,10.3640000,10.3730000,10.1160000,10.2000000,100.000
15547_090101_130416,D,20110112,000000,10.2490000,10.2950000,10.1620000,10.2770000,127.100
15547_090101_130416,D,20110113,000000,10.2980000,10.3400000,10.1630000,10.2020000,240.700
15547_090101_130416,D,20110114,000000,10.1670000,10.1990000,10.0800000,10.1000000,248.600
15547_090101_130416,D,20110117,000000,10.1280000,10.3100000,10.1000000,10.2000000,211.700
15547_090101_130416,D,20110118,000000,10.2470000,10.4000000,10.1500000,10.2300000,85.900
15547_090101_130416,D,20110119,000000,10.2500000,10.3980000,10.2100000,10.2500000,176.400
15547_090101_130416,D,20110120,000000,10.2010000,10.2010000,9.9970000,10.0950000,257.300
15547_090101_130416,D,20110121,000000,10.1670000,10.3400000,10.0080000,10.3000000,261.900
15547_090101_130416,D,20110124,000000,10.3000000,10.3140000,10.0070000,10.2060000,268.400
15547_090101_130416,D,20110125,000000,10.1420000,10.2800000,10.1000000,10.2550000,98.900
15547_090101_130416,D,20110126,000000,10.2750000,10.3200000,10.1000000,10.2250000,124.800
15547_090101_130416,D,20110127,000000,10.1500000,10.2790000,9.9000000,9.9890000,199.900
15547_090101_130416,D,20110128,000000,9.9500000,10.1480000,9.8520000,9.9900000,428.400
15547_090101_130416,D,20110131,000000,9.9230000,9.9690000,9.7110000,9.8650000,70.400
15547_090101_130416,D,20110201,000000,9.8410000,11.0990000,9.7050000,10.4300000,1.563.400
15547_090101_130416,D,20110202,000000,10.4430000,10.6310000,10.4020000,10.4750000,321.900
15547_090101_130416,D,20110203,000000,10.4310000,10.6000000,10.3290000,10.4000000,167.200
15547_090101_130416,D,20110204,000000,10.4040000,10.7840000,10.4000000,10.7750000,566.900
15547_090101_130416,D,20110207,000000,10.9300000,11.6880000,10.9300000,11.3600000,1.539.900
15547_090101_130416,D,20110208,000000,11.5000000,13.7270000,11.5000000,12.8000000,6.298.500
15547_090101_130416,D,20110209,000000,12.6040000,12.9000000,12.1240000,12.2980000,1.474.000
15547_090101_130416,D,20110210,000000,12.2510000,12.3140000,11.6510000,12.1290000,1.352.900
15547_090101_130416,D,20110211,000000,12.2900000,12.4500000,11.8010000,12.4500000,670.700
15547_090101_130416,D,20110214,000000,12.2140000,12.4990000,11.4000000,11.7370000,1.179.900
15547_090101_130416,D,20110215,000000,11.4530000,11.8250000,11.3150000,11.3160000,291.800
15547_090101_130416,D,20110216,000000,11.2780000,11.5970000,11.1100000,11.2890000,711.800
15547_090101_130416,D,20110217,000000,11.2030000,11.5850000,11.1550000,11.4480000,263.400
15547_090101_130416,D,20110218,000000,11.4720000,11.4980000,11.1550000,11.2880000,183.800
15547_090101_130416,D,20110221,000000,11.4530000,11.4540000,11.0660000,11.1390000,434.600
15547_090101_130416,D,20110222,000000,11.0620000,11.1040000,10.8050000,10.8970000,659.100
15547_090101_130416,D,20110224,000000,10.8400000,10.8690000,10.3100000,10.4500000,515.900
15547_090101_130416,D,20110225,000000,10.6700000,10.8400000,10.5150000,10.7690000,167.700
15547_090101_130416,D,20110228,000000,10.7090000,10.9000000,10.6000000,10.8330000,363.000
15547_090101_130416,D,20110301,000000,10.9010000,11.1000000,10.7170000,10.9830000,152.300
15547_090101_130416,D,20110302,000000,10.7010000,11.0460000,10.5660000,10.7000000,530.900
15547_090101_130416,D,20110303,000000,10.8010000,10.9470000,10.7000000,10.7000000,188.300
15547_090101_130416,D,20110304,000000,10.9990000,10.9990000,10.6500000,10.7900000,69.500
15547_090101_130416,D,20110305,000000,10.8480000,10.8480000,10.2060000,10.6970000,116.700
15547_090101_130416,D,20110309,000000,10.7840000,10.7840000,10.4150000,10.5370000,37.100
15547_090101_130416,D,20110310,000000,10.6600000,10.6600000,10.1030000,10.2110000,425.400
15547_090101_130416,D,20110311,000000,10.3000000,10.3000000,9.9030000,10.0000000,289.000
15547_090101_130416,D,20110314,000000,10.0000000,10.3000000,9.6020000,9.6790000,543.300
15547_090101_130416,D,20110315,000000,9.3000000,9.5430000,8.9520000,9.2430000,757.400
15547_090101_130416,D,20110316,000000,9.6070000,9.6080000,9.1790000,9.3690000,297.800
15547_090101_130416,D,20110317,000000,9.2470000,9.7340000,9.0520000,9.5250000,152.500
15547_090101_130416,D,20110318,000000,9.8700000,9.8780000,9.3210000,9.4100000,204.400
15547_090101_130416,D,20110321,000000,9.6000000,9.9970000,9.5000000,9.7000000,197.100
15547_090101_130416,D,20110322,000000,9.7010000,9.8460000,9.6000000,9.8000000,209.800
15547_090101_130416,D,20110323,000000,9.8000000,10.0310000,9.7900000,9.8570000,304.000
15547_090101_130416,D,20110324,000000,10.0590000,10.3000000,9.8540000,10.1180000,175.200
15547_090101_130416,D,20110325,000000,10.2010000,10.2010000,10.0500000,10.1510000,96.600
15547_090101_130416,D,20110328,000000,10.1990000,10.2000000,10.0500000,10.1440000,27.900
15547_090101_130416,D,20110329,000000,10.1790000,10.1800000,9.8320000,9.9700000,119.300
15547_090101_130416,D,20110330,000000,10.0010000,10.2300000,10.0010000,10.2270000,202.800
15547_090101_130416,D,20110331,000000,10.2840000,10.3050000,9.9010000,10.0010000,325.300
15547_090101_130416,D,20110401,000000,10.0450000,10.0950000,9.9400000,10.0500000,98.100
15547_090101_130416,D,20110404,000000,10.1470000,10.2480000,10.0850000,10.2300000,171.600
15547_090101_130416,D,20110405,000000,10.1990000,10.1990000,9.7430000,10.0890000,203.400
15547_090101_130416,D,20110406,000000,10.1000000,10.1790000,9.9440000,10.0600000,81.200
15547_090101_130416,D,20110407,000000,10.0550000,10.0550000,9.9400000,10.0330000,57.100
15547_090101_130416,D,20110408,000000,9.9560000,10.0190000,9.8050000,9.9770000,74.800
15547_090101_130416,D,20110411,000000,10.0770000,10.0770000,9.8140000,9.9830000,127.000
15547_090101_130416,D,20110412,000000,9.7500000,9.9920000,9.7170000,9.7500000,142.500
15547_090101_130416,D,20110413,000000,9.7270000,9.8420000,9.5000000,9.8420000,139.400
15547_090101_130416,D,20110414,000000,9.7300000,9.8480000,9.5110000,9.6620000,47.600
15547_090101_130416,D,20110415,000000,9.1020000,9.7990000,9.1010000,9.7200000,30.100
15547_090101_130416,D,20110418,000000,9.7940000,9.7990000,9.1100000,9.3000000,165.900
15547_090101_130416,D,20110419,000000,9.2990000,9.6100000,9.2990000,9.5400000,61.700
15547_090101_130416,D,20110420,000000,9.5990000,9.7990000,9.5990000,9.6500000,89.400
15547_090101_130416,D,20110421,000000,9.7460000,9.8100000,9.5640000,9.6580000,63.900
15547_090101_130416,D,20110422,000000,9.6000000,9.6570000,9.3800000,9.4750000,93.600
15547_090101_130416,D,20110425,000000,9.5870000,9.9480000,9.5230000,9.5600000,98.700
15547_090101_130416,D,20110426,000000,9.4010000,9.5460000,9.2350000,9.4970000,157.600
15547_090101_130416,D,20110427,000000,9.5450000,9.6000000,9.2500000,9.3000000,158.600
15547_090101_130416,D,20110428,000000,9.4490000,9.4500000,9.1300000,9.2840000,96.900
15547_090101_130416,D,20110429,000000,9.0500000,9.1880000,9.0300000,9.1740000,107.700
15547_090101_130416,D,20110503,000000,9.0150000,9.1110000,8.9120000,9.0000000,84.400
15547_090101_130416,D,20110504,000000,8.9100000,8.9500000,8.5250000,8.6240000,227.200
15547_090101_130416,D,20110505,000000,8.5130000,8.7740000,8.5000000,8.5730000,92.800
15547_090101_130416,D,20110506,000000,8.4000000,8.7700000,8.0310000,8.6100000,140.700
15547_090101_130416,D,20110510,000000,8.7690000,8.9730000,8.7230000,8.8000000,61.500
15547_090101_130416,D,20110511,000000,8.8030000,8.9700000,8.8000000,8.8020000,64.700
15547_090101_130416,D,20110512,000000,8.8000000,8.8000000,8.5140000,8.7600000,113.800
15547_090101_130416,D,20110513,000000,8.7000000,9.2900000,8.6700000,9.0500000,310.000
15547_090101_130416,D,20110516,000000,9.0060000,9.2600000,9.0050000,9.1090000,113.200
15547_090101_130416,D,20110517,000000,9.0750000,9.4000000,9.0710000,9.3100000,105.300
15547_090101_130416,D,20110518,000000,9.4900000,9.6350000,9.2500000,9.3000000,107.800
15547_090101_130416,D,20110519,000000,9.2550000,9.3200000,8.9770000,9.1530000,55.900
15547_090101_130416,D,20110520,000000,9.1010000,9.1460000,8.7510000,8.8550000,120.800
15547_090101_130416,D,20110523,000000,8.6010000,8.6990000,8.4000000,8.6450000,176.900
15547_090101_130416,D,20110524,000000,8.4020000,8.8200000,8.4000000,8.7580000,138.200
15547_090101_130416,D,20110525,000000,8.6000000,8.7760000,8.5610000,8.7760000,103.900
15547_090101_130416,D,20110526,000000,8.8150000,8.8200000,8.7100000,8.7990000,63.400
15547_090101_130416,D,20110527,000000,8.6000000,9.1700000,8.6000000,9.1000000,137.300
15547_090101_130416,D,20110530,000000,9.1000000,9.1480000,8.9630000,9.0560000,12.700
15547_090101_130416,D,20110531,000000,8.6010000,9.2500000,8.6010000,9.0100000,133.000
15547_090101_130416,D,20110601,000000,9.0010000,9.1800000,8.9370000,8.9650000,95.900
15547_090101_130416,D,20110602,000000,8.6400000,9.0400000,8.6400000,9.0400000,90.000
15547_090101_130416,D,20110603,000000,9.1940000,9.1940000,8.9300000,8.9600000,42.900
15547_090101_130416,D,20110606,000000,8.7220000,8.8890000,8.7070000,8.8850000,24.700
15547_090101_130416,D,20110607,000000,8.9990000,9.1000000,8.8620000,9.1000000,43.200
15547_090101_130416,D,20110608,000000,8.9910000,9.1840000,8.9150000,9.0900000,43.800
15547_090101_130416,D,20110609,000000,9.1390000,9.1650000,9.0110000,9.1650000,45.600
15547_090101_130416,D,20110610,000000,9.1010000,9.1600000,9.0000000,9.0650000,153.400
15547_090101_130416,D,20110614,000000,9.0310000,9.0630000,9.0000000,9.0000000,47.400
15547_090101_130416,D,20110615,000000,9.0000000,9.0300000,8.8890000,8.9190000,65.400
15547_090101_130416,D,20110616,000000,8.7110000,8.8950000,8.7100000,8.8830000,43.500
15547_090101_130416,D,20110617,000000,8.8650000,8.8950000,8.7380000,8.8600000,48.300
15547_090101_130416,D,20110620,000000,8.8500000,9.0250000,8.7520000,8.9200000,59.200
15547_090101_130416,D,20110621,000000,8.9490000,9.0100000,8.8000000,8.9150000,52.900
15547_090101_130416,D,20110622,000000,8.8610000,8.9220000,8.8580000,8.9200000,25.900
15547_090101_130416,D,20110623,000000,8.8000000,8.8600000,8.4980000,8.5000000,166.100
15547_090101_130416,D,20110624,000000,8.5860000,8.6410000,8.5000000,8.5780000,52.700
15547_090101_130416,D,20110627,000000,8.4850000,8.5580000,8.4010000,8.5140000,37.900
15547_090101_130416,D,20110628,000000,8.4980000,8.5990000,8.4500000,8.5280000,69.400
15547_090101_130416,D,20110629,000000,8.5320000,8.6950000,8.4910000,8.5700000,21.600
15547_090101_130416,D,20110630,000000,8.7470000,8.7470000,8.4730000,8.5930000,56.400
15547_090101_130416,D,20110701,000000,8.4840000,8.7100000,8.4840000,8.6690000,34.300
15547_090101_130416,D,20110704,000000,8.7700000,9.0000000,8.6000000,8.7180000,43.500
15547_090101_130416,D,20110705,000000,8.7500000,8.7500000,8.5010000,8.6010000,114.800
15547_090101_130416,D,20110706,000000,8.5920000,8.7450000,8.5760000,8.6270000,32.900
15547_090101_130416,D,20110707,000000,8.6760000,8.8490000,8.6760000,8.8490000,31.800
15547_090101_130416,D,20110708,000000,8.8360000,8.9300000,8.6330000,8.7630000,16.800
15547_090101_130416,D,20110711,000000,8.8220000,8.8490000,8.6500000,8.6500000,23.900
15547_090101_130416,D,20110712,000000,8.5840000,8.6770000,8.5840000,8.6770000,1.300
15547_090101_130416,D,20110713,000000,8.8320000,8.8320000,8.6000000,8.7400000,13.200
15547_090101_130416,D,20110714,000000,8.7750000,9.0680000,8.7650000,9.0610000,261.300
15547_090101_130416,D,20110715,000000,9.1300000,9.1300000,8.8090000,8.9000000,178.800
15547_090101_130416,D,20110718,000000,9.0450000,9.0460000,8.7010000,8.7600000,42.800
15547_090101_130416,D,20110719,000000,8.7310000,8.8980000,8.6400000,8.8980000,97.300
15547_090101_130416,D,20110720,000000,8.8970000,8.8980000,8.6760000,8.7610000,29.500
15547_090101_130416,D,20110721,000000,8.8700000,8.8880000,8.8040000,8.8740000,30.600
15547_090101_130416,D,20110722,000000,8.6920000,8.9590000,8.6920000,8.8760000,45.200
15547_090101_130416,D,20110725,000000,8.9000000,8.9500000,8.8020000,8.8210000,28.000
15547_090101_130416,D,20110726,000000,8.8720000,8.9500000,8.7040000,8.7700000,33.600
15547_090101_130416,D,20110727,000000,8.7870000,8.8340000,8.7000000,8.8040000,109.400
15547_090101_130416,D,20110728,000000,8.8690000,8.9190000,8.7060000,8.8900000,75.400
15547_090101_130416,D,20110729,000000,8.8110000,8.9400000,8.7080000,8.7880000,65.800
15547_090101_130416,D,20110801,000000,8.9730000,9.0000000,8.8280000,8.9130000,62.000
15547_090101_130416,D,20110802,000000,8.9080000,8.9540000,8.8910000,8.9000000,106.900
15547_090101_130416,D,20110803,000000,8.8290000,8.8700000,8.7080000,8.8260000,75.300
15547_090101_130416,D,20110804,000000,8.7300000,8.7930000,8.4000000,8.4500000,161.200
15547_090101_130416,D,20110805,000000,8.1100000,8.2100000,7.6100000,8.0010000,274.800
15547_090101_130416,D,20110808,000000,7.5930000,7.8810000,7.3000000,7.3000000,190.500
15547_090101_130416,D,20110809,000000,7.1600000,7.7770000,6.2000000,6.9300000,482.500
15547_090101_130416,D,20110810,000000,6.9800000,7.2940000,6.5700000,6.6010000,336.100
15547_090101_130416,D,20110811,000000,6.3320000,7.0000000,6.0000000,6.5610000,291.500
15547_090101_130416,D,20110812,000000,6.7030000,7.2500000,6.5000000,7.2500000,127.000
15547_090101_130416,D,20110815,000000,7.2700000,7.5700000,7.2520000,7.5000000,151.500
15547_090101_130416,D,20110816,000000,7.4500000,7.4980000,7.1170000,7.3000000,50.600
15547_090101_130416,D,20110817,000000,7.3000000,7.5600000,7.1990000,7.4000000,98.600
15547_090101_130416,D,20110818,000000,7.1200000,7.3700000,6.9360000,7.0910000,48.600
15547_090101_130416,D,20110819,000000,7.0700000,7.1000000,6.8000000,7.0540000,91.500
15547_090101_130416,D,20110822,000000,6.9920000,9.0000000,6.9920000,7.8310000,761.300
15547_090101_130416,D,20110823,000000,7.9730000,8.1400000,7.5410000,7.7500000,99.500
15547_090101_130416,D,20110824,000000,7.6720000,7.7800000,7.3140000,7.4270000,334.500
15547_090101_130416,D,20110825,000000,7.4600000,7.9000000,7.3330000,7.4030000,297.800
15547_090101_130416,D,20110826,000000,7.3760000,7.4500000,7.1200000,7.1200000,233.900
15547_090101_130416,D,20110829,000000,7.3630000,7.5870000,7.3000000,7.5770000,109.400
15547_090101_130416,D,20110830,000000,7.6200000,7.6200000,7.3020000,7.4000000,77.800
15547_090101_130416,D,20110831,000000,7.3700000,7.7480000,7.3460000,7.5080000,210.400
15547_090101_130416,D,20110901,000000,7.6170000,7.6170000,7.3360000,7.4990000,67.900
15547_090101_130416,D,20110902,000000,7.4700000,7.4700000,7.2050000,7.2120000,32.900
15547_090101_130416,D,20110905,000000,7.1990000,7.2500000,7.1040000,7.2160000,77.400
15547_090101_130416,D,20110906,000000,7.1200000,7.4390000,7.1200000,7.4290000,71.600
15547_090101_130416,D,20110907,000000,7.4290000,7.6880000,7.4290000,7.6060000,38.200
15547_090101_130416,D,20110908,000000,7.4310000,7.5990000,7.4010000,7.5730000,16.500
15547_090101_130416,D,20110909,000000,7.5000000,7.5100000,7.4110000,7.4110000,11.300
15547_090101_130416,D,20110912,000000,7.2070000,7.3900000,6.9110000,7.0260000,242.600
15547_090101_130416,D,20110913,000000,7.0980000,7.4970000,6.9520000,6.9680000,75.000
15547_090101_130416,D,20110914,000000,7.1000000,7.1800000,7.0360000,7.1000000,56.500
15547_090101_130416,D,20110915,000000,7.1890000,7.3790000,7.1600000,7.1600000,82.000
15547_090101_130416,D,20110916,000000,7.1610000,7.3880000,7.0890000,7.2000000,76.800
15547_090101_130416,D,20110919,000000,7.0810000,7.1510000,7.0080000,7.1200000,76.600
15547_090101_130416,D,20110920,000000,7.1840000,7.2960000,7.1000000,7.2710000,154.900
15547_090101_130416,D,20110921,000000,7.2880000,7.4500000,7.1000000,7.1000000,51.100
15547_090101_130416,D,20110922,000000,7.0110000,7.1280000,6.6930000,6.7000000,107.500
15547_090101_130416,D,20110923,000000,6.7010000,6.7010000,6.0530000,6.4720000,237.000
15547_090101_130416,D,20110926,000000,6.6210000,6.6220000,6.0100000,6.2000000,200.800
15547_090101_130416,D,20110927,000000,6.4770000,6.8000000,6.3160000,6.4630000,113.400
15547_090101_130416,D,20110928,000000,6.4340000,6.4980000,6.1800000,6.2000000,168.800
15547_090101_130416,D,20110929,000000,6.1000000,6.3760000,6.0150000,6.2510000,236.800
15547_090101_130416,D,20110930,000000,6.2240000,6.3000000,5.8100000,6.1090000,326.900
15547_090101_130416,D,20111003,000000,5.9890000,6.3870000,5.8570000,6.1500000,112.300
15547_090101_130416,D,20111004,000000,5.9010000,6.8900000,5.8120000,5.9900000,208.400
15547_090101_130416,D,20111005,000000,6.0840000,6.0840000,5.8240000,5.9390000,88.100
15547_090101_130416,D,20111006,000000,6.3760000,6.3760000,6.0180000,6.1490000,21.400
15547_090101_130416,D,20111007,000000,6.3770000,6.4830000,6.0200000,6.1150000,131.500
15547_090101_130416,D,20111010,000000,6.2760000,6.4300000,6.1150000,6.2870000,120.100
15547_090101_130416,D,20111011,000000,6.2870000,6.2870000,6.1300000,6.2270000,85.800
15547_090101_130416,D,20111012,000000,6.1960000,6.5000000,6.1960000,6.4270000,125.900
15547_090101_130416,D,20111013,000000,6.4500000,6.4500000,6.2320000,6.2320000,39.500
15547_090101_130416,D,20111014,000000,6.3400000,6.5500000,6.2260000,6.5490000,158.600
15547_090101_130416,D,20111017,000000,6.8990000,6.8990000,6.3070000,6.3080000,148.200
15547_090101_130416,D,20111018,000000,6.2070000,6.5480000,6.1540000,6.4570000,149.900
15547_090101_130416,D,20111019,000000,6.5000000,6.7600000,6.2010000,6.6000000,204.600
15547_090101_130416,D,20111020,000000,6.3740000,6.5200000,6.3500000,6.4800000,50.700
15547_090101_130416,D,20111021,000000,6.4800000,6.6900000,6.4800000,6.6300000,113.400
15547_090101_130416,D,20111024,000000,6.7600000,6.8400000,6.5500000,6.6790000,177.900
15547_090101_130416,D,20111025,000000,6.6270000,6.6770000,6.3020000,6.5600000,331.900
15547_090101_130416,D,20111026,000000,6.7370000,6.7370000,6.5530000,6.6690000,214.500
15547_090101_130416,D,20111027,000000,6.6240000,6.8650000,6.6090000,6.8300000,184.500
15547_090101_130416,D,20111028,000000,6.8000000,6.8700000,6.7260000,6.8210000,113.200
15547_090101_130416,D,20111031,000000,6.7390000,6.9500000,6.7390000,6.8290000,99.100
15547_090101_130416,D,20111101,000000,6.7990000,6.7990000,6.4560000,6.4560000,61.300
15547_090101_130416,D,20111102,000000,6.4780000,6.6650000,6.4780000,6.6650000,34.400
15547_090101_130416,D,20111103,000000,6.5920000,6.6100000,6.4450000,6.6000000,25.100
15547_090101_130416,D,20111107,000000,6.5200000,6.7140000,6.5200000,6.7140000,32.600
15547_090101_130416,D,20111108,000000,6.5340000,7.0000000,6.4010000,6.8730000,156.600
15547_090101_130416,D,20111109,000000,6.9000000,6.9200000,6.5200000,6.5200000,87.400
15547_090101_130416,D,20111110,000000,6.4900000,6.5780000,6.3300000,6.5750000,153.200
15547_090101_130416,D,20111111,000000,6.5950000,6.6900000,6.4910000,6.5990000,237.600
15547_090101_130416,D,20111114,000000,6.6010000,6.6300000,6.4700000,6.5010000,126.200
15547_090101_130416,D,20111115,000000,6.5500000,6.5650000,6.4250000,6.5500000,90.600
15547_090101_130416,D,20111116,000000,6.9700000,6.9700000,6.3520000,6.4440000,125.400
15547_090101_130416,D,20111117,000000,6.4780000,6.5830000,6.2070000,6.4170000,89.600
15547_090101_130416,D,20111118,000000,6.2010000,6.4410000,6.1300000,6.2520000,98.100
15547_090101_130416,D,20111121,000000,6.2510000,6.2990000,6.2000000,6.2000000,93.200
15547_090101_130416,D,20111122,000000,6.2350000,6.2740000,6.1170000,6.2230000,51.400
15547_090101_130416,D,20111123,000000,6.1790000,6.3000000,6.1790000,6.2250000,27.000
15547_090101_130416,D,20111124,000000,6.5120000,6.5120000,6.3330000,6.3500000,11.100
15547_090101_130416,D,20111125,000000,6.2970000,6.3300000,6.1350000,6.1930000,90.600
15547_090101_130416,D,20111128,000000,6.2010000,6.5450000,6.2000000,6.5000000,61.600
15547_090101_130416,D,20111129,000000,6.5000000,6.5350000,6.3890000,6.4000000,48.000
15547_090101_130416,D,20111130,000000,6.4300000,6.5590000,6.3560000,6.4850000,83.900
15547_090101_130416,D,20111201,000000,6.5360000,6.5620000,6.4870000,6.5530000,49.100
15547_090101_130416,D,20111202,000000,6.5850000,6.7720000,6.5850000,6.6700000,103.900
15547_090101_130416,D,20111205,000000,6.6510000,6.7900000,6.5880000,6.6760000,77.500
15547_090101_130416,D,20111206,000000,6.6000000,6.7770000,6.4850000,6.6090000,112.900
15547_090101_130416,D,20111207,000000,6.6010000,6.6010000,6.5000000,6.5390000,21.800
15547_090101_130416,D,20111208,000000,6.5020000,6.5880000,6.2300000,6.2300000,72.300
15547_090101_130416,D,20111209,000000,6.2010000,6.2370000,6.0500000,6.0500000,68.200
15547_090101_130416,D,20111212,000000,6.1570000,6.3390000,5.9500000,5.9500000,70.200
15547_090101_130416,D,20111213,000000,6.0960000,6.0980000,5.7990000,6.0980000,167.600
15547_090101_130416,D,20111214,000000,6.0970000,6.1360000,5.9700000,6.0610000,34.700
15547_090101_130416,D,20111215,000000,5.8640000,6.0580000,5.8430000,6.0580000,97.300
15547_090101_130416,D,20111216,000000,6.0500000,6.0560000,6.0000000,6.0050000,45.500
15547_090101_130416,D,20111219,000000,5.8220000,6.1800000,5.8220000,6.0950000,122.600
15547_090101_130416,D,20111220,000000,6.1560000,6.3000000,5.8000000,5.9320000,92.200
15547_090101_130416,D,20111221,000000,5.9400000,6.0590000,5.9400000,5.9510000,47.500
15547_090101_130416,D,20111222,000000,5.9890000,6.0010000,5.8840000,5.9660000,19.000
15547_090101_130416,D,20111223,000000,6.0100000,6.0270000,5.9390000,6.0090000,9.700
15547_090101_130416,D,20111226,000000,6.0000000,6.0000000,5.9150000,5.9960000,35.600
15547_090101_130416,D,20111227,000000,5.9410000,5.9410000,5.8500000,5.8990000,44.100
15547_090101_130416,D,20111228,000000,5.8620000,5.8710000,5.8400000,5.8700000,38.400
15547_090101_130416,D,20111229,000000,5.8890000,5.9000000,5.7210000,5.8500000,146.000
15547_090101_130416,D,20111230,000000,5.9000000,5.9690000,5.6020000,5.8900000,539.900
15547_090101_130416,D,20120103,000000,6.0990000,6.0990000,5.9500000,6.0630000,31.200
15547_090101_130416,D,20120104,000000,6.0000000,6.0590000,6.0000000,6.0590000,24.900
15547_090101_130416,D,20120105,000000,6.0220000,6.0350000,6.0000000,6.0000000,19.400
15547_090101_130416,D,20120106,000000,6.0390000,6.0390000,6.0100000,6.0390000,10.600
15547_090101_130416,D,20120109,000000,6.0000000,6.0340000,5.9740000,6.0000000,34.200
15547_090101_130416,D,20120110,000000,5.9990000,6.1650000,5.9990000,6.1000000,74.800
15547_090101_130416,D,20120111,000000,6.1000000,6.1260000,5.9990000,6.0010000,80.300
15547_090101_130416,D,20120112,000000,6.0120000,6.1970000,5.9920000,6.1190000,153.400
15547_090101_130416,D,20120113,000000,6.1240000,6.2000000,6.0000000,6.0570000,73.600
15547_090101_130416,D,20120116,000000,6.0000000,6.1100000,6.0000000,6.0080000,11.600
15547_090101_130416,D,20120117,000000,6.1460000,6.1480000,6.0000000,6.0800000,118.800
15547_090101_130416,D,20120118,000000,6.0700000,6.1200000,6.0040000,6.1000000,18.500
15547_090101_130416,D,20120119,000000,6.0860000,6.1150000,6.0420000,6.1000000,25.100
15547_090101_130416,D,20120120,000000,6.0830000,6.1960000,6.0070000,6.1470000,38.600
15547_090101_130416,D,20120123,000000,6.1490000,6.1490000,6.0790000,6.1470000,122.900
15547_090101_130416,D,20120124,000000,6.1170000,6.1880000,6.0550000,6.1080000,48.700
15547_090101_130416,D,20120125,000000,6.2500000,6.3000000,6.0830000,6.1320000,41.900
15547_090101_130416,D,20120126,000000,6.2610000,6.5000000,6.1540000,6.3550000,201.700
15547_090101_130416,D,20120127,000000,6.2010000,6.3830000,6.2010000,6.2880000,56.800
15547_090101_130416,D,20120130,000000,6.2240000,6.2860000,6.1620000,6.1920000,29.800
15547_090101_130416,D,20120131,000000,6.1510000,6.4700000,6.1510000,6.4600000,180.100
15547_090101_130416,D,20120201,000000,6.3610000,6.9900000,6.3550000,6.7120000,373.200
15547_090101_130416,D,20120202,000000,6.5620000,6.7990000,6.4090000,6.5870000,371.300
15547_090101_130416,D,20120203,000000,6.7860000,6.7860000,6.5450000,6.6800000,55.800
15547_090101_130416,D,20120206,000000,6.1080000,6.6590000,5.5510000,6.5700000,119.700
15547_090101_130416,D,20120207,000000,6.7230000,6.7230000,6.4090000,6.4630000,63.600
15547_090101_130416,D,20120208,000000,6.5900000,7.0000000,6.4040000,6.8060000,468.300
15547_090101_130416,D,20120209,000000,6.8200000,7.6800000,6.7840000,7.3290000,785.600
15547_090101_130416,D,20120210,000000,7.2030000,7.2120000,7.0010000,7.1980000,77.500
15547_090101_130416,D,20120213,000000,7.2990000,7.4880000,7.0990000,7.3040000,139.500
15547_090101_130416,D,20120214,000000,6.9510000,7.4000000,6.9500000,7.0490000,187.200
15547_090101_130416,D,20120215,000000,7.2020000,7.2300000,7.1000000,7.1000000,92.200
15547_090101_130416,D,20120216,000000,7.2120000,7.3000000,7.1020000,7.1150000,73.900
15547_090101_130416,D,20120217,000000,7.3390000,7.3580000,7.2000000,7.2760000,42.300
15547_090101_130416,D,20120220,000000,7.2300000,7.2770000,7.0000000,7.0100000,107.200
15547_090101_130416,D,20120221,000000,7.0030000,7.1330000,6.9550000,7.0000000,102.100
15547_090101_130416,D,20120222,000000,7.0040000,7.0700000,6.8500000,6.8860000,184.900
15547_090101_130416,D,20120224,000000,6.9300000,7.0700000,6.7000000,7.0690000,100.600
15547_090101_130416,D,20120227,000000,7.1140000,7.3200000,7.0830000,7.2650000,208.900
15547_090101_130416,D,20120228,000000,7.2760000,7.2850000,7.1350000,7.2080000,90.300
15547_090101_130416,D,20120229,000000,7.2310000,7.2870000,7.0950000,7.1540000,45.500
15547_090101_130416,D,20120301,000000,7.1490000,7.2000000,7.0150000,7.2000000,81.500
15547_090101_130416,D,20120302,000000,7.2180000,7.2900000,7.0110000,7.2530000,102.200
15547_090101_130416,D,20120305,000000,7.2940000,7.4450000,7.2570000,7.3560000,166.100
15547_090101_130416,D,20120306,000000,7.2580000,7.4150000,6.9140000,6.9690000,128.400
15547_090101_130416,D,20120307,000000,7.2550000,7.2550000,6.8250000,7.0730000,121.500
15547_090101_130416,D,20120311,000000,7.0020000,7.2600000,7.0010000,7.2290000,73.000
15547_090101_130416,D,20120312,000000,7.4360000,7.6500000,7.0610000,7.2360000,441.700
15547_090101_130416,D,20120313,000000,7.3360000,7.3400000,7.0150000,7.1990000,232.700
15547_090101_130416,D,20120314,000000,7.2670000,7.3800000,7.1900000,7.3080000,194.100
15547_090101_130416,D,20120315,000000,7.2110000,7.3400000,7.2000000,7.2890000,110.600
15547_090101_130416,D,20120316,000000,7.3770000,7.3770000,7.2230000,7.3200000,55.600
15547_090101_130416,D,20120319,000000,7.3350000,7.4850000,7.0920000,7.3350000,87.200
15547_090101_130416,D,20120320,000000,7.3400000,7.5510000,7.1000000,7.2450000,130.300
15547_090101_130416,D,20120321,000000,7.3850000,7.3850000,7.2000000,7.2600000,48.900
15547_090101_130416,D,20120322,000000,7.3230000,7.3400000,7.1990000,7.2920000,83.100
15547_090101_130416,D,20120323,000000,7.2220000,7.4170000,7.1000000,7.2410000,52.100
15547_090101_130416,D,20120326,000000,7.3240000,7.4890000,7.3010000,7.3640000,131.200
15547_090101_130416,D,20120327,000000,7.4010000,7.4720000,7.2030000,7.3340000,140.100
15547_090101_130416,D,20120328,000000,7.2760000,7.3470000,7.1500000,7.2680000,40.600
15547_090101_130416,D,20120329,000000,7.2490000,7.5980000,7.1000000,7.3500000,392.100
15547_090101_130416,D,20120330,000000,7.4670000,7.7490000,7.3860000,7.6300000,385.400
15547_090101_130416,D,20120402,000000,7.6300000,7.7830000,7.3810000,7.5070000,170.000
15547_090101_130416,D,20120403,000000,7.5780000,7.5880000,7.3910000,7.4040000,130.200
15547_090101_130416,D,20120404,000000,7.4440000,7.4790000,7.1500000,7.2120000,258.700
15547_090101_130416,D,20120405,000000,7.1510000,7.2100000,7.1110000,7.2010000,128.200
15547_090101_130416,D,20120406,000000,7.0860000,7.2170000,7.0660000,7.1670000,21.800
15547_090101_130416,D,20120409,000000,7.0640000,7.1040000,6.9630000,7.0250000,125.300
15547_090101_130416,D,20120410,000000,7.1540000,7.1580000,6.9850000,7.1050000,98.000
15547_090101_130416,D,20120411,000000,7.1500000,7.1550000,7.0040000,7.0730000,77.000
15547_090101_130416,D,20120412,000000,7.2390000,7.2390000,7.0880000,7.1440000,58.300
15547_090101_130416,D,20120413,000000,7.0910000,7.1530000,7.0320000,7.0520000,21.700
15547_090101_130416,D,20120416,000000,7.1580000,7.2000000,7.0760000,7.1000000,73.500
15547_090101_130416,D,20120417,000000,7.0720000,7.0720000,6.8400000,7.0000000,55.900
15547_090101_130416,D,20120418,000000,7.0010000,7.2000000,6.9310000,7.0020000,43.700
15547_090101_130416,D,20120419,000000,7.0000000,7.1800000,7.0000000,7.1600000,30.200
15547_090101_130416,D,20120420,000000,7.1400000,7.1680000,7.0450000,7.0450000,16.900
15547_090101_130416,D,20120423,000000,6.9200000,6.9990000,6.8420000,6.8700000,58.400
15547_090101_130416,D,20120424,000000,7.0000000,7.0000000,6.7000000,6.8200000,118.300
15547_090101_130416,D,20120425,000000,6.8040000,6.8810000,6.7500000,6.8190000,70.800
15547_090101_130416,D,20120426,000000,6.8000000,6.8490000,6.6960000,6.7500000,74.200
15547_090101_130416,D,20120427,000000,6.7000000,6.7990000,6.6830000,6.7390000,107.100
15547_090101_130416,D,20120428,000000,6.7980000,6.7980000,6.7000000,6.7790000,16.800
15547_090101_130416,D,20120502,000000,6.8000000,6.8290000,6.6500000,6.6500000,56.200
15547_090101_130416,D,20120503,000000,6.7400000,6.7590000,6.6290000,6.6460000,12.600
15547_090101_130416,D,20120504,000000,6.7300000,6.7300000,6.0070000,6.1760000,125.500
15547_090101_130416,D,20120505,000000,6.2740000,6.5000000,6.1370000,6.2550000,15.800
15547_090101_130416,D,20120507,000000,6.4000000,6.4060000,6.2000000,6.3500000,81.500
15547_090101_130416,D,20120508,000000,6.3620000,6.3620000,6.3010000,6.3010000,2.000
15547_090101_130416,D,20120510,000000,6.0510000,6.3940000,6.0510000,6.2590000,60.000
15547_090101_130416,D,20120511,000000,6.2020000,6.2980000,6.0500000,6.0640000,53.600
15547_090101_130416,D,20120512,000000,6.0080000,6.1490000,6.0080000,6.0530000,38.900
15547_090101_130416,D,20120514,000000,6.1550000,6.1550000,5.7500000,5.7560000,70.900
15547_090101_130416,D,20120515,000000,5.8170000,5.9000000,5.6310000,5.8770000,134.100
15547_090101_130416,D,20120516,000000,5.7740000,5.8490000,5.6850000,5.7880000,54.800
15547_090101_130416,D,20120517,000000,5.7040000,5.7820000,5.5570000,5.6530000,42.200
15547_090101_130416,D,20120518,000000,5.5510000,5.7450000,5.5000000,5.6960000,44.500
15547_090101_130416,D,20120521,000000,5.6800000,5.8040000,5.5000000,5.6850000,58.800
15547_090101_130416,D,20120522,000000,5.6970000,5.9000000,5.5870000,5.8890000,10.800
15547_090101_130416,D,20120523,000000,5.8970000,5.8970000,5.5100000,5.5700000,75.500
15547_090101_130416,D,20120524,000000,5.6480000,5.6490000,5.5010000,5.6460000,68.600
15547_090101_130416,D,20120525,000000,5.6390000,5.7790000,5.6390000,5.7300000,17.300
15547_090101_130416,D,20120528,000000,5.7650000,5.8890000,5.7650000,5.8590000,8.100
15547_090101_130416,D,20120529,000000,5.8380000,5.9000000,5.7200000,5.9000000,12.900
15547_090101_130416,D,20120530,000000,5.8010000,5.9000000,5.6750000,5.6930000,7.400
15547_090101_130416,D,20120531,000000,5.6200000,5.7940000,5.6020000,5.6300000,6.100
15547_090101_130416,D,20120601,000000,5.6990000,5.7000000,5.5520000,5.5550000,58.100
15547_090101_130416,D,20120604,000000,5.5550000,5.7000000,5.5000000,5.6970000,34.200
15547_090101_130416,D,20120605,000000,5.7470000,5.7980000,5.7000000,5.7630000,13.000
15547_090101_130416,D,20120606,000000,5.8850000,5.9500000,5.7000000,5.8500000,63.000
15547_090101_130416,D,20120607,000000,5.7920000,5.8000000,5.7520000,5.7990000,11.800
15547_090101_130416,D,20120608,000000,5.8470000,5.8470000,5.7000000,5.7010000,8.600
15547_090101_130416,D,20120609,000000,5.8570000,5.9800000,5.7800000,5.8780000,25.300
15547_090101_130416,D,20120613,000000,5.9790000,5.9790000,5.7000000,5.7780000,21.100
15547_090101_130416,D,20120614,000000,5.7010000,5.8500000,5.7000000,5.7000000,115.400
15547_090101_130416,D,20120615,000000,5.9010000,5.9010000,5.8000000,5.8440000,16.800
15547_090101_130416,D,20120618,000000,5.8520000,5.8520000,5.7250000,5.8150000,75.200
15547_090101_130416,D,20120619,000000,5.8840000,5.8890000,5.7500000,5.7600000,18.000
15547_090101_130416,D,20120620,000000,5.7500000,5.8000000,5.7000000,5.8000000,17.400
15547_090101_130416,D,20120621,000000,5.8740000,5.8740000,5.7000000,5.7400000,202.900
15547_090101_130416,D,20120622,000000,5.7000000,5.7490000,5.6220000,5.7230000,68.400
15547_090101_130416,D,20120625,000000,5.7040000,5.7040000,5.6550000,5.6600000,120.400
15547_090101_130416,D,20120626,000000,5.6240000,5.6980000,5.6240000,5.6410000,61.500
15547_090101_130416,D,20120627,000000,5.6010000,5.8000000,5.6010000,5.7000000,53.500
15547_090101_130416,D,20120628,000000,5.8470000,5.8470000,5.6010000,5.6010000,39.100
15547_090101_130416,D,20120629,000000,5.7610000,5.7610000,5.6500000,5.7360000,59.000
15547_090101_130416,D,20120702,000000,5.7590000,5.8500000,5.7110000,5.8370000,22.900
15547_090101_130416,D,20120703,000000,5.8480000,5.9500000,5.8480000,5.9390000,116.600
15547_090101_130416,D,20120704,000000,5.9790000,5.9790000,5.8500000,5.9130000,182.600
15547_090101_130416,D,20120705,000000,6.1440000,6.1440000,5.8000000,5.8020000,52.800
15547_090101_130416,D,20120706,000000,5.7830000,5.7980000,5.7490000,5.7490000,23.600
15547_090101_130416,D,20120709,000000,5.8000000,5.8500000,5.6040000,5.7110000,48.800
15547_090101_130416,D,20120710,000000,5.8260000,6.0000000,5.7960000,5.9960000,156.600
15547_090101_130416,D,20120711,000000,5.9990000,6.1380000,5.8130000,5.9270000,28.100
15547_090101_130416,D,20120712,000000,5.9640000,6.0000000,5.8320000,5.9400000,28.900
15547_090101_130416,D,20120713,000000,5.9280000,5.9350000,5.8520000,5.9210000,12.300
15547_090101_130416,D,20120716,000000,5.9180000,5.9880000,5.7610000,5.9480000,63.500
15547_090101_130416,D,20120717,000000,5.9970000,5.9970000,5.8380000,5.9000000,32.800
15547_090101_130416,D,20120718,000000,5.9800000,5.9800000,5.9100000,5.9200000,2.200
15547_090101_130416,D,20120719,000000,5.9800000,5.9960000,5.8700000,5.8710000,4.200
15547_090101_130416,D,20120720,000000,5.8480000,5.8520000,5.7100000,5.8170000,31.100
15547_090101_130416,D,20120723,000000,5.7740000,5.8000000,5.6000000,5.6990000,44.500
15547_090101_130416,D,20120724,000000,5.8490000,5.9450000,5.5500000,5.7000000,193.500
15547_090101_130416,D,20120725,000000,5.6090000,5.8500000,5.5550000,5.8470000,54.300
15547_090101_130416,D,20120726,000000,5.7270000,5.8490000,5.7140000,5.8330000,6.200
15547_090101_130416,D,20120727,000000,5.8990000,5.9800000,5.8010000,5.9340000,18.900
15547_090101_130416,D,20120730,000000,5.8200000,5.9780000,5.8010000,5.8490000,28.000
15547_090101_130416,D,20120731,000000,5.8400000,5.8440000,5.7940000,5.8370000,6.300
15547_090101_130416,D,20120801,000000,5.8400000,5.8400000,5.7000000,5.8380000,50.100
15547_090101_130416,D,20120802,000000,5.8000000,5.8220000,5.7100000,5.8220000,53.100
15547_090101_130416,D,20120803,000000,5.7000000,5.8000000,5.6690000,5.7490000,25.100
15547_090101_130416,D,20120806,000000,5.7500000,5.9000000,5.7500000,5.8650000,28.500
15547_090101_130416,D,20120807,000000,5.8890000,5.9450000,5.8090000,5.8550000,49.300
15547_090101_130416,D,20120808,000000,5.8020000,5.9270000,5.8000000,5.8650000,11.000
15547_090101_130416,D,20120809,000000,5.9370000,5.9500000,5.8020000,5.9000000,10.600
15547_090101_130416,D,20120810,000000,5.8990000,5.9000000,5.8500000,5.9000000,18.500
15547_090101_130416,D,20120813,000000,5.8520000,5.9000000,5.8500000,5.8550000,6.500
15547_090101_130416,D,20120814,000000,5.9390000,5.9390000,5.8510000,5.8600000,11.700
15547_090101_130416,D,20120815,000000,5.8860000,5.8900000,5.7100000,5.7610000,89.800
15547_090101_130416,D,20120816,000000,5.8970000,5.8980000,5.7490000,5.7560000,20.600
15547_090101_130416,D,20120817,000000,5.8890000,5.8890000,5.7530000,5.7550000,16.000
15547_090101_130416,D,20120820,000000,5.8990000,5.8990000,5.6060000,5.6870000,102.200
15547_090101_130416,D,20120821,000000,5.6530000,5.7480000,5.6480000,5.7100000,55.600
15547_090101_130416,D,20120822,000000,5.6080000,5.7500000,5.6080000,5.7000000,32.900
15547_090101_130416,D,20120823,000000,5.7480000,5.8390000,5.7050000,5.8390000,61.700
15547_090101_130416,D,20120824,000000,5.7340000,5.8870000,5.7340000,5.8690000,12.700
15547_090101_130416,D,20120827,000000,5.7480000,5.8470000,5.7430000,5.8000000,5.200
15547_090101_130416,D,20120828,000000,5.7340000,5.8420000,5.7000000,5.7800000,6.000
15547_090101_130416,D,20120829,000000,5.7090000,5.7300000,5.6160000,5.6220000,34.600
15547_090101_130416,D,20120830,000000,5.6210000,5.7500000,5.6200000,5.7500000,30.600
15547_090101_130416,D,20120831,000000,5.6340000,5.7920000,5.5710000,5.7500000,28.000
15547_090101_130416,D,20120903,000000,5.6110000,5.7500000,5.6000000,5.7500000,20.400
15547_090101_130416,D,20120904,000000,5.7690000,5.8500000,5.6730000,5.7870000,22.400
15547_090101_130416,D,20120905,000000,5.7000000,5.7450000,5.4880000,5.6990000,5.900
15547_090101_130416,D,20120906,000000,5.6510000,5.7420000,5.6500000,5.7070000,22.000
15547_090101_130416,D,20120907,000000,5.6010000,5.7490000,5.6010000,5.7480000,13.300
15547_090101_130416,D,20120910,000000,5.8000000,5.8500000,5.7910000,5.8460000,38.900
15547_090101_130416,D,20120911,000000,5.8600000,5.9370000,5.7790000,5.7790000,179.700
15547_090101_130416,D,20120912,000000,5.7800000,5.8700000,5.7200000,5.7200000,16.500
15547_090101_130416,D,20120913,000000,5.8770000,5.9000000,5.7870000,5.8950000,9.900
15547_090101_130416,D,20120914,000000,5.9370000,6.1480000,5.8010000,5.9680000,99.600
15547_090101_130416,D,20120917,000000,5.9480000,6.0000000,5.8900000,5.8900000,50.800
15547_090101_130416,D,20120918,000000,5.8010000,5.8920000,5.7460000,5.8540000,16.700
15547_090101_130416,D,20120919,000000,5.8720000,5.9620000,5.7560000,5.7560000,27.300
15547_090101_130416,D,20120920,000000,5.7200000,5.8210000,5.7200000,5.8210000,16.700
15547_090101_130416,D,20120921,000000,5.8890000,5.9000000,5.8010000,5.8200000,36.200
15547_090101_130416,D,20120924,000000,5.8000000,5.8970000,5.7210000,5.8430000,14.600
15547_090101_130416,D,20120925,000000,5.8500000,5.8890000,5.8020000,5.8400000,12.700
15547_090101_130416,D,20120926,000000,5.8000000,5.8000000,5.6200000,5.6220000,140.200
15547_090101_130416,D,20120927,000000,5.7000000,5.7000000,5.6100000,5.6500000,58.500
15547_090101_130416,D,20120928,000000,5.6500000,5.8470000,5.6000000,5.7500000,23.200
15547_090101_130416,D,20121001,000000,5.7390000,5.7990000,5.7010000,5.7890000,10.300
15547_090101_130416,D,20121002,000000,5.7480000,5.7490000,5.6060000,5.7480000,17.000
15547_090101_130416,D,20121003,000000,5.7690000,5.7700000,5.5050000,5.7090000,43.800
15547_090101_130416,D,20121004,000000,5.7260000,5.7850000,5.3180000,5.5980000,164.400
15547_090101_130416,D,20121005,000000,5.5500000,5.6890000,5.5500000,5.6890000,34.800
15547_090101_130416,D,20121008,000000,5.6350000,5.7260000,5.6350000,5.7200000,2.400
15547_090101_130416,D,20121009,000000,5.6430000,5.9390000,5.6420000,5.8850000,131.000
15547_090101_130416,D,20121010,000000,5.6690000,5.9420000,5.6690000,5.9410000,25.700
15547_090101_130416,D,20121011,000000,5.9000000,5.9000000,5.8000000,5.8990000,19.600
15547_090101_130416,D,20121012,000000,5.8990000,5.9490000,5.7700000,5.8690000,61.700
15547_090101_130416,D,20121015,000000,5.8710000,6.0010000,5.8040000,6.0000000,134.000
15547_090101_130416,D,20121016,000000,5.6720000,5.9580000,5.6500000,5.9010000,62.600
15547_090101_130416,D,20121017,000000,5.9270000,6.0000000,5.8250000,5.9000000,92.900
15547_090101_130416,D,20121018,000000,5.9970000,6.0000000,5.8310000,5.9990000,33.100
15547_090101_130416,D,20121019,000000,6.0000000,6.2490000,5.8110000,5.9010000,161.900
15547_090101_130416,D,20121022,000000,5.8560000,5.9310000,5.7240000,5.8700000,51.300
15547_090101_130416,D,20121023,000000,5.8990000,5.9900000,5.7600000,5.9000000,36.400
15547_090101_130416,D,20121024,000000,5.8850000,5.9240000,5.6710000,5.7990000,63.400
15547_090101_130416,D,20121025,000000,5.8500000,5.8500000,5.7800000,5.7800000,25.600
15547_090101_130416,D,20121026,000000,5.7170000,5.7390000,5.6500000,5.7370000,21.100
15547_090101_130416,D,20121029,000000,5.7490000,5.7490000,5.7100000,5.7100000,2.000
15547_090101_130416,D,20121030,000000,5.7080000,5.7950000,5.6000000,5.6970000,69.600
15547_090101_130416,D,20121031,000000,5.6980000,5.6990000,5.6100000,5.6300000,34.000
15547_090101_130416,D,20121101,000000,5.6250000,5.6960000,5.5500000,5.6040000,67.000
15547_090101_130416,D,20121102,000000,5.7450000,5.7450000,5.6700000,5.7210000,15.700
15547_090101_130416,D,20121106,000000,5.7490000,5.8770000,5.7000000,5.7690000,28.500
15547_090101_130416,D,20121107,000000,5.7830000,5.7910000,5.7000000,5.7000000,16.700
15547_090101_130416,D,20121108,000000,5.7990000,5.7990000,5.6110000,5.6880000,27.800
15547_090101_130416,D,20121109,000000,5.6690000,5.6690000,5.6000000,5.6680000,12.500
15547_090101_130416,D,20121112,000000,5.6120000,5.7880000,5.5010000,5.6500000,11.400
15547_090101_130416,D,20121113,000000,5.6400000,5.6930000,5.6000000,5.6200000,71.600
15547_090101_130416,D,20121114,000000,5.6360000,5.6370000,5.4500000,5.5000000,103.800
15547_090101_130416,D,20121115,000000,5.6490000,5.6490000,5.2520000,5.3440000,171.900
15547_090101_130416,D,20121116,000000,5.3500000,5.4000000,5.2500000,5.3600000,100.000
15547_090101_130416,D,20121119,000000,5.4950000,5.6000000,5.3000000,5.3890000,211.100
15547_090101_130416,D,20121120,000000,5.3990000,5.3990000,5.2550000,5.3500000,57.500
15547_090101_130416,D,20121121,000000,5.3490000,5.4540000,5.2600000,5.4540000,60.200
15547_090101_130416,D,20121122,000000,5.4880000,5.4910000,5.3150000,5.4360000,24.500
15547_090101_130416,D,20121123,000000,5.4350000,5.5530000,5.3560000,5.5530000,41.000
15547_090101_130416,D,20121126,000000,5.4070000,5.6000000,5.4050000,5.4940000,10.200
15547_090101_130416,D,20121127,000000,5.4860000,5.5870000,5.4190000,5.5300000,15.500
15547_090101_130416,D,20121128,000000,5.4950000,5.5400000,5.4510000,5.4870000,18.300
15547_090101_130416,D,20121129,000000,5.4860000,5.6090000,5.4000000,5.5500000,37.800
15547_090101_130416,D,20121130,000000,5.4000000,5.5740000,5.4000000,5.5200000,1.200
15547_090101_130416,D,20121203,000000,5.5000000,5.7090000,5.5000000,5.6900000,25.200
15547_090101_130416,D,20121204,000000,5.6000000,5.7000000,5.5660000,5.6170000,17.900
15547_090101_130416,D,20121205,000000,5.5150000,5.6000000,5.4800000,5.5990000,75.400
15547_090101_130416,D,20121206,000000,5.5560000,5.5970000,5.5070000,5.5360000,14.000
15547_090101_130416,D,20121207,000000,5.5690000,5.5700000,5.5080000,5.5100000,14.700
15547_090101_130416,D,20121210,000000,5.5900000,5.5900000,5.5140000,5.5150000,16.500
15547_090101_130416,D,20121211,000000,5.5310000,5.7000000,5.5310000,5.7000000,94.600
15547_090101_130416,D,20121212,000000,5.7000000,5.9000000,5.7000000,5.8200000,69.100
15547_090101_130416,D,20121213,000000,5.8230000,5.8580000,5.7500000,5.8180000,9.100
15547_090101_130416,D,20121214,000000,5.8450000,6.1000000,5.7660000,5.8400000,111.300
15547_090101_130416,D,20121217,000000,5.7280000,5.8070000,5.7020000,5.8000000,35.200
15547_090101_130416,D,20121218,000000,5.8960000,5.9000000,5.6610000,5.6610000,40.400
15547_090101_130416,D,20121219,000000,5.7490000,5.8550000,5.7100000,5.8240000,92.000
15547_090101_130416,D,20121220,000000,5.6850000,5.9800000,5.5860000,5.8250000,477.500
15547_090101_130416,D,20121221,000000,5.8160000,5.9000000,5.8040000,5.8040000,12.800
15547_090101_130416,D,20121224,000000,5.8890000,5.9620000,5.6060000,5.7700000,95.600
15547_090101_130416,D,20121225,000000,5.7980000,5.7980000,5.7100000,5.7320000,155.100
15547_090101_130416,D,20121226,000000,5.7150000,5.7210000,5.5000000,5.7090000,126.600
15547_090101_130416,D,20121227,000000,5.5630000,5.7490000,5.5630000,5.6270000,62.500
15547_090101_130416,D,20121228,000000,5.6670000,6.0000000,5.6200000,6.0000000,170.900
15547_090101_130416,D,20130108,000000,6.0470000,6.2830000,6.0000000,6.0460000,176.900
15547_090101_130416,D,20130109,000000,6.0000000,6.0510000,5.9900000,6.0000000,54.100
15547_090101_130416,D,20130110,000000,5.9600000,6.0970000,5.9010000,5.9010000,28.600
15547_090101_130416,D,20130111,000000,6.0350000,6.0350000,5.9400000,5.9740000,30.200
15547_090101_130416,D,20130114,000000,6.0000000,6.0200000,5.9370000,6.0000000,16.600
15547_090101_130416,D,20130115,000000,6.1900000,6.1980000,5.9990000,6.1400000,35.400
15547_090101_130416,D,20130116,000000,6.1500000,6.2380000,6.1200000,6.2370000,117.800
15547_090101_130416,D,20130117,000000,6.2390000,6.4380000,6.2390000,6.4090000,333.500
15547_090101_130416,D,20130118,000000,6.4940000,6.4940000,6.3200000,6.4200000,209.700
15547_090101_130416,D,20130121,000000,6.4490000,6.6200000,6.3850000,6.4380000,71.900
15547_090101_130416,D,20130122,000000,6.3910000,6.3910000,5.9010000,6.1670000,87.700
15547_090101_130416,D,20130123,000000,6.1590000,6.3400000,6.1590000,6.2750000,10.800
15547_090101_130416,D,20130124,000000,6.2750000,6.3500000,6.1040000,6.1730000,152.600
15547_090101_130416,D,20130125,000000,6.1740000,6.2500000,6.1360000,6.2500000,91.500
15547_090101_130416,D,20130128,000000,6.2500000,6.3940000,6.2250000,6.3440000,111.700
15547_090101_130416,D,20130129,000000,6.2890000,6.4760000,6.2890000,6.3220000,153.800
15547_090101_130416,D,20130130,000000,6.3220000,6.4000000,6.1610000,6.2120000,145.300
15547_090101_130416,D,20130131,000000,6.2110000,6.2120000,6.1000000,6.1000000,116.100
15547_090101_130416,D,20130201,000000,6.1250000,6.2500000,6.1000000,6.1350000,70.100
15547_090101_130416,D,20130204,000000,6.1500000,6.3980000,6.1500000,6.1710000,36.300
15547_090101_130416,D,20130205,000000,6.1500000,6.3410000,6.1500000,6.3410000,29.900
15547_090101_130416,D,20130206,000000,6.3400000,6.4800000,6.3330000,6.3700000,211.300
15547_090101_130416,D,20130207,000000,6.3410000,6.4000000,6.3000000,6.3600000,104.100
15547_090101_130416,D,20130208,000000,6.3820000,6.5730000,6.3330000,6.4090000,295.100
15547_090101_130416,D,20130211,000000,6.3070000,6.4400000,6.2040000,6.3040000,59.500
15547_090101_130416,D,20130212,000000,6.3010000,6.3930000,6.2310000,6.3330000,70.300
15547_090101_130416,D,20130213,000000,6.3000000,6.4300000,6.2790000,6.3690000,9.400
15547_090101_130416,D,20130214,000000,6.3050000,6.3980000,6.3000000,6.3500000,78.500
15547_090101_130416,D,20130215,000000,6.0720000,6.3890000,6.0720000,6.2330000,95.200
15547_090101_130416,D,20130218,000000,6.1010000,6.2150000,6.1010000,6.2150000,39.700
15547_090101_130416,D,20130219,000000,6.1950000,6.4800000,6.1950000,6.3860000,709.900
15547_090101_130416,D,20130220,000000,6.4780000,6.4940000,6.2710000,6.3640000,131.700
15547_090101_130416,D,20130221,000000,6.2660000,6.3390000,6.1500000,6.2790000,181.800
15547_090101_130416,D,20130222,000000,6.2360000,6.3790000,6.2200000,6.3370000,1.500
15547_090101_130416,D,20130225,000000,6.2420000,6.3330000,6.2410000,6.2420000,6.700
15547_090101_130416,D,20130226,000000,6.2360000,6.2380000,6.1500000,6.1600000,66.600
15547_090101_130416,D,20130227,000000,6.1870000,6.3260000,6.1020000,6.2770000,14.800
15547_090101_130416,D,20130228,000000,6.2780000,6.3000000,6.1490000,6.1960000,10.500
15547_090101_130416,D,20130301,000000,6.1000000,6.1000000,5.8800000,5.9500000,260.500
15547_090101_130416,D,20130304,000000,6.1380000,6.1380000,5.8800000,5.8800000,108.300
15547_090101_130416,D,20130305,000000,6.0840000,6.0840000,5.9070000,6.0240000,6.000
15547_090101_130416,D,20130306,000000,5.9960000,6.1850000,5.9960000,6.1200000,110.100
15547_090101_130416,D,20130307,000000,6.1190000,6.2210000,6.1070000,6.1850000,36.000
15547_090101_130416,D,20130311,000000,6.2420000,6.2420000,6.0920000,6.1440000,58.200
15547_090101_130416,D,20130312,000000,6.1310000,6.1310000,6.0000000,6.0000000,9.100
15547_090101_130416,D,20130313,000000,6.0000000,6.0850000,6.0000000,6.0350000,16.500
15547_090101_130416,D,20130314,000000,6.0060000,6.0210000,5.9540000,6.0200000,7.500
15547_090101_130416,D,20130315,000000,6.1000000,6.1000000,5.8030000,5.8650000,160.800
15547_090101_130416,D,20130318,000000,5.8210000,5.9970000,5.7780000,5.8730000,66.500
15547_090101_130416,D,20130319,000000,5.9000000,5.9350000,5.6600000,5.8500000,73.100
15547_090101_130416,D,20130320,000000,5.9330000,5.9500000,5.8210000,5.9480000,45.300
15547_090101_130416,D,20130321,000000,5.8530000,5.9340000,5.8530000,5.9340000,4.000
15547_090101_130416,D,20130322,000000,5.8900000,5.9430000,5.8540000,5.9430000,43.500
15547_090101_130416,D,20130325,000000,5.8800000,5.8830000,5.7560000,5.7560000,13.000
15547_090101_130416,D,20130326,000000,5.7030000,5.8770000,5.5500000,5.7280000,117.600
15547_090101_130416,D,20130327,000000,5.6050000,5.8070000,5.5000000,5.6330000,92.200
15547_090101_130416,D,20130328,000000,5.8110000,5.8110000,5.6200000,5.7040000,35.600
15547_090101_130416,D,20130329,000000,5.6240000,6.4900000,5.6240000,6.4900000,286.800
15547_090101_130416,D,20130401,000000,6.2540000,6.2540000,5.9430000,6.2350000,142.400
15547_090101_130416,D,20130402,000000,6.1380000,6.2480000,5.8520000,6.0740000,46.300
15547_090101_130416,D,20130403,000000,6.0000000,6.0650000,5.7800000,5.8480000,91.600
