<TICKER>,<PER>,<DATE>,<TIME>,<OPEN>,<HIGH>,<LOW>,<CLOSE>,<VOL>
15722_090101_130416,D,20090226,000000,9.8000000,9.8000000,9.8000000,9.8000000,100
15722_090101_130416,D,20090313,000000,9.8000000,9.8000000,9.8000000,9.8000000,100
15722_090101_130416,D,20090324,000000,9.8000000,9.8000000,9.8000000,9.8000000,200
15722_090101_130416,D,20090326,000000,9.8000000,9.8000000,9.8000000,9.8000000,100
15722_090101_130416,D,20090401,000000,9.8000000,9.8000000,9.8000000,9.8000000,100
15722_090101_130416,D,20090416,000000,9.8000000,9.8000000,9.8000000,9.8000000,100
15722_090101_130416,D,20090421,000000,9.8000000,9.8000000,9.8000000,9.8000000,100
15722_090101_130416,D,20090504,000000,9.8000000,9.9000000,7.0000000,9.9000000,101.200
15722_090101_130416,D,20090514,000000,9.8000000,9.8000000,9.8000000,9.8000000,100
15722_090101_130416,D,20090515,000000,5.9000000,8.0000000,5.9000000,8.0000000,2.800
15722_090101_130416,D,20090519,000000,8.7500000,8.7500000,8.7500000,8.7500000,100
15722_090101_130416,D,20090521,000000,9.8000000,9.8000000,9.8000000,9.8000000,100
15722_090101_130416,D,20090525,000000,9.8000000,9.8000000,9.8000000,9.8000000,500
15722_090101_130416,D,20090604,000000,9.8000000,9.8000000,9.8000000,9.8000000,600
15722_090101_130416,D,20090709,000000,8.0000000,8.0000000,5.9000000,5.9000000,500
15722_090101_130416,D,20090730,000000,8.2600000,8.2600000,8.2600000,8.2600000,100
15722_090101_130416,D,20090929,000000,8.0000000,8.0000000,8.0000000,8.0000000,600
15722_090101_130416,D,20091006,000000,8.5000000,8.5000000,8.5000000,8.5000000,500
15722_090101_130416,D,20091007,000000,8.5000000,8.5000000,8.5000000,8.5000000,800
15722_090101_130416,D,20091008,000000,9.0000000,9.0000000,9.0000000,9.0000000,600
15722_090101_130416,D,20091016,000000,8.9000000,8.9000000,8.9000000,8.9000000,100.000
15722_090101_130416,D,20091026,000000,8.8000000,8.8000000,8.8000000,8.8000000,2.000
15722_090101_130416,D,20091030,000000,8.6000000,8.6000000,8.6000000,8.6000000,100
15722_090101_130416,D,20091106,000000,8.9000000,12.0000000,8.9000000,9.0000000,5.700
15722_090101_130416,D,20091111,000000,8.0000000,8.0000000,8.0000000,8.0000000,200
15722_090101_130416,D,20091112,000000,8.9999000,8.9999000,7.5000000,7.5000000,500
15722_090101_130416,D,20091113,000000,6.0006000,9.0000000,6.0006000,8.0030000,2.400
15722_090101_130416,D,20091116,000000,6.0006000,8.4000000,6.0006000,8.0001000,4.800
15722_090101_130416,D,20091117,000000,8.7999000,9.0000000,7.8002000,8.3500000,14.800
15722_090101_130416,D,20091118,000000,7.7000000,8.2000000,7.1500000,8.2000000,1.100
15722_090101_130416,D,20091120,000000,8.2000000,8.3000000,8.2000000,8.3000000,300
15722_090101_130416,D,20091230,000000,7.5000000,7.5000000,7.3999000,7.3999000,1.400
15722_090101_130416,D,20100111,000000,7.4000000,7.5550000,7.4000000,7.5550000,5.700
15722_090101_130416,D,20100112,000000,7.5500000,7.5500000,7.5500000,7.5500000,100
15722_090101_130416,D,20100113,000000,7.5550000,7.5600000,7.5550000,7.5600000,5.000
15722_090101_130416,D,20100114,000000,7.5650000,7.6500000,6.5009000,7.4500000,10.100
15722_090101_130416,D,20100115,000000,6.8881000,7.5199000,6.7770000,7.4000000,2.600
15722_090101_130416,D,20100118,000000,7.5999000,7.6000000,7.5999000,7.6000000,700
15722_090101_130416,D,20100119,000000,7.6500000,7.9000000,7.6500000,7.7501000,11.500
15722_090101_130416,D,20100120,000000,7.9999000,8.4200000,7.9999000,8.4100000,22.600
15722_090101_130416,D,20100121,000000,8.5000000,11.7810000,7.2000000,11.0000000,49.700
15722_090101_130416,D,20100122,000000,15.0000000,15.5823000,12.7000000,15.5823000,20.400
15722_090101_130416,D,20100125,000000,17.5000000,21.0000000,12.5038000,16.3000000,6.400
15722_090101_130416,D,20100126,000000,15.0000000,15.0000000,13.5000000,14.6999000,5.900
15722_090101_130416,D,20100127,000000,14.0000000,14.0000000,14.0000000,14.0000000,100.000
15722_090101_130416,D,20100128,000000,16.0000000,16.4999000,16.0000000,16.4999000,600
15722_090101_130416,D,20100129,000000,16.5000000,17.0000000,16.5000000,17.0000000,400
15722_090101_130416,D,20100201,000000,14.0000000,14.9990000,13.5000000,14.0000000,48.800
15722_090101_130416,D,20100202,000000,13.6300000,13.8999000,13.0000000,13.0000000,17.600
15722_090101_130416,D,20100203,000000,12.9999000,13.7985000,12.5112000,13.4996000,13.000
15722_090101_130416,D,20100204,000000,13.5000000,14.2500000,13.1500000,13.4545000,38.500
15722_090101_130416,D,20100205,000000,13.2503000,13.2503000,13.2000000,13.2000000,2.600
15722_090101_130416,D,20100208,000000,13.2000000,13.2000000,13.2000000,13.2000000,1.000
15722_090101_130416,D,20100209,000000,13.0500000,13.0500000,12.9500000,13.0110000,6.400
15722_090101_130416,D,20100210,000000,13.0000000,14.0000000,13.0000000,14.0000000,4.100
15722_090101_130416,D,20100211,000000,13.8997000,13.8997000,12.9500000,13.0000000,7.100
15722_090101_130416,D,20100212,000000,13.4000000,14.5000000,13.4000000,13.9000000,7.000
15722_090101_130416,D,20100215,000000,14.0000000,14.2499000,13.5004000,13.5004000,2.400
15722_090101_130416,D,20100217,000000,13.6500000,14.2498000,13.5002000,13.5002000,300
15722_090101_130416,D,20100218,000000,13.5008000,13.5008000,13.0100000,13.5000000,2.000
15722_090101_130416,D,20100219,000000,13.5000000,13.5000000,13.5000000,13.5000000,200
15722_090101_130416,D,20100224,000000,13.5000000,13.5000000,13.5000000,13.5000000,500
15722_090101_130416,D,20100225,000000,13.5000000,13.6900000,13.0000000,13.4000000,20.800
15722_090101_130416,D,20100226,000000,13.7498000,16.9499000,13.7498000,14.7500000,8.100
15722_090101_130416,D,20100227,000000,14.9999000,17.9800000,14.9999000,17.9800000,15.700
15722_090101_130416,D,20100301,000000,15.5000000,17.4998000,15.5000000,17.0000000,31.000
15722_090101_130416,D,20100302,000000,16.9999000,17.7500000,16.9999000,17.1000000,7.100
15722_090101_130416,D,20100303,000000,17.1000000,17.2000000,14.5001000,16.3984000,10.800
15722_090101_130416,D,20100304,000000,15.5000000,17.0000000,15.0000000,17.0000000,32.000
15722_090101_130416,D,20100309,000000,17.0000000,17.0000000,15.1001000,15.5000000,11.800
15722_090101_130416,D,20100310,000000,16.0000000,16.4669000,15.5000000,15.5000000,7.400
15722_090101_130416,D,20100311,000000,15.5000000,15.5000000,14.6299000,15.0040000,7.700
15722_090101_130416,D,20100312,000000,15.9969000,16.5000000,15.9969000,16.3000000,17.800
15722_090101_130416,D,20100315,000000,15.5537000,16.4996000,15.5537000,16.4996000,200
15722_090101_130416,D,20100317,000000,16.5999000,16.9990000,16.0000000,16.5500000,4.000
15722_090101_130416,D,20100318,000000,16.4500000,16.9999000,16.4500000,16.9999000,2.100
15722_090101_130416,D,20100319,000000,16.3000000,16.5998000,16.0200000,16.5998000,10.600
15722_090101_130416,D,20100322,000000,15.8999000,15.9000000,15.8999000,15.9000000,1.800
15722_090101_130416,D,20100323,000000,16.0000000,16.0000000,15.5005000,15.5005000,400
15722_090101_130416,D,20100324,000000,17.0000000,17.0000000,16.1000000,16.7000000,700
15722_090101_130416,D,20100401,000000,15.6003000,16.4500000,15.6003000,16.4500000,10.100
15722_090101_130416,D,20100402,000000,16.7000000,16.7000000,16.7000000,16.7000000,100
15722_090101_130416,D,20100406,000000,16.0000000,16.0000000,16.0000000,16.0000000,600
15722_090101_130416,D,20100407,000000,15.5003000,15.5003000,15.2500000,15.2500000,6.900
15722_090101_130416,D,20100409,000000,15.4999000,15.4999000,15.4999000,15.4999000,100
15722_090101_130416,D,20100412,000000,15.5000000,15.6000000,15.5000000,15.6000000,30.100
15722_090101_130416,D,20100413,000000,15.5000000,15.5000000,15.3500000,15.3500000,21.400
15722_090101_130416,D,20100415,000000,15.5000000,15.8000000,15.4500000,15.5000000,109.900
15722_090101_130416,D,20100416,000000,15.5000000,15.5000000,15.0000000,15.0000000,4.200
15722_090101_130416,D,20100421,000000,14.5001000,14.5001000,14.5001000,14.5001000,200
15722_090101_130416,D,20100422,000000,15.7500000,19.9000000,15.2500000,19.9000000,106.100
15722_090101_130416,D,20100423,000000,19.9500000,24.3899000,19.9499000,20.9500000,281.800
15722_090101_130416,D,20100426,000000,22.0000000,22.0000000,20.5009000,20.8000000,41.600
15722_090101_130416,D,20100427,000000,20.0000000,20.0000000,18.1000000,19.9999000,38.400
15722_090101_130416,D,20100428,000000,19.1001000,21.5000000,19.1000000,21.0000000,20.900
15722_090101_130416,D,20100429,000000,21.4900000,21.9950000,20.0000000,21.2488000,12.700
15722_090101_130416,D,20100430,000000,20.9997000,20.9997000,19.0000000,19.1000000,23.100
15722_090101_130416,D,20100504,000000,20.3000000,20.3000000,17.1002000,18.8000000,43.200
15722_090101_130416,D,20100505,000000,18.4999000,18.4999000,18.4999000,18.4999000,100
15722_090101_130416,D,20100506,000000,17.5000000,17.5000000,17.0200000,17.0200000,10.600
15722_090101_130416,D,20100507,000000,16.9997000,18.5000000,16.9997000,17.0000000,1.600
15722_090101_130416,D,20100511,000000,16.0011000,16.0011000,16.0000000,16.0000000,9.200
15722_090101_130416,D,20100512,000000,16.0001000,18.0000000,16.0001000,18.0000000,2.600
15722_090101_130416,D,20100513,000000,18.0000000,18.0000000,18.0000000,18.0000000,2.500
15722_090101_130416,D,20100514,000000,16.8001000,16.8001000,16.8000000,16.8000000,5.000
15722_090101_130416,D,20100517,000000,17.8000000,17.9000000,17.8000000,17.9000000,1.600
15722_090101_130416,D,20100518,000000,18.0000000,18.0000000,17.8000000,17.8000000,200
15722_090101_130416,D,20100520,000000,18.0000000,18.6999000,16.9000000,18.6999000,400
15722_090101_130416,D,20100521,000000,16.0817000,18.7999000,16.0817000,18.7999000,200
15722_090101_130416,D,20100524,000000,18.5000000,18.5000000,16.0000000,16.0000000,10.100
15722_090101_130416,D,20100525,000000,15.9000000,17.9991000,15.0100000,17.9991000,10.600
15722_090101_130416,D,20100526,000000,17.9994000,17.9994000,16.5000000,16.5000000,400
15722_090101_130416,D,20100527,000000,15.8500000,18.9995000,15.8500000,18.9995000,2.500
15722_090101_130416,D,20100528,000000,17.9999000,17.9999000,17.9999000,17.9999000,600
15722_090101_130416,D,20100531,000000,18.9984000,18.9984000,18.9984000,18.9984000,100
15722_090101_130416,D,20100601,000000,17.9000000,18.9984000,17.9000000,18.9984000,400
15722_090101_130416,D,20100602,000000,16.5000000,18.4000000,16.2000000,18.4000000,3.000
15722_090101_130416,D,20100603,000000,16.7000000,18.7999000,16.6006000,18.7400000,3.400
15722_090101_130416,D,20100604,000000,18.6500000,18.9984000,18.6500000,18.9984000,400
15722_090101_130416,D,20100607,000000,18.8700000,18.8700000,16.9008000,17.4266000,7.900
15722_090101_130416,D,20100609,000000,18.7710000,18.7710000,18.7710000,18.7710000,100
15722_090101_130416,D,20100611,000000,17.0000000,17.8859000,17.0000000,17.0000000,5.300
15722_090101_130416,D,20100617,000000,16.4001000,16.4001000,15.9001000,15.9001000,4.000
15722_090101_130416,D,20100618,000000,15.9999000,17.3000000,15.9000000,16.8800000,33.300
15722_090101_130416,D,20100621,000000,16.1000000,17.3500000,16.1000000,17.3500000,116.500
15722_090101_130416,D,20100622,000000,17.0000000,17.0000000,17.0000000,17.0000000,100
15722_090101_130416,D,20100623,000000,16.2500000,16.9999000,16.2500000,16.9999000,800
15722_090101_130416,D,20100625,000000,16.1201000,16.9800000,15.9999000,16.9800000,5.500
15722_090101_130416,D,20100628,000000,16.0020000,16.0020000,16.0020000,16.0020000,800
15722_090101_130416,D,20100630,000000,15.9000000,16.6999000,15.9000000,16.6999000,400
15722_090101_130416,D,20100701,000000,15.9000000,15.9000000,15.9000000,15.9000000,200
15722_090101_130416,D,20100702,000000,16.5200000,16.6000000,16.5200000,16.6000000,2.100
15722_090101_130416,D,20100705,000000,15.5000000,15.5000000,15.0000000,15.0000000,5.600
15722_090101_130416,D,20100706,000000,15.0001000,15.0001000,15.0000000,15.0000000,2.000
15722_090101_130416,D,20100707,000000,16.4999000,16.4999000,16.4999000,16.4999000,100
15722_090101_130416,D,20100708,000000,16.4000000,16.4000000,16.4000000,16.4000000,100
15722_090101_130416,D,20100713,000000,16.4900000,16.4900000,16.4900000,16.4900000,100
15722_090101_130416,D,20100715,000000,16.0000000,16.0000000,14.5204000,14.5204000,2.300
15722_090101_130416,D,20100716,000000,16.0000000,16.0000000,16.0000000,16.0000000,100
15722_090101_130416,D,20100720,000000,16.0500000,16.4995000,14.2000000,14.7010000,8.800
15722_090101_130416,D,20100722,000000,14.7501000,14.7501000,14.2500000,14.2500000,449.500
15722_090101_130416,D,20100723,000000,15.5000000,19.0000000,15.5000000,16.2000000,600.400
15722_090101_130416,D,20100726,000000,16.0002000,16.4998000,16.0000000,16.0000000,2.400
15722_090101_130416,D,20100727,000000,16.1748000,16.4700000,16.1748000,16.4700000,1.300
15722_090101_130416,D,20100728,000000,16.0200000,16.0200000,15.8562000,15.8562000,300
15722_090101_130416,D,20100729,000000,16.0147000,16.0147000,15.5003000,15.5003000,1.300
15722_090101_130416,D,20100730,000000,15.3900000,15.3900000,15.3900000,15.3900000,100
15722_090101_130416,D,20100802,000000,15.5439000,16.0000000,15.5439000,16.0000000,1.000
15722_090101_130416,D,20100805,000000,15.6000000,16.0000000,15.5000000,15.5000000,600
15722_090101_130416,D,20100806,000000,15.3906000,15.3906000,15.2382000,15.2382000,200
15722_090101_130416,D,20100810,000000,15.1000000,15.9900000,15.1000000,15.5461000,103.900
15722_090101_130416,D,20100811,000000,15.5000000,15.9900000,15.2000000,15.2000000,3.400
15722_090101_130416,D,20100812,000000,15.0001000,15.4995000,15.0000000,15.0000000,13.100
15722_090101_130416,D,20100813,000000,14.6500000,14.9000000,14.6000000,14.9000000,7.400
15722_090101_130416,D,20100817,000000,14.9999000,15.0001000,14.9999000,15.0000000,11.800
15722_090101_130416,D,20100818,000000,14.7000000,14.9991000,14.7000000,14.9991000,100.900
15722_090101_130416,D,20100819,000000,14.2400000,14.9200000,14.2303000,14.7499000,3.400
15722_090101_130416,D,20100820,000000,14.1000000,14.9293000,14.1000000,14.5483000,45.100
15722_090101_130416,D,20100823,000000,14.7000000,14.7000000,14.7000000,14.7000000,4.500
15722_090101_130416,D,20100824,000000,14.7100000,14.7100000,14.7000000,14.7000000,1.600
15722_090101_130416,D,20100825,000000,14.6990000,14.7000000,14.6960000,14.6970000,80.000
15722_090101_130416,D,20100827,000000,14.7000000,14.7000000,14.2750000,14.7000000,31.800
15722_090101_130416,D,20100901,000000,14.7500000,14.7500000,14.7450000,14.7490000,31.000
15722_090101_130416,D,20100902,000000,14.7499000,14.7499000,14.7499000,14.7499000,700
15722_090101_130416,D,20100903,000000,14.0800000,14.7499000,14.0800000,14.7499000,1.800
15722_090101_130416,D,20100906,000000,14.7499000,14.7500000,14.7499000,14.7500000,5.300
15722_090101_130416,D,20100907,000000,14.5000000,14.5000000,14.5000000,14.5000000,39.500
15722_090101_130416,D,20100908,000000,14.5000000,14.5000000,14.5000000,14.5000000,9.000
15722_090101_130416,D,20100909,000000,14.5000000,14.5000000,14.5000000,14.5000000,8.100
15722_090101_130416,D,20100913,000000,14.5000000,15.8978000,14.5000000,14.5000000,211.600
15722_090101_130416,D,20100914,000000,14.5000000,14.5000000,14.5000000,14.5000000,100
15722_090101_130416,D,20100916,000000,14.0030000,14.0030000,14.0030000,14.0030000,100
15722_090101_130416,D,20100917,000000,14.0000000,14.0000000,14.0000000,14.0000000,6.900
15722_090101_130416,D,20100920,000000,14.0000000,14.0000000,14.0000000,14.0000000,1.200
15722_090101_130416,D,20100922,000000,14.0000000,14.0000000,14.0000000,14.0000000,100
15722_090101_130416,D,20100923,000000,14.0000000,14.0000000,13.5401000,13.5401000,200
15722_090101_130416,D,20100924,000000,13.5400000,13.5400000,13.5400000,13.5400000,800
15722_090101_130416,D,20100927,000000,13.5450000,14.0000000,13.5450000,14.0000000,63.000
15722_090101_130416,D,20100929,000000,14.0000000,14.0000000,14.0000000,14.0000000,700
15722_090101_130416,D,20101001,000000,14.0000000,14.0000000,13.0001000,14.0000000,15.400
15722_090101_130416,D,20101004,000000,13.9900000,14.0000000,13.6000000,14.0000000,6.200
15722_090101_130416,D,20101005,000000,14.0000000,14.0000000,14.0000000,14.0000000,2.000
15722_090101_130416,D,20101006,000000,14.0000000,14.0000000,14.0000000,14.0000000,2.000
15722_090101_130416,D,20101007,000000,13.9490000,13.9490000,13.9490000,13.9490000,68.000
15722_090101_130416,D,20101008,000000,13.9430000,13.9470000,13.9200000,13.9200000,73.100
15722_090101_130416,D,20101011,000000,13.9900000,14.0000000,13.9416000,13.9416000,85.600
15722_090101_130416,D,20101012,000000,13.9412000,13.9412000,13.5000000,13.5000000,85.400
15722_090101_130416,D,20101013,000000,13.9799000,14.8999000,13.9799000,14.2184000,110.300
15722_090101_130416,D,20101014,000000,14.0778000,14.0778000,13.8004000,13.8004000,5.300
15722_090101_130416,D,20101015,000000,13.8004000,13.9382000,13.2501000,13.9382000,4.000
15722_090101_130416,D,20101018,000000,13.9000000,13.9000000,13.9000000,13.9000000,10.000
15722_090101_130416,D,20101019,000000,13.8960000,13.8960000,13.8960000,13.8960000,10.000
15722_090101_130416,D,20101020,000000,13.8996000,13.8996000,13.8996000,13.8996000,11.000
15722_090101_130416,D,20101021,000000,13.8989000,14.2999000,13.8989000,13.9386000,10.900
15722_090101_130416,D,20101022,000000,13.8007000,13.8007000,13.2000000,13.3000000,17.200
15722_090101_130416,D,20101025,000000,13.3410000,13.3410000,13.2700000,13.2700000,5.800
15722_090101_130416,D,20101026,000000,13.7300000,13.9999000,13.6641000,13.6700000,27.600
15722_090101_130416,D,20101027,000000,13.6700000,13.6700000,13.6700000,13.6700000,8.000
15722_090101_130416,D,20101028,000000,13.6710000,13.9998000,13.6710000,13.9998000,8.500
15722_090101_130416,D,20101029,000000,13.9995000,13.9995000,13.9995000,13.9995000,5.000
15722_090101_130416,D,20101101,000000,13.8015000,13.9394000,13.5000000,13.5000000,5.500
15722_090101_130416,D,20101102,000000,13.5013000,13.5013000,13.5013000,13.5013000,4.600
15722_090101_130416,D,20101103,000000,13.5001000,13.6650000,13.0010000,13.6600000,5.300
15722_090101_130416,D,20101108,000000,13.6649000,13.9400000,13.1000000,13.8500000,12.500
15722_090101_130416,D,20101109,000000,13.8000000,13.8000000,13.8000000,13.8000000,5.000
15722_090101_130416,D,20101110,000000,13.8000000,13.8000000,13.8000000,13.8000000,6.100
15722_090101_130416,D,20101111,000000,13.8000000,14.0000000,13.3100000,13.3100000,6.500
15722_090101_130416,D,20101112,000000,13.9400000,13.9400000,13.6655000,13.6655000,6.200
15722_090101_130416,D,20101113,000000,13.6700000,13.8021000,13.6700000,13.8021000,5.100
15722_090101_130416,D,20101115,000000,13.6000000,13.7900000,13.6000000,13.6001000,9.400
15722_090101_130416,D,20101116,000000,13.5500000,13.9998000,13.5500000,13.9998000,6.600
15722_090101_130416,D,20101117,000000,13.6655000,13.8000000,13.5500000,13.8000000,5.200
15722_090101_130416,D,20101118,000000,13.7900000,13.7900000,13.7900000,13.7900000,4.200
15722_090101_130416,D,20101119,000000,13.5302000,13.6646000,13.0051000,13.6646000,8.200
15722_090101_130416,D,20101122,000000,13.5700000,13.6642000,12.5500000,13.4663000,7.300
15722_090101_130416,D,20101123,000000,13.4600000,13.4600000,13.4600000,13.4600000,4.000
15722_090101_130416,D,20101124,000000,13.4580000,13.4580000,13.4580000,13.4580000,3.700
15722_090101_130416,D,20101125,000000,13.4500000,13.4500000,13.4500000,13.4500000,5.000
15722_090101_130416,D,20101126,000000,13.4550000,13.4550000,13.4502000,13.4502000,5.100
15722_090101_130416,D,20101129,000000,13.5937000,18.5000000,13.5937000,15.6605000,281.100
15722_090101_130416,D,20101130,000000,15.3532000,15.6500000,14.3000000,14.9799000,49.500
15722_090101_130416,D,20101201,000000,14.7542000,15.2012000,13.1501000,13.7000000,116.500
15722_090101_130416,D,20101202,000000,13.8996000,15.5900000,13.7620000,14.1500000,113.700
15722_090101_130416,D,20101203,000000,14.2146000,14.8300000,13.6100000,14.3000000,29.400
15722_090101_130416,D,20101206,000000,14.1001000,14.1001000,13.5603000,14.0700000,28.100
15722_090101_130416,D,20101207,000000,13.9400000,16.2400000,13.9400000,14.0851000,68.700
15722_090101_130416,D,20101208,000000,14.1200000,14.1200000,14.1001000,14.1001000,10.300
15722_090101_130416,D,20101209,000000,14.3665000,14.3665000,14.3665000,14.3665000,100
15722_090101_130416,D,20101210,000000,14.2999000,14.6538000,14.2899000,14.6538000,7.600
15722_090101_130416,D,20101213,000000,14.3665000,14.9990000,14.0012000,14.8376000,13.900
15722_090101_130416,D,20101214,000000,14.6831000,14.7000000,14.0002000,14.5404000,20.400
15722_090101_130416,D,20101215,000000,14.0000000,18.4900000,13.9600000,15.2500000,238.200
15722_090101_130416,D,20101216,000000,15.2500000,16.1000000,14.5000000,15.0000000,80.500
15722_090101_130416,D,20101217,000000,14.9647000,20.9000000,14.9647000,15.7000000,216.200
15722_090101_130416,D,20101220,000000,16.1896000,16.4900000,15.4003000,15.4003000,5.000
15722_090101_130416,D,20101221,000000,15.5000000,15.7900000,14.5001000,15.2920000,3.600
15722_090101_130416,D,20101222,000000,15.9037000,15.9039000,15.4001000,15.9039000,1.900
15722_090101_130416,D,20101223,000000,15.9040000,17.2500000,15.6002000,16.0050000,73.600
15722_090101_130416,D,20101224,000000,16.2699000,16.8000000,16.0010000,16.4792000,110.800
15722_090101_130416,D,20101227,000000,16.4995000,17.0000000,16.4000000,16.4003000,45.400
15722_090101_130416,D,20101228,000000,16.5197000,16.5608000,16.0003000,16.5608000,3.200
15722_090101_130416,D,20101229,000000,16.2361000,16.7000000,16.0000000,16.5000000,8.100
15722_090101_130416,D,20101230,000000,16.5000000,16.7499000,16.0011000,16.6700000,22.400
15722_090101_130416,D,20110111,000000,16.5608000,16.7400000,16.3400000,16.7400000,600
15722_090101_130416,D,20110112,000000,16.4024000,16.7500000,16.2361000,16.4868000,3.600
15722_090101_130416,D,20110113,000000,16.5608000,17.0000000,16.2983000,16.8000000,43.100
15722_090101_130416,D,20110114,000000,16.5833000,16.5833000,16.5612000,16.5612000,300
15722_090101_130416,D,20110117,000000,16.8596000,16.9000000,16.8000000,16.8000000,2.300
15722_090101_130416,D,20110118,000000,16.6627000,16.6627000,15.5001000,16.0640000,3.900
15722_090101_130416,D,20110119,000000,16.5357000,16.5612000,16.3000000,16.5612000,96.500
15722_090101_130416,D,20110121,000000,16.8924000,16.8924000,16.8800000,16.8800000,200
15722_090101_130416,D,20110124,000000,16.6040000,16.6040000,16.2364000,16.2364000,600
15722_090101_130416,D,20110125,000000,15.9401000,15.9401000,15.6059000,15.6059000,1.000
15722_090101_130416,D,20110126,000000,15.8999000,16.0000000,15.8999000,16.0000000,12.700
15722_090101_130416,D,20110127,000000,15.6060000,15.6060000,15.5109000,15.5109000,4.200
15722_090101_130416,D,20110128,000000,15.5111000,15.5111000,15.5000000,15.5000000,10.000
15722_090101_130416,D,20110131,000000,15.2999000,15.7996000,15.1104000,15.7996000,2.600
15722_090101_130416,D,20110201,000000,15.6058000,15.9990000,15.4000000,15.9181000,107.000
15722_090101_130416,D,20110202,000000,15.9999000,16.0000000,15.6601000,15.7000000,35.100
15722_090101_130416,D,20110207,000000,15.6062000,15.6062000,14.5000000,15.0002000,8.400
15722_090101_130416,D,20110208,000000,15.2400000,15.2998000,15.0000000,15.0000000,1.200
15722_090101_130416,D,20110209,000000,15.6000000,15.9999000,14.7061000,15.0002000,2.600
15722_090101_130416,D,20110210,000000,15.0002000,15.0002000,15.0002000,15.0002000,4.900
15722_090101_130416,D,20110215,000000,15.2970000,15.3002000,15.2970000,15.3002000,200
15722_090101_130416,D,20110216,000000,15.0002000,15.0002000,14.8100000,14.8100000,800
15722_090101_130416,D,20110217,000000,14.8011000,14.8011000,14.8000000,14.8000000,4.000
15722_090101_130416,D,20110218,000000,14.8000000,14.8000000,14.8000000,14.8000000,1.200
15722_090101_130416,D,20110221,000000,14.7500000,14.8500000,14.5252000,14.5252000,37.000
15722_090101_130416,D,20110224,000000,14.7399000,14.7700000,14.7399000,14.7500000,6.500
15722_090101_130416,D,20110225,000000,14.7000000,14.7000000,14.7000000,14.7000000,100
15722_090101_130416,D,20110228,000000,14.5550000,14.8000000,14.5550000,14.8000000,5.100
15722_090101_130416,D,20110301,000000,15.5000000,15.5000000,14.5100000,14.5100000,2.500
15722_090101_130416,D,20110304,000000,14.0000000,14.7000000,14.0000000,14.6600000,4.200
15722_090101_130416,D,20110309,000000,14.5100000,14.5100000,14.5100000,14.5100000,200
15722_090101_130416,D,20110311,000000,14.2000000,14.2000000,14.2000000,14.2000000,100
15722_090101_130416,D,20110314,000000,14.0000000,14.0000000,12.0000000,12.9000000,29.200
15722_090101_130416,D,20110315,000000,12.0090000,12.2150000,12.0080000,12.2150000,6.000
15722_090101_130416,D,20110316,000000,12.1000000,12.1000000,11.9000000,11.9000000,5.300
15722_090101_130416,D,20110317,000000,12.7470000,13.0000000,12.5000000,13.0000000,1.500
15722_090101_130416,D,20110323,000000,12.7490000,12.7490000,11.0100000,12.4690000,6.100
15722_090101_130416,D,20110324,000000,12.3700000,12.3700000,12.3700000,12.3700000,200
15722_090101_130416,D,20110325,000000,12.2500000,12.2500000,11.2060000,11.2060000,700
15722_090101_130416,D,20110328,000000,11.3550000,12.1110000,11.3010000,12.1110000,1.100
15722_090101_130416,D,20110329,000000,11.8920000,11.9000000,11.8920000,11.9000000,700
15722_090101_130416,D,20110330,000000,11.8000000,11.8000000,11.8000000,11.8000000,100
15722_090101_130416,D,20110331,000000,12.0900000,12.1490000,12.0900000,12.1490000,3.300
15722_090101_130416,D,20110401,000000,12.3740000,13.0000000,12.0580000,12.0660000,9.400
15722_090101_130416,D,20110404,000000,12.7390000,13.0000000,12.7390000,12.9000000,1.500
15722_090101_130416,D,20110406,000000,12.4990000,12.5000000,11.8000000,12.0000000,11.600
15722_090101_130416,D,20110407,000000,11.8000000,11.8000000,11.0000000,11.1000000,21.700
15722_090101_130416,D,20110408,000000,11.6990000,12.0000000,11.6990000,12.0000000,500
15722_090101_130416,D,20110412,000000,11.8000000,11.8000000,11.8000000,11.8000000,200
15722_090101_130416,D,20110413,000000,11.7110000,11.7110000,11.7110000,11.7110000,200
15722_090101_130416,D,20110414,000000,11.9980000,12.3000000,11.9980000,12.2790000,4.400
15722_090101_130416,D,20110415,000000,12.2390000,12.2390000,12.2390000,12.2390000,100
15722_090101_130416,D,20110418,000000,11.8870000,11.8870000,11.8870000,11.8870000,300
15722_090101_130416,D,20110419,000000,11.8700000,11.8700000,11.8700000,11.8700000,100
15722_090101_130416,D,20110420,000000,12.0990000,12.0990000,12.0990000,12.0990000,100
15722_090101_130416,D,20110421,000000,11.8750000,11.8750000,11.6000000,11.8000000,1.800
15722_090101_130416,D,20110422,000000,11.8000000,11.9990000,11.8000000,11.9990000,2.700
15722_090101_130416,D,20110426,000000,11.7300000,11.7300000,11.0100000,11.0100000,17.100
15722_090101_130416,D,20110428,000000,10.8550000,10.8550000,10.8510000,10.8510000,800
15722_090101_130416,D,20110503,000000,11.0000000,11.0000000,11.0000000,11.0000000,5.000
15722_090101_130416,D,20110504,000000,10.3770000,10.8500000,9.9800000,9.9800000,15.900
15722_090101_130416,D,20110505,000000,9.9850000,9.9850000,9.9850000,9.9850000,2.000
15722_090101_130416,D,20110506,000000,10.4440000,10.8770000,10.4440000,10.8770000,700
15722_090101_130416,D,20110510,000000,10.8800000,11.4000000,10.8800000,11.4000000,200
15722_090101_130416,D,20110511,000000,11.4430000,12.0000000,11.3050000,11.3050000,1.900
15722_090101_130416,D,20110512,000000,11.1930000,11.1930000,10.8630000,10.8630000,400
15722_090101_130416,D,20110513,000000,10.9720000,10.9720000,10.9720000,10.9720000,100
15722_090101_130416,D,20110516,000000,10.8640000,10.8640000,10.7560000,10.8630000,600
15722_090101_130416,D,20110517,000000,10.7560000,10.9700000,10.3890000,10.7560000,900
15722_090101_130416,D,20110518,000000,10.8630000,10.9700000,10.7560000,10.7560000,800
15722_090101_130416,D,20110523,000000,10.0830000,10.1000000,10.0000000,10.0990000,3.200
15722_090101_130416,D,20110524,000000,10.0990000,10.0990000,9.8000000,9.8000000,2.200
15722_090101_130416,D,20110526,000000,9.8030000,9.8030000,9.8000000,9.8000000,1.400
15722_090101_130416,D,20110527,000000,9.5000000,10.3980000,8.0000000,9.1310000,134.900
15722_090101_130416,D,20110530,000000,9.0100000,9.7440000,9.0100000,9.2980000,10.700
15722_090101_130416,D,20110531,000000,9.0100000,10.0000000,9.0100000,9.6650000,6.100
15722_090101_130416,D,20110601,000000,9.8820000,9.8820000,9.8820000,9.8820000,100
15722_090101_130416,D,20110602,000000,9.2280000,9.3500000,9.0200000,9.3500000,17.700
15722_090101_130416,D,20110603,000000,9.6960000,9.9200000,9.1000000,9.2400000,13.500
15722_090101_130416,D,20110606,000000,9.1020000,9.8690000,8.7770000,9.3510000,2.000
15722_090101_130416,D,20110607,000000,9.4870000,9.6490000,9.4870000,9.6490000,6.700
15722_090101_130416,D,20110608,000000,10.4450000,10.4450000,9.5000000,9.8690000,3.800
15722_090101_130416,D,20110609,000000,9.3510000,10.0000000,9.2880000,10.0000000,22.000
15722_090101_130416,D,20110610,000000,9.9990000,9.9990000,9.9990000,9.9990000,200
15722_090101_130416,D,20110614,000000,9.9990000,10.3000000,9.9990000,10.3000000,15.000
15722_090101_130416,D,20110615,000000,10.2990000,10.2990000,9.9990000,9.9990000,2.600
15722_090101_130416,D,20110616,000000,9.9970000,10.2990000,9.9970000,10.2990000,21.900
15722_090101_130416,D,20110620,000000,9.6170000,10.5010000,9.6160000,10.5000000,14.200
15722_090101_130416,D,20110622,000000,10.9960000,10.9980000,10.5010000,10.5170000,4.500
15722_090101_130416,D,20110623,000000,10.5980000,10.9800000,10.5010000,10.5010000,12.100
15722_090101_130416,D,20110624,000000,10.2010000,10.5000000,10.0000000,10.2000000,6.400
15722_090101_130416,D,20110627,000000,10.5000000,10.6000000,10.4990000,10.6000000,10.000
15722_090101_130416,D,20110630,000000,10.4730000,10.9500000,10.4720000,10.9500000,1.700
15722_090101_130416,D,20110705,000000,10.9800000,11.0000000,10.9800000,11.0000000,16.800
15722_090101_130416,D,20110706,000000,10.5010000,11.2040000,10.5010000,11.0000000,2.300
15722_090101_130416,D,20110707,000000,10.9990000,11.0000000,10.9990000,11.0000000,15.600
15722_090101_130416,D,20110708,000000,10.9970000,11.0000000,10.9970000,11.0000000,28.300
15722_090101_130416,D,20110711,000000,11.0000000,11.2100000,11.0000000,11.0010000,57.800
15722_090101_130416,D,20110712,000000,11.0010000,11.6470000,10.8010000,11.0000000,27.900
15722_090101_130416,D,20110713,000000,10.9990000,11.0010000,10.5000000,10.6990000,22.000
15722_090101_130416,D,20110714,000000,10.9890000,10.9900000,10.9890000,10.9900000,8.100
15722_090101_130416,D,20110718,000000,10.6300000,11.0000000,10.5050000,10.8010000,7.500
15722_090101_130416,D,20110719,000000,10.9990000,11.0000000,10.6510000,10.6510000,4.300
15722_090101_130416,D,20110720,000000,10.5000000,10.9220000,10.3770000,10.5000000,10.300
15722_090101_130416,D,20110721,000000,10.8880000,11.0000000,10.7200000,10.9000000,17.400
15722_090101_130416,D,20110722,000000,10.9990000,11.0000000,10.6010000,11.0000000,2.600
15722_090101_130416,D,20110725,000000,10.7000000,10.7000000,10.7000000,10.7000000,500
15722_090101_130416,D,20110726,000000,10.9970000,10.9980000,10.6030000,10.6030000,2.200
15722_090101_130416,D,20110728,000000,10.7980000,10.7980000,10.1000000,10.3000000,5.000
15722_090101_130416,D,20110729,000000,10.9320000,10.9320000,10.9320000,10.9320000,100
15722_090101_130416,D,20110801,000000,10.5000000,10.5010000,10.5000000,10.5000000,1.400
15722_090101_130416,D,20110803,000000,10.2520000,10.2570000,10.2500000,10.2500000,23.200
15722_090101_130416,D,20110805,000000,9.5500000,10.4400000,9.0500000,10.4400000,3.100
15722_090101_130416,D,20110808,000000,9.1000000,9.8990000,9.0050000,9.2200000,23.600
15722_090101_130416,D,20110809,000000,9.0250000,9.4710000,8.3000000,9.0000000,10.500
15722_090101_130416,D,20110810,000000,9.0000000,9.5550000,8.7000000,8.9990000,40.700
15722_090101_130416,D,20110811,000000,9.0020000,10.0000000,8.8990000,10.0000000,44.200
15722_090101_130416,D,20110812,000000,9.4000000,10.7650000,9.3510000,10.7650000,42.700
15722_090101_130416,D,20110815,000000,10.0180000,10.3080000,10.0000000,10.0000000,13.900
15722_090101_130416,D,20110816,000000,9.6510000,9.7000000,9.3510000,9.3510000,14.500
15722_090101_130416,D,20110817,000000,9.5010000,9.5010000,9.5000000,9.5000000,300
15722_090101_130416,D,20110818,000000,9.7700000,9.7700000,9.4310000,9.4310000,600
15722_090101_130416,D,20110819,000000,9.0000000,9.5000000,8.6000000,9.3690000,19.300
15722_090101_130416,D,20110822,000000,9.6810000,9.7000000,9.6810000,9.7000000,500
15722_090101_130416,D,20110823,000000,9.5070000,9.9490000,9.5000000,9.9490000,21.000
15722_090101_130416,D,20110824,000000,9.0930000,9.0930000,9.0900000,9.0900000,600
15722_090101_130416,D,20110825,000000,9.3000000,9.5000000,9.1010000,9.1010000,12.400
15722_090101_130416,D,20110826,000000,9.2510000,9.2510000,9.0000000,9.0000000,11.200
15722_090101_130416,D,20110829,000000,9.3000000,9.5000000,9.3000000,9.3000000,500
15722_090101_130416,D,20110830,000000,9.2010000,9.2010000,9.0000000,9.0500000,4.600
15722_090101_130416,D,20110831,000000,9.0020000,9.5000000,8.9990000,9.5000000,10.600
15722_090101_130416,D,20110902,000000,9.2500000,9.2500000,9.2500000,9.2500000,100
15722_090101_130416,D,20110905,000000,9.1120000,9.1120000,9.0000000,9.0000000,9.000
15722_090101_130416,D,20110906,000000,9.1870000,9.1870000,9.0000000,9.0000000,1.400
15722_090101_130416,D,20110907,000000,9.1700000,9.2800000,9.1700000,9.2800000,500
15722_090101_130416,D,20110909,000000,9.1500000,9.1500000,9.0000000,9.0000000,1.300
15722_090101_130416,D,20110912,000000,9.0000000,9.0000000,8.9340000,8.9340000,7.200
15722_090101_130416,D,20110914,000000,9.0010000,9.2000000,8.9340000,9.2000000,3.000
15722_090101_130416,D,20110915,000000,9.2000000,9.2000000,9.2000000,9.2000000,100
15722_090101_130416,D,20110916,000000,9.0010000,9.0010000,9.0000000,9.0000000,9.600
15722_090101_130416,D,20110919,000000,9.0000000,9.0000000,8.0000000,8.3000000,222.500
15722_090101_130416,D,20110920,000000,8.4000000,8.5970000,8.3000000,8.5580000,29.000
15722_090101_130416,D,20110921,000000,8.5600000,8.6890000,8.3050000,8.6410000,9.700
15722_090101_130416,D,20110922,000000,8.2000000,8.2270000,7.5000000,7.8100000,105.800
15722_090101_130416,D,20110923,000000,7.7100000,7.7500000,7.0000000,7.6700000,60.400
15722_090101_130416,D,20110926,000000,7.4030000,7.4030000,7.0000000,7.3100000,21.400
15722_090101_130416,D,20110927,000000,7.2500000,7.2750000,7.0010000,7.2750000,1.100
15722_090101_130416,D,20110928,000000,7.0500000,10.1850000,6.8200000,10.1850000,117.800
15722_090101_130416,D,20110929,000000,11.5300000,12.0000000,9.7400000,10.3990000,61.200
15722_090101_130416,D,20110930,000000,10.5000000,10.6990000,9.1010000,9.1010000,12.300
15722_090101_130416,D,20111003,000000,8.6460000,9.7980000,8.0520000,9.7980000,10.900
15722_090101_130416,D,20111004,000000,8.7020000,8.9500000,8.0000000,8.9500000,37.600
15722_090101_130416,D,20111005,000000,9.0000000,9.0000000,9.0000000,9.0000000,100
15722_090101_130416,D,20111006,000000,8.5000000,8.5000000,8.4150000,8.4150000,400
15722_090101_130416,D,20111007,000000,8.5000000,8.5000000,8.5000000,8.5000000,100
15722_090101_130416,D,20111010,000000,8.9490000,9.4990000,8.9490000,9.4990000,1.000
15722_090101_130416,D,20111012,000000,8.6250000,8.9490000,8.2200000,8.5000000,26.000
15722_090101_130416,D,20111013,000000,8.5000000,8.7400000,8.2000000,8.4900000,3.000
15722_090101_130416,D,20111014,000000,8.2000000,10.0000000,8.1500000,9.2950000,33.900
15722_090101_130416,D,20111017,000000,8.9500000,9.2000000,8.5550000,8.8500000,5.100
15722_090101_130416,D,20111018,000000,8.9500000,9.0000000,8.9500000,9.0000000,2.000
15722_090101_130416,D,20111019,000000,9.0000000,9.2210000,8.3000000,8.6510000,46.000
15722_090101_130416,D,20111020,000000,8.6500000,9.0500000,8.6500000,9.0500000,800
15722_090101_130416,D,20111021,000000,8.8000000,8.8010000,8.5020000,8.5020000,5.700
15722_090101_130416,D,20111024,000000,8.8970000,9.0000000,8.8970000,8.9700000,2.200
15722_090101_130416,D,20111025,000000,8.9000000,8.9000000,8.6010000,8.6010000,700
15722_090101_130416,D,20111027,000000,8.7810000,8.9670000,8.7000000,8.9670000,2.400
15722_090101_130416,D,20111101,000000,8.5000000,8.5000000,8.5000000,8.5000000,5.500
15722_090101_130416,D,20111102,000000,8.5010000,8.5010000,8.4020000,8.4020000,1.000
15722_090101_130416,D,20111103,000000,8.6000000,8.9990000,8.6000000,8.9000000,5.800
15722_090101_130416,D,20111107,000000,9.9490000,10.9100000,8.8000000,10.2950000,127.000
15722_090101_130416,D,20111108,000000,10.2970000,10.3250000,8.5520000,9.4000000,541.400
15722_090101_130416,D,20111109,000000,9.4000000,9.4600000,8.8400000,8.8400000,39.400
15722_090101_130416,D,20111110,000000,8.8530000,9.1970000,8.8460000,9.1970000,2.600
15722_090101_130416,D,20111111,000000,9.2000000,9.3750000,8.8420000,9.1800000,6.500
15722_090101_130416,D,20111114,000000,9.3000000,10.5010000,9.2500000,9.6990000,100.000
15722_090101_130416,D,20111115,000000,9.1000000,9.4790000,9.0060000,9.4660000,2.700
15722_090101_130416,D,20111116,000000,9.9990000,11.2800000,9.7000000,9.7000000,51.500
15722_090101_130416,D,20111117,000000,9.6020000,9.7070000,9.2020000,9.7070000,17.000
15722_090101_130416,D,20111118,000000,9.7330000,9.7330000,9.6860000,9.7000000,4.500
15722_090101_130416,D,20111121,000000,9.8880000,10.0700000,9.8880000,9.9000000,25.300
15722_090101_130416,D,20111122,000000,10.0000000,10.4980000,9.5550000,9.8000000,14.500
15722_090101_130416,D,20111123,000000,9.9990000,9.9990000,9.5010000,9.9990000,300
15722_090101_130416,D,20111125,000000,10.0000000,10.5000000,9.8000000,10.0000000,38.400
15722_090101_130416,D,20111128,000000,10.2500000,10.5000000,10.2500000,10.5000000,31.700
15722_090101_130416,D,20111129,000000,10.5000000,11.4950000,10.5000000,10.9990000,62.000
15722_090101_130416,D,20111130,000000,11.0990000,11.6890000,11.0000000,11.5000000,18.100
15722_090101_130416,D,20111201,000000,11.6900000,13.8000000,11.6290000,12.0870000,80.000
15722_090101_130416,D,20111202,000000,12.5990000,13.0000000,11.9000000,12.1020000,11.900
15722_090101_130416,D,20111205,000000,13.7990000,13.7990000,11.8700000,12.0020000,3.100
15722_090101_130416,D,20111206,000000,11.7630000,12.6990000,11.5530000,11.7500000,28.700
15722_090101_130416,D,20111207,000000,12.1860000,12.1870000,11.5000000,11.5000000,5.500
15722_090101_130416,D,20111208,000000,11.8490000,11.8490000,11.2000000,11.2000000,1.900
15722_090101_130416,D,20111209,000000,11.5000000,11.7990000,11.2000000,11.7990000,1.800
15722_090101_130416,D,20111212,000000,12.2970000,12.3000000,11.0760000,11.0760000,8.200
15722_090101_130416,D,20111213,000000,11.5010000,11.5010000,11.5000000,11.5010000,4.300
15722_090101_130416,D,20111214,000000,11.0000000,11.0000000,10.3420000,10.9970000,12.100
15722_090101_130416,D,20111215,000000,10.3410000,11.1720000,10.3410000,10.4010000,63.100
15722_090101_130416,D,20111216,000000,10.3410000,10.9870000,10.0000000,10.0000000,30.100
15722_090101_130416,D,20111219,000000,10.4480000,12.0500000,9.5510000,10.0000000,10.300
15722_090101_130416,D,20111220,000000,10.4400000,11.4990000,10.0000000,11.1000000,52.500
15722_090101_130416,D,20111221,000000,10.8000000,10.8000000,9.7010000,10.2190000,80.700
15722_090101_130416,D,20111222,000000,9.6600000,10.2000000,9.5030000,9.7040000,4.500
15722_090101_130416,D,20111223,000000,9.9870000,10.4460000,9.9000000,9.9000000,3.700
15722_090101_130416,D,20111226,000000,9.5020000,10.1300000,9.1600000,9.8030000,20.300
15722_090101_130416,D,20111228,000000,9.2130000,9.2130000,9.2130000,9.2130000,100
15722_090101_130416,D,20111229,000000,9.5000000,10.0000000,9.4990000,10.0000000,1.200
15722_090101_130416,D,20111230,000000,10.0950000,10.4500000,10.0950000,10.4500000,4.400
15722_090101_130416,D,20120103,000000,10.4000000,11.0000000,9.8000000,10.2000000,10.500
15722_090101_130416,D,20120104,000000,10.0990000,10.0990000,10.0990000,10.0990000,100
15722_090101_130416,D,20120105,000000,9.8010000,10.2000000,9.7010000,9.9980000,3.200
15722_090101_130416,D,20120106,000000,9.8040000,9.8040000,9.8040000,9.8040000,400
15722_090101_130416,D,20120110,000000,9.9990000,10.0000000,9.4000000,9.7860000,17.900
15722_090101_130416,D,20120111,000000,9.9000000,9.9010000,9.6020000,9.6050000,57.100
15722_090101_130416,D,20120112,000000,10.0000000,12.0000000,9.7210000,10.0000000,105.800
15722_090101_130416,D,20120113,000000,10.0600000,10.1990000,9.9000000,10.1950000,10.000
15722_090101_130416,D,20120116,000000,9.7010000,9.9970000,9.7010000,9.9970000,300
15722_090101_130416,D,20120117,000000,9.9990000,10.0000000,9.9990000,10.0000000,2.200
15722_090101_130416,D,20120119,000000,9.8510000,9.8510000,9.8510000,9.8510000,100
15722_090101_130416,D,20120120,000000,9.7030000,9.7030000,9.7030000,9.7030000,600
15722_090101_130416,D,20120125,000000,10.0000000,10.2000000,10.0000000,10.2000000,5.400
15722_090101_130416,D,20120126,000000,10.3000000,10.3000000,10.3000000,10.3000000,400
15722_090101_130416,D,20120127,000000,10.4400000,10.4400000,10.4400000,10.4400000,300
15722_090101_130416,D,20120130,000000,10.7980000,10.7980000,9.6560000,9.6560000,9.100
15722_090101_130416,D,20120131,000000,10.1000000,10.2000000,10.0020000,10.1500000,800
15722_090101_130416,D,20120201,000000,10.0050000,10.1490000,10.0000000,10.1490000,2.000
15722_090101_130416,D,20120202,000000,9.9990000,9.9990000,9.9990000,9.9990000,200
15722_090101_130416,D,20120207,000000,9.8050000,10.0990000,9.8020000,10.0990000,3.300
15722_090101_130416,D,20120208,000000,9.9030000,9.9030000,9.9030000,9.9030000,900
15722_090101_130416,D,20120209,000000,10.0000000,10.0000000,9.5450000,9.5450000,12.000
15722_090101_130416,D,20120210,000000,9.7000000,9.8000000,9.7000000,9.8000000,300
15722_090101_130416,D,20120213,000000,9.7040000,9.7040000,9.6000000,9.6000000,8.200
15722_090101_130416,D,20120214,000000,9.6990000,9.7500000,9.5700000,9.5700000,27.600
15722_090101_130416,D,20120215,000000,9.6010000,11.4990000,9.6000000,10.4000000,107.100
15722_090101_130416,D,20120216,000000,10.0010000,10.0520000,10.0000000,10.0510000,900
15722_090101_130416,D,20120217,000000,10.2960000,10.4000000,10.0000000,10.0010000,30.600
15722_090101_130416,D,20120220,000000,10.2990000,10.7500000,10.2990000,10.5000000,69.700
15722_090101_130416,D,20120221,000000,10.5000000,10.5000000,10.5000000,10.5000000,65.000
15722_090101_130416,D,20120222,000000,10.2030000,11.3000000,10.2030000,11.3000000,50.700
15722_090101_130416,D,20120224,000000,11.4000000,11.4000000,11.4000000,11.4000000,100
15722_090101_130416,D,20120227,000000,11.0000000,11.1990000,10.7500000,11.1990000,4.800
15722_090101_130416,D,20120228,000000,11.1990000,11.1990000,11.1990000,11.1990000,100
15722_090101_130416,D,20120229,000000,11.0000000,11.0000000,11.0000000,11.0000000,1.400
15722_090101_130416,D,20120302,000000,10.0930000,10.0930000,10.0930000,10.0930000,200
15722_090101_130416,D,20120306,000000,10.3410000,10.3410000,10.0480000,10.2100000,7.200
15722_090101_130416,D,20120307,000000,10.2020000,10.3130000,10.2020000,10.3130000,300
15722_090101_130416,D,20120311,000000,10.6960000,10.8510000,10.5000000,10.8510000,10.700
15722_090101_130416,D,20120312,000000,10.8510000,11.0000000,10.8500000,11.0000000,12.000
15722_090101_130416,D,20120313,000000,11.0000000,11.0000000,10.9950000,11.0000000,6.900
15722_090101_130416,D,20120314,000000,10.9990000,11.2970000,10.8000000,11.0000000,43.500
15722_090101_130416,D,20120315,000000,11.2210000,11.2210000,11.2210000,11.2210000,100
15722_090101_130416,D,20120316,000000,10.9580000,11.1880000,10.9560000,11.1880000,600
15722_090101_130416,D,20120319,000000,11.2210000,11.2970000,10.4000000,10.4000000,7.700
15722_090101_130416,D,20120321,000000,10.5990000,10.9990000,10.5990000,10.9990000,1.200
15722_090101_130416,D,20120322,000000,10.5510000,10.5510000,10.5510000,10.5510000,100
15722_090101_130416,D,20120323,000000,11.2880000,11.2880000,11.2880000,11.2880000,100
15722_090101_130416,D,20120326,000000,10.9990000,11.2790000,10.9990000,11.2790000,1.400
15722_090101_130416,D,20120327,000000,11.0000000,12.0000000,10.9010000,11.4190000,46.500
15722_090101_130416,D,20120328,000000,11.2000000,11.3000000,11.2000000,11.3000000,1.300
15722_090101_130416,D,20120329,000000,11.1010000,11.1010000,11.0000000,11.0000000,6.300
15722_090101_130416,D,20120330,000000,11.0000000,11.1000000,10.9990000,11.0000000,5.400
15722_090101_130416,D,20120402,000000,11.2000000,11.5000000,10.7000000,11.5000000,7.800
15722_090101_130416,D,20120403,000000,11.0580000,11.0580000,11.0000000,11.0100000,2.500
15722_090101_130416,D,20120404,000000,11.0000000,11.0030000,11.0000000,11.0000000,2.800
15722_090101_130416,D,20120405,000000,11.0000000,11.0000000,11.0000000,11.0000000,25.100
15722_090101_130416,D,20120406,000000,11.1290000,11.7000000,11.1290000,11.7000000,1.400
15722_090101_130416,D,20120409,000000,11.1040000,11.1040000,10.5000000,10.9970000,16.600
15722_090101_130416,D,20120410,000000,11.0000000,11.0000000,10.9970000,10.9970000,7.100
15722_090101_130416,D,20120411,000000,11.0000000,11.0000000,10.5500000,10.5500000,8.100
15722_090101_130416,D,20120412,000000,10.5010000,10.9980000,10.5000000,10.9980000,11.500
15722_090101_130416,D,20120416,000000,11.0000000,11.0000000,10.9990000,11.0000000,32.000
15722_090101_130416,D,20120419,000000,10.8030000,11.3480000,10.8030000,11.3480000,600
15722_090101_130416,D,20120420,000000,11.9870000,12.0000000,11.5000000,11.7880000,114.900
15722_090101_130416,D,20120423,000000,11.5000000,11.5010000,11.5000000,11.5000000,12.300
15722_090101_130416,D,20120424,000000,11.5000000,11.5000000,11.5000000,11.5000000,25.000
15722_090101_130416,D,20120425,000000,11.2510000,11.4980000,11.2500000,11.4980000,18.000
15722_090101_130416,D,20120426,000000,11.2530000,11.4610000,9.5010000,11.0000000,95.400
15722_090101_130416,D,20120427,000000,11.9000000,11.9000000,11.9000000,11.9000000,100
15722_090101_130416,D,20120428,000000,11.8800000,12.4100000,11.8800000,12.4100000,5.100
15722_090101_130416,D,20120502,000000,11.3530000,11.3550000,11.3500000,11.3500000,9.700
15722_090101_130416,D,20120503,000000,11.7000000,11.7000000,11.7000000,11.7000000,100
15722_090101_130416,D,20120504,000000,11.2530000,11.2530000,11.2500000,11.2500000,20.500
15722_090101_130416,D,20120505,000000,11.6870000,11.7000000,11.2500000,11.2510000,8.400
15722_090101_130416,D,20120507,000000,11.7770000,13.4400000,11.3010000,13.0990000,1.200
15722_090101_130416,D,20120510,000000,11.3020000,11.8000000,11.3000000,11.8000000,5.900
15722_090101_130416,D,20120511,000000,11.4010000,12.0000000,11.4000000,12.0000000,1.100
15722_090101_130416,D,20120512,000000,11.3010000,14.0000000,11.3000000,14.0000000,13.400
15722_090101_130416,D,20120514,000000,13.0000000,13.0000000,11.7500000,11.7500000,3.700
15722_090101_130416,D,20120515,000000,11.2510000,11.2510000,11.2500000,11.2500000,15.000
15722_090101_130416,D,20120516,000000,11.0010000,11.0010000,11.0000000,11.0000000,15.200
15722_090101_130416,D,20120518,000000,11.4980000,11.8000000,11.4980000,11.8000000,1.100
15722_090101_130416,D,20120521,000000,11.8000000,14.8000000,11.8000000,13.7990000,1.800
15722_090101_130416,D,20120522,000000,13.8000000,14.0000000,13.8000000,14.0000000,6.000
15722_090101_130416,D,20120523,000000,12.0000000,12.4500000,12.0000000,12.4500000,15.000
15722_090101_130416,D,20120524,000000,12.9990000,13.9980000,12.9990000,13.9980000,6.200
15722_090101_130416,D,20120525,000000,13.8000000,13.8000000,13.8000000,13.8000000,100
15722_090101_130416,D,20120529,000000,12.9510000,13.0000000,12.5000000,13.0000000,20.100
15722_090101_130416,D,20120601,000000,13.0000000,13.9970000,12.0110000,12.0110000,300
15722_090101_130416,D,20120604,000000,13.9990000,13.9990000,13.9990000,13.9990000,700
15722_090101_130416,D,20120605,000000,13.7990000,14.4990000,13.7990000,14.4990000,7.900
15722_090101_130416,D,20120607,000000,14.0980000,14.0980000,13.3000000,13.3000000,3.100
15722_090101_130416,D,20120608,000000,13.1020000,13.1020000,13.0000000,13.0000000,5.000
15722_090101_130416,D,20120609,000000,13.4890000,13.5000000,13.4890000,13.5000000,4.700
15722_090101_130416,D,20120613,000000,13.1000000,13.7700000,13.1000000,13.7700000,46.700
15722_090101_130416,D,20120614,000000,13.1000000,13.4500000,13.0010000,13.4500000,2.300
15722_090101_130416,D,20120615,000000,13.4000000,13.4000000,13.2000000,13.2000000,5.000
15722_090101_130416,D,20120618,000000,13.9990000,14.0000000,13.9990000,14.0000000,500
15722_090101_130416,D,20120621,000000,13.2000000,13.2000000,12.5020000,12.5020000,3.100
15722_090101_130416,D,20120622,000000,12.0010000,12.4000000,12.0000000,12.4000000,75.100
15722_090101_130416,D,20120625,000000,12.2000000,12.2000000,11.9680000,11.9680000,2.100
15722_090101_130416,D,20120626,000000,11.7010000,11.7010000,11.1000000,11.6000000,129.800
15722_090101_130416,D,20120627,000000,11.7500000,11.7500000,11.7500000,11.7500000,16.300
15722_090101_130416,D,20120628,000000,11.7010000,12.9000000,11.7000000,11.7030000,60.500
15722_090101_130416,D,20120702,000000,11.6550000,11.8000000,11.6550000,11.8000000,200
15722_090101_130416,D,20120703,000000,11.8000000,12.0000000,11.8000000,12.0000000,600
15722_090101_130416,D,20120704,000000,12.1990000,12.1990000,12.1990000,12.1990000,500
15722_090101_130416,D,20120709,000000,12.0000000,12.0030000,12.0000000,12.0030000,23.400
15722_090101_130416,D,20120710,000000,12.0010000,12.2990000,12.0010000,12.2990000,1.100
15722_090101_130416,D,20120712,000000,12.8200000,13.1130000,12.8200000,13.1130000,400
15722_090101_130416,D,20120716,000000,12.9010000,12.9010000,12.9000000,12.9000000,200
15722_090101_130416,D,20120717,000000,12.6000000,13.4970000,12.0010000,13.4970000,55.600
15722_090101_130416,D,20120718,000000,13.8990000,13.9000000,13.8990000,13.9000000,200
15722_090101_130416,D,20120719,000000,12.8000000,13.0000000,12.4000000,13.0000000,24.400
15722_090101_130416,D,20120720,000000,12.8000000,13.0000000,12.8000000,12.8000000,3.300
15722_090101_130416,D,20120723,000000,12.8990000,12.9000000,12.5000000,12.7700000,5.400
15722_090101_130416,D,20120724,000000,12.9980000,13.0000000,12.8990000,13.0000000,3.700
15722_090101_130416,D,20120725,000000,13.9960000,14.4930000,13.0330000,13.0330000,81.600
15722_090101_130416,D,20120726,000000,13.1000000,13.1000000,13.0010000,13.0010000,1.600
15722_090101_130416,D,20120730,000000,13.4000000,13.4000000,12.8860000,12.8880000,300
15722_090101_130416,D,20120731,000000,13.6000000,13.6000000,13.6000000,13.6000000,100
15722_090101_130416,D,20120801,000000,12.9520000,12.9520000,12.9520000,12.9520000,100
15722_090101_130416,D,20120802,000000,12.9510000,12.9510000,12.9500000,12.9500000,500
15722_090101_130416,D,20120806,000000,12.7000000,12.7000000,12.5000000,12.5000000,900
15722_090101_130416,D,20120809,000000,12.5000000,12.5000000,12.5000000,12.5000000,100
15722_090101_130416,D,20120814,000000,13.1880000,13.1880000,13.1880000,13.1880000,100
15722_090101_130416,D,20120815,000000,13.1600000,13.1600000,13.1600000,13.1600000,300
15722_090101_130416,D,20120816,000000,12.8000000,12.8000000,12.7010000,12.7010000,400
15722_090101_130416,D,20120817,000000,12.5000000,12.7780000,12.5000000,12.7780000,300
15722_090101_130416,D,20120820,000000,12.4010000,12.7000000,12.4000000,12.7000000,5.300
15722_090101_130416,D,20120821,000000,12.9970000,17.7580000,12.9970000,17.2000000,117.200
15722_090101_130416,D,20120822,000000,16.7140000,16.9980000,14.5000000,16.0500000,75.600
15722_090101_130416,D,20120823,000000,16.7470000,17.2500000,16.2500000,16.2500000,72.800
15722_090101_130416,D,20120824,000000,16.4050000,16.4050000,16.4050000,16.4050000,500
15722_090101_130416,D,20120827,000000,16.1820000,16.1830000,16.0000000,16.0000000,6.200
15722_090101_130416,D,20120828,000000,16.2560000,18.7500000,16.2560000,16.5000000,35.900
15722_090101_130416,D,20120829,000000,16.6000000,18.2000000,16.6000000,18.2000000,2.100
15722_090101_130416,D,20120830,000000,18.4090000,19.3000000,17.0210000,17.0210000,38.100
15722_090101_130416,D,20120831,000000,16.6840000,16.6840000,16.6830000,16.6840000,15.500
15722_090101_130416,D,20120903,000000,16.4170000,16.4170000,16.4000000,16.4000000,10.500
15722_090101_130416,D,20120904,000000,17.0000000,17.0000000,17.0000000,17.0000000,100
15722_090101_130416,D,20120905,000000,16.9110000,18.4980000,16.7320000,18.4980000,800
15722_090101_130416,D,20120906,000000,18.1270000,18.1270000,17.3860000,17.3860000,600
15722_090101_130416,D,20120907,000000,17.3220000,19.0000000,17.1950000,19.0000000,26.000
15722_090101_130416,D,20120910,000000,19.3180000,19.3200000,18.3500000,18.3520000,27.500
15722_090101_130416,D,20120911,000000,18.3520000,19.5000000,18.3520000,19.5000000,1.300
15722_090101_130416,D,20120912,000000,19.1810000,19.1810000,18.3500000,18.3500000,7.300
15722_090101_130416,D,20120913,000000,18.7490000,18.7490000,18.7490000,18.7490000,100
15722_090101_130416,D,20120914,000000,18.3520000,19.3000000,18.3500000,19.3000000,10.800
15722_090101_130416,D,20120917,000000,19.3000000,19.3000000,19.3000000,19.3000000,100
15722_090101_130416,D,20120918,000000,18.7500000,18.7500000,18.3510000,18.7500000,10.200
15722_090101_130416,D,20120919,000000,18.3510000,18.3530000,18.3500000,18.3500000,34.300
15722_090101_130416,D,20120920,000000,18.9970000,18.9970000,18.0000000,18.3350000,18.500
15722_090101_130416,D,20120921,000000,18.0000000,18.0010000,18.0000000,18.0010000,10.100
15722_090101_130416,D,20120924,000000,18.0000000,18.0000000,18.0000000,18.0000000,32.900
15722_090101_130416,D,20120925,000000,18.4990000,18.5000000,18.4990000,18.5000000,8.400
15722_090101_130416,D,20120927,000000,18.0030000,21.2600000,18.0000000,20.0000000,11.500
15722_090101_130416,D,20120928,000000,22.5000000,23.0000000,20.0000000,22.4900000,37.200
15722_090101_130416,D,20121001,000000,22.0000000,22.0000000,22.0000000,22.0000000,4.100
15722_090101_130416,D,20121002,000000,22.0000000,23.0000000,21.0000000,23.0000000,48.100
15722_090101_130416,D,20121003,000000,22.5000000,22.5000000,22.0000000,22.0000000,6.400
15722_090101_130416,D,20121004,000000,22.0000000,22.0000000,21.0000000,21.8000000,33.200
15722_090101_130416,D,20121005,000000,21.0010000,21.9990000,21.0000000,21.0000000,3.600
15722_090101_130416,D,20121008,000000,21.6000000,21.6000000,21.6000000,21.6000000,300
15722_090101_130416,D,20121009,000000,21.9990000,22.0000000,21.0000000,21.0000000,45.600
15722_090101_130416,D,20121010,000000,20.1660000,22.2520000,20.1500000,22.2520000,9.500
15722_090101_130416,D,20121015,000000,20.1510000,22.6810000,20.1510000,22.6810000,400
15722_090101_130416,D,20121016,000000,20.3020000,23.0000000,20.3000000,23.0000000,97.900
15722_090101_130416,D,20121017,000000,20.5050000,20.5060000,19.5000000,19.7000000,89.500
15722_090101_130416,D,20121018,000000,18.7500000,19.0000000,18.5500000,19.0000000,15.000
15722_090101_130416,D,20121019,000000,18.9800000,19.2000000,18.9800000,19.2000000,9.600
15722_090101_130416,D,20121022,000000,19.0000000,19.7400000,19.0000000,19.7400000,2.600
15722_090101_130416,D,20121023,000000,19.6000000,19.7000000,17.9990000,17.9990000,27.600
15722_090101_130416,D,20121024,000000,17.5010000,18.9800000,17.5000000,18.0000000,32.100
15722_090101_130416,D,20121025,000000,18.2500000,18.3500000,17.8000000,18.2990000,98.500
15722_090101_130416,D,20121026,000000,18.0000000,18.0000000,17.6510000,17.8000000,5.600
15722_090101_130416,D,20121030,000000,17.4100000,17.4100000,17.0210000,17.0210000,200
15722_090101_130416,D,20121101,000000,16.7910000,16.7910000,16.7910000,16.7910000,100
15722_090101_130416,D,20121102,000000,17.8960000,17.9000000,17.0000000,17.0000000,17.100
15722_090101_130416,D,20121106,000000,17.2960000,17.3630000,17.2960000,17.3630000,6.800
15722_090101_130416,D,20121107,000000,17.0690000,17.5820000,17.0000000,17.0060000,1.300
15722_090101_130416,D,20121108,000000,17.0970000,17.1970000,17.0970000,17.1480000,300
15722_090101_130416,D,20121109,000000,17.0000000,17.0000000,16.9990000,16.9990000,600
15722_090101_130416,D,20121112,000000,17.1180000,17.5970000,17.1160000,17.1840000,22.000
15722_090101_130416,D,20121114,000000,17.0850000,18.9200000,17.0170000,17.0170000,24.000
15722_090101_130416,D,20121115,000000,17.0090000,17.0090000,16.6800000,16.6800000,1.000
15722_090101_130416,D,20121116,000000,16.6810000,17.7840000,16.6810000,17.7840000,400
15722_090101_130416,D,20121119,000000,17.4260000,17.4260000,17.0670000,17.0670000,200
15722_090101_130416,D,20121120,000000,16.9990000,17.0000000,16.8530000,16.8530000,800
15722_090101_130416,D,20121121,000000,16.9980000,17.7320000,16.9980000,17.7320000,200
15722_090101_130416,D,20121122,000000,17.5810000,17.5810000,16.9770000,16.9770000,3.400
15722_090101_130416,D,20121123,000000,17.6750000,17.6750000,17.0000000,17.0000000,200
15722_090101_130416,D,20121126,000000,16.5090000,17.9830000,16.5000000,17.9830000,10.700
15722_090101_130416,D,20121127,000000,17.9850000,17.9850000,17.9850000,17.9850000,100
15722_090101_130416,D,20121128,000000,16.5010000,17.2970000,16.0500000,16.5000000,54.700
15722_090101_130416,D,20121129,000000,16.5000000,16.5000000,16.0000000,16.0000000,7.900
15722_090101_130416,D,20121130,000000,15.5020000,16.7000000,15.0000000,16.4970000,13.900
15722_090101_130416,D,20121203,000000,15.3070000,16.4910000,15.3070000,16.4910000,300
15722_090101_130416,D,20121205,000000,15.9990000,15.9990000,15.5000000,15.6000000,13.700
15722_090101_130416,D,20121206,000000,15.6000000,15.6000000,14.7000000,15.1000000,13.700
15722_090101_130416,D,20121207,000000,14.8000000,15.5990000,14.5000000,14.7010000,10.400
15722_090101_130416,D,20121210,000000,15.3000000,15.8960000,15.2500000,15.6000000,3.800
15722_090101_130416,D,20121211,000000,15.0050000,16.0000000,15.0050000,16.0000000,21.000
15722_090101_130416,D,20121214,000000,15.5550000,15.9440000,15.5550000,15.8940000,3.700
15722_090101_130416,D,20121217,000000,15.8940000,15.8940000,15.8940000,15.8940000,600
15722_090101_130416,D,20121218,000000,15.8890000,17.0000000,15.8890000,16.9980000,60.700
15722_090101_130416,D,20121219,000000,18.0000000,18.0000000,18.0000000,18.0000000,100
15722_090101_130416,D,20121221,000000,16.0020000,17.4500000,15.6040000,16.9990000,13.600
15722_090101_130416,D,20121224,000000,17.4590000,17.9440000,15.1030000,15.1030000,71.400
15722_090101_130416,D,20121225,000000,15.1990000,15.8000000,14.1020000,14.1020000,46.300
15722_090101_130416,D,20121226,000000,14.5000000,14.5000000,14.3950000,14.3950000,1.200
15722_090101_130416,D,20121227,000000,14.4050000,14.5000000,14.0010000,14.0020000,10.400
15722_090101_130416,D,20121228,000000,14.2440000,14.2440000,12.9990000,13.0000000,93.200
15722_090101_130416,D,20130108,000000,13.9000000,13.9000000,12.7200000,13.4950000,3.500
15722_090101_130416,D,20130109,000000,13.4500000,13.4500000,12.4040000,13.1500000,49.800
15722_090101_130416,D,20130110,000000,13.0000000,13.1990000,13.0000000,13.1990000,5.400
15722_090101_130416,D,20130111,000000,13.0000000,13.6480000,13.0000000,13.6480000,11.400
15722_090101_130416,D,20130114,000000,13.7990000,13.7990000,13.2790000,13.3000000,2.000
15722_090101_130416,D,20130115,000000,13.0030000,13.2000000,13.0000000,13.2000000,18.100
15722_090101_130416,D,20130116,000000,13.0050000,13.6000000,13.0000000,13.2000000,37.100
15722_090101_130416,D,20130117,000000,13.5990000,13.6000000,13.1000000,13.4500000,7.100
15722_090101_130416,D,20130118,000000,13.4500000,13.5000000,13.3000000,13.4500000,2.700
15722_090101_130416,D,20130122,000000,13.0100000,13.3500000,13.0040000,13.3500000,800
15722_090101_130416,D,20130123,000000,13.3750000,13.3750000,13.0500000,13.1500000,700
15722_090101_130416,D,20130124,000000,13.2480000,13.3780000,13.0190000,13.0190000,300
15722_090101_130416,D,20130125,000000,13.8680000,13.8680000,13.3490000,13.3500000,6.300
15722_090101_130416,D,20130128,000000,13.4980000,13.5000000,13.2020000,13.2020000,3.600
15722_090101_130416,D,20130129,000000,12.6070000,13.4780000,12.6070000,13.1970000,5.600
15722_090101_130416,D,20130130,000000,13.1980000,13.4160000,13.0000000,13.4160000,24.700
15722_090101_130416,D,20130204,000000,13.0130000,13.5980000,13.0130000,13.5980000,2.200
15722_090101_130416,D,20130205,000000,13.6400000,13.6400000,13.0010000,13.2500000,4.000
15722_090101_130416,D,20130206,000000,13.4960000,13.6980000,13.3010000,13.6980000,29.200
15722_090101_130416,D,20130207,000000,13.7150000,13.7200000,13.7150000,13.7200000,1.500
15722_090101_130416,D,20130208,000000,13.7330000,13.7330000,13.4540000,13.6990000,9.100
15722_090101_130416,D,20130211,000000,13.7510000,13.7510000,13.7510000,13.7510000,100
15722_090101_130416,D,20130212,000000,14.1680000,14.2210000,14.1400000,14.2010000,14.400
15722_090101_130416,D,20130213,000000,14.8990000,14.8990000,14.2000000,14.2000000,7.100
15722_090101_130416,D,20130214,000000,14.0010000,14.4000000,14.0010000,14.2000000,3.000
15722_090101_130416,D,20130215,000000,14.4000000,19.0000000,14.4000000,16.9970000,132.900
15722_090101_130416,D,20130218,000000,17.4360000,18.1200000,16.2500000,16.5990000,30.300
15722_090101_130416,D,20130219,000000,17.0000000,17.5000000,15.5010000,17.5000000,16.200
15722_090101_130416,D,20130220,000000,17.6820000,17.6820000,15.6550000,16.4870000,9.200
15722_090101_130416,D,20130221,000000,15.0810000,16.4810000,15.0000000,15.0800000,3.500
15722_090101_130416,D,20130222,000000,14.7870000,15.7000000,14.7500000,15.0000000,2.800
15722_090101_130416,D,20130225,000000,14.6710000,15.2450000,14.6710000,15.2390000,500
15722_090101_130416,D,20130226,000000,14.6710000,16.4150000,14.6710000,16.4070000,3.300
15722_090101_130416,D,20130227,000000,15.6910000,16.3990000,15.6910000,16.3970000,6.000
15722_090101_130416,D,20130228,000000,17.7690000,17.7690000,15.1190000,16.4240000,4.000
15722_090101_130416,D,20130301,000000,16.4850000,16.4850000,15.0020000,16.4840000,300
15722_090101_130416,D,20130304,000000,14.6930000,15.0000000,14.6930000,14.8010000,600
15722_090101_130416,D,20130305,000000,15.3300000,15.3300000,15.3300000,15.3300000,100
15722_090101_130416,D,20130307,000000,16.6860000,16.6860000,14.7040000,15.0000000,11.800
15722_090101_130416,D,20130311,000000,15.3040000,15.5540000,15.0000000,15.5530000,18.600
15722_090101_130416,D,20130312,000000,14.8070000,18.5000000,14.8000000,18.0000000,91.300
15722_090101_130416,D,20130313,000000,17.5000000,17.9700000,16.9200000,17.9670000,9.000
15722_090101_130416,D,20130314,000000,17.0170000,17.9580000,17.0050000,17.9580000,1.000
15722_090101_130416,D,20130315,000000,17.5000000,17.9940000,17.5000000,17.9940000,300
15722_090101_130416,D,20130318,000000,17.9180000,18.0000000,17.8980000,18.0000000,12.500
15722_090101_130416,D,20130319,000000,18.0000000,18.5000000,17.9990000,18.0000000,25.900
15722_090101_130416,D,20130320,000000,17.9990000,18.4970000,17.9990000,17.9990000,78.400
15722_090101_130416,D,20130321,000000,17.0010000,17.9960000,17.0010000,17.9960000,2.100
15722_090101_130416,D,20130326,000000,17.9860000,18.0000000,16.7000000,17.6990000,8.100
15722_090101_130416,D,20130327,000000,17.0000000,17.0000000,17.0000000,17.0000000,1.100
15722_090101_130416,D,20130328,000000,16.8000000,17.0000000,16.8000000,17.0000000,4.500
15722_090101_130416,D,20130329,000000,16.9990000,16.9990000,16.9990000,16.9990000,100
15722_090101_130416,D,20130401,000000,16.0000000,16.5000000,16.0000000,16.5000000,1.100
15722_090101_130416,D,20130402,000000,16.4990000,17.0000000,16.4980000,16.9490000,1.700
15722_090101_130416,D,20130403,000000,16.6960000,16.6960000,16.6960000,16.6960000,1.400
