<TICKER>,<PER>,<DATE>,<TIME>,<OPEN>,<HIGH>,<LOW>,<CLOSE>,<VOL>
15843_090101_130416,D,20090111,000000,32.0500000,32.5000000,31.0000000,31.5000000,292
15843_090101_130416,D,20090112,000000,30.0300000,33.0000000,29.9200000,33.0000000,182
15843_090101_130416,D,20090113,000000,32.7900000,33.9900000,30.0000000,30.1100000,566
15843_090101_130416,D,20090114,000000,31.0000000,33.8900000,30.3100000,30.3200000,157
15843_090101_130416,D,20090115,000000,29.0500000,30.9500000,28.5000000,30.9500000,59
15843_090101_130416,D,20090116,000000,30.3000000,31.5300000,30.0000000,31.5300000,8
15843_090101_130416,D,20090119,000000,31.5300000,32.9800000,29.0500000,32.6300000,504
15843_090101_130416,D,20090120,000000,31.0900000,31.0900000,31.0900000,31.0900000,10
15843_090101_130416,D,20090121,000000,30.9000000,30.9000000,30.9000000,30.9000000,2
15843_090101_130416,D,20090122,000000,31.1000000,31.1000000,31.1000000,31.1000000,1
15843_090101_130416,D,20090123,000000,30.0200000,31.1700000,30.0000000,31.1700000,39
15843_090101_130416,D,20090126,000000,31.1800000,31.3100000,28.0000000,30.0000000,4.729
15843_090101_130416,D,20090127,000000,30.1000000,36.9900000,23.9900000,26.0000000,3.306
15843_090101_130416,D,20090128,000000,29.9700000,29.9900000,26.0300000,27.0000000,298
15843_090101_130416,D,20090129,000000,26.9800000,30.5400000,26.9000000,30.5400000,221
15843_090101_130416,D,20090130,000000,27.0100000,27.0900000,19.8000000,26.0000000,15.355
15843_090101_130416,D,20090202,000000,27.5000000,27.5000000,26.9000000,27.0000000,13
15843_090101_130416,D,20090203,000000,26.5000000,26.5000000,22.0400000,23.5000000,1.742
15843_090101_130416,D,20090204,000000,25.8000000,27.2900000,21.7900000,24.4200000,1.016
15843_090101_130416,D,20090205,000000,25.9000000,27.0000000,25.9000000,27.0000000,400
15843_090101_130416,D,20090206,000000,26.9200000,28.4900000,25.2300000,25.2300000,1.546
15843_090101_130416,D,20090209,000000,26.0900000,30.9800000,26.0900000,29.8900000,1.994
15843_090101_130416,D,20090210,000000,29.4000000,29.8000000,29.4000000,29.8000000,719
15843_090101_130416,D,20090211,000000,28.0000000,28.0000000,27.3000000,27.3000000,702
15843_090101_130416,D,20090212,000000,26.1300000,26.1300000,22.0000000,24.4600000,15.402
15843_090101_130416,D,20090213,000000,24.9700000,25.2700000,24.2300000,25.2700000,1.601
15843_090101_130416,D,20090216,000000,26.9900000,26.9900000,24.2000000,26.1000000,1.819
15843_090101_130416,D,20090217,000000,24.2700000,24.8800000,24.2500000,24.2500000,15
15843_090101_130416,D,20090218,000000,23.0100000,27.0000000,21.0200000,24.3300000,531
15843_090101_130416,D,20090220,000000,21.4600000,21.6400000,20.1200000,21.0000000,7.201
15843_090101_130416,D,20090224,000000,21.0100000,21.6400000,20.0000000,21.0000000,3.581
15843_090101_130416,D,20090225,000000,21.0000000,21.0000000,20.0700000,20.3900000,1.332
15843_090101_130416,D,20090226,000000,20.4000000,22.0000000,20.4000000,21.1000000,8.938
15843_090101_130416,D,20090227,000000,21.0000000,21.5000000,20.7900000,21.0000000,1.348
15843_090101_130416,D,20090302,000000,21.1500000,22.5000000,21.0000000,21.6700000,3.487
15843_090101_130416,D,20090303,000000,21.7800000,21.7800000,20.2000000,21.5600000,553
15843_090101_130416,D,20090304,000000,21.0000000,22.0000000,21.0000000,21.5700000,11.060
15843_090101_130416,D,20090305,000000,21.7800000,21.7800000,20.7200000,20.9300000,82
15843_090101_130416,D,20090306,000000,20.7500000,21.7800000,20.0000000,21.5700000,7.294
15843_090101_130416,D,20090310,000000,21.7800000,22.5000000,21.7800000,22.0000000,419
15843_090101_130416,D,20090311,000000,22.7700000,22.9800000,21.8500000,21.8500000,299
15843_090101_130416,D,20090312,000000,21.6700000,21.6700000,21.6700000,21.6700000,2
15843_090101_130416,D,20090313,000000,22.0000000,24.2400000,22.0000000,22.5500000,5.092
15843_090101_130416,D,20090316,000000,21.0000000,21.6700000,21.0000000,21.6500000,7.275
15843_090101_130416,D,20090317,000000,21.2400000,21.4500000,20.4000000,21.0000000,4.200
15843_090101_130416,D,20090318,000000,21.0000000,21.0000000,21.0000000,21.0000000,1
15843_090101_130416,D,20090319,000000,20.6200000,21.4500000,20.2000000,20.8200000,934
15843_090101_130416,D,20090320,000000,20.7900000,21.5000000,20.6200000,21.2400000,5.005
15843_090101_130416,D,20090323,000000,21.2400000,23.2300000,19.0000000,22.7700000,57.938
15843_090101_130416,D,20090324,000000,22.7700000,22.9800000,21.2400000,22.0000000,1.210
15843_090101_130416,D,20090325,000000,21.7000000,23.0000000,21.6700000,22.5500000,14.335
15843_090101_130416,D,20090326,000000,22.1000000,32.1900000,22.1000000,32.1900000,76.419
15843_090101_130416,D,20090327,000000,36.0000000,42.7900000,31.3200000,34.8200000,64.025
15843_090101_130416,D,20090330,000000,34.8200000,34.8200000,26.0200000,30.3100000,37.447
15843_090101_130416,D,20090331,000000,30.9200000,31.5400000,26.5100000,27.0100000,31.162
15843_090101_130416,D,20090401,000000,29.9300000,31.9900000,27.8000000,30.3200000,10.073
15843_090101_130416,D,20090402,000000,30.9200000,33.9900000,29.7200000,32.8000000,4.249
15843_090101_130416,D,20090403,000000,31.5400000,33.3300000,30.9200000,32.8000000,5.625
15843_090101_130416,D,20090406,000000,32.2100000,32.9900000,30.3200000,30.5300000,4.257
15843_090101_130416,D,20090407,000000,30.5300000,32.1700000,30.5300000,32.1700000,1.354
15843_090101_130416,D,20090408,000000,32.8100000,33.3100000,30.0400000,32.8000000,2.347
15843_090101_130416,D,20090409,000000,32.8000000,33.3300000,29.0000000,32.8100000,20.174
15843_090101_130416,D,20090410,000000,32.7800000,35.0000000,31.5800000,33.5100000,8.409
15843_090101_130416,D,20090413,000000,33.5000000,35.9300000,32.8500000,35.0400000,12.482
15843_090101_130416,D,20090414,000000,35.5200000,39.9900000,34.0100000,36.5100000,28.067
15843_090101_130416,D,20090415,000000,35.5200000,36.5100000,34.1100000,35.0000000,2.501
15843_090101_130416,D,20090416,000000,35.0000000,36.5000000,33.4800000,36.5000000,54.755
15843_090101_130416,D,20090417,000000,36.5000000,40.7300000,36.3000000,40.4000000,8.456
15843_090101_130416,D,20090420,000000,40.8000000,40.8000000,35.5200000,37.1000000,3.501
15843_090101_130416,D,20090421,000000,38.4500000,44.0000000,36.1700000,41.9900000,23.493
15843_090101_130416,D,20090422,000000,39.2200000,47.9900000,39.2200000,44.5000000,13.453
15843_090101_130416,D,20090423,000000,44.0000000,44.9400000,41.9800000,44.0000000,7.926
15843_090101_130416,D,20090424,000000,44.4800000,44.4800000,41.5000000,43.0000000,2.255
15843_090101_130416,D,20090427,000000,43.3000000,45.0000000,40.5300000,44.1300000,2.369
15843_090101_130416,D,20090428,000000,42.5600000,42.5600000,38.0100000,40.5000000,4.952
15843_090101_130416,D,20090429,000000,40.8000000,42.0000000,39.4200000,41.5200000,1.263
15843_090101_130416,D,20090430,000000,43.7700000,44.7700000,38.8600000,41.9900000,4.371
15843_090101_130416,D,20090504,000000,42.1800000,42.1800000,39.3200000,41.3500000,9.411
15843_090101_130416,D,20090505,000000,40.0100000,41.0000000,39.4000000,39.4000000,2.712
15843_090101_130416,D,20090506,000000,39.4000000,42.9700000,39.4000000,41.0000000,6.635
15843_090101_130416,D,20090507,000000,42.9500000,48.0000000,42.9500000,46.0000000,26.485
15843_090101_130416,D,20090508,000000,46.0000000,47.9900000,43.0500000,46.0000000,14.477
15843_090101_130416,D,20090512,000000,46.9700000,57.0000000,46.9700000,54.3200000,20.204
15843_090101_130416,D,20090513,000000,54.3200000,55.5500000,50.0000000,53.0000000,8.631
15843_090101_130416,D,20090514,000000,52.4600000,53.5000000,48.4600000,53.5000000,20.628
15843_090101_130416,D,20090515,000000,51.4300000,52.3000000,47.9900000,51.9900000,1.665
15843_090101_130416,D,20090518,000000,50.4200000,53.5100000,50.4200000,53.3000000,3.112
15843_090101_130416,D,20090519,000000,53.1900000,53.1900000,51.4300000,51.5000000,3.117
15843_090101_130416,D,20090520,000000,51.3000000,51.9000000,50.7000000,51.8000000,2.333
15843_090101_130416,D,20090521,000000,51.5000000,51.9000000,50.0100000,50.1300000,622
15843_090101_130416,D,20090522,000000,50.1300000,50.1300000,49.5200000,49.9900000,2.947
15843_090101_130416,D,20090525,000000,50.4900000,53.1900000,49.6200000,52.0000000,6.436
15843_090101_130416,D,20090526,000000,51.0000000,51.0000000,47.7500000,50.5000000,25.205
15843_090101_130416,D,20090527,000000,50.0000000,50.0000000,47.7000000,49.0000000,5.640
15843_090101_130416,D,20090528,000000,48.4700000,49.3700000,48.0000000,49.0000000,19.626
15843_090101_130416,D,20090529,000000,48.4600000,49.5000000,42.9900000,48.9300000,16.551
15843_090101_130416,D,20090601,000000,49.4300000,55.0000000,47.6000000,54.9000000,12.971
15843_090101_130416,D,20090602,000000,55.0000000,59.0000000,48.0000000,52.2500000,14.772
15843_090101_130416,D,20090603,000000,53.4900000,57.9500000,49.6900000,51.9200000,16.787
15843_090101_130416,D,20090604,000000,51.4000000,53.7600000,45.0000000,51.2000000,4.993
15843_090101_130416,D,20090605,000000,51.0000000,53.5700000,50.0000000,51.4100000,1.751
15843_090101_130416,D,20090608,000000,51.4100000,54.8800000,49.9800000,50.0000000,5.990
15843_090101_130416,D,20090609,000000,52.4400000,54.0000000,50.0000000,50.0000000,2.477
15843_090101_130416,D,20090610,000000,50.9000000,54.8900000,46.0100000,52.5100000,19.919
15843_090101_130416,D,20090611,000000,50.0000000,51.9200000,48.0100000,50.3800000,21.161
15843_090101_130416,D,20090615,000000,50.0000000,50.0000000,46.1200000,46.6000000,30.766
15843_090101_130416,D,20090616,000000,46.5400000,48.9800000,43.0000000,45.6000000,22.743
15843_090101_130416,D,20090617,000000,45.6200000,46.9900000,44.8000000,46.5000000,4.049
15843_090101_130416,D,20090618,000000,45.6100000,45.6100000,41.9900000,42.0000000,26.955
15843_090101_130416,D,20090619,000000,42.0000000,42.0000000,38.9900000,40.0000000,30.364
15843_090101_130416,D,20090622,000000,39.2400000,40.9000000,35.4700000,37.4900000,38.976
15843_090101_130416,D,20090623,000000,35.3500000,36.0300000,32.3100000,34.2000000,46.795
15843_090101_130416,D,20090624,000000,34.5000000,35.7500000,33.9800000,34.2500000,45.399
15843_090101_130416,D,20090625,000000,34.2400000,35.0000000,33.1200000,34.0000000,15.637
15843_090101_130416,D,20090626,000000,33.9900000,34.1000000,33.1900000,33.6000000,6.023
15843_090101_130416,D,20090629,000000,33.7500000,34.0000000,32.0100000,32.3300000,6.410
15843_090101_130416,D,20090630,000000,32.8000000,36.2500000,32.5000000,34.0000000,200.667
15843_090101_130416,D,20090701,000000,34.0000000,34.8500000,33.1300000,33.9000000,17.834
15843_090101_130416,D,20090702,000000,33.1900000,33.1900000,32.5400000,33.1700000,8.036
15843_090101_130416,D,20090703,000000,33.8000000,33.8000000,32.5900000,33.0200000,1.839
15843_090101_130416,D,20090706,000000,33.0200000,33.7700000,32.1600000,32.9400000,6.190
15843_090101_130416,D,20090707,000000,32.5000000,33.0000000,31.6500000,32.8900000,7.005
15843_090101_130416,D,20090708,000000,33.0000000,33.0000000,31.7100000,32.5000000,7.585
15843_090101_130416,D,20090709,000000,32.5000000,32.5000000,31.5100000,31.9700000,4.549
15843_090101_130416,D,20090710,000000,33.0000000,33.0000000,29.6000000,30.0500000,11.997
15843_090101_130416,D,20090713,000000,29.9000000,29.9900000,28.2900000,29.9900000,11.163
15843_090101_130416,D,20090714,000000,32.5000000,32.5000000,29.5500000,30.2400000,40.613
15843_090101_130416,D,20090715,000000,32.0000000,32.0000000,29.6000000,31.3900000,7.108
15843_090101_130416,D,20090716,000000,31.3900000,31.3900000,30.5000000,31.3800000,498
15843_090101_130416,D,20090717,000000,31.3900000,32.5000000,30.2600000,32.4200000,3.668
15843_090101_130416,D,20090720,000000,32.4500000,33.1800000,30.1500000,31.0000000,13.687
15843_090101_130416,D,20090721,000000,33.2000000,33.2000000,31.0100000,32.8800000,69.236
15843_090101_130416,D,20090722,000000,33.2900000,33.2900000,31.3000000,32.0000000,14.756
15843_090101_130416,D,20090723,000000,33.2900000,33.2900000,30.9900000,32.9800000,25.826
15843_090101_130416,D,20090724,000000,33.3900000,33.7900000,32.4200000,33.7900000,8.232
15843_090101_130416,D,20090727,000000,34.4900000,34.4900000,32.8700000,33.4700000,25.289
15843_090101_130416,D,20090728,000000,33.4600000,33.4600000,32.7100000,33.1200000,18.129
15843_090101_130416,D,20090729,000000,32.9500000,32.9500000,31.3800000,31.6300000,4.183
15843_090101_130416,D,20090730,000000,32.8700000,32.9300000,31.5500000,32.9300000,2.309
15843_090101_130416,D,20090731,000000,32.9900000,32.9900000,31.6000000,32.9500000,1.794
15843_090101_130416,D,20090803,000000,32.9500000,34.9900000,32.3400000,33.0000000,28.948
15843_090101_130416,D,20090804,000000,34.5000000,34.5000000,33.0300000,34.1500000,8.374
15843_090101_130416,D,20090805,000000,34.1700000,35.5000000,33.1600000,34.5100000,19.251
15843_090101_130416,D,20090806,000000,34.5100000,37.4800000,34.5100000,36.2700000,40.893
15843_090101_130416,D,20090807,000000,36.0000000,37.4900000,34.0000000,37.2700000,28.397
15843_090101_130416,D,20090810,000000,37.3700000,38.3200000,37.0700000,38.3200000,11.606
15843_090101_130416,D,20090811,000000,38.0500000,41.0000000,37.0000000,37.5000000,46.048
15843_090101_130416,D,20090812,000000,37.5000000,38.4900000,34.5000000,37.4900000,25.239
15843_090101_130416,D,20090813,000000,37.4900000,37.4900000,35.0500000,36.1800000,20.153
15843_090101_130416,D,20090814,000000,35.8000000,37.4900000,35.8000000,36.5800000,5.795
15843_090101_130416,D,20090817,000000,35.6000000,36.2100000,34.0000000,36.0900000,8.049
15843_090101_130416,D,20090818,000000,36.0000000,36.5900000,34.5000000,36.5900000,10.599
15843_090101_130416,D,20090819,000000,36.2200000,44.7800000,36.2200000,39.8300000,107.793
15843_090101_130416,D,20090820,000000,39.9800000,41.9900000,39.0000000,39.9200000,14.634
15843_090101_130416,D,20090821,000000,40.0100000,41.0000000,38.0800000,39.8600000,4.338
15843_090101_130416,D,20090824,000000,38.6600000,42.8000000,38.6600000,40.0000000,23.012
15843_090101_130416,D,20090825,000000,40.0000000,41.0900000,39.5100000,39.8700000,2.543
15843_090101_130416,D,20090826,000000,39.4600000,41.1600000,36.7000000,41.0000000,10.413
15843_090101_130416,D,20090827,000000,40.0500000,41.4900000,37.0700000,39.9300000,12.299
15843_090101_130416,D,20090828,000000,40.0000000,44.0000000,39.4500000,42.6600000,40.627
15843_090101_130416,D,20090831,000000,42.5000000,42.5000000,41.0000000,41.0000000,3.621
15843_090101_130416,D,20090901,000000,41.8200000,43.1000000,41.1500000,42.2000000,8.165
15843_090101_130416,D,20090902,000000,41.7300000,42.0000000,40.5900000,41.9700000,17.698
15843_090101_130416,D,20090903,000000,42.1900000,44.2000000,42.0000000,42.9800000,8.169
15843_090101_130416,D,20090904,000000,43.0900000,44.1000000,41.4100000,42.4500000,16.148
15843_090101_130416,D,20090907,000000,42.6600000,43.5000000,42.0000000,42.5000000,4.160
15843_090101_130416,D,20090908,000000,43.0000000,45.0500000,43.0000000,45.0500000,12.852
15843_090101_130416,D,20090909,000000,44.3900000,47.0000000,44.0100000,44.8400000,11.627
15843_090101_130416,D,20090910,000000,45.2900000,45.9800000,43.0200000,44.4800000,13.151
15843_090101_130416,D,20090911,000000,44.7100000,53.3000000,44.2100000,49.9900000,90.768
15843_090101_130416,D,20090914,000000,49.0400000,58.5000000,47.4800000,58.0000000,75.328
15843_090101_130416,D,20090915,000000,56.9300000,61.4800000,55.5100000,60.0000000,94.423
15843_090101_130416,D,20090916,000000,59.0000000,61.3500000,57.1500000,58.7000000,15.001
15843_090101_130416,D,20090917,000000,58.0000000,60.9900000,52.6200000,53.0000000,38.547
15843_090101_130416,D,20090918,000000,52.5200000,54.3000000,50.0000000,52.5100000,9.064
15843_090101_130416,D,20090921,000000,53.0500000,54.4000000,49.5200000,52.9000000,12.652
15843_090101_130416,D,20090922,000000,54.6000000,67.2500000,51.2200000,63.8300000,80.702
15843_090101_130416,D,20090923,000000,64.0000000,65.7100000,60.0500000,61.0500000,36.567
15843_090101_130416,D,20090924,000000,60.5800000,61.9000000,58.0200000,61.1200000,15.317
15843_090101_130416,D,20090925,000000,61.0000000,64.8000000,58.1100000,59.0000000,18.584
15843_090101_130416,D,20090928,000000,59.0000000,61.8000000,56.1000000,59.7500000,10.667
15843_090101_130416,D,20090929,000000,59.7500000,64.7900000,59.0000000,60.7900000,23.210
15843_090101_130416,D,20090930,000000,61.3000000,63.9800000,60.0300000,62.9900000,7.047
15843_090101_130416,D,20091001,000000,62.6300000,72.6300000,62.1600000,69.1800000,36.815
15843_090101_130416,D,20091002,000000,69.1800000,71.5000000,62.1200000,66.5900000,18.324
15843_090101_130416,D,20091005,000000,68.2000000,73.9900000,64.0200000,70.0000000,36.898
15843_090101_130416,D,20091006,000000,70.2000000,70.2000000,66.0500000,68.2000000,23.708
15843_090101_130416,D,20091007,000000,70.2000000,73.0000000,66.1000000,69.7500000,16.302
15843_090101_130416,D,20091008,000000,68.0600000,71.7200000,66.7200000,69.9700000,33.969
15843_090101_130416,D,20091009,000000,69.9700000,71.7300000,66.2000000,69.6900000,13.279
15843_090101_130416,D,20091012,000000,69.7800000,70.9800000,67.9100000,67.9400000,11.288
15843_090101_130416,D,20091013,000000,67.7400000,67.9800000,65.0100000,67.3900000,6.112
15843_090101_130416,D,20091014,000000,68.2000000,70.8900000,65.2000000,69.6400000,21.708
15843_090101_130416,D,20091015,000000,68.6700000,71.5700000,67.5100000,68.7700000,33.447
15843_090101_130416,D,20091016,000000,67.9000000,69.5000000,63.1300000,65.5000000,7.449
15843_090101_130416,D,20091019,000000,67.7400000,67.7400000,63.2300000,65.5000000,6.043
15843_090101_130416,D,20091020,000000,65.7500000,66.2900000,63.3400000,63.8900000,7.429
15843_090101_130416,D,20091021,000000,64.4500000,66.1000000,63.7000000,65.3900000,3.912
15843_090101_130416,D,20091022,000000,68.9900000,68.9900000,63.9600000,66.6000000,5.458
15843_090101_130416,D,20091023,000000,66.5600000,69.5000000,65.0700000,65.0700000,9.573
15843_090101_130416,D,20091026,000000,66.5600000,69.3000000,63.4600000,64.8800000,3.650
15843_090101_130416,D,20091027,000000,65.9700000,68.0000000,60.9900000,62.7600000,12.064
15843_090101_130416,D,20091028,000000,63.3300000,65.8400000,56.0000000,56.5000000,19.854
15843_090101_130416,D,20091029,000000,56.0000000,58.6800000,50.2300000,56.0000000,57.091
15843_090101_130416,D,20091030,000000,59.0000000,59.0000000,53.0000000,53.0000000,47.042
15843_090101_130416,D,20091102,000000,54.0000000,57.5000000,52.6500000,57.5000000,43.344
15843_090101_130416,D,20091103,000000,59.9900000,59.9900000,54.4000000,56.4600000,7.683
15843_090101_130416,D,20091105,000000,56.8900000,56.8900000,52.0000000,56.0900000,23.193
15843_090101_130416,D,20091106,000000,57.0600000,58.7200000,55.0000000,58.6500000,9.657
15843_090101_130416,D,20091109,000000,56.5000000,58.9900000,55.1000000,58.8400000,5.469
15843_090101_130416,D,20091110,000000,55.3500000,58.9500000,55.3200000,58.2500000,5.382
15843_090101_130416,D,20091111,000000,56.7600000,58.4000000,55.4200000,57.9000000,3.670
15843_090101_130416,D,20091112,000000,57.9000000,61.8800000,57.0100000,59.7000000,9.508
15843_090101_130416,D,20091113,000000,60.6000000,62.2600000,59.8000000,62.2400000,10.271
15843_090101_130416,D,20091116,000000,61.4600000,64.0000000,60.0100000,63.2100000,86.378
15843_090101_130416,D,20091117,000000,63.9800000,65.8500000,62.7900000,63.9900000,18.629
15843_090101_130416,D,20091118,000000,63.0000000,63.2000000,61.5900000,63.2000000,2.991
15843_090101_130416,D,20091119,000000,63.0000000,63.9000000,57.0300000,60.3000000,12.117
15843_090101_130416,D,20091120,000000,60.3000000,66.0000000,58.7900000,63.3900000,79.216
15843_090101_130416,D,20091123,000000,63.0000000,66.0000000,63.0000000,63.8000000,5.993
15843_090101_130416,D,20091124,000000,62.7500000,63.0500000,61.0000000,61.9500000,14.582
15843_090101_130416,D,20091125,000000,63.0000000,63.0000000,59.7900000,61.3000000,27.582
15843_090101_130416,D,20091126,000000,60.3000000,60.9000000,56.0000000,58.9000000,26.075
15843_090101_130416,D,20091127,000000,57.2500000,58.8000000,49.7200000,58.5200000,198.061
15843_090101_130416,D,20091130,000000,58.5200000,60.0000000,55.4500000,58.9000000,10.164
15843_090101_130416,D,20091201,000000,59.1100000,59.1100000,57.3700000,58.3900000,7.506
15843_090101_130416,D,20091202,000000,57.4000000,59.0000000,56.1100000,57.0000000,11.636
15843_090101_130416,D,20091203,000000,56.8100000,57.9900000,56.3000000,56.3000000,3.151
15843_090101_130416,D,20091204,000000,57.3700000,57.8000000,53.5000000,57.0000000,6.320
15843_090101_130416,D,20091207,000000,57.2500000,58.9900000,56.8100000,57.8400000,3.298
15843_090101_130416,D,20091208,000000,58.4800000,60.0000000,56.7600000,57.7200000,7.979
15843_090101_130416,D,20091209,000000,57.9400000,59.9000000,54.1000000,58.8300000,12.045
15843_090101_130416,D,20091210,000000,58.4900000,58.8300000,58.4900000,58.5000000,5.352
15843_090101_130416,D,20091211,000000,58.1000000,59.1100000,57.0700000,57.4100000,2.325
15843_090101_130416,D,20091214,000000,57.3700000,59.5000000,57.3700000,59.0000000,4.027
15843_090101_130416,D,20091215,000000,59.1100000,60.3000000,59.0000000,59.0900000,4.153
15843_090101_130416,D,20091216,000000,59.7000000,60.9700000,59.0100000,59.9000000,13.054
15843_090101_130416,D,20091217,000000,59.1100000,61.0000000,58.5000000,60.2000000,8.055
15843_090101_130416,D,20091218,000000,59.1100000,60.2500000,59.1100000,60.0000000,1.502
15843_090101_130416,D,20091221,000000,60.0000000,62.5000000,59.6200000,62.4000000,10.410
15843_090101_130416,D,20091222,000000,62.4100000,62.5100000,60.3000000,62.1000000,40.525
15843_090101_130416,D,20091223,000000,61.2300000,61.5100000,59.9500000,61.4400000,40.734
15843_090101_130416,D,20091224,000000,61.5600000,62.1800000,60.3400000,60.6000000,58.422
15843_090101_130416,D,20091225,000000,61.0600000,61.1900000,58.6100000,60.5000000,776
15843_090101_130416,D,20091228,000000,60.9500000,62.1800000,59.8000000,61.5000000,679
15843_090101_130416,D,20091229,000000,59.8000000,61.5600000,58.6000000,58.6300000,9.079
15843_090101_130416,D,20091230,000000,59.7500000,60.1000000,57.5100000,58.5800000,4.341
15843_090101_130416,D,20091231,000000,58.1000000,59.4500000,58.1000000,59.4500000,314
15843_090101_130416,D,20100111,000000,60.1000000,69.0000000,60.1000000,64.0000000,75.560
15843_090101_130416,D,20100112,000000,64.7000000,66.9800000,63.0400000,65.8900000,15.155
15843_090101_130416,D,20100113,000000,65.8700000,67.2000000,63.4500000,66.3300000,68.590
15843_090101_130416,D,20100114,000000,66.6700000,89.0000000,65.3000000,88.9000000,172.015
15843_090101_130416,D,20100115,000000,85.1200000,97.0000000,80.0100000,88.5000000,119.622
15843_090101_130416,D,20100118,000000,86.3200000,94.8400000,85.5000000,92.2600000,26.456
15843_090101_130416,D,20100119,000000,93.0000000,98.9000000,90.3300000,98.8500000,24.953
15843_090101_130416,D,20100120,000000,98.4600000,105.8900000,91.2200000,100.0000000,86.273
15843_090101_130416,D,20100121,000000,101.5000000,104.9900000,100.0200000,102.0000000,17.716
15843_090101_130416,D,20100122,000000,102.0000000,104.4900000,98.0000000,101.8600000,43.745
15843_090101_130416,D,20100125,000000,99.5200000,104.1200000,98.0900000,99.9800000,99.149
15843_090101_130416,D,20100126,000000,98.0900000,99.9800000,92.0400000,93.3300000,6.083
15843_090101_130416,D,20100127,000000,94.2600000,95.2000000,87.0100000,90.5800000,4.375
15843_090101_130416,D,20100128,000000,90.7700000,93.3000000,89.6800000,89.6800000,2.032
15843_090101_130416,D,20100129,000000,90.3300000,92.4300000,85.8300000,90.6800000,6.060
15843_090101_130416,D,20100201,000000,90.3300000,94.7700000,89.6300000,93.8100000,31.720
15843_090101_130416,D,20100202,000000,93.0800000,93.0800000,89.9900000,91.2000000,6.067
15843_090101_130416,D,20100203,000000,92.0000000,98.7700000,89.1100000,90.2200000,35.324
15843_090101_130416,D,20100204,000000,90.5700000,92.8200000,85.5000000,87.9100000,28.369
15843_090101_130416,D,20100205,000000,87.9200000,87.9200000,62.7500000,75.0000000,57.570
15843_090101_130416,D,20100208,000000,80.0000000,80.0000000,71.1700000,75.0000000,30.311
15843_090101_130416,D,20100209,000000,77.2000000,79.8500000,75.0100000,76.5200000,13.070
15843_090101_130416,D,20100210,000000,77.2500000,84.9800000,72.7200000,81.7500000,24.950
15843_090101_130416,D,20100211,000000,81.4300000,82.5000000,78.0300000,79.1000000,34.438
15843_090101_130416,D,20100212,000000,79.5200000,85.0000000,75.7600000,78.2200000,14.304
15843_090101_130416,D,20100215,000000,78.9000000,79.9000000,77.5200000,78.0000000,5.323
15843_090101_130416,D,20100216,000000,78.2700000,84.6300000,78.2700000,83.4500000,13.404
15843_090101_130416,D,20100217,000000,83.7800000,85.0000000,82.7900000,83.4600000,3.846
15843_090101_130416,D,20100218,000000,83.7800000,83.9900000,78.0600000,81.3500000,26.308
15843_090101_130416,D,20100219,000000,80.4500000,80.5900000,74.9900000,80.0000000,8.071
15843_090101_130416,D,20100224,000000,79.7500000,82.9900000,79.7500000,82.7700000,7.772
15843_090101_130416,D,20100225,000000,81.7700000,81.7700000,79.8100000,79.9900000,1.080
15843_090101_130416,D,20100226,000000,79.9900000,81.3900000,78.1100000,80.5800000,5.232
15843_090101_130416,D,20100227,000000,80.5900000,89.0000000,80.5900000,88.6800000,22.118
15843_090101_130416,D,20100301,000000,88.9000000,90.1100000,85.5500000,89.7000000,6.279
15843_090101_130416,D,20100302,000000,87.3600000,91.4400000,85.9900000,88.9900000,2.988
15843_090101_130416,D,20100303,000000,88.9800000,95.0000000,87.0000000,91.3900000,14.478
15843_090101_130416,D,20100304,000000,91.0600000,94.1500000,89.2500000,90.0000000,3.134
15843_090101_130416,D,20100305,000000,90.2600000,91.9800000,89.0000000,90.2300000,3.435
15843_090101_130416,D,20100309,000000,90.0000000,90.0000000,86.7400000,88.6900000,4.907
15843_090101_130416,D,20100310,000000,88.8400000,90.2700000,88.4200000,88.8000000,4.381
15843_090101_130416,D,20100311,000000,89.5400000,90.2500000,88.0100000,88.8000000,1.532
15843_090101_130416,D,20100312,000000,87.5500000,89.5400000,87.1400000,88.5900000,7.003
15843_090101_130416,D,20100315,000000,89.5400000,89.5400000,86.0000000,88.3900000,2.125
15843_090101_130416,D,20100316,000000,88.4200000,99.9900000,87.4700000,95.9000000,32.900
15843_090101_130416,D,20100317,000000,96.6800000,100.0000000,93.4000000,97.5400000,12.495
15843_090101_130416,D,20100318,000000,97.5100000,98.2000000,94.5000000,95.0000000,6.931
15843_090101_130416,D,20100319,000000,95.0000000,98.0000000,93.0000000,93.6000000,4.094
15843_090101_130416,D,20100322,000000,93.6000000,94.0000000,80.0000000,90.0000000,10.930
15843_090101_130416,D,20100323,000000,90.1800000,90.8800000,87.0500000,88.9900000,3.186
15843_090101_130416,D,20100324,000000,89.4600000,90.0000000,89.0000000,89.8900000,3.765
15843_090101_130416,D,20100325,000000,88.8400000,90.0000000,85.6200000,89.4700000,2.053
15843_090101_130416,D,20100326,000000,89.6400000,89.9900000,87.0000000,88.8300000,1.650
15843_090101_130416,D,20100329,000000,88.8400000,89.3800000,85.9800000,86.9800000,16.984
15843_090101_130416,D,20100330,000000,87.2500000,88.8400000,86.7400000,88.8400000,3.827
15843_090101_130416,D,20100331,000000,88.8400000,93.0000000,88.0500000,89.9800000,3.944
15843_090101_130416,D,20100401,000000,89.9500000,90.2500000,88.8400000,89.0000000,24.090
15843_090101_130416,D,20100402,000000,90.0000000,91.0000000,89.1300000,90.0000000,28.118
15843_090101_130416,D,20100405,000000,90.0000000,90.8300000,88.0000000,90.2500000,73.796
15843_090101_130416,D,20100406,000000,90.4500000,92.0000000,89.8000000,91.9600000,32.284
15843_090101_130416,D,20100407,000000,91.8400000,95.7900000,91.7000000,94.2900000,27.366
15843_090101_130416,D,20100408,000000,92.9900000,92.9900000,89.9800000,90.9900000,6.555
15843_090101_130416,D,20100409,000000,91.2000000,93.8000000,90.1000000,91.9900000,15.744
15843_090101_130416,D,20100412,000000,91.8700000,91.9200000,88.8800000,90.9900000,9.079
15843_090101_130416,D,20100413,000000,90.3500000,90.3500000,88.0100000,90.1500000,3.657
15843_090101_130416,D,20100414,000000,90.2000000,91.3500000,89.1000000,90.2900000,5.495
15843_090101_130416,D,20100415,000000,90.3000000,90.3700000,89.2400000,90.0000000,2.262
15843_090101_130416,D,20100416,000000,89.3000000,90.6000000,87.5900000,89.0000000,6.502
15843_090101_130416,D,20100419,000000,88.6000000,88.6000000,81.6500000,84.7100000,7.560
15843_090101_130416,D,20100420,000000,85.0400000,86.0000000,83.8300000,85.3000000,2.087
15843_090101_130416,D,20100421,000000,85.3700000,89.7000000,85.3500000,87.8000000,2.016
15843_090101_130416,D,20100422,000000,88.1000000,89.5000000,86.5000000,87.3000000,4.546
15843_090101_130416,D,20100423,000000,87.0000000,89.0000000,86.9700000,89.0000000,1.620
15843_090101_130416,D,20100426,000000,88.6000000,90.0000000,88.3000000,89.7000000,3.217
15843_090101_130416,D,20100427,000000,89.4000000,89.4000000,88.4000000,88.5000000,1.603
15843_090101_130416,D,20100428,000000,88.2400000,88.2400000,82.3400000,84.0000000,19.823
15843_090101_130416,D,20100429,000000,85.3500000,90.9100000,84.5200000,87.3000000,3.607
15843_090101_130416,D,20100430,000000,87.3000000,87.4000000,85.7700000,86.1000000,347
15843_090101_130416,D,20100504,000000,86.1000000,86.4300000,81.0000000,82.8000000,5.769
15843_090101_130416,D,20100505,000000,82.6100000,83.8700000,78.5000000,78.6000000,10.441
15843_090101_130416,D,20100506,000000,80.0000000,80.2000000,76.0000000,79.0000000,4.685
15843_090101_130416,D,20100507,000000,76.0000000,78.9600000,70.0000000,70.0000000,12.710
15843_090101_130416,D,20100511,000000,73.0000000,73.7800000,70.0000000,71.8900000,6.173
15843_090101_130416,D,20100512,000000,70.0700000,76.8900000,70.0000000,75.5400000,5.811
15843_090101_130416,D,20100513,000000,75.7500000,77.0000000,73.7900000,74.9500000,4.112
15843_090101_130416,D,20100514,000000,74.9500000,75.2400000,71.4900000,72.9200000,3.609
15843_090101_130416,D,20100517,000000,74.5900000,75.0000000,72.2500000,72.3100000,267
15843_090101_130416,D,20100518,000000,72.5900000,76.4900000,72.5900000,76.2000000,3.070
15843_090101_130416,D,20100519,000000,72.0100000,74.1800000,68.0100000,71.0200000,16.149
15843_090101_130416,D,20100520,000000,71.0300000,71.9900000,66.6600000,69.5800000,7.361
15843_090101_130416,D,20100521,000000,69.9900000,70.1900000,66.0000000,68.7900000,13.867
15843_090101_130416,D,20100524,000000,69.0000000,69.6600000,68.8700000,69.6400000,5.007
15843_090101_130416,D,20100525,000000,67.9900000,76.5900000,62.4000000,64.9000000,3.526
15843_090101_130416,D,20100526,000000,65.0700000,69.0600000,65.0700000,69.0600000,2.262
15843_090101_130416,D,20100527,000000,69.1100000,73.0000000,68.5700000,72.9900000,13.488
15843_090101_130416,D,20100528,000000,73.1700000,73.7300000,69.0000000,71.4900000,1.066
15843_090101_130416,D,20100531,000000,71.4900000,73.0000000,70.2100000,72.3300000,171
15843_090101_130416,D,20100601,000000,70.9800000,76.0000000,68.9500000,75.6900000,4.786
15843_090101_130416,D,20100602,000000,75.3900000,75.3900000,71.2500000,74.0000000,135
15843_090101_130416,D,20100603,000000,74.1800000,78.0000000,74.1800000,76.5000000,19.420
15843_090101_130416,D,20100604,000000,76.8000000,79.0000000,72.4000000,74.7000000,3.210
15843_090101_130416,D,20100607,000000,74.4100000,74.4100000,69.8000000,73.9800000,6.020
15843_090101_130416,D,20100608,000000,74.1200000,74.1200000,71.5000000,73.5000000,83
15843_090101_130416,D,20100609,000000,72.9600000,73.5400000,70.6400000,73.2500000,244
15843_090101_130416,D,20100610,000000,72.9600000,72.9600000,58.2100000,70.9900000,8.467
15843_090101_130416,D,20100611,000000,71.2100000,73.8500000,69.8800000,70.3700000,1.454
15843_090101_130416,D,20100615,000000,70.3700000,70.9300000,69.9800000,70.9300000,308
15843_090101_130416,D,20100616,000000,71.2100000,71.2100000,68.0000000,70.8500000,5.750
15843_090101_130416,D,20100617,000000,70.9000000,70.9400000,69.3300000,70.8600000,178
15843_090101_130416,D,20100618,000000,70.3700000,73.0000000,69.7000000,70.4300000,2.752
15843_090101_130416,D,20100621,000000,70.9300000,73.0000000,70.9300000,73.0000000,1.308
15843_090101_130416,D,20100622,000000,73.1700000,73.1700000,70.6700000,72.5400000,2.382
15843_090101_130416,D,20100623,000000,72.0500000,72.9800000,70.3100000,72.2000000,1.148
15843_090101_130416,D,20100624,000000,72.0500000,72.0500000,70.0000000,71.2100000,427
15843_090101_130416,D,20100625,000000,70.6500000,70.6500000,67.9900000,67.9900000,1.410
15843_090101_130416,D,20100628,000000,68.4000000,69.8100000,67.6900000,68.4000000,1.184
15843_090101_130416,D,20100629,000000,68.1300000,68.1900000,66.9900000,68.1900000,769
15843_090101_130416,D,20100630,000000,66.0200000,68.0000000,63.0000000,67.1600000,4.680
15843_090101_130416,D,20100701,000000,66.9000000,66.9000000,64.9300000,64.9300000,266
15843_090101_130416,D,20100702,000000,64.9300000,67.4200000,64.9300000,65.8600000,1.047
15843_090101_130416,D,20100705,000000,65.5300000,69.1500000,63.1500000,67.9400000,341
15843_090101_130416,D,20100706,000000,67.6800000,72.0000000,65.0000000,67.9400000,7.191
15843_090101_130416,D,20100707,000000,68.2000000,71.0000000,68.1200000,70.3700000,6.371
15843_090101_130416,D,20100708,000000,70.5500000,74.9800000,66.5500000,68.6600000,6.314
15843_090101_130416,D,20100709,000000,68.6600000,69.9700000,65.4100000,68.6000000,1.585
15843_090101_130416,D,20100712,000000,68.3900000,68.3900000,67.0000000,68.2800000,298
15843_090101_130416,D,20100713,000000,68.3900000,68.6600000,67.5000000,68.3900000,83
15843_090101_130416,D,20100714,000000,68.1200000,68.3900000,66.6700000,68.0900000,467
15843_090101_130416,D,20100715,000000,68.0900000,68.5000000,67.8300000,68.3400000,15
15843_090101_130416,D,20100716,000000,68.3000000,68.3000000,67.0100000,68.1900000,15
15843_090101_130416,D,20100719,000000,67.8500000,69.9800000,65.3200000,68.3500000,1.811
15843_090101_130416,D,20100720,000000,67.9800000,67.9800000,67.8400000,67.9000000,1.920
15843_090101_130416,D,20100721,000000,67.8200000,67.8200000,66.0000000,67.6500000,2.490
15843_090101_130416,D,20100722,000000,67.7000000,67.7000000,65.0100000,67.5500000,488
15843_090101_130416,D,20100723,000000,67.0000000,69.9700000,67.0000000,69.9700000,4.648
15843_090101_130416,D,20100726,000000,70.6800000,70.6800000,67.9000000,69.5000000,1.746
15843_090101_130416,D,20100727,000000,69.8800000,69.9900000,67.0300000,69.2000000,1.798
15843_090101_130416,D,20100728,000000,69.9000000,70.7300000,67.8600000,68.6600000,1.008
15843_090101_130416,D,20100729,000000,67.0400000,69.9800000,67.0400000,68.9900000,5.192
15843_090101_130416,D,20100730,000000,68.6600000,69.9700000,68.3300000,68.4000000,836
15843_090101_130416,D,20100802,000000,68.6500000,71.5000000,68.5200000,69.5900000,3.862
15843_090101_130416,D,20100803,000000,69.6700000,70.0100000,68.3000000,69.8000000,4.907
15843_090101_130416,D,20100804,000000,69.9400000,71.4200000,69.0000000,70.0000000,5.601
15843_090101_130416,D,20100805,000000,70.2100000,71.0200000,69.0100000,69.6700000,3.058
15843_090101_130416,D,20100806,000000,69.5000000,70.9900000,69.1300000,70.1900000,5.404
15843_090101_130416,D,20100809,000000,70.2100000,72.1300000,70.2100000,71.6700000,1.708
15843_090101_130416,D,20100810,000000,71.2800000,71.2800000,69.0400000,70.0500000,1.918
15843_090101_130416,D,20100811,000000,70.0500000,70.0500000,69.0200000,69.5000000,280
15843_090101_130416,D,20100812,000000,69.6100000,69.8800000,67.5500000,69.8800000,1.872
15843_090101_130416,D,20100813,000000,69.6100000,71.5000000,68.9500000,70.4200000,468
15843_090101_130416,D,20100816,000000,70.4200000,71.9900000,70.0000000,70.0000000,2.103
15843_090101_130416,D,20100817,000000,71.0000000,71.1700000,68.5000000,70.8500000,1.126
15843_090101_130416,D,20100818,000000,70.3500000,70.3500000,67.5000000,69.3800000,25.264
15843_090101_130416,D,20100819,000000,69.5000000,71.3100000,68.5000000,68.5000000,2.991
15843_090101_130416,D,20100820,000000,68.4200000,68.4800000,67.9900000,68.0000000,2.015
15843_090101_130416,D,20100823,000000,68.4200000,68.8300000,68.0000000,68.8300000,187
15843_090101_130416,D,20100824,000000,68.4200000,68.4200000,68.0000000,68.4200000,1.412
15843_090101_130416,D,20100825,000000,68.4200000,68.4200000,67.5700000,67.5700000,523
15843_090101_130416,D,20100826,000000,67.8300000,69.8300000,67.8300000,68.0000000,15.351
15843_090101_130416,D,20100827,000000,67.9200000,68.6000000,66.2200000,68.0000000,229
15843_090101_130416,D,20100830,000000,68.3600000,68.3600000,66.1400000,67.8400000,5.081
15843_090101_130416,D,20100831,000000,67.5700000,67.8000000,66.8100000,67.8000000,1.231
15843_090101_130416,D,20100901,000000,67.3100000,71.4000000,66.8100000,70.5000000,4.934
15843_090101_130416,D,20100902,000000,69.9800000,71.3700000,68.6300000,69.7000000,3.845
15843_090101_130416,D,20100903,000000,69.7100000,70.4900000,68.1100000,69.9900000,8.881
15843_090101_130416,D,20100906,000000,70.1300000,71.3000000,68.5500000,70.3600000,7.270
15843_090101_130416,D,20100907,000000,69.5400000,70.5300000,68.7100000,69.5500000,1.414
15843_090101_130416,D,20100908,000000,69.9800000,71.0100000,68.7000000,69.9800000,6.528
15843_090101_130416,D,20100909,000000,69.9800000,71.5600000,69.5500000,70.2000000,3.697
15843_090101_130416,D,20100910,000000,70.5300000,74.7000000,70.5300000,74.7000000,27.239
15843_090101_130416,D,20100913,000000,74.6900000,83.4900000,74.6900000,80.0300000,33.720
15843_090101_130416,D,20100914,000000,81.8700000,82.6900000,75.9000000,76.5000000,5.136
15843_090101_130416,D,20100915,000000,76.9000000,78.4900000,75.4000000,75.7900000,1.317
15843_090101_130416,D,20100916,000000,75.6300000,78.4000000,75.3300000,77.1900000,2.917
15843_090101_130416,D,20100917,000000,77.0500000,77.0500000,74.3000000,75.0200000,1.598
15843_090101_130416,D,20100920,000000,75.0100000,75.9400000,73.1000000,75.0000000,4.606
15843_090101_130416,D,20100921,000000,74.7700000,77.5500000,74.4800000,77.5000000,7.517
15843_090101_130416,D,20100922,000000,77.1300000,78.0300000,75.2600000,76.0000000,1.588
15843_090101_130416,D,20100923,000000,75.6400000,76.0000000,74.5000000,75.0600000,1.443
15843_090101_130416,D,20100924,000000,74.7700000,74.9900000,71.6300000,72.6700000,5.295
15843_090101_130416,D,20100927,000000,73.0000000,74.9800000,73.0000000,73.6100000,1.163
15843_090101_130416,D,20100928,000000,73.9000000,73.9000000,71.9100000,73.0700000,1.484
15843_090101_130416,D,20100929,000000,72.7700000,72.9000000,70.5800000,71.6500000,3.463
15843_090101_130416,D,20100930,000000,71.9000000,72.3600000,71.2500000,72.2100000,3.755
15843_090101_130416,D,20101001,000000,72.2200000,74.8900000,70.4000000,71.9100000,4.591
15843_090101_130416,D,20101004,000000,71.6300000,71.9200000,70.0000000,71.0000000,5.611
15843_090101_130416,D,20101005,000000,71.0000000,71.0000000,70.5300000,71.0000000,5.089
15843_090101_130416,D,20101006,000000,71.0000000,71.4900000,70.5300000,70.8000000,6.044
15843_090101_130416,D,20101007,000000,70.9000000,71.4500000,69.1200000,71.4500000,5.317
15843_090101_130416,D,20101008,000000,71.0800000,71.0800000,69.2400000,70.2500000,4.279
15843_090101_130416,D,20101011,000000,70.4700000,74.8000000,70.0300000,72.0000000,8.466
15843_090101_130416,D,20101012,000000,71.6300000,71.6300000,69.8800000,71.0800000,2.453
15843_090101_130416,D,20101013,000000,71.0800000,73.8500000,70.1600000,72.0900000,475
15843_090101_130416,D,20101014,000000,71.6300000,72.1800000,70.0000000,70.9900000,2.931
15843_090101_130416,D,20101015,000000,71.0000000,71.9900000,71.0000000,71.3000000,1.182
15843_090101_130416,D,20101018,000000,70.5800000,71.9500000,70.0100000,71.0000000,1.906
15843_090101_130416,D,20101019,000000,70.9000000,70.9000000,69.3800000,69.9000000,3.871
15843_090101_130416,D,20101020,000000,69.7100000,71.9700000,69.2400000,69.9900000,19.268
15843_090101_130416,D,20101021,000000,70.0000000,70.0000000,68.0300000,69.0000000,15.456
15843_090101_130416,D,20101022,000000,68.4500000,69.6100000,66.7200000,67.9800000,14.987
15843_090101_130416,D,20101025,000000,68.1000000,68.4000000,66.9000000,67.7400000,4.177
15843_090101_130416,D,20101026,000000,67.8300000,67.8700000,66.7000000,67.5300000,2.529
15843_090101_130416,D,20101027,000000,67.0500000,67.6700000,66.1000000,66.7500000,4.598
15843_090101_130416,D,20101028,000000,66.8300000,67.9900000,66.3000000,66.5700000,2.813
15843_090101_130416,D,20101029,000000,66.2700000,67.3600000,66.0000000,66.8400000,2.476
15843_090101_130416,D,20101101,000000,67.2800000,67.4800000,66.8500000,67.2000000,2.263
15843_090101_130416,D,20101102,000000,67.3000000,67.7700000,66.5200000,67.0000000,1.932
15843_090101_130416,D,20101103,000000,67.0000000,67.2000000,66.8000000,66.8000000,529
15843_090101_130416,D,20101108,000000,66.8100000,67.3300000,66.5100000,66.9900000,2.459
15843_090101_130416,D,20101109,000000,67.0000000,68.6600000,66.8000000,68.0000000,12.838
15843_090101_130416,D,20101110,000000,67.8300000,69.4400000,67.2600000,68.3600000,20.000
15843_090101_130416,D,20101111,000000,68.1000000,69.0400000,67.8000000,68.4000000,4.285
15843_090101_130416,D,20101112,000000,68.8700000,74.1900000,68.0000000,71.0600000,45.302
15843_090101_130416,D,20101113,000000,71.3500000,71.8500000,70.0800000,71.8000000,4.107
15843_090101_130416,D,20101115,000000,71.9000000,72.8500000,70.5000000,72.7000000,3.229
15843_090101_130416,D,20101116,000000,72.6000000,72.6000000,70.1600000,70.7800000,1.289
15843_090101_130416,D,20101117,000000,70.8000000,70.8000000,67.8300000,69.9500000,26.696
15843_090101_130416,D,20101118,000000,69.7800000,70.8000000,68.7200000,70.0000000,4.744
15843_090101_130416,D,20101119,000000,70.2100000,71.5300000,69.8100000,71.0000000,2.074
15843_090101_130416,D,20101122,000000,71.0800000,71.3300000,69.0300000,70.2500000,2.669
15843_090101_130416,D,20101123,000000,70.2500000,98.3400000,70.2500000,98.3400000,407.954
15843_090101_130416,D,20101124,000000,118.0000000,137.6800000,117.0000000,127.0000000,995.958
15843_090101_130416,D,20101125,000000,130.0000000,132.0000000,111.0000000,111.0000000,339.399
15843_090101_130416,D,20101126,000000,112.0000000,112.0000000,99.0200000,107.6900000,260.994
15843_090101_130416,D,20101129,000000,107.7000000,124.8100000,105.9500000,112.7600000,453.082
15843_090101_130416,D,20101130,000000,112.2300000,116.7400000,103.2500000,105.4600000,117.481
15843_090101_130416,D,20101201,000000,106.9600000,111.8900000,102.0000000,105.4900000,120.760
15843_090101_130416,D,20101202,000000,105.7200000,112.5000000,103.0000000,105.2100000,137.876
15843_090101_130416,D,20101203,000000,107.0000000,125.5400000,103.0000000,110.0000000,337.634
15843_090101_130416,D,20101206,000000,110.3500000,118.0000000,110.1100000,111.5000000,134.588
15843_090101_130416,D,20101207,000000,114.4400000,114.4400000,107.7000000,110.9900000,79.604
15843_090101_130416,D,20101208,000000,110.0000000,111.4000000,106.0000000,107.8700000,56.812
15843_090101_130416,D,20101209,000000,110.3400000,110.3400000,106.3000000,108.3200000,29.106
15843_090101_130416,D,20101210,000000,108.1100000,109.7400000,106.0100000,106.9600000,11.220
15843_090101_130416,D,20101213,000000,106.5000000,111.4000000,106.0000000,108.8600000,32.260
15843_090101_130416,D,20101214,000000,108.2200000,108.5000000,106.0000000,106.5900000,19.739
15843_090101_130416,D,20101215,000000,106.9500000,107.3800000,104.2400000,107.0000000,21.617
15843_090101_130416,D,20101216,000000,106.7500000,108.0000000,104.6800000,108.0000000,39.690
15843_090101_130416,D,20101217,000000,107.9400000,110.0000000,105.0000000,106.0900000,14.564
15843_090101_130416,D,20101220,000000,105.9900000,109.9000000,103.7000000,109.5400000,50.197
15843_090101_130416,D,20101221,000000,108.6400000,116.2300000,108.2300000,108.9900000,55.814
15843_090101_130416,D,20101222,000000,109.0600000,117.5000000,109.0600000,113.3800000,218.269
15843_090101_130416,D,20101223,000000,113.3900000,114.2300000,108.0000000,109.3400000,53.164
15843_090101_130416,D,20101224,000000,109.0600000,110.5000000,108.0000000,109.0000000,43.589
15843_090101_130416,D,20101227,000000,109.4800000,109.4800000,104.1300000,106.0300000,15.273
15843_090101_130416,D,20101228,000000,105.3200000,108.7900000,104.5600000,105.0000000,17.716
15843_090101_130416,D,20101229,000000,105.7200000,107.0000000,104.8000000,105.0600000,6.610
15843_090101_130416,D,20101230,000000,104.9000000,106.7600000,104.8000000,105.4700000,13.004
15843_090101_130416,D,20110111,000000,105.5000000,108.3400000,105.5000000,108.0000000,52.975
15843_090101_130416,D,20110112,000000,107.3900000,108.2100000,103.0000000,105.5000000,35.106
15843_090101_130416,D,20110113,000000,105.5000000,106.1300000,103.0000000,103.0000000,35.223
15843_090101_130416,D,20110114,000000,104.0900000,104.0900000,97.0100000,100.0000000,50.934
15843_090101_130416,D,20110117,000000,100.9900000,105.0000000,98.1500000,102.4800000,53.418
15843_090101_130416,D,20110118,000000,102.0000000,104.1400000,99.2000000,101.8200000,23.973
15843_090101_130416,D,20110119,000000,101.6800000,102.5000000,100.5000000,100.6600000,10.440
15843_090101_130416,D,20110120,000000,100.5000000,101.0000000,97.4200000,98.9900000,41.366
15843_090101_130416,D,20110121,000000,98.5700000,99.9800000,96.9900000,98.4900000,19.510
15843_090101_130416,D,20110124,000000,98.1800000,100.5000000,96.0300000,97.0000000,34.661
15843_090101_130416,D,20110125,000000,97.0000000,98.5000000,96.0000000,98.0000000,22.788
15843_090101_130416,D,20110126,000000,97.4200000,98.0000000,96.4900000,97.8300000,6.125
15843_090101_130416,D,20110127,000000,97.4200000,98.5000000,94.2000000,95.4400000,16.015
15843_090101_130416,D,20110128,000000,95.5000000,96.2100000,93.6000000,94.3000000,11.203
15843_090101_130416,D,20110131,000000,94.1900000,94.1900000,89.0000000,89.9000000,34.983
15843_090101_130416,D,20110201,000000,90.4800000,92.0000000,89.7000000,90.9800000,35.730
15843_090101_130416,D,20110202,000000,91.0600000,92.1700000,90.0700000,90.7000000,35.650
15843_090101_130416,D,20110203,000000,90.4900000,91.0000000,88.2200000,89.4300000,10.314
15843_090101_130416,D,20110204,000000,89.4300000,89.8600000,85.1600000,86.4400000,14.181
15843_090101_130416,D,20110207,000000,86.4000000,89.9400000,85.7000000,89.0000000,25.345
15843_090101_130416,D,20110208,000000,88.3900000,90.6900000,85.0000000,87.8300000,37.107
15843_090101_130416,D,20110209,000000,87.3600000,95.5500000,86.0000000,92.7900000,335.535
15843_090101_130416,D,20110210,000000,92.7900000,93.3300000,89.0900000,89.0900000,119.723
15843_090101_130416,D,20110211,000000,89.7800000,91.9100000,89.7700000,90.7900000,41.648
15843_090101_130416,D,20110214,000000,90.8300000,92.0100000,89.1400000,91.9900000,34.837
15843_090101_130416,D,20110215,000000,92.1600000,94.2900000,90.0000000,91.9000000,91.274
15843_090101_130416,D,20110216,000000,92.1700000,92.1700000,85.0000000,87.5100000,118.319
15843_090101_130416,D,20110217,000000,88.0500000,89.9000000,87.3100000,88.0500000,15.070
15843_090101_130416,D,20110218,000000,88.3900000,88.9900000,86.6000000,87.9900000,16.635
15843_090101_130416,D,20110221,000000,88.0500000,91.1700000,88.0500000,88.4600000,23.294
15843_090101_130416,D,20110222,000000,89.6700000,89.6700000,86.0100000,88.8900000,8.364
15843_090101_130416,D,20110224,000000,88.3900000,89.8900000,84.8000000,86.6600000,14.848
15843_090101_130416,D,20110225,000000,85.0000000,90.9700000,84.7900000,89.4300000,24.454
15843_090101_130416,D,20110228,000000,88.8700000,90.9900000,88.0000000,89.1300000,11.805
15843_090101_130416,D,20110301,000000,89.1300000,90.0400000,86.0200000,87.6000000,16.900
15843_090101_130416,D,20110302,000000,86.5100000,86.8400000,85.1600000,86.0000000,4.200
15843_090101_130416,D,20110303,000000,88.7800000,88.7800000,86.3000000,86.5300000,2.300
15843_090101_130416,D,20110304,000000,89.0700000,89.0700000,86.2100000,87.0000000,1.500
15843_090101_130416,D,20110305,000000,86.5000000,87.0000000,85.3500000,87.0000000,8.400
15843_090101_130416,D,20110309,000000,87.0000000,90.0000000,87.0000000,88.0800000,10.900
15843_090101_130416,D,20110310,000000,89.1000000,89.4900000,86.5000000,86.5000000,13.900
15843_090101_130416,D,20110311,000000,88.0000000,88.5000000,82.0000000,86.9700000,13.900
15843_090101_130416,D,20110314,000000,84.0400000,85.8600000,84.0000000,84.0000000,6.200
15843_090101_130416,D,20110315,000000,84.0000000,84.0000000,78.0000000,78.0000000,32.300
15843_090101_130416,D,20110316,000000,78.0200000,80.0000000,76.0100000,78.0000000,12.700
15843_090101_130416,D,20110317,000000,79.9900000,81.4400000,79.2100000,81.3900000,19.500
15843_090101_130416,D,20110318,000000,83.0000000,83.0000000,79.2500000,80.0800000,16.800
15843_090101_130416,D,20110321,000000,79.2200000,81.2800000,79.2200000,81.1100000,1.300
15843_090101_130416,D,20110322,000000,82.4800000,82.4900000,80.0000000,81.9300000,1.100
15843_090101_130416,D,20110323,000000,78.8700000,84.0000000,77.0100000,82.5000000,68.600
15843_090101_130416,D,20110324,000000,85.0000000,89.0100000,84.5000000,88.8000000,99.400
15843_090101_130416,D,20110325,000000,85.0100000,87.2900000,85.0000000,87.2900000,7.900
15843_090101_130416,D,20110328,000000,85.2100000,86.4800000,84.5000000,86.3800000,3.400
15843_090101_130416,D,20110329,000000,84.0900000,84.1000000,84.0000000,84.0000000,1.200
15843_090101_130416,D,20110330,000000,84.1000000,84.1000000,82.0000000,82.0000000,11.000
15843_090101_130416,D,20110331,000000,84.0900000,84.2000000,81.6500000,82.4600000,8.200
15843_090101_130416,D,20110401,000000,82.4600000,85.9800000,82.4600000,83.3500000,4.000
15843_090101_130416,D,20110404,000000,86.6700000,86.8000000,81.0000000,82.4700000,25.800
15843_090101_130416,D,20110405,000000,84.0200000,85.4900000,79.2500000,81.8900000,60.600
15843_090101_130416,D,20110406,000000,82.1000000,84.0000000,80.8000000,83.9900000,12.300
15843_090101_130416,D,20110407,000000,81.0300000,83.9300000,79.1700000,82.8800000,30.500
15843_090101_130416,D,20110408,000000,83.0000000,83.9300000,82.0000000,83.8900000,17.300
15843_090101_130416,D,20110411,000000,82.0000000,84.0000000,80.0000000,81.8900000,10.700
15843_090101_130416,D,20110412,000000,80.0300000,84.7000000,79.0000000,81.1100000,34.600
15843_090101_130416,D,20110413,000000,80.2000000,81.4700000,80.0000000,80.0300000,7.200
15843_090101_130416,D,20110414,000000,81.3100000,84.2000000,81.3100000,84.0000000,59.400
15843_090101_130416,D,20110415,000000,80.0000000,84.5000000,80.0000000,83.7900000,46.600
15843_090101_130416,D,20110418,000000,83.5000000,83.9400000,80.0100000,80.0100000,41.900
15843_090101_130416,D,20110419,000000,80.0000000,83.5500000,78.5300000,80.0900000,18.500
15843_090101_130416,D,20110420,000000,81.0000000,104.0000000,79.0500000,94.9900000,564.200
15843_090101_130416,D,20110421,000000,97.8500000,102.9500000,88.0700000,92.0000000,317.700
15843_090101_130416,D,20110422,000000,93.0000000,95.0000000,86.2200000,91.0000000,336.300
15843_090101_130416,D,20110425,000000,91.3100000,93.5000000,86.5000000,87.0000000,110.400
15843_090101_130416,D,20110426,000000,86.2200000,86.5000000,81.0000000,84.5000000,46.800
15843_090101_130416,D,20110427,000000,84.9800000,95.9300000,84.9800000,88.8000000,382.000
15843_090101_130416,D,20110428,000000,91.8000000,93.8000000,88.0400000,90.4900000,174.900
15843_090101_130416,D,20110429,000000,91.1000000,119.0000000,89.5000000,101.1000000,1.083.000
15843_090101_130416,D,20110503,000000,101.0300000,106.5800000,85.0500000,85.8900000,292.400
15843_090101_130416,D,20110504,000000,85.0000000,85.2100000,77.0000000,77.7100000,275.300
15843_090101_130416,D,20110505,000000,78.5100000,84.3000000,78.2500000,81.1200000,209.300
15843_090101_130416,D,20110506,000000,80.0800000,80.0800000,75.0000000,79.3400000,96.000
15843_090101_130416,D,20110510,000000,77.3400000,78.9300000,76.0000000,76.5900000,96.100
15843_090101_130416,D,20110511,000000,77.8000000,77.8000000,75.0000000,76.1600000,49.000
15843_090101_130416,D,20110512,000000,75.1000000,77.0000000,74.7700000,75.4700000,35.100
15843_090101_130416,D,20110513,000000,74.2500000,83.0000000,73.2100000,80.0000000,201.400
15843_090101_130416,D,20110516,000000,80.0000000,85.9000000,78.5000000,84.2100000,200.300
15843_090101_130416,D,20110517,000000,84.0000000,87.7500000,82.0000000,84.9900000,219.700
15843_090101_130416,D,20110518,000000,85.2000000,98.0000000,81.6800000,82.8700000,508.300
15843_090101_130416,D,20110519,000000,82.0100000,83.2900000,80.1500000,81.0000000,64.800
15843_090101_130416,D,20110520,000000,81.5000000,81.5000000,78.0200000,79.0000000,79.600
15843_090101_130416,D,20110523,000000,77.1200000,77.8400000,75.1200000,75.7600000,35.700
15843_090101_130416,D,20110524,000000,75.0000000,85.0400000,75.0000000,83.4400000,234.100
15843_090101_130416,D,20110525,000000,80.8100000,86.7900000,79.0000000,82.2100000,129.500
15843_090101_130416,D,20110526,000000,82.2100000,83.6800000,79.3100000,79.5000000,49.200
15843_090101_130416,D,20110527,000000,80.0000000,81.9900000,79.5000000,81.2200000,34.000
15843_090101_130416,D,20110530,000000,81.2200000,82.0000000,79.3100000,79.9700000,15.200
15843_090101_130416,D,20110531,000000,80.5600000,81.4500000,79.5200000,80.4200000,35.300
15843_090101_130416,D,20110601,000000,80.0300000,82.1900000,79.8000000,80.6800000,31.000
15843_090101_130416,D,20110602,000000,79.5000000,79.7900000,78.0000000,78.9100000,7.900
15843_090101_130416,D,20110603,000000,81.1600000,81.1600000,78.4000000,79.0000000,3.500
15843_090101_130416,D,20110606,000000,78.2100000,79.6800000,77.1500000,77.7000000,18.600
15843_090101_130416,D,20110607,000000,77.4900000,79.6400000,76.8000000,78.0600000,26.600
15843_090101_130416,D,20110608,000000,77.9100000,77.9100000,76.8000000,76.8000000,16.700
15843_090101_130416,D,20110609,000000,76.6400000,77.5200000,75.0000000,76.8000000,53.600
15843_090101_130416,D,20110610,000000,77.4000000,78.4000000,75.8200000,76.3800000,18.300
15843_090101_130416,D,20110614,000000,77.0000000,77.7900000,75.0000000,75.3100000,21.000
15843_090101_130416,D,20110615,000000,75.9900000,76.8900000,75.0600000,75.1100000,16.200
15843_090101_130416,D,20110616,000000,75.0000000,77.2700000,74.6400000,74.7000000,35.900
15843_090101_130416,D,20110617,000000,74.7100000,75.5000000,73.5100000,75.4500000,23.400
15843_090101_130416,D,20110620,000000,74.9000000,75.0000000,74.2100000,74.7700000,4.900
15843_090101_130416,D,20110621,000000,74.0800000,76.9800000,74.0100000,75.1200000,21.700
15843_090101_130416,D,20110622,000000,74.3100000,76.6800000,74.3100000,75.9300000,8.300
15843_090101_130416,D,20110623,000000,76.9400000,76.9400000,74.5300000,74.5300000,2.900
15843_090101_130416,D,20110624,000000,74.6300000,75.4600000,74.3000000,74.3000000,4.700
15843_090101_130416,D,20110627,000000,74.5000000,74.5000000,73.2100000,74.2400000,2.500
15843_090101_130416,D,20110628,000000,73.0100000,75.6000000,72.1800000,74.5000000,10.900
15843_090101_130416,D,20110629,000000,74.5700000,77.1100000,74.5700000,76.8000000,23.200
15843_090101_130416,D,20110630,000000,76.0100000,77.9200000,76.0100000,77.0000000,13.600
15843_090101_130416,D,20110701,000000,76.0000000,76.0000000,75.0000000,75.8300000,14.700
15843_090101_130416,D,20110704,000000,75.2200000,75.7100000,74.0000000,75.7100000,17.900
15843_090101_130416,D,20110705,000000,75.7000000,76.2500000,75.3500000,75.3500000,11.500
15843_090101_130416,D,20110706,000000,76.0100000,77.2900000,76.0000000,77.2000000,22.300
15843_090101_130416,D,20110707,000000,76.4100000,76.4100000,74.9900000,76.3900000,14.000
15843_090101_130416,D,20110708,000000,74.1300000,76.2900000,74.1300000,75.0200000,8.300
15843_090101_130416,D,20110711,000000,74.5200000,76.2600000,74.5200000,75.0000000,11.900
15843_090101_130416,D,20110712,000000,74.8800000,75.2400000,74.0200000,75.0000000,6.900
15843_090101_130416,D,20110713,000000,75.2400000,75.7500000,74.2100000,74.5500000,10.400
15843_090101_130416,D,20110714,000000,75.6200000,75.6200000,73.0300000,74.0000000,18.200
15843_090101_130416,D,20110715,000000,73.5100000,73.9400000,73.0000000,73.1600000,8.300
15843_090101_130416,D,20110718,000000,73.8900000,73.8900000,73.0000000,73.8700000,3.600
15843_090101_130416,D,20110719,000000,73.0400000,73.0400000,72.4200000,72.9900000,7.000
15843_090101_130416,D,20110720,000000,73.0400000,73.6400000,72.9100000,73.6400000,3.000
15843_090101_130416,D,20110721,000000,74.1000000,74.1000000,72.5000000,73.5000000,5.000
15843_090101_130416,D,20110722,000000,73.9000000,73.9700000,73.0000000,73.0000000,1.100
15843_090101_130416,D,20110725,000000,72.5000000,73.5000000,72.5000000,73.1300000,3.800
15843_090101_130416,D,20110726,000000,72.9900000,73.0200000,71.6200000,72.9900000,7.000
15843_090101_130416,D,20110727,000000,72.9900000,73.5900000,72.0700000,72.2500000,2.900
15843_090101_130416,D,20110728,000000,74.9300000,74.9600000,71.5100000,73.0000000,2.900
15843_090101_130416,D,20110729,000000,73.6400000,73.7300000,70.7000000,71.5100000,9.300
15843_090101_130416,D,20110801,000000,72.0000000,73.3700000,72.0000000,72.0000000,3.700
15843_090101_130416,D,20110802,000000,71.0200000,72.4900000,69.2100000,70.2200000,31.100
15843_090101_130416,D,20110803,000000,69.0100000,70.3700000,67.6600000,67.6600000,15.400
15843_090101_130416,D,20110804,000000,69.4900000,69.4900000,67.0200000,67.0200000,23.700
15843_090101_130416,D,20110805,000000,65.0000000,65.0000000,50.1400000,63.8500000,33.300
15843_090101_130416,D,20110808,000000,60.3000000,62.9800000,57.0800000,58.0000000,36.900
15843_090101_130416,D,20110809,000000,51.6700000,55.9900000,50.0000000,54.9400000,34.900
15843_090101_130416,D,20110810,000000,57.0000000,57.5000000,51.0000000,51.0000000,18.900
15843_090101_130416,D,20110811,000000,51.1500000,54.5000000,47.0000000,52.4500000,46.200
15843_090101_130416,D,20110812,000000,50.1200000,53.6000000,49.5000000,52.0100000,7.100
15843_090101_130416,D,20110815,000000,52.0100000,55.0000000,52.0000000,53.5000000,12.100
15843_090101_130416,D,20110816,000000,53.2700000,53.2700000,51.0000000,51.0300000,2.600
15843_090101_130416,D,20110817,000000,51.5000000,55.7000000,50.0700000,55.6900000,14.900
15843_090101_130416,D,20110818,000000,55.0000000,56.9000000,51.0100000,51.8000000,7.200
15843_090101_130416,D,20110819,000000,53.2400000,53.2500000,50.0000000,51.6000000,27.300
15843_090101_130416,D,20110822,000000,50.0000000,55.0000000,47.6500000,52.4000000,12.100
15843_090101_130416,D,20110823,000000,53.0100000,53.0100000,52.2900000,52.2900000,3.900
15843_090101_130416,D,20110824,000000,53.4600000,53.4600000,51.0000000,52.0000000,6.100
15843_090101_130416,D,20110825,000000,50.5800000,52.4600000,50.5800000,51.6000000,2.600
15843_090101_130416,D,20110826,000000,51.5500000,51.5600000,49.2900000,49.5000000,10.000
15843_090101_130416,D,20110829,000000,51.0100000,53.7200000,50.0000000,51.2000000,9.200
15843_090101_130416,D,20110830,000000,52.0000000,54.8800000,51.2000000,53.1500000,14.100
15843_090101_130416,D,20110831,000000,55.0000000,55.0000000,53.2100000,54.5000000,3.600
15843_090101_130416,D,20110901,000000,56.0000000,58.7500000,53.0000000,53.6000000,28.500
15843_090101_130416,D,20110902,000000,53.9400000,56.5000000,53.6800000,55.0900000,12.300
15843_090101_130416,D,20110905,000000,55.7700000,59.3000000,55.7700000,57.0100000,25.600
15843_090101_130416,D,20110906,000000,56.0000000,64.8000000,55.2800000,62.4900000,66.300
15843_090101_130416,D,20110907,000000,62.4900000,67.7300000,60.7500000,65.0000000,48.300
15843_090101_130416,D,20110908,000000,65.1500000,68.4700000,62.3300000,64.0000000,17.900
15843_090101_130416,D,20110909,000000,62.9900000,64.7600000,60.0000000,60.9500000,27.000
15843_090101_130416,D,20110912,000000,59.1400000,59.5000000,56.0000000,59.2500000,16.700
15843_090101_130416,D,20110913,000000,59.0500000,61.5000000,58.3000000,60.5000000,41.400
15843_090101_130416,D,20110914,000000,59.9600000,60.5600000,58.5700000,59.1000000,1.800
15843_090101_130416,D,20110915,000000,61.4600000,62.0000000,61.0000000,61.0000000,14.200
15843_090101_130416,D,20110916,000000,61.0500000,61.0500000,57.0200000,59.8300000,13.000
15843_090101_130416,D,20110919,000000,57.5100000,59.5000000,56.2400000,57.0000000,10.200
15843_090101_130416,D,20110920,000000,57.0400000,58.5700000,55.1600000,57.9800000,13.900
15843_090101_130416,D,20110921,000000,57.9800000,57.9800000,57.0000000,57.0000000,900
15843_090101_130416,D,20110922,000000,55.0100000,55.6300000,51.5000000,51.7000000,18.200
15843_090101_130416,D,20110923,000000,51.0000000,51.0000000,48.0000000,49.4000000,31.500
15843_090101_130416,D,20110926,000000,45.0000000,50.0100000,45.0000000,50.0000000,8.500
15843_090101_130416,D,20110927,000000,54.9900000,54.9900000,50.0000000,53.2600000,14.600
15843_090101_130416,D,20110928,000000,51.0100000,51.0700000,50.0000000,50.5000000,9.200
15843_090101_130416,D,20110929,000000,50.5700000,51.9000000,49.0000000,50.1900000,12.900
15843_090101_130416,D,20110930,000000,48.3200000,50.0000000,48.2300000,49.6200000,3.800
15843_090101_130416,D,20111003,000000,47.0900000,50.0000000,46.0700000,48.2400000,12.100
15843_090101_130416,D,20111004,000000,48.2100000,48.8000000,46.0600000,46.0600000,3.000
15843_090101_130416,D,20111005,000000,49.1700000,49.3200000,42.7800000,45.9500000,17.200
15843_090101_130416,D,20111006,000000,46.4900000,49.0000000,46.4900000,47.9700000,11.100
15843_090101_130416,D,20111007,000000,48.9800000,49.1800000,47.2700000,47.2700000,3.400
15843_090101_130416,D,20111010,000000,48.7400000,51.5500000,47.5800000,49.0100000,7.000
15843_090101_130416,D,20111011,000000,50.3300000,50.8000000,48.0000000,48.8400000,2.100
15843_090101_130416,D,20111012,000000,49.9000000,52.0000000,49.9000000,50.5700000,24.200
15843_090101_130416,D,20111013,000000,50.8300000,51.3700000,50.1200000,50.1200000,10.700
15843_090101_130416,D,20111014,000000,50.2000000,53.8400000,49.6000000,53.8400000,7.300
15843_090101_130416,D,20111017,000000,51.7700000,52.5000000,50.3400000,50.8000000,19.300
15843_090101_130416,D,20111018,000000,49.9900000,52.8800000,49.9900000,52.8800000,9.000
15843_090101_130416,D,20111019,000000,51.1900000,54.0000000,51.1000000,51.8800000,5.400
15843_090101_130416,D,20111020,000000,50.7400000,51.8700000,50.7400000,51.8700000,800
15843_090101_130416,D,20111021,000000,52.9800000,52.9900000,50.0700000,51.0000000,13.600
15843_090101_130416,D,20111024,000000,52.2900000,52.2900000,50.5000000,50.9900000,10.800
15843_090101_130416,D,20111025,000000,52.1800000,59.1800000,50.3100000,54.4400000,91.000
15843_090101_130416,D,20111026,000000,55.2000000,57.7400000,51.9900000,52.3500000,31.500
15843_090101_130416,D,20111027,000000,54.2000000,54.2700000,52.0100000,52.6900000,11.000
15843_090101_130416,D,20111028,000000,52.7800000,53.9800000,51.5000000,52.2400000,14.900
15843_090101_130416,D,20111031,000000,52.0300000,54.9000000,51.6100000,54.0900000,8.400
15843_090101_130416,D,20111101,000000,54.0200000,54.0200000,51.5000000,51.5000000,7.200
15843_090101_130416,D,20111102,000000,52.8300000,52.8300000,51.5000000,52.0000000,9.300
15843_090101_130416,D,20111103,000000,52.7800000,52.7800000,52.0000000,52.3500000,5.600
15843_090101_130416,D,20111107,000000,54.0300000,54.0300000,51.5300000,52.6100000,6.000
15843_090101_130416,D,20111108,000000,52.7000000,52.9700000,51.6100000,52.0000000,4.800
15843_090101_130416,D,20111109,000000,52.6000000,53.0000000,50.6500000,50.9000000,21.500
15843_090101_130416,D,20111110,000000,50.0300000,51.6900000,48.5000000,48.8700000,53.800
15843_090101_130416,D,20111111,000000,49.4700000,49.5000000,48.1300000,49.2600000,28.100
15843_090101_130416,D,20111114,000000,50.0000000,50.3700000,48.1200000,48.3400000,25.900
15843_090101_130416,D,20111115,000000,50.2700000,50.2700000,47.6600000,48.0100000,10.500
15843_090101_130416,D,20111116,000000,48.0100000,50.5000000,48.0000000,48.0200000,23.600
15843_090101_130416,D,20111117,000000,48.0000000,48.3400000,47.7100000,48.3400000,7.100
15843_090101_130416,D,20111118,000000,48.8000000,48.8000000,46.9900000,47.5200000,19.500
15843_090101_130416,D,20111121,000000,47.0100000,47.2400000,45.4100000,47.2400000,16.600
15843_090101_130416,D,20111122,000000,47.0000000,47.7000000,46.9000000,47.0300000,6.900
15843_090101_130416,D,20111123,000000,47.0300000,47.0400000,46.5500000,46.7500000,6.900
15843_090101_130416,D,20111124,000000,46.4000000,47.1000000,45.6600000,46.5000000,12.000
15843_090101_130416,D,20111125,000000,46.0800000,47.3200000,45.0200000,46.4900000,13.800
15843_090101_130416,D,20111128,000000,47.5600000,47.5600000,45.7700000,46.9800000,16.700
15843_090101_130416,D,20111129,000000,46.8700000,46.8800000,46.0900000,46.8800000,2.300
15843_090101_130416,D,20111130,000000,46.3000000,47.3700000,46.3000000,47.3700000,200
15843_090101_130416,D,20111201,000000,46.8000000,48.0000000,46.6200000,47.2000000,11.700
15843_090101_130416,D,20111202,000000,48.4800000,48.8900000,47.0200000,47.2500000,7.000
15843_090101_130416,D,20111205,000000,49.0000000,49.0000000,46.4200000,46.5500000,4.500
15843_090101_130416,D,20111206,000000,46.6100000,47.0500000,46.3600000,46.9800000,6.400
15843_090101_130416,D,20111207,000000,47.9900000,47.9900000,46.0200000,47.1000000,6.700
15843_090101_130416,D,20111208,000000,47.0900000,47.0900000,46.6000000,46.6000000,3.300
15843_090101_130416,D,20111209,000000,45.0000000,46.0000000,44.0100000,45.1000000,3.600
15843_090101_130416,D,20111212,000000,46.0000000,47.0000000,42.7900000,42.9900000,28.000
15843_090101_130416,D,20111213,000000,42.0000000,42.9800000,41.0100000,41.9900000,4.800
15843_090101_130416,D,20111214,000000,44.9500000,44.9500000,42.2000000,42.2000000,6.900
15843_090101_130416,D,20111215,000000,42.0100000,46.8900000,41.3300000,46.8900000,19.600
15843_090101_130416,D,20111216,000000,46.4900000,46.4900000,45.7800000,46.4900000,600
15843_090101_130416,D,20111219,000000,43.7200000,44.9900000,43.0500000,43.1000000,22.200
15843_090101_130416,D,20111220,000000,42.6000000,43.1000000,42.1100000,42.1300000,4.600
15843_090101_130416,D,20111221,000000,43.8900000,43.8900000,42.4100000,42.4100000,15.100
15843_090101_130416,D,20111222,000000,42.3100000,42.8300000,42.2100000,42.2100000,15.200
15843_090101_130416,D,20111223,000000,41.6200000,41.7000000,40.3500000,41.4300000,2.300
15843_090101_130416,D,20111226,000000,41.9900000,42.9900000,40.3400000,42.9900000,7.600
15843_090101_130416,D,20111227,000000,40.3800000,40.5100000,39.0200000,39.5600000,17.700
15843_090101_130416,D,20111228,000000,39.5000000,40.6000000,36.0700000,37.8600000,17.900
15843_090101_130416,D,20111229,000000,36.0000000,38.0000000,36.0000000,38.0000000,31.900
15843_090101_130416,D,20111230,000000,38.1000000,38.9900000,36.9000000,38.0000000,2.500
15843_090101_130416,D,20120103,000000,39.9900000,40.0000000,38.0000000,38.7400000,3.300
15843_090101_130416,D,20120104,000000,39.7000000,39.7000000,39.0000000,39.0100000,2.100
15843_090101_130416,D,20120105,000000,39.5000000,40.0000000,39.5000000,39.5200000,1.600
15843_090101_130416,D,20120106,000000,40.4400000,42.5000000,38.5400000,41.0000000,6.200
15843_090101_130416,D,20120109,000000,40.0000000,40.0000000,38.3000000,40.0000000,5.400
15843_090101_130416,D,20120110,000000,40.0000000,41.5000000,40.0000000,40.6100000,3.200
15843_090101_130416,D,20120111,000000,40.2900000,40.2900000,38.5500000,39.9800000,700
15843_090101_130416,D,20120112,000000,40.5100000,41.5000000,39.0000000,39.0000000,6.800
15843_090101_130416,D,20120113,000000,40.2000000,42.6700000,38.0000000,42.4500000,40.400
15843_090101_130416,D,20120116,000000,42.0000000,45.0000000,42.0000000,44.9800000,18.000
15843_090101_130416,D,20120117,000000,43.0300000,45.0000000,43.0200000,45.0000000,2.700
15843_090101_130416,D,20120118,000000,44.0100000,45.4900000,44.0000000,45.4900000,2.400
15843_090101_130416,D,20120119,000000,44.0800000,44.0800000,41.9700000,42.0100000,26.500
15843_090101_130416,D,20120120,000000,41.0000000,41.4100000,40.5000000,41.0000000,13.000
15843_090101_130416,D,20120123,000000,40.1100000,40.1100000,39.3000000,39.6200000,7.000
15843_090101_130416,D,20120124,000000,40.4000000,40.5000000,40.0200000,40.5000000,1.800
15843_090101_130416,D,20120125,000000,40.4300000,40.5000000,40.4300000,40.5000000,12.200
15843_090101_130416,D,20120126,000000,40.5500000,42.0000000,40.5400000,42.0000000,3.100
15843_090101_130416,D,20120127,000000,41.4100000,42.0000000,41.4100000,42.0000000,2.300
15843_090101_130416,D,20120130,000000,40.4100000,41.7400000,40.4100000,41.7400000,1.200
15843_090101_130416,D,20120131,000000,41.5100000,41.5100000,39.9900000,40.6000000,18.500
15843_090101_130416,D,20120201,000000,40.5900000,41.8600000,40.5300000,40.6200000,2.100
15843_090101_130416,D,20120202,000000,42.0000000,43.0000000,41.9900000,42.0000000,24.400
15843_090101_130416,D,20120203,000000,41.0600000,41.8500000,40.8500000,41.7500000,5.500
15843_090101_130416,D,20120206,000000,41.8300000,42.3300000,41.2500000,42.0500000,4.100
15843_090101_130416,D,20120207,000000,42.9800000,43.0000000,40.8400000,41.3000000,13.600
15843_090101_130416,D,20120208,000000,41.9400000,53.6800000,41.9300000,53.6800000,111.200
15843_090101_130416,D,20120209,000000,58.4400000,68.8800000,56.1300000,65.9800000,562.000
15843_090101_130416,D,20120210,000000,65.0000000,65.7400000,51.1800000,53.9900000,200.200
15843_090101_130416,D,20120213,000000,55.5000000,55.5000000,51.0000000,51.7300000,50.000
15843_090101_130416,D,20120214,000000,50.1200000,51.7000000,49.0900000,50.0000000,33.400
15843_090101_130416,D,20120215,000000,50.0100000,51.8900000,49.0200000,49.4800000,39.000
15843_090101_130416,D,20120216,000000,48.6600000,49.5000000,46.2000000,48.5400000,31.400
15843_090101_130416,D,20120217,000000,49.4800000,50.3700000,47.5900000,49.2200000,26.200
15843_090101_130416,D,20120220,000000,50.7900000,56.0000000,50.5000000,52.5000000,114.600
15843_090101_130416,D,20120221,000000,51.7900000,53.6100000,50.3800000,51.0000000,26.500
15843_090101_130416,D,20120222,000000,50.1500000,52.0000000,50.1500000,51.3700000,8.300
15843_090101_130416,D,20120224,000000,51.0000000,54.3400000,51.0000000,52.8700000,27.500
15843_090101_130416,D,20120227,000000,53.8700000,56.0000000,52.0000000,54.9900000,48.800
15843_090101_130416,D,20120228,000000,55.8900000,55.8900000,51.0000000,51.5000000,66.300
15843_090101_130416,D,20120229,000000,51.0000000,51.0100000,48.5000000,49.3900000,93.500
15843_090101_130416,D,20120301,000000,49.0000000,49.1000000,47.7200000,48.5000000,33.800
15843_090101_130416,D,20120302,000000,48.8700000,50.4600000,46.5700000,47.4900000,62.300
15843_090101_130416,D,20120305,000000,47.5000000,48.0000000,46.7000000,47.2200000,59.800
15843_090101_130416,D,20120306,000000,46.5000000,47.0000000,44.0000000,44.0000000,60.600
15843_090101_130416,D,20120307,000000,43.6700000,45.5000000,43.2100000,45.2000000,31.000
15843_090101_130416,D,20120311,000000,45.1300000,48.0000000,45.1300000,46.5600000,67.400
15843_090101_130416,D,20120312,000000,45.6900000,47.0300000,45.0500000,45.9900000,34.200
15843_090101_130416,D,20120313,000000,45.5400000,46.0000000,45.0100000,45.9900000,24.400
15843_090101_130416,D,20120314,000000,46.2500000,48.9800000,45.4300000,46.7500000,32.400
15843_090101_130416,D,20120315,000000,46.0100000,46.5500000,45.1200000,46.5000000,34.300
15843_090101_130416,D,20120316,000000,46.7400000,47.4700000,45.0000000,47.1000000,58.800
15843_090101_130416,D,20120319,000000,48.0000000,48.0000000,45.7500000,46.7200000,11.200
15843_090101_130416,D,20120320,000000,47.2000000,48.9400000,45.5200000,45.5200000,53.300
15843_090101_130416,D,20120321,000000,45.4900000,46.3300000,44.6100000,45.0900000,43.600
15843_090101_130416,D,20120322,000000,44.9600000,44.9600000,43.2500000,44.4500000,32.000
15843_090101_130416,D,20120323,000000,44.4500000,44.8200000,43.7000000,43.7000000,6.700
15843_090101_130416,D,20120326,000000,45.2200000,45.2500000,43.5300000,44.2800000,19.400
15843_090101_130416,D,20120327,000000,44.9700000,44.9700000,42.8100000,43.4300000,40.000
15843_090101_130416,D,20120328,000000,43.2000000,43.7200000,42.9500000,43.0000000,36.300
15843_090101_130416,D,20120329,000000,42.8200000,43.2900000,42.5300000,42.8300000,21.700
15843_090101_130416,D,20120330,000000,43.0000000,44.0100000,43.0000000,43.8200000,8.800
15843_090101_130416,D,20120402,000000,43.6400000,44.0000000,43.0800000,43.2000000,13.500
15843_090101_130416,D,20120403,000000,43.1300000,44.0000000,42.7500000,43.4000000,17.300
15843_090101_130416,D,20120404,000000,42.8300000,43.0000000,42.1200000,43.0000000,11.800
15843_090101_130416,D,20120405,000000,42.5900000,42.5900000,41.5000000,42.2800000,16.800
15843_090101_130416,D,20120406,000000,42.3000000,43.1600000,41.4100000,41.6500000,9.600
15843_090101_130416,D,20120409,000000,41.8200000,41.8200000,39.2000000,41.7600000,22.600
15843_090101_130416,D,20120410,000000,41.5600000,41.5600000,40.2300000,41.4300000,1.700
15843_090101_130416,D,20120411,000000,40.0100000,41.0000000,40.0000000,40.9900000,6.200
15843_090101_130416,D,20120412,000000,40.0000000,40.8800000,40.0000000,40.8400000,5.600
15843_090101_130416,D,20120413,000000,40.0500000,41.2100000,39.8100000,41.2100000,8.400
15843_090101_130416,D,20120416,000000,41.2100000,41.4900000,39.5900000,40.2000000,31.100
15843_090101_130416,D,20120417,000000,41.0000000,41.1900000,39.7500000,40.8900000,9.000
15843_090101_130416,D,20120418,000000,40.6900000,40.6900000,39.8500000,40.3500000,30.400
15843_090101_130416,D,20120419,000000,40.0100000,41.0000000,40.0000000,40.4500000,12.400
15843_090101_130416,D,20120420,000000,40.0400000,42.0000000,40.0000000,41.2000000,15.300
15843_090101_130416,D,20120423,000000,41.1000000,41.6100000,40.7500000,41.1200000,10.000
15843_090101_130416,D,20120424,000000,40.4600000,41.9500000,39.6000000,39.8300000,13.800
15843_090101_130416,D,20120425,000000,39.7200000,40.5700000,39.5600000,40.5700000,10.900
15843_090101_130416,D,20120426,000000,40.1000000,41.0600000,37.8100000,39.9800000,52.700
15843_090101_130416,D,20120427,000000,38.1600000,39.4700000,37.7000000,39.4700000,20.600
15843_090101_130416,D,20120428,000000,38.5000000,39.9300000,38.5000000,39.4900000,2.600
15843_090101_130416,D,20120502,000000,39.9700000,39.9700000,37.8000000,38.1700000,13.100
15843_090101_130416,D,20120503,000000,38.1900000,38.2700000,37.5500000,38.1000000,8.100
15843_090101_130416,D,20120504,000000,37.6500000,38.4700000,37.5000000,37.9400000,14.300
15843_090101_130416,D,20120505,000000,37.5500000,37.9000000,36.0000000,36.5100000,18.300
15843_090101_130416,D,20120507,000000,36.8900000,38.4800000,33.7000000,36.6300000,15.800
15843_090101_130416,D,20120508,000000,34.3000000,36.0700000,31.5000000,33.0000000,65.400
15843_090101_130416,D,20120510,000000,33.0500000,33.0500000,30.2000000,31.2900000,81.600
15843_090101_130416,D,20120511,000000,30.0400000,30.6900000,26.9900000,26.9900000,56.500
15843_090101_130416,D,20120512,000000,25.8000000,25.9700000,22.0600000,22.6200000,249.700
15843_090101_130416,D,20120514,000000,21.0000000,22.9700000,20.2300000,21.8000000,80.900
15843_090101_130416,D,20120515,000000,22.0000000,24.5000000,21.7900000,23.6000000,84.600
15843_090101_130416,D,20120516,000000,23.0000000,26.1900000,22.5200000,23.6400000,66.400
15843_090101_130416,D,20120517,000000,23.8800000,24.3900000,22.5500000,23.3300000,65.100
15843_090101_130416,D,20120518,000000,22.3400000,23.2500000,21.5000000,22.6900000,24.000
15843_090101_130416,D,20120521,000000,23.3300000,25.8000000,22.8700000,24.0000000,55.600
15843_090101_130416,D,20120522,000000,24.5700000,25.0400000,22.4000000,24.0000000,135.900
15843_090101_130416,D,20120523,000000,24.4900000,24.4900000,22.0200000,22.0200000,22.000
15843_090101_130416,D,20120524,000000,22.0000000,23.0000000,21.9100000,22.2000000,18.500
15843_090101_130416,D,20120525,000000,22.3000000,22.7500000,21.7900000,22.2900000,10.900
15843_090101_130416,D,20120528,000000,22.5200000,23.3900000,22.5000000,22.8200000,29.200
15843_090101_130416,D,20120529,000000,23.4000000,29.6400000,23.3000000,29.6400000,280.800
15843_090101_130416,D,20120530,000000,31.7200000,33.6700000,28.2100000,28.6800000,285.100
15843_090101_130416,D,20120531,000000,28.6600000,28.6600000,25.2900000,26.3900000,102.100
15843_090101_130416,D,20120601,000000,26.3000000,27.0000000,25.0000000,25.5000000,25.000
15843_090101_130416,D,20120604,000000,24.9000000,26.4000000,24.0000000,25.5700000,27.900
15843_090101_130416,D,20120605,000000,25.7800000,28.5000000,25.5100000,28.5000000,70.900
15843_090101_130416,D,20120606,000000,28.5000000,29.3900000,27.0100000,27.9800000,18.400
15843_090101_130416,D,20120607,000000,29.8800000,33.0000000,28.8300000,30.0700000,54.500
15843_090101_130416,D,20120608,000000,29.5200000,31.0000000,28.0100000,31.0000000,38.600
15843_090101_130416,D,20120609,000000,31.0000000,32.7000000,29.1100000,32.7000000,80.300
15843_090101_130416,D,20120613,000000,33.3300000,35.0000000,30.3100000,31.5000000,77.800
15843_090101_130416,D,20120614,000000,31.4600000,31.4600000,29.4000000,29.4000000,33.900
15843_090101_130416,D,20120615,000000,29.4400000,31.0000000,29.4400000,31.0000000,14.400
15843_090101_130416,D,20120618,000000,31.6700000,31.8900000,29.1800000,29.9900000,19.000
15843_090101_130416,D,20120619,000000,28.9500000,30.5000000,28.5000000,29.9000000,32.200
15843_090101_130416,D,20120620,000000,30.6000000,30.6000000,29.2600000,29.6500000,2.000
15843_090101_130416,D,20120621,000000,29.9900000,29.9900000,28.9000000,29.8700000,28.600
15843_090101_130416,D,20120622,000000,29.1800000,30.7900000,28.7500000,30.0900000,24.100
15843_090101_130416,D,20120625,000000,29.6000000,29.6000000,28.2800000,28.7600000,15.900
15843_090101_130416,D,20120626,000000,29.2300000,29.9000000,29.0000000,29.1200000,4.900
15843_090101_130416,D,20120627,000000,29.0100000,35.3900000,29.0000000,35.0000000,75.600
15843_090101_130416,D,20120628,000000,35.4500000,37.0100000,33.0000000,34.0000000,37.900
15843_090101_130416,D,20120629,000000,34.0800000,38.9000000,34.0800000,37.7500000,63.700
15843_090101_130416,D,20120702,000000,37.0600000,38.5000000,35.5800000,36.0000000,93.600
15843_090101_130416,D,20120703,000000,35.2500000,35.6300000,33.5000000,34.4900000,47.100
15843_090101_130416,D,20120704,000000,34.1100000,34.1100000,32.5500000,33.9900000,24.600
15843_090101_130416,D,20120705,000000,35.0000000,35.0000000,32.5200000,32.5300000,6.600
15843_090101_130416,D,20120706,000000,32.5000000,33.4000000,32.0000000,33.2300000,6.400
15843_090101_130416,D,20120709,000000,31.0100000,32.6300000,31.0100000,31.5000000,9.400
15843_090101_130416,D,20120710,000000,31.6000000,32.5400000,31.0800000,31.4600000,9.100
15843_090101_130416,D,20120711,000000,31.7000000,32.2200000,31.6400000,31.6400000,3.400
15843_090101_130416,D,20120712,000000,32.8900000,32.8900000,30.5300000,30.6500000,1.800
15843_090101_130416,D,20120713,000000,30.6700000,31.2600000,30.6400000,31.0000000,6.300
15843_090101_130416,D,20120716,000000,31.7700000,31.7700000,31.5200000,31.5200000,200
15843_090101_130416,D,20120717,000000,31.4200000,31.8800000,31.4100000,31.8800000,3.900
15843_090101_130416,D,20120718,000000,31.4700000,31.4700000,31.1800000,31.2100000,400
15843_090101_130416,D,20120719,000000,32.0000000,33.3000000,31.2300000,31.3300000,6.500
15843_090101_130416,D,20120720,000000,32.7000000,32.7000000,31.4800000,32.0100000,1.300
15843_090101_130416,D,20120723,000000,30.6600000,31.5000000,30.6600000,31.0000000,1.300
15843_090101_130416,D,20120724,000000,31.9300000,31.9300000,29.0100000,30.8200000,3.300
15843_090101_130416,D,20120725,000000,29.0900000,30.9300000,29.0800000,29.6100000,11.900
15843_090101_130416,D,20120726,000000,29.6100000,30.4800000,29.4900000,30.0000000,7.100
15843_090101_130416,D,20120727,000000,29.3200000,30.9900000,29.3200000,30.9100000,10.600
15843_090101_130416,D,20120730,000000,31.0000000,31.0000000,30.3000000,30.3000000,2.700
15843_090101_130416,D,20120731,000000,29.5500000,30.0000000,29.5000000,29.5000000,5.800
15843_090101_130416,D,20120801,000000,29.9900000,34.3000000,29.9900000,34.2900000,22.400
15843_090101_130416,D,20120802,000000,34.0000000,34.1700000,33.2000000,34.0000000,14.600
15843_090101_130416,D,20120803,000000,34.0000000,34.0000000,33.0000000,33.5500000,14.900
15843_090101_130416,D,20120806,000000,34.1500000,34.7500000,34.1500000,34.4600000,600
15843_090101_130416,D,20120807,000000,34.5000000,34.9300000,32.0600000,34.5000000,17.200
15843_090101_130416,D,20120808,000000,34.4800000,34.8900000,34.0000000,34.0000000,7.700
15843_090101_130416,D,20120809,000000,34.8500000,34.8500000,34.5000000,34.5000000,1.200
15843_090101_130416,D,20120810,000000,34.5000000,34.5000000,34.5000000,34.5000000,1.000
15843_090101_130416,D,20120813,000000,33.0000000,35.0000000,32.5000000,34.0500000,4.700
15843_090101_130416,D,20120814,000000,32.6300000,35.4700000,32.6300000,35.4700000,400
15843_090101_130416,D,20120815,000000,34.4900000,34.4900000,32.7700000,34.4900000,500
15843_090101_130416,D,20120817,000000,34.4400000,35.5000000,34.4400000,35.0000000,13.600
15843_090101_130416,D,20120820,000000,35.0000000,35.9900000,35.0000000,35.8700000,3.700
15843_090101_130416,D,20120821,000000,36.3000000,36.3100000,35.0000000,35.0000000,7.500
15843_090101_130416,D,20120822,000000,35.0000000,35.3300000,35.0000000,35.0000000,3.800
15843_090101_130416,D,20120823,000000,36.1900000,36.1900000,36.1900000,36.1900000,400
15843_090101_130416,D,20120824,000000,35.7500000,35.7500000,34.9700000,34.9700000,3.300
15843_090101_130416,D,20120827,000000,35.0100000,36.1000000,34.9800000,36.1000000,15.600
15843_090101_130416,D,20120828,000000,36.0000000,36.2000000,35.0000000,35.0900000,10.300
15843_090101_130416,D,20120829,000000,35.0000000,36.2500000,33.5300000,35.8200000,52.300
15843_090101_130416,D,20120830,000000,35.1500000,35.5400000,34.5000000,34.6000000,44.600
15843_090101_130416,D,20120831,000000,35.0000000,35.6000000,34.5100000,34.7700000,10.500
15843_090101_130416,D,20120903,000000,34.0000000,34.4000000,34.0000000,34.3700000,600
15843_090101_130416,D,20120904,000000,34.1600000,34.9300000,34.1500000,34.9300000,1.000
15843_090101_130416,D,20120905,000000,35.0000000,35.1000000,33.7100000,33.7100000,3.100
15843_090101_130416,D,20120906,000000,34.8600000,34.8600000,34.8600000,34.8600000,100
15843_090101_130416,D,20120907,000000,34.0000000,34.0000000,31.0000000,33.5700000,8.400
15843_090101_130416,D,20120910,000000,34.8500000,34.8700000,32.7800000,32.7800000,1.500
15843_090101_130416,D,20120911,000000,32.8100000,32.8100000,32.8100000,32.8100000,700
15843_090101_130416,D,20120912,000000,34.1900000,35.1000000,33.1600000,33.1600000,6.400
15843_090101_130416,D,20120913,000000,32.5100000,33.9900000,32.5100000,33.9900000,400
15843_090101_130416,D,20120914,000000,35.2300000,35.2300000,33.0000000,34.0700000,13.500
15843_090101_130416,D,20120917,000000,33.5000000,34.0000000,33.1400000,34.0000000,1.100
15843_090101_130416,D,20120918,000000,33.2800000,33.8900000,33.0100000,33.0600000,1.200
15843_090101_130416,D,20120919,000000,33.0700000,33.0700000,33.0600000,33.0600000,400
15843_090101_130416,D,20120920,000000,32.5100000,33.8000000,32.2300000,32.2300000,3.700
15843_090101_130416,D,20120925,000000,33.0600000,33.2800000,30.2600000,32.9900000,2.400
15843_090101_130416,D,20120926,000000,31.0000000,31.7000000,31.0000000,31.0000000,3.400
15843_090101_130416,D,20120927,000000,30.0100000,31.2700000,30.0000000,31.2500000,6.500
15843_090101_130416,D,20120928,000000,31.2700000,31.4300000,31.0100000,31.0900000,900
15843_090101_130416,D,20121001,000000,31.1900000,31.1900000,30.0000000,30.0600000,6.800
15843_090101_130416,D,20121002,000000,30.4900000,30.5000000,29.5000000,30.0000000,11.500
15843_090101_130416,D,20121003,000000,29.9900000,29.9900000,28.6800000,29.8900000,3.300
15843_090101_130416,D,20121004,000000,29.8700000,29.8700000,28.7500000,29.0000000,300
15843_090101_130416,D,20121005,000000,28.9900000,30.4500000,28.8500000,29.9700000,4.400
15843_090101_130416,D,20121008,000000,30.1000000,31.5000000,29.9100000,31.0000000,8.900
15843_090101_130416,D,20121009,000000,30.0100000,31.0500000,30.0100000,31.0500000,1.900
15843_090101_130416,D,20121010,000000,31.0000000,31.0000000,30.0000000,31.0000000,8.000
15843_090101_130416,D,20121011,000000,30.0100000,31.0000000,30.0000000,31.0000000,16.000
15843_090101_130416,D,20121012,000000,30.1600000,30.1600000,29.5200000,29.9800000,2.600
15843_090101_130416,D,20121016,000000,30.0000000,30.9000000,30.0000000,30.0300000,5.200
15843_090101_130416,D,20121017,000000,30.4200000,30.4200000,30.0900000,30.1600000,1.400
15843_090101_130416,D,20121018,000000,29.9900000,30.0400000,29.9900000,30.0200000,2.900
15843_090101_130416,D,20121019,000000,30.5700000,30.5700000,30.5700000,30.5700000,100
15843_090101_130416,D,20121022,000000,28.6900000,30.4900000,28.6900000,29.0900000,900
15843_090101_130416,D,20121023,000000,30.4900000,30.4900000,28.5500000,28.5500000,2.700
15843_090101_130416,D,20121024,000000,28.5000000,28.5000000,28.0000000,28.0000000,1.500
15843_090101_130416,D,20121025,000000,29.6900000,29.6900000,29.5000000,29.5000000,400
15843_090101_130416,D,20121026,000000,28.0100000,28.2900000,27.3000000,28.2900000,1.200
15843_090101_130416,D,20121029,000000,27.3000000,27.3000000,26.1100000,27.1200000,7.200
15843_090101_130416,D,20121030,000000,28.0000000,28.0000000,26.8100000,26.8100000,2.200
15843_090101_130416,D,20121031,000000,29.8800000,29.8800000,29.8800000,29.8800000,100
15843_090101_130416,D,20121101,000000,27.5000000,28.0000000,27.5000000,28.0000000,200
15843_090101_130416,D,20121102,000000,27.2500000,35.1500000,27.0100000,32.4100000,38.700
15843_090101_130416,D,20121106,000000,35.0000000,35.4500000,31.8000000,33.0000000,33.000
15843_090101_130416,D,20121107,000000,33.0000000,35.5500000,33.0000000,34.9900000,87.800
15843_090101_130416,D,20121108,000000,34.0000000,35.0000000,34.0000000,34.0300000,11.600
15843_090101_130416,D,20121109,000000,34.0100000,34.5900000,33.5000000,33.5000000,20.600
15843_090101_130416,D,20121112,000000,33.0000000,33.4900000,33.0000000,33.0200000,500
15843_090101_130416,D,20121113,000000,33.0300000,33.0300000,30.1500000,31.0000000,16.400
15843_090101_130416,D,20121114,000000,31.9100000,32.0000000,30.0000000,30.0000000,9.000
15843_090101_130416,D,20121115,000000,30.6000000,31.9900000,30.6000000,31.9900000,1.400
15843_090101_130416,D,20121119,000000,30.0700000,30.0700000,30.0700000,30.0700000,800
15843_090101_130416,D,20121120,000000,31.9900000,32.2300000,28.9100000,32.0000000,6.500
15843_090101_130416,D,20121122,000000,31.9800000,35.0000000,31.9800000,34.4800000,47.200
15843_090101_130416,D,20121123,000000,33.5300000,33.6200000,32.5000000,33.0600000,3.400
15843_090101_130416,D,20121126,000000,33.7600000,35.4400000,32.5300000,33.9000000,33.100
15843_090101_130416,D,20121127,000000,34.5000000,34.8800000,32.9900000,32.9900000,10.400
15843_090101_130416,D,20121128,000000,33.9900000,33.9900000,31.5400000,32.6200000,7.000
15843_090101_130416,D,20121129,000000,32.0000000,32.9000000,32.0000000,32.9000000,4.600
15843_090101_130416,D,20121130,000000,32.0000000,33.0000000,32.0000000,32.5000000,900
15843_090101_130416,D,20121203,000000,32.7100000,32.9700000,32.5000000,32.5100000,9.300
15843_090101_130416,D,20121204,000000,33.8800000,33.8800000,30.7600000,31.6900000,6.600
15843_090101_130416,D,20121205,000000,33.8200000,35.1000000,32.2800000,32.5100000,19.600
15843_090101_130416,D,20121206,000000,32.1800000,32.8200000,31.5100000,31.5100000,2.600
15843_090101_130416,D,20121207,000000,31.0400000,32.2100000,31.0300000,32.2100000,3.200
15843_090101_130416,D,20121210,000000,31.5000000,32.1800000,31.0800000,31.1000000,86.800
15843_090101_130416,D,20121211,000000,31.8200000,31.9000000,31.7600000,31.9000000,3.100
15843_090101_130416,D,20121212,000000,31.2600000,31.2600000,31.2600000,31.2600000,100
15843_090101_130416,D,20121213,000000,31.2600000,32.8900000,31.2600000,31.5000000,5.700
15843_090101_130416,D,20121214,000000,31.2000000,31.7800000,30.0000000,31.3000000,6.400
15843_090101_130416,D,20121217,000000,31.0000000,31.0000000,29.0800000,31.0000000,32.500
15843_090101_130416,D,20121218,000000,30.3300000,31.7000000,30.3300000,31.0000000,2.600
15843_090101_130416,D,20121219,000000,31.8900000,35.4900000,31.8900000,33.9000000,130.800
15843_090101_130416,D,20121220,000000,34.1900000,34.1900000,31.6100000,31.8400000,43.700
15843_090101_130416,D,20121221,000000,31.1700000,32.4800000,30.5800000,31.3000000,19.400
15843_090101_130416,D,20121224,000000,31.7400000,33.4400000,31.4500000,32.4200000,4.800
15843_090101_130416,D,20121225,000000,30.6900000,32.4700000,30.6900000,31.8300000,600
15843_090101_130416,D,20121226,000000,31.9500000,32.0000000,30.8200000,32.0000000,4.400
15843_090101_130416,D,20121227,000000,32.0000000,32.1800000,32.0000000,32.0100000,2.000
15843_090101_130416,D,20121228,000000,32.0000000,32.0400000,30.6100000,31.7500000,21.700
15843_090101_130416,D,20130108,000000,31.1300000,32.5000000,31.1300000,31.4400000,8.600
15843_090101_130416,D,20130109,000000,31.4900000,32.4400000,31.4900000,31.6400000,2.100
15843_090101_130416,D,20130110,000000,31.9000000,32.2900000,31.9000000,32.2900000,300
15843_090101_130416,D,20130111,000000,32.5000000,33.4900000,32.0000000,32.0000000,5.500
15843_090101_130416,D,20130114,000000,32.0100000,33.4700000,31.0000000,31.9000000,11.500
15843_090101_130416,D,20130115,000000,31.9000000,32.3800000,31.6100000,32.2000000,1.500
15843_090101_130416,D,20130116,000000,31.9000000,32.1400000,31.8100000,32.1400000,300
15843_090101_130416,D,20130117,000000,31.8200000,33.0100000,31.8200000,31.8600000,15.600
15843_090101_130416,D,20130118,000000,32.6600000,32.6600000,32.1000000,32.2300000,10.500
15843_090101_130416,D,20130121,000000,32.5000000,32.5000000,31.0000000,32.0000000,23.100
15843_090101_130416,D,20130122,000000,32.0000000,32.1000000,31.6800000,32.0000000,12.700
15843_090101_130416,D,20130123,000000,32.0000000,32.4800000,32.0000000,32.3000000,5.400
15843_090101_130416,D,20130124,000000,32.1000000,32.4000000,31.7500000,31.7800000,7.400
15843_090101_130416,D,20130125,000000,32.0000000,32.0100000,32.0000000,32.0000000,22.400
15843_090101_130416,D,20130128,000000,32.0000000,32.3800000,32.0000000,32.3800000,2.700
15843_090101_130416,D,20130129,000000,32.0100000,32.3800000,32.0000000,32.0000000,2.600
15843_090101_130416,D,20130130,000000,32.4300000,32.5300000,32.0800000,32.5300000,8.600
15843_090101_130416,D,20130131,000000,32.5000000,32.5300000,32.1200000,32.5000000,27.500
15843_090101_130416,D,20130201,000000,32.5000000,33.1500000,32.5000000,32.5100000,19.900
15843_090101_130416,D,20130204,000000,32.5700000,33.4200000,32.5500000,32.5500000,30.400
15843_090101_130416,D,20130205,000000,33.0000000,33.0000000,32.7500000,32.7500000,1.100
15843_090101_130416,D,20130206,000000,32.8000000,34.1500000,32.5000000,33.7500000,207.500
15843_090101_130416,D,20130207,000000,33.9300000,34.5000000,33.7500000,34.2000000,59.000
15843_090101_130416,D,20130208,000000,34.2900000,35.0000000,34.2700000,34.5100000,207.800
15843_090101_130416,D,20130211,000000,34.6000000,34.6300000,34.0000000,34.3000000,20.600
15843_090101_130416,D,20130212,000000,34.5500000,34.5500000,34.0000000,34.0000000,55.000
15843_090101_130416,D,20130213,000000,33.5200000,34.2700000,33.5000000,34.0000000,7.300
15843_090101_130416,D,20130214,000000,34.0000000,34.4300000,33.5000000,33.5000000,11.000
15843_090101_130416,D,20130215,000000,34.1000000,34.1000000,33.5000000,33.5100000,8.000
15843_090101_130416,D,20130218,000000,33.9800000,34.0500000,33.5100000,34.0000000,7.300
15843_090101_130416,D,20130219,000000,34.0000000,34.1000000,33.5700000,34.1000000,12.400
15843_090101_130416,D,20130220,000000,34.1000000,34.1100000,33.4600000,33.6200000,3.100
15843_090101_130416,D,20130221,000000,33.5500000,33.5500000,32.2900000,33.0000000,8.900
15843_090101_130416,D,20130222,000000,33.4400000,33.4400000,32.7500000,32.7600000,19.400
15843_090101_130416,D,20130225,000000,32.5000000,33.4000000,32.2500000,33.2700000,38.600
15843_090101_130416,D,20130226,000000,32.3100000,33.3000000,32.2500000,33.3000000,2.200
15843_090101_130416,D,20130227,000000,32.5600000,33.3900000,32.0000000,33.0000000,17.500
15843_090101_130416,D,20130228,000000,33.4900000,33.4900000,32.7500000,33.3200000,4.600
15843_090101_130416,D,20130301,000000,33.5000000,33.6400000,32.8100000,33.6400000,4.300
15843_090101_130416,D,20130304,000000,33.5800000,33.6000000,33.0000000,33.0000000,16.600
15843_090101_130416,D,20130305,000000,33.2900000,33.5400000,33.0300000,33.5400000,4.700
15843_090101_130416,D,20130306,000000,33.6400000,33.6400000,33.0000000,33.0000000,3.700
15843_090101_130416,D,20130307,000000,33.1000000,33.6400000,33.0000000,33.6400000,4.500
15843_090101_130416,D,20130311,000000,33.1600000,33.6400000,33.1600000,33.6400000,4.800
15843_090101_130416,D,20130312,000000,33.6400000,34.1400000,33.0000000,33.0000000,37.400
15843_090101_130416,D,20130313,000000,33.5900000,33.6400000,33.1400000,33.6400000,12.500
15843_090101_130416,D,20130314,000000,33.0300000,33.6400000,33.0000000,33.4100000,15.600
15843_090101_130416,D,20130315,000000,33.2000000,33.4400000,33.2000000,33.2100000,8.100
15843_090101_130416,D,20130318,000000,32.6800000,33.4400000,32.0600000,33.4400000,2.300
15843_090101_130416,D,20130319,000000,33.3200000,33.3200000,32.8000000,32.8000000,1.900
15843_090101_130416,D,20130320,000000,32.6900000,33.4400000,32.6900000,33.4400000,1.800
15843_090101_130416,D,20130321,000000,33.3500000,33.4400000,33.0000000,33.3500000,15.000
15843_090101_130416,D,20130322,000000,33.0000000,33.3500000,32.6900000,33.0000000,22.100
15843_090101_130416,D,20130325,000000,32.5200000,32.5200000,32.5200000,32.5200000,100
15843_090101_130416,D,20130326,000000,32.1100000,32.5800000,31.5000000,32.5800000,55.000
15843_090101_130416,D,20130327,000000,32.0000000,32.7000000,32.0000000,32.7000000,9.000
15843_090101_130416,D,20130328,000000,33.0000000,33.0000000,33.0000000,33.0000000,200
15843_090101_130416,D,20130329,000000,32.3300000,33.2300000,32.0000000,32.5400000,3.100
15843_090101_130416,D,20130401,000000,32.0100000,32.0100000,32.0100000,32.0100000,100
15843_090101_130416,D,20130403,000000,32.8600000,32.9700000,32.0000000,32.0000000,6.400
