<TICKER>,<PER>,<DATE>,<TIME>,<OPEN>,<HIGH>,<LOW>,<CLOSE>,<VOL>
16265_090101_130416,D,20090112,000000,0.0260000,0.0270000,0.0260000,0.0270000,3.500
16265_090101_130416,D,20090113,000000,0.0260000,0.0270000,0.0260000,0.0270000,343.600
16265_090101_130416,D,20090114,000000,0.0270000,0.0270000,0.0260000,0.0260000,17.100
16265_090101_130416,D,20090115,000000,0.0260000,0.0260000,0.0260000,0.0260000,40.000
16265_090101_130416,D,20090116,000000,0.0240000,0.0260000,0.0230000,0.0260000,873.900
16265_090101_130416,D,20090119,000000,0.0270000,0.0270000,0.0260000,0.0260000,286.700
16265_090101_130416,D,20090120,000000,0.0270000,0.0270000,0.0230000,0.0230000,86.800
16265_090101_130416,D,20090121,000000,0.0210000,0.0210000,0.0210000,0.0210000,25.000
16265_090101_130416,D,20090122,000000,0.0260000,0.0260000,0.0250000,0.0260000,12.100
16265_090101_130416,D,20090123,000000,0.0260000,0.0260000,0.0260000,0.0260000,20.000
16265_090101_130416,D,20090126,000000,0.0260000,0.0260000,0.0260000,0.0260000,110.000
16265_090101_130416,D,20090127,000000,0.0250000,0.0250000,0.0250000,0.0250000,100
16265_090101_130416,D,20090128,000000,0.0250000,0.0250000,0.0250000,0.0250000,100
16265_090101_130416,D,20090129,000000,0.0250000,0.0260000,0.0240000,0.0240000,901.200
16265_090101_130416,D,20090130,000000,0.0260000,0.0260000,0.0240000,0.0240000,231.300
16265_090101_130416,D,20090202,000000,0.0260000,0.0260000,0.0260000,0.0260000,14.100
16265_090101_130416,D,20090203,000000,0.0270000,0.0270000,0.0260000,0.0270000,335.900
16265_090101_130416,D,20090204,000000,0.0240000,0.0310000,0.0240000,0.0300000,1.760.300
16265_090101_130416,D,20090205,000000,0.0320000,0.0360000,0.0270000,0.0270000,246.300
16265_090101_130416,D,20090206,000000,0.0360000,0.0360000,0.0300000,0.0300000,880.100
16265_090101_130416,D,20090209,000000,0.0330000,0.0350000,0.0310000,0.0350000,1.334.700
16265_090101_130416,D,20090211,000000,0.0270000,0.0340000,0.0270000,0.0280000,63.400
16265_090101_130416,D,20090212,000000,0.0250000,0.0350000,0.0250000,0.0290000,129.400
16265_090101_130416,D,20090213,000000,0.0350000,0.0350000,0.0300000,0.0320000,209.500
16265_090101_130416,D,20090216,000000,0.0320000,0.0330000,0.0310000,0.0310000,200.300
16265_090101_130416,D,20090217,000000,0.0330000,0.0330000,0.0330000,0.0330000,100.000
16265_090101_130416,D,20090218,000000,0.0250000,0.0340000,0.0250000,0.0320000,1.346.600
16265_090101_130416,D,20090219,000000,0.0320000,0.0330000,0.0320000,0.0320000,2.564.000
16265_090101_130416,D,20090220,000000,0.0390000,0.0420000,0.0310000,0.0320000,4.372.300
16265_090101_130416,D,20090225,000000,0.0260000,0.0350000,0.0250000,0.0350000,29.600
16265_090101_130416,D,20090226,000000,0.0310000,0.0310000,0.0310000,0.0310000,100.000
16265_090101_130416,D,20090227,000000,0.0300000,0.0300000,0.0300000,0.0300000,86.800
16265_090101_130416,D,20090302,000000,0.0300000,0.0300000,0.0300000,0.0300000,25.000
16265_090101_130416,D,20090303,000000,0.0300000,0.0300000,0.0290000,0.0290000,22.100
16265_090101_130416,D,20090304,000000,0.0320000,0.0340000,0.0300000,0.0300000,42.200
16265_090101_130416,D,20090306,000000,0.0320000,0.0340000,0.0320000,0.0340000,80.300
16265_090101_130416,D,20090310,000000,0.0340000,0.0360000,0.0300000,0.0360000,1.610.500
16265_090101_130416,D,20090311,000000,0.0390000,0.0390000,0.0270000,0.0270000,300
16265_090101_130416,D,20090313,000000,0.0330000,0.0380000,0.0330000,0.0380000,11.155.100
16265_090101_130416,D,20090316,000000,0.0390000,0.0390000,0.0320000,0.0350000,6.697.600
16265_090101_130416,D,20090317,000000,0.0360000,0.0360000,0.0350000,0.0360000,7.807.400
16265_090101_130416,D,20090318,000000,0.0500000,0.0500000,0.0360000,0.0360000,4.997.500
16265_090101_130416,D,20090319,000000,0.0330000,0.0350000,0.0330000,0.0350000,2.500
16265_090101_130416,D,20090320,000000,0.0310000,0.0340000,0.0310000,0.0340000,13.700
16265_090101_130416,D,20090323,000000,0.0320000,0.0480000,0.0320000,0.0480000,164.300
16265_090101_130416,D,20090324,000000,0.0650000,0.0650000,0.0350000,0.0390000,74.100
16265_090101_130416,D,20090325,000000,0.0530000,0.0530000,0.0360000,0.0460000,208.400
16265_090101_130416,D,20090326,000000,0.0470000,0.0590000,0.0400000,0.0510000,5.200
16265_090101_130416,D,20090327,000000,0.0540000,0.0580000,0.0500000,0.0580000,6.200
16265_090101_130416,D,20090330,000000,0.0620000,0.0620000,0.0350000,0.0400000,201.600
16265_090101_130416,D,20090331,000000,0.0480000,0.0490000,0.0410000,0.0410000,62.400
16265_090101_130416,D,20090401,000000,0.0480000,0.0520000,0.0410000,0.0480000,3.300
16265_090101_130416,D,20090402,000000,0.0480000,0.0490000,0.0390000,0.0430000,4.654.400
16265_090101_130416,D,20090403,000000,0.0430000,0.0490000,0.0430000,0.0470000,200.200
16265_090101_130416,D,20090406,000000,0.0490000,0.0540000,0.0400000,0.0440000,1.154.900
16265_090101_130416,D,20090407,000000,0.0440000,0.0450000,0.0400000,0.0430000,23.700
16265_090101_130416,D,20090408,000000,0.0420000,0.0460000,0.0400000,0.0440000,518.400
16265_090101_130416,D,20090409,000000,0.0440000,0.0500000,0.0400000,0.0410000,11.402.400
16265_090101_130416,D,20090410,000000,0.0440000,0.0470000,0.0420000,0.0420000,219.200
16265_090101_130416,D,20090413,000000,0.0440000,0.0450000,0.0410000,0.0450000,379.600
16265_090101_130416,D,20090414,000000,0.0450000,0.0490000,0.0400000,0.0450000,2.736.100
16265_090101_130416,D,20090415,000000,0.0420000,0.0440000,0.0400000,0.0440000,125.900
16265_090101_130416,D,20090416,000000,0.0400000,0.0430000,0.0400000,0.0400000,278.300
16265_090101_130416,D,20090417,000000,0.0440000,0.0440000,0.0420000,0.0420000,112.100
16265_090101_130416,D,20090420,000000,0.0440000,0.0440000,0.0400000,0.0400000,205.400
16265_090101_130416,D,20090421,000000,0.0410000,0.0410000,0.0370000,0.0410000,6.800
16265_090101_130416,D,20090422,000000,0.0430000,0.0430000,0.0430000,0.0430000,100
16265_090101_130416,D,20090423,000000,0.0420000,0.0420000,0.0400000,0.0420000,152.700
16265_090101_130416,D,20090424,000000,0.0440000,0.0440000,0.0350000,0.0420000,117.300
16265_090101_130416,D,20090427,000000,0.0430000,0.0430000,0.0400000,0.0400000,512.900
16265_090101_130416,D,20090428,000000,0.0390000,0.0410000,0.0360000,0.0370000,169.700
16265_090101_130416,D,20090429,000000,0.0400000,0.0420000,0.0390000,0.0390000,515.500
16265_090101_130416,D,20090430,000000,0.0390000,0.0390000,0.0360000,0.0390000,2.281.300
16265_090101_130416,D,20090504,000000,0.0400000,0.0420000,0.0390000,0.0420000,481.500
16265_090101_130416,D,20090505,000000,0.0410000,0.0420000,0.0380000,0.0420000,73.900
16265_090101_130416,D,20090506,000000,0.0410000,0.0410000,0.0400000,0.0410000,600.600
16265_090101_130416,D,20090507,000000,0.0420000,0.0420000,0.0370000,0.0410000,902.700
16265_090101_130416,D,20090508,000000,0.0410000,0.0420000,0.0410000,0.0410000,3.539.100
16265_090101_130416,D,20090512,000000,0.0420000,0.0500000,0.0400000,0.0450000,7.623.600
16265_090101_130416,D,20090513,000000,0.0460000,0.0580000,0.0440000,0.0480000,928.600
16265_090101_130416,D,20090514,000000,0.0480000,0.0480000,0.0430000,0.0430000,602.000
16265_090101_130416,D,20090515,000000,0.0470000,0.0470000,0.0400000,0.0430000,3.700.500
16265_090101_130416,D,20090518,000000,0.0480000,0.0480000,0.0430000,0.0460000,6.900
16265_090101_130416,D,20090519,000000,0.0430000,0.0480000,0.0420000,0.0480000,3.061.300
16265_090101_130416,D,20090520,000000,0.0430000,0.0550000,0.0410000,0.0460000,15.517.300
16265_090101_130416,D,20090521,000000,0.0440000,0.0500000,0.0420000,0.0460000,1.462.200
16265_090101_130416,D,20090522,000000,0.0470000,0.0480000,0.0450000,0.0460000,51.300
16265_090101_130416,D,20090525,000000,0.0440000,0.0470000,0.0410000,0.0450000,5.053.100
16265_090101_130416,D,20090526,000000,0.0420000,0.0460000,0.0420000,0.0440000,251.700
16265_090101_130416,D,20090527,000000,0.0470000,0.0480000,0.0450000,0.0470000,2.361.500
16265_090101_130416,D,20090528,000000,0.0450000,0.0470000,0.0420000,0.0440000,4.712.400
16265_090101_130416,D,20090529,000000,0.0470000,0.0500000,0.0450000,0.0500000,1.281.900
16265_090101_130416,D,20090601,000000,0.0480000,0.0490000,0.0460000,0.0490000,590.400
16265_090101_130416,D,20090602,000000,0.0490000,0.0490000,0.0460000,0.0470000,636.800
16265_090101_130416,D,20090603,000000,0.0470000,0.0480000,0.0460000,0.0470000,1.640.900
16265_090101_130416,D,20090604,000000,0.0470000,0.0480000,0.0450000,0.0460000,1.305.500
16265_090101_130416,D,20090605,000000,0.0460000,0.0460000,0.0440000,0.0450000,860.800
16265_090101_130416,D,20090608,000000,0.0450000,0.0450000,0.0410000,0.0440000,5.119.700
16265_090101_130416,D,20090609,000000,0.0440000,0.0450000,0.0440000,0.0450000,350.800
16265_090101_130416,D,20090610,000000,0.0460000,0.0470000,0.0430000,0.0450000,6.981.900
16265_090101_130416,D,20090611,000000,0.0450000,0.0470000,0.0440000,0.0440000,571.500
16265_090101_130416,D,20090615,000000,0.0460000,0.0480000,0.0430000,0.0470000,275.300
16265_090101_130416,D,20090616,000000,0.0440000,0.0520000,0.0440000,0.0500000,5.580.600
16265_090101_130416,D,20090617,000000,0.0520000,0.0550000,0.0450000,0.0470000,1.992.900
16265_090101_130416,D,20090618,000000,0.0460000,0.0470000,0.0440000,0.0440000,1.137.600
16265_090101_130416,D,20090619,000000,0.0450000,0.0460000,0.0450000,0.0460000,38.100
16265_090101_130416,D,20090622,000000,0.0450000,0.0450000,0.0390000,0.0420000,3.244.200
16265_090101_130416,D,20090623,000000,0.0390000,0.0430000,0.0390000,0.0420000,1.135.400
16265_090101_130416,D,20090624,000000,0.0420000,0.0430000,0.0410000,0.0420000,315.800
16265_090101_130416,D,20090625,000000,0.0430000,0.0430000,0.0420000,0.0420000,221.800
16265_090101_130416,D,20090626,000000,0.0400000,0.0430000,0.0400000,0.0420000,385.300
16265_090101_130416,D,20090629,000000,0.0400000,0.0420000,0.0390000,0.0410000,1.329.000
16265_090101_130416,D,20090630,000000,0.0390000,0.0430000,0.0390000,0.0410000,261.000
16265_090101_130416,D,20090701,000000,0.0420000,0.0420000,0.0400000,0.0410000,471.500
16265_090101_130416,D,20090702,000000,0.0410000,0.0420000,0.0400000,0.0410000,4.227.000
16265_090101_130416,D,20090703,000000,0.0410000,0.0410000,0.0390000,0.0400000,137.200
16265_090101_130416,D,20090706,000000,0.0400000,0.0400000,0.0370000,0.0380000,2.317.900
16265_090101_130416,D,20090707,000000,0.0380000,0.0400000,0.0370000,0.0400000,247.000
16265_090101_130416,D,20090708,000000,0.0380000,0.0390000,0.0360000,0.0370000,1.421.800
16265_090101_130416,D,20090709,000000,0.0370000,0.0380000,0.0370000,0.0370000,310.200
16265_090101_130416,D,20090710,000000,0.0370000,0.0370000,0.0360000,0.0360000,146.800
16265_090101_130416,D,20090713,000000,0.0350000,0.0490000,0.0350000,0.0400000,3.983.000
16265_090101_130416,D,20090714,000000,0.0420000,0.0420000,0.0400000,0.0420000,280.000
16265_090101_130416,D,20090715,000000,0.0420000,0.0420000,0.0400000,0.0410000,70.500
16265_090101_130416,D,20090716,000000,0.0410000,0.0420000,0.0400000,0.0410000,348.700
16265_090101_130416,D,20090717,000000,0.0410000,0.0410000,0.0410000,0.0410000,10.000
16265_090101_130416,D,20090720,000000,0.0420000,0.0420000,0.0420000,0.0420000,100
16265_090101_130416,D,20090721,000000,0.0400000,0.0420000,0.0390000,0.0410000,85.900
16265_090101_130416,D,20090722,000000,0.0400000,0.0400000,0.0380000,0.0390000,323.600
16265_090101_130416,D,20090723,000000,0.0400000,0.0420000,0.0370000,0.0400000,647.600
16265_090101_130416,D,20090727,000000,0.0410000,0.0410000,0.0410000,0.0410000,27.900
16265_090101_130416,D,20090728,000000,0.0410000,0.0420000,0.0390000,0.0420000,992.400
16265_090101_130416,D,20090729,000000,0.0420000,0.0430000,0.0420000,0.0420000,4.100
16265_090101_130416,D,20090730,000000,0.0420000,0.0440000,0.0420000,0.0440000,392.000
16265_090101_130416,D,20090731,000000,0.0410000,0.0420000,0.0390000,0.0410000,7.158.700
16265_090101_130416,D,20090803,000000,0.0400000,0.0420000,0.0400000,0.0420000,915.000
16265_090101_130416,D,20090804,000000,0.0410000,0.0470000,0.0410000,0.0440000,2.234.000
16265_090101_130416,D,20090805,000000,0.0470000,0.0480000,0.0430000,0.0470000,1.269.000
16265_090101_130416,D,20090806,000000,0.0460000,0.0490000,0.0460000,0.0470000,565.200
16265_090101_130416,D,20090807,000000,0.0460000,0.0490000,0.0450000,0.0480000,710.000
16265_090101_130416,D,20090810,000000,0.0480000,0.0500000,0.0480000,0.0490000,922.000
16265_090101_130416,D,20090811,000000,0.0490000,0.0490000,0.0450000,0.0480000,1.929.700
16265_090101_130416,D,20090812,000000,0.0480000,0.0480000,0.0470000,0.0470000,20.900
16265_090101_130416,D,20090813,000000,0.0480000,0.0510000,0.0480000,0.0480000,742.800
16265_090101_130416,D,20090814,000000,0.0510000,0.0510000,0.0450000,0.0460000,703.000
16265_090101_130416,D,20090817,000000,0.0460000,0.0480000,0.0460000,0.0470000,150.100
16265_090101_130416,D,20090818,000000,0.0470000,0.0490000,0.0470000,0.0470000,373.000
16265_090101_130416,D,20090819,000000,0.0430000,0.0480000,0.0430000,0.0480000,1.000
16265_090101_130416,D,20090820,000000,0.0480000,0.0500000,0.0450000,0.0480000,928.400
16265_090101_130416,D,20090821,000000,0.0480000,0.0500000,0.0460000,0.0490000,503.400
16265_090101_130416,D,20090824,000000,0.0500000,0.0500000,0.0500000,0.0500000,2.200
16265_090101_130416,D,20090825,000000,0.0480000,0.0500000,0.0480000,0.0490000,696.000
16265_090101_130416,D,20090826,000000,0.0500000,0.0550000,0.0490000,0.0550000,1.463.900
16265_090101_130416,D,20090827,000000,0.0560000,0.0560000,0.0500000,0.0500000,444.000
16265_090101_130416,D,20090828,000000,0.0550000,0.0550000,0.0510000,0.0540000,312.900
16265_090101_130416,D,20090831,000000,0.0560000,0.0560000,0.0500000,0.0540000,1.300
16265_090101_130416,D,20090901,000000,0.0510000,0.0530000,0.0500000,0.0520000,61.000
16265_090101_130416,D,20090902,000000,0.0510000,0.0520000,0.0510000,0.0520000,6.100
16265_090101_130416,D,20090903,000000,0.0560000,0.0570000,0.0560000,0.0570000,12.200
16265_090101_130416,D,20090904,000000,0.0510000,0.0540000,0.0470000,0.0530000,1.024.900
16265_090101_130416,D,20090907,000000,0.0530000,0.0530000,0.0490000,0.0510000,73.200
16265_090101_130416,D,20090908,000000,0.0470000,0.0500000,0.0470000,0.0500000,399.800
16265_090101_130416,D,20090909,000000,0.0530000,0.0530000,0.0470000,0.0490000,353.300
16265_090101_130416,D,20090910,000000,0.0500000,0.0530000,0.0490000,0.0500000,639.500
16265_090101_130416,D,20090911,000000,0.0530000,0.0530000,0.0490000,0.0520000,618.200
16265_090101_130416,D,20090914,000000,0.0520000,0.0520000,0.0490000,0.0510000,68.300
16265_090101_130416,D,20090915,000000,0.0510000,0.0540000,0.0490000,0.0540000,1.686.300
16265_090101_130416,D,20090916,000000,0.0540000,0.0540000,0.0500000,0.0530000,266.100
16265_090101_130416,D,20090917,000000,0.0540000,0.0560000,0.0520000,0.0530000,365.700
16265_090101_130416,D,20090918,000000,0.0530000,0.0540000,0.0520000,0.0520000,301.600
16265_090101_130416,D,20090921,000000,0.0530000,0.0540000,0.0520000,0.0540000,14.800
16265_090101_130416,D,20090922,000000,0.0520000,0.0540000,0.0500000,0.0530000,16.447.300
16265_090101_130416,D,20090923,000000,0.0500000,0.0530000,0.0500000,0.0520000,828.700
16265_090101_130416,D,20090924,000000,0.0520000,0.0540000,0.0510000,0.0510000,495.700
16265_090101_130416,D,20090925,000000,0.0540000,0.0600000,0.0520000,0.0580000,2.471.100
16265_090101_130416,D,20090928,000000,0.0600000,0.0600000,0.0550000,0.0560000,140.600
16265_090101_130416,D,20090929,000000,0.0570000,0.0600000,0.0550000,0.0570000,3.617.600
16265_090101_130416,D,20090930,000000,0.0610000,0.0620000,0.0550000,0.0570000,3.668.500
16265_090101_130416,D,20091001,000000,0.0590000,0.0600000,0.0540000,0.0580000,612.500
16265_090101_130416,D,20091002,000000,0.0550000,0.0570000,0.0540000,0.0570000,5.420.100
16265_090101_130416,D,20091005,000000,0.0570000,0.0580000,0.0550000,0.0580000,500.400
16265_090101_130416,D,20091006,000000,0.0600000,0.0620000,0.0560000,0.0620000,4.144.900
16265_090101_130416,D,20091007,000000,0.0630000,0.0630000,0.0570000,0.0590000,26.900
16265_090101_130416,D,20091008,000000,0.0600000,0.0660000,0.0600000,0.0620000,2.090.100
16265_090101_130416,D,20091009,000000,0.0660000,0.0670000,0.0600000,0.0630000,4.589.000
16265_090101_130416,D,20091012,000000,0.0660000,0.0870000,0.0660000,0.0870000,5.470.200
16265_090101_130416,D,20091013,000000,0.0870000,0.0890000,0.0730000,0.0870000,4.551.800
16265_090101_130416,D,20091014,000000,0.0890000,0.0890000,0.0740000,0.0870000,1.837.600
16265_090101_130416,D,20091015,000000,0.0760000,0.0990000,0.0760000,0.0850000,7.646.300
16265_090101_130416,D,20091016,000000,0.0990000,0.0990000,0.0770000,0.0790000,338.600
16265_090101_130416,D,20091019,000000,0.0880000,0.0980000,0.0810000,0.0850000,762.600
16265_090101_130416,D,20091020,000000,0.0840000,0.0900000,0.0810000,0.0820000,1.091.900
16265_090101_130416,D,20091021,000000,0.0820000,0.0880000,0.0800000,0.0880000,6.094.800
16265_090101_130416,D,20091023,000000,0.0910000,0.0940000,0.0910000,0.0940000,310.000
16265_090101_130416,D,20091026,000000,0.0940000,0.0970000,0.0870000,0.0900000,283.800
16265_090101_130416,D,20091027,000000,0.0920000,0.0920000,0.0920000,0.0920000,100
16265_090101_130416,D,20091028,000000,0.0900000,0.1030000,0.0890000,0.0900000,497.900
16265_090101_130416,D,20091029,000000,0.0960000,0.0960000,0.0940000,0.0950000,16.100
16265_090101_130416,D,20091030,000000,0.0900000,0.0940000,0.0700000,0.0940000,8.649.300
16265_090101_130416,D,20091102,000000,0.0900000,0.1010000,0.0900000,0.1010000,172.600
16265_090101_130416,D,20091103,000000,0.0870000,0.0970000,0.0750000,0.0950000,1.751.900
16265_090101_130416,D,20091105,000000,0.0990000,0.0990000,0.0870000,0.0900000,4.100
16265_090101_130416,D,20091106,000000,0.0960000,0.0960000,0.0880000,0.0900000,31.500
16265_090101_130416,D,20091109,000000,0.0890000,0.0890000,0.0850000,0.0880000,600
16265_090101_130416,D,20091110,000000,0.0890000,0.0950000,0.0890000,0.0950000,110.000
16265_090101_130416,D,20091111,000000,0.0890000,0.0940000,0.0870000,0.0930000,486.800
16265_090101_130416,D,20091112,000000,0.0960000,0.0960000,0.0910000,0.0950000,700
16265_090101_130416,D,20091113,000000,0.0960000,0.0960000,0.0870000,0.0950000,479.800
16265_090101_130416,D,20091116,000000,0.0980000,0.0990000,0.0900000,0.0950000,721.700
16265_090101_130416,D,20091117,000000,0.0910000,0.0980000,0.0910000,0.0910000,5.600
16265_090101_130416,D,20091118,000000,0.0910000,0.0920000,0.0810000,0.0920000,313.600
16265_090101_130416,D,20091119,000000,0.0980000,0.0990000,0.0920000,0.0920000,16.000
16265_090101_130416,D,20091120,000000,0.0850000,0.0960000,0.0850000,0.0870000,2.300
16265_090101_130416,D,20091123,000000,0.0870000,0.0900000,0.0870000,0.0880000,153.900
16265_090101_130416,D,20091124,000000,0.0940000,0.0940000,0.0940000,0.0940000,100
16265_090101_130416,D,20091125,000000,0.0930000,0.0930000,0.0860000,0.0920000,300
16265_090101_130416,D,20091126,000000,0.0860000,0.0930000,0.0750000,0.0930000,100.100
16265_090101_130416,D,20091127,000000,0.0720000,0.0880000,0.0720000,0.0870000,140.200
16265_090101_130416,D,20091130,000000,0.0800000,0.0960000,0.0790000,0.0940000,2.183.100
16265_090101_130416,D,20091201,000000,0.1000000,0.1030000,0.0840000,0.1030000,2.907.900
16265_090101_130416,D,20091202,000000,0.0960000,0.0960000,0.0870000,0.0940000,1.009.100
16265_090101_130416,D,20091203,000000,0.0940000,0.1010000,0.0940000,0.0960000,299.800
16265_090101_130416,D,20091204,000000,0.1040000,0.1040000,0.0920000,0.0980000,112.300
16265_090101_130416,D,20091207,000000,0.0990000,0.1040000,0.0890000,0.1030000,215.400
16265_090101_130416,D,20091208,000000,0.1030000,0.1040000,0.0930000,0.1040000,1.700
16265_090101_130416,D,20091209,000000,0.1020000,0.1040000,0.0950000,0.1020000,282.500
16265_090101_130416,D,20091211,000000,0.0960000,0.1000000,0.0910000,0.1000000,512.900
16265_090101_130416,D,20091214,000000,0.0970000,0.1000000,0.0920000,0.0950000,1.600
16265_090101_130416,D,20091215,000000,0.0970000,0.1000000,0.0940000,0.1000000,3.700
16265_090101_130416,D,20091216,000000,0.1000000,0.1210000,0.0970000,0.1200000,4.215.100
16265_090101_130416,D,20091217,000000,0.1220000,0.1290000,0.1120000,0.1130000,4.702.800
16265_090101_130416,D,20091218,000000,0.1290000,0.1290000,0.1100000,0.1260000,1.424.300
16265_090101_130416,D,20091221,000000,0.1270000,0.1280000,0.1070000,0.1240000,16.203.600
16265_090101_130416,D,20091222,000000,0.1280000,0.1280000,0.1130000,0.1240000,1.847.400
16265_090101_130416,D,20091223,000000,0.0990000,0.1220000,0.0990000,0.1200000,3.220.700
16265_090101_130416,D,20091225,000000,0.1270000,0.1270000,0.0920000,0.1090000,3.042.000
16265_090101_130416,D,20091228,000000,0.1280000,0.1280000,0.1120000,0.1120000,10.200
16265_090101_130416,D,20091229,000000,0.1190000,0.1270000,0.1190000,0.1270000,15.400
16265_090101_130416,D,20091230,000000,0.1300000,0.1300000,0.1300000,0.1300000,100
16265_090101_130416,D,20091231,000000,0.1210000,0.1310000,0.1210000,0.1310000,2.000
16265_090101_130416,D,20100111,000000,0.1160000,0.1240000,0.1150000,0.1230000,118.500
16265_090101_130416,D,20100112,000000,0.1290000,0.1290000,0.1290000,0.1290000,100
16265_090101_130416,D,20100113,000000,0.1160000,0.1300000,0.1160000,0.1190000,239.400
16265_090101_130416,D,20100114,000000,0.1170000,0.1190000,0.1160000,0.1190000,186.100
16265_090101_130416,D,20100115,000000,0.1250000,0.1250000,0.1190000,0.1190000,466.100
16265_090101_130416,D,20100118,000000,0.1130000,0.1220000,0.1130000,0.1220000,58.100
16265_090101_130416,D,20100119,000000,0.1230000,0.1230000,0.1160000,0.1170000,101.100
16265_090101_130416,D,20100120,000000,0.1290000,0.1290000,0.1140000,0.1150000,42.800
16265_090101_130416,D,20100121,000000,0.1220000,0.1220000,0.1100000,0.1130000,43.000
16265_090101_130416,D,20100122,000000,0.1170000,0.1230000,0.1010000,0.1150000,233.500
16265_090101_130416,D,20100125,000000,0.1150000,0.1230000,0.1090000,0.1230000,7.326.700
16265_090101_130416,D,20100126,000000,0.1100000,0.1210000,0.1100000,0.1190000,9.100
16265_090101_130416,D,20100127,000000,0.1180000,0.1190000,0.1150000,0.1190000,409.800
16265_090101_130416,D,20100128,000000,0.1150000,0.1210000,0.1150000,0.1200000,1.665.800
16265_090101_130416,D,20100129,000000,0.1280000,0.1290000,0.1200000,0.1290000,91.900
16265_090101_130416,D,20100201,000000,0.1290000,0.1330000,0.1280000,0.1330000,1.046.000
16265_090101_130416,D,20100202,000000,0.1300000,0.1450000,0.1300000,0.1420000,4.739.100
16265_090101_130416,D,20100203,000000,0.1320000,0.1470000,0.1320000,0.1400000,1.303.000
16265_090101_130416,D,20100204,000000,0.1410000,0.1430000,0.1410000,0.1430000,300
16265_090101_130416,D,20100205,000000,0.1490000,0.1500000,0.1460000,0.1480000,74.200
16265_090101_130416,D,20100208,000000,0.1370000,0.1480000,0.1360000,0.1480000,42.900
16265_090101_130416,D,20100209,000000,0.1500000,0.1500000,0.1420000,0.1440000,10.200
16265_090101_130416,D,20100210,000000,0.1440000,0.1440000,0.1440000,0.1440000,22.400
16265_090101_130416,D,20100211,000000,0.1350000,0.1450000,0.1350000,0.1450000,100.400
16265_090101_130416,D,20100212,000000,0.1340000,0.1440000,0.1240000,0.1370000,95.100
16265_090101_130416,D,20100215,000000,0.1350000,0.1350000,0.1350000,0.1350000,2.900
16265_090101_130416,D,20100216,000000,0.1480000,0.1480000,0.1340000,0.1460000,711.400
16265_090101_130416,D,20100217,000000,0.1370000,0.1490000,0.1370000,0.1490000,5.900
16265_090101_130416,D,20100218,000000,0.1480000,0.1490000,0.1480000,0.1480000,25.200
16265_090101_130416,D,20100219,000000,0.1400000,0.1490000,0.1390000,0.1440000,108.700
16265_090101_130416,D,20100224,000000,0.1280000,0.1430000,0.1280000,0.1420000,12.100
16265_090101_130416,D,20100225,000000,0.1460000,0.1460000,0.1460000,0.1460000,100
16265_090101_130416,D,20100301,000000,0.1310000,0.1430000,0.1260000,0.1300000,39.100
16265_090101_130416,D,20100302,000000,0.1350000,0.1350000,0.1350000,0.1350000,22.650.000
16265_090101_130416,D,20100305,000000,0.1390000,0.1410000,0.1390000,0.1410000,27.400
16265_090101_130416,D,20100309,000000,0.1340000,0.1430000,0.1340000,0.1400000,22.752.000
16265_090101_130416,D,20100310,000000,0.1430000,0.1490000,0.1430000,0.1490000,1.537.000
16265_090101_130416,D,20100311,000000,0.1490000,0.1690000,0.1490000,0.1650000,5.022.100
16265_090101_130416,D,20100312,000000,0.1690000,0.1870000,0.1690000,0.1730000,18.375.900
16265_090101_130416,D,20100315,000000,0.1790000,0.1800000,0.1670000,0.1780000,1.005.900
16265_090101_130416,D,20100316,000000,0.1660000,0.1740000,0.1650000,0.1740000,63.300
16265_090101_130416,D,20100317,000000,0.1750000,0.1750000,0.1610000,0.1670000,125.300
16265_090101_130416,D,20100318,000000,0.1530000,0.1580000,0.1500000,0.1550000,711.300
16265_090101_130416,D,20100319,000000,0.1510000,0.1630000,0.1500000,0.1590000,263.600
16265_090101_130416,D,20100323,000000,0.1570000,0.1620000,0.1560000,0.1620000,212.000
16265_090101_130416,D,20100324,000000,0.1620000,0.1630000,0.1620000,0.1620000,139.500
16265_090101_130416,D,20100325,000000,0.1550000,0.1600000,0.1490000,0.1600000,138.900
16265_090101_130416,D,20100329,000000,0.1510000,0.1720000,0.1510000,0.1720000,246.300
16265_090101_130416,D,20100330,000000,0.1490000,0.1790000,0.1490000,0.1640000,112.600
16265_090101_130416,D,20100331,000000,0.1600000,0.1770000,0.1600000,0.1760000,82.600
16265_090101_130416,D,20100401,000000,0.1780000,0.1780000,0.1490000,0.1720000,98.900
16265_090101_130416,D,20100402,000000,0.1750000,0.1760000,0.1570000,0.1730000,17.500
16265_090101_130416,D,20100405,000000,0.1480000,0.1760000,0.1480000,0.1750000,130.000
16265_090101_130416,D,20100406,000000,0.1790000,0.1800000,0.1790000,0.1790000,11.700
16265_090101_130416,D,20100407,000000,0.1610000,0.1770000,0.1610000,0.1770000,107.100
16265_090101_130416,D,20100408,000000,0.1670000,0.1750000,0.1650000,0.1750000,13.400
16265_090101_130416,D,20100409,000000,0.1760000,0.1790000,0.1760000,0.1790000,372.900
16265_090101_130416,D,20100412,000000,0.1770000,0.1790000,0.1710000,0.1780000,476.100
16265_090101_130416,D,20100413,000000,0.1780000,0.1790000,0.1630000,0.1740000,533.400
16265_090101_130416,D,20100414,000000,0.1750000,0.1750000,0.1650000,0.1710000,170.200
16265_090101_130416,D,20100415,000000,0.1750000,0.1750000,0.1640000,0.1730000,13.400
16265_090101_130416,D,20100416,000000,0.1710000,0.1710000,0.1600000,0.1700000,37.600
16265_090101_130416,D,20100419,000000,0.1590000,0.1740000,0.1480000,0.1680000,142.100
16265_090101_130416,D,20100420,000000,0.1690000,0.1790000,0.1670000,0.1670000,21.000
16265_090101_130416,D,20100421,000000,0.1690000,0.1690000,0.1530000,0.1630000,48.500
16265_090101_130416,D,20100422,000000,0.1670000,0.1670000,0.1530000,0.1640000,400
16265_090101_130416,D,20100423,000000,0.1780000,0.1780000,0.1780000,0.1780000,100
16265_090101_130416,D,20100426,000000,0.1780000,0.1780000,0.1660000,0.1680000,304.400
16265_090101_130416,D,20100427,000000,0.1700000,0.1700000,0.1540000,0.1580000,29.800
16265_090101_130416,D,20100428,000000,0.1690000,0.1690000,0.1490000,0.1650000,59.600
16265_090101_130416,D,20100429,000000,0.1650000,0.1760000,0.1500000,0.1670000,53.000
16265_090101_130416,D,20100430,000000,0.1670000,0.1740000,0.1540000,0.1660000,1.600
16265_090101_130416,D,20100504,000000,0.1540000,0.1730000,0.1470000,0.1620000,517.500
16265_090101_130416,D,20100505,000000,0.1490000,0.1670000,0.1490000,0.1670000,25.300
16265_090101_130416,D,20100506,000000,0.1660000,0.1660000,0.1660000,0.1660000,100
16265_090101_130416,D,20100507,000000,0.1530000,0.1550000,0.1320000,0.1520000,285.000
16265_090101_130416,D,20100511,000000,0.1530000,0.1570000,0.1530000,0.1570000,32.400
16265_090101_130416,D,20100512,000000,0.1350000,0.1550000,0.1260000,0.1550000,296.400
16265_090101_130416,D,20100513,000000,0.1540000,0.1590000,0.1540000,0.1580000,1.502.600
16265_090101_130416,D,20100514,000000,0.1360000,0.1610000,0.1350000,0.1530000,4.279.100
16265_090101_130416,D,20100517,000000,0.1600000,0.1620000,0.1570000,0.1600000,4.898.100
16265_090101_130416,D,20100518,000000,0.1620000,0.1620000,0.1550000,0.1590000,65.300
16265_090101_130416,D,20100521,000000,0.1510000,0.1570000,0.1510000,0.1570000,200
16265_090101_130416,D,20100524,000000,0.1560000,0.1560000,0.1500000,0.1560000,17.325.800
16265_090101_130416,D,20100525,000000,0.1450000,0.1570000,0.1450000,0.1550000,9.035.500
16265_090101_130416,D,20100526,000000,0.1520000,0.1520000,0.1370000,0.1520000,34.700
16265_090101_130416,D,20100603,000000,0.1440000,0.1490000,0.1130000,0.1490000,240.700
16265_090101_130416,D,20100604,000000,0.1480000,0.1490000,0.1280000,0.1480000,105.600
16265_090101_130416,D,20100607,000000,0.1460000,0.1490000,0.1410000,0.1450000,2.700
16265_090101_130416,D,20100608,000000,0.1480000,0.1520000,0.1460000,0.1480000,98.300
16265_090101_130416,D,20100609,000000,0.1400000,0.1480000,0.1390000,0.1480000,737.500
16265_090101_130416,D,20100610,000000,0.1310000,0.1390000,0.1300000,0.1390000,26.800
16265_090101_130416,D,20100611,000000,0.1390000,0.1450000,0.1390000,0.1390000,400
16265_090101_130416,D,20100616,000000,0.1300000,0.1310000,0.1200000,0.1300000,451.200
16265_090101_130416,D,20100617,000000,0.1320000,0.1320000,0.1230000,0.1280000,332.300
16265_090101_130416,D,20100618,000000,0.1200000,0.1280000,0.1150000,0.1280000,22.300
16265_090101_130416,D,20100621,000000,0.1210000,0.1280000,0.1210000,0.1260000,91.200
16265_090101_130416,D,20100622,000000,0.1210000,0.1270000,0.1150000,0.1220000,260.800
16265_090101_130416,D,20100623,000000,0.1170000,0.1200000,0.1170000,0.1200000,26.400
16265_090101_130416,D,20100624,000000,0.1200000,0.1310000,0.1170000,0.1200000,399.100
16265_090101_130416,D,20100625,000000,0.1210000,0.1430000,0.1210000,0.1420000,2.228.500
16265_090101_130416,D,20100628,000000,0.1430000,0.1440000,0.1380000,0.1430000,522.100
16265_090101_130416,D,20100630,000000,0.1430000,0.1430000,0.1390000,0.1430000,10.800
16265_090101_130416,D,20100701,000000,0.1390000,0.1390000,0.1380000,0.1380000,140.000
16265_090101_130416,D,20100702,000000,0.1430000,0.1430000,0.1430000,0.1430000,100
16265_090101_130416,D,20100706,000000,0.1430000,0.1440000,0.1430000,0.1430000,3.688.200
16265_090101_130416,D,20100707,000000,0.1390000,0.1410000,0.1390000,0.1410000,2.872.100
16265_090101_130416,D,20100708,000000,0.1390000,0.1390000,0.1390000,0.1390000,10.000
16265_090101_130416,D,20100713,000000,0.1410000,0.1410000,0.1410000,0.1410000,100
16265_090101_130416,D,20100714,000000,0.1420000,0.1420000,0.1410000,0.1410000,280.000
16265_090101_130416,D,20100715,000000,0.1420000,0.1420000,0.1410000,0.1410000,64.900
16265_090101_130416,D,20100716,000000,0.1410000,0.1530000,0.1410000,0.1470000,6.900.000
16265_090101_130416,D,20100720,000000,0.1410000,0.1410000,0.1410000,0.1410000,100
16265_090101_130416,D,20100727,000000,0.1410000,0.1410000,0.1410000,0.1410000,149.900
16265_090101_130416,D,20100728,000000,0.1450000,0.1450000,0.1450000,0.1450000,100
16265_090101_130416,D,20100730,000000,0.1440000,0.1510000,0.1440000,0.1510000,29.800.000
16265_090101_130416,D,20100802,000000,0.1450000,0.1510000,0.1450000,0.1490000,3.500.700
16265_090101_130416,D,20100803,000000,0.1500000,0.1510000,0.1500000,0.1510000,200
16265_090101_130416,D,20100804,000000,0.1490000,0.1500000,0.1480000,0.1500000,1.588.500
16265_090101_130416,D,20100805,000000,0.1500000,0.1500000,0.1430000,0.1460000,201.900
16265_090101_130416,D,20100809,000000,0.1470000,0.1990000,0.1450000,0.1450000,482.300
16265_090101_130416,D,20100810,000000,0.1450000,0.1450000,0.1430000,0.1430000,48.700
16265_090101_130416,D,20100811,000000,0.1460000,0.1460000,0.1430000,0.1430000,19.082.400
16265_090101_130416,D,20100812,000000,0.1430000,0.1480000,0.1430000,0.1430000,3.376.700
16265_090101_130416,D,20100813,000000,0.1440000,0.1520000,0.1440000,0.1520000,7.034.700
16265_090101_130416,D,20100816,000000,0.1520000,0.1740000,0.1460000,0.1600000,10.800
16265_090101_130416,D,20100817,000000,0.1510000,0.1870000,0.1510000,0.1660000,199.400
16265_090101_130416,D,20100818,000000,0.1790000,0.1790000,0.1530000,0.1600000,90.400
16265_090101_130416,D,20100819,000000,0.1550000,0.1550000,0.1490000,0.1500000,929.700
16265_090101_130416,D,20100823,000000,0.1440000,0.1470000,0.1420000,0.1470000,1.141.900
16265_090101_130416,D,20100824,000000,0.1420000,0.1420000,0.1420000,0.1420000,650.000
16265_090101_130416,D,20100825,000000,0.1470000,0.1470000,0.1420000,0.1440000,39.400
16265_090101_130416,D,20100826,000000,0.1450000,0.1470000,0.1450000,0.1470000,2.102.600
16265_090101_130416,D,20100827,000000,0.1450000,0.1450000,0.1440000,0.1440000,1.000
16265_090101_130416,D,20100830,000000,0.1450000,0.1470000,0.1450000,0.1450000,1.029.500
16265_090101_130416,D,20100831,000000,0.1470000,0.1500000,0.1460000,0.1490000,1.675.800
16265_090101_130416,D,20100901,000000,0.1470000,0.1480000,0.1470000,0.1480000,10.700
16265_090101_130416,D,20100902,000000,0.1480000,0.1500000,0.1300000,0.1470000,2.400
16265_090101_130416,D,20100903,000000,0.1470000,0.1470000,0.1470000,0.1470000,1.300.100
16265_090101_130416,D,20100906,000000,0.1480000,0.1900000,0.1480000,0.1500000,590.600
16265_090101_130416,D,20100907,000000,0.1590000,0.1590000,0.1500000,0.1580000,419.500
16265_090101_130416,D,20100908,000000,0.1600000,0.1600000,0.1510000,0.1600000,160.700
16265_090101_130416,D,20100909,000000,0.1610000,0.1690000,0.1610000,0.1660000,4.600
16265_090101_130416,D,20100910,000000,0.1640000,0.1680000,0.1640000,0.1640000,12.100
16265_090101_130416,D,20100913,000000,0.1620000,0.1640000,0.1600000,0.1640000,21.500
16265_090101_130416,D,20100914,000000,0.1660000,0.1670000,0.1510000,0.1590000,169.800
16265_090101_130416,D,20100915,000000,0.1580000,0.1700000,0.1580000,0.1670000,34.500
16265_090101_130416,D,20100916,000000,0.1640000,0.1640000,0.1490000,0.1560000,1.767.900
16265_090101_130416,D,20100917,000000,0.1590000,0.1620000,0.1520000,0.1620000,17.600
16265_090101_130416,D,20100920,000000,0.1590000,0.1700000,0.1540000,0.1690000,44.100
16265_090101_130416,D,20100921,000000,0.1630000,0.1700000,0.1600000,0.1620000,132.300
16265_090101_130416,D,20100922,000000,0.1600000,0.1630000,0.1460000,0.1620000,413.000
16265_090101_130416,D,20100923,000000,0.1630000,0.1640000,0.1620000,0.1640000,101.100
16265_090101_130416,D,20100924,000000,0.1650000,0.1700000,0.1650000,0.1670000,15.000
16265_090101_130416,D,20100927,000000,0.1670000,0.1690000,0.1670000,0.1690000,5.300
16265_090101_130416,D,20100928,000000,0.1670000,0.1700000,0.1670000,0.1690000,83.000
16265_090101_130416,D,20100929,000000,0.1700000,0.1720000,0.1620000,0.1700000,266.000
16265_090101_130416,D,20100930,000000,0.1720000,0.1780000,0.1650000,0.1700000,1.060.700
16265_090101_130416,D,20101001,000000,0.1720000,0.1720000,0.1680000,0.1700000,151.700
16265_090101_130416,D,20101004,000000,0.1670000,0.1750000,0.1670000,0.1720000,14.600
16265_090101_130416,D,20101005,000000,0.1720000,0.1720000,0.1690000,0.1720000,1.400
16265_090101_130416,D,20101007,000000,0.1740000,0.1740000,0.1610000,0.1700000,36.900
16265_090101_130416,D,20101008,000000,0.1700000,0.1720000,0.1550000,0.1700000,62.400
16265_090101_130416,D,20101011,000000,0.1700000,0.1720000,0.1680000,0.1710000,86.300
16265_090101_130416,D,20101012,000000,0.1710000,0.1820000,0.1700000,0.1800000,428.300
16265_090101_130416,D,20101013,000000,0.1880000,0.1890000,0.1750000,0.1810000,101.400
16265_090101_130416,D,20101014,000000,0.1840000,0.1840000,0.1600000,0.1780000,359.200
16265_090101_130416,D,20101015,000000,0.1790000,0.1790000,0.1700000,0.1770000,8.200
16265_090101_130416,D,20101018,000000,0.1700000,0.1770000,0.1670000,0.1700000,62.200
16265_090101_130416,D,20101019,000000,0.1700000,0.1790000,0.1650000,0.1740000,55.300
16265_090101_130416,D,20101020,000000,0.1910000,0.1990000,0.1670000,0.1710000,143.900
16265_090101_130416,D,20101021,000000,0.1660000,0.1750000,0.1660000,0.1720000,153.600
16265_090101_130416,D,20101022,000000,0.1690000,0.1720000,0.1680000,0.1720000,51.900
16265_090101_130416,D,20101025,000000,0.1720000,0.1720000,0.1650000,0.1710000,117.400
16265_090101_130416,D,20101026,000000,0.1720000,0.1720000,0.1720000,0.1720000,100
16265_090101_130416,D,20101027,000000,0.1720000,0.1720000,0.1720000,0.1720000,200
16265_090101_130416,D,20101028,000000,0.1780000,0.1780000,0.1740000,0.1750000,1.700
16265_090101_130416,D,20101029,000000,0.1730000,0.1750000,0.1720000,0.1750000,16.500
16265_090101_130416,D,20101101,000000,0.1760000,0.1760000,0.1760000,0.1760000,500
16265_090101_130416,D,20101102,000000,0.1770000,0.1770000,0.1650000,0.1730000,20.200
16265_090101_130416,D,20101103,000000,0.1740000,0.1740000,0.1670000,0.1710000,54.100
16265_090101_130416,D,20101108,000000,0.1670000,0.1710000,0.1640000,0.1700000,18.300
16265_090101_130416,D,20101109,000000,0.1680000,0.1740000,0.1680000,0.1740000,186.900
16265_090101_130416,D,20101110,000000,0.1660000,0.1710000,0.1660000,0.1670000,3.100
16265_090101_130416,D,20101111,000000,0.1640000,0.1710000,0.1640000,0.1710000,50.500
16265_090101_130416,D,20101112,000000,0.1700000,0.1720000,0.1700000,0.1720000,109.600
16265_090101_130416,D,20101113,000000,0.1720000,0.1830000,0.1620000,0.1740000,26.500
16265_090101_130416,D,20101115,000000,0.1740000,0.1820000,0.1700000,0.1780000,54.400
16265_090101_130416,D,20101116,000000,0.1650000,0.1800000,0.1410000,0.1710000,472.600
16265_090101_130416,D,20101117,000000,0.1770000,0.2390000,0.1770000,0.2390000,15.643.700
16265_090101_130416,D,20101118,000000,0.2650000,0.2740000,0.1920000,0.2100000,1.909.800
16265_090101_130416,D,20101119,000000,0.2100000,0.2160000,0.1950000,0.1950000,4.050.100
16265_090101_130416,D,20101122,000000,0.1960000,0.2260000,0.1930000,0.2120000,3.924.500
16265_090101_130416,D,20101123,000000,0.2090000,0.2740000,0.2000000,0.2610000,20.455.600
16265_090101_130416,D,20101124,000000,0.2550000,0.2900000,0.2300000,0.2430000,22.211.100
16265_090101_130416,D,20101125,000000,0.2450000,0.2550000,0.2280000,0.2450000,7.501.300
16265_090101_130416,D,20101126,000000,0.2470000,0.2540000,0.2290000,0.2360000,5.614.100
16265_090101_130416,D,20101129,000000,0.2300000,0.2320000,0.2150000,0.2240000,2.148.400
16265_090101_130416,D,20101130,000000,0.2170000,0.2170000,0.2010000,0.2130000,887.800
16265_090101_130416,D,20101201,000000,0.2150000,0.2190000,0.1990000,0.2130000,6.682.200
16265_090101_130416,D,20101202,000000,0.2190000,0.2290000,0.2020000,0.2090000,2.221.500
16265_090101_130416,D,20101203,000000,0.2090000,0.2170000,0.2030000,0.2160000,481.200
16265_090101_130416,D,20101206,000000,0.2130000,0.2220000,0.2070000,0.2120000,4.831.400
16265_090101_130416,D,20101207,000000,0.2120000,0.2210000,0.1870000,0.2060000,45.176.000
16265_090101_130416,D,20101208,000000,0.2110000,0.2170000,0.1970000,0.2060000,2.162.600
16265_090101_130416,D,20101209,000000,0.2060000,0.2060000,0.1980000,0.2030000,122.200
16265_090101_130416,D,20101210,000000,0.2050000,0.2050000,0.1940000,0.1980000,209.600
16265_090101_130416,D,20101213,000000,0.2010000,0.2040000,0.1920000,0.1990000,364.100
16265_090101_130416,D,20101214,000000,0.2010000,0.2010000,0.1900000,0.1940000,1.353.700
16265_090101_130416,D,20101215,000000,0.1920000,0.1970000,0.1890000,0.1940000,778.900
16265_090101_130416,D,20101216,000000,0.1920000,0.1990000,0.1920000,0.1970000,298.100
16265_090101_130416,D,20101217,000000,0.1980000,0.1990000,0.1870000,0.1970000,256.500
16265_090101_130416,D,20101220,000000,0.1970000,0.2030000,0.1970000,0.2000000,568.000
16265_090101_130416,D,20101221,000000,0.2000000,0.2250000,0.1950000,0.2230000,14.994.600
16265_090101_130416,D,20101222,000000,0.2240000,0.2490000,0.2140000,0.2350000,15.290.700
16265_090101_130416,D,20101223,000000,0.2260000,0.2590000,0.2000000,0.2320000,18.395.100
16265_090101_130416,D,20101224,000000,0.2250000,0.2360000,0.2110000,0.2350000,5.445.400
16265_090101_130416,D,20101227,000000,0.2320000,0.2440000,0.2260000,0.2380000,2.287.500
16265_090101_130416,D,20101228,000000,0.2400000,0.2430000,0.2260000,0.2300000,2.144.900
16265_090101_130416,D,20101229,000000,0.2320000,0.2350000,0.2280000,0.2350000,2.347.600
16265_090101_130416,D,20101230,000000,0.2350000,0.2360000,0.2260000,0.2350000,50.800
16265_090101_130416,D,20110111,000000,0.2310000,0.2370000,0.2260000,0.2370000,156.600
16265_090101_130416,D,20110112,000000,0.2370000,0.2640000,0.2330000,0.2500000,6.790.300
16265_090101_130416,D,20110113,000000,0.2440000,0.2460000,0.2350000,0.2430000,469.900
16265_090101_130416,D,20110114,000000,0.2410000,0.2440000,0.2310000,0.2400000,2.170.500
16265_090101_130416,D,20110117,000000,0.2360000,0.2440000,0.2350000,0.2440000,345.800
16265_090101_130416,D,20110118,000000,0.2390000,0.2470000,0.2310000,0.2360000,589.400
16265_090101_130416,D,20110119,000000,0.2350000,0.2350000,0.2320000,0.2320000,89.700
16265_090101_130416,D,20110120,000000,0.2380000,0.2380000,0.2220000,0.2290000,394.000
16265_090101_130416,D,20110121,000000,0.2290000,0.2430000,0.2250000,0.2310000,423.400
16265_090101_130416,D,20110124,000000,0.2320000,0.2350000,0.2260000,0.2260000,322.100
16265_090101_130416,D,20110125,000000,0.2310000,0.2320000,0.2280000,0.2310000,20.600
16265_090101_130416,D,20110126,000000,0.2320000,0.2330000,0.2300000,0.2320000,34.000
16265_090101_130416,D,20110127,000000,0.2330000,0.2330000,0.2250000,0.2300000,564.500
16265_090101_130416,D,20110128,000000,0.2300000,0.2320000,0.2210000,0.2230000,302.800
16265_090101_130416,D,20110131,000000,0.2210000,0.2210000,0.2100000,0.2210000,169.100
16265_090101_130416,D,20110201,000000,0.2200000,0.2310000,0.2200000,0.2250000,68.700
16265_090101_130416,D,20110202,000000,0.2260000,0.2310000,0.2260000,0.2290000,116.100
16265_090101_130416,D,20110203,000000,0.2300000,0.2300000,0.2250000,0.2300000,602.100
16265_090101_130416,D,20110204,000000,0.2310000,0.2310000,0.2140000,0.2300000,62.400
16265_090101_130416,D,20110207,000000,0.2300000,0.2300000,0.2150000,0.2280000,80.900
16265_090101_130416,D,20110208,000000,0.2320000,0.2360000,0.2200000,0.2330000,4.799.500
16265_090101_130416,D,20110209,000000,0.2300000,0.2320000,0.2220000,0.2240000,141.200
16265_090101_130416,D,20110210,000000,0.2210000,0.2250000,0.2100000,0.2170000,799.400
16265_090101_130416,D,20110211,000000,0.2190000,0.2190000,0.2150000,0.2150000,340.400
16265_090101_130416,D,20110214,000000,0.2200000,0.2260000,0.2170000,0.2210000,241.500
16265_090101_130416,D,20110215,000000,0.2150000,0.2230000,0.2150000,0.2210000,228.400
16265_090101_130416,D,20110216,000000,0.2180000,0.2220000,0.2170000,0.2190000,3.900
16265_090101_130416,D,20110217,000000,0.2170000,0.2220000,0.2150000,0.2200000,662.300
16265_090101_130416,D,20110218,000000,0.2200000,0.2200000,0.2160000,0.2160000,14.800
16265_090101_130416,D,20110221,000000,0.2150000,0.2180000,0.2140000,0.2150000,834.200
16265_090101_130416,D,20110222,000000,0.2150000,0.2170000,0.2090000,0.2150000,418.000
16265_090101_130416,D,20110224,000000,0.2180000,0.2250000,0.2130000,0.2160000,4.094.100
16265_090101_130416,D,20110225,000000,0.2190000,0.2220000,0.2160000,0.2200000,38.100
16265_090101_130416,D,20110228,000000,0.2230000,0.2250000,0.2170000,0.2230000,465.300
16265_090101_130416,D,20110301,000000,0.2152800,0.2158000,0.2152500,0.2158000,210.000
16265_090101_130416,D,20110302,000000,0.2177700,0.2246000,0.2177700,0.2246000,180.000
16265_090101_130416,D,20110304,000000,0.1910000,0.2280000,0.1900100,0.2280000,520.000
16265_090101_130416,D,20110305,000000,0.2200000,0.2245000,0.2150100,0.2245000,180.000
16265_090101_130416,D,20110310,000000,0.2150200,0.2239800,0.2150000,0.2239800,160.000
16265_090101_130416,D,20110314,000000,0.2150000,0.2150000,0.2150000,0.2150000,530.000
16265_090101_130416,D,20110315,000000,0.2100000,0.2300000,0.2100000,0.2300000,930.000
16265_090101_130416,D,20110316,000000,0.2299900,0.2299900,0.2150000,0.2150000,470.000
16265_090101_130416,D,20110317,000000,0.2140000,0.2200000,0.2008100,0.2200000,270.000
16265_090101_130416,D,20110318,000000,0.2050400,0.2249600,0.2050400,0.2249600,850.000
16265_090101_130416,D,20110322,000000,0.2088900,0.2300000,0.2088900,0.2300000,460.000
16265_090101_130416,D,20110323,000000,0.2105800,0.2197900,0.2009900,0.2186000,560.000
16265_090101_130416,D,20110324,000000,0.2200000,0.2200000,0.2100000,0.2100000,620.000
16265_090101_130416,D,20110325,000000,0.2100000,0.2220000,0.2100000,0.2180000,180.000
16265_090101_130416,D,20110328,000000,0.2100000,0.2398700,0.2070700,0.2115100,130.000
16265_090101_130416,D,20110329,000000,0.2118200,0.2280000,0.2118200,0.2230000,650.000
16265_090101_130416,D,20110330,000000,0.2289000,0.2500000,0.2200200,0.2200200,40.000
16265_090101_130416,D,20110331,000000,0.2489900,0.2489900,0.2152400,0.2339800,150.000
16265_090101_130416,D,20110401,000000,0.2494400,0.2494400,0.2299900,0.2464900,420.000
16265_090101_130416,D,20110404,000000,0.2498800,0.2498800,0.2400000,0.2489300,2.000.000
16265_090101_130416,D,20110405,000000,0.2490000,0.2500000,0.2449900,0.2449900,140.000
16265_090101_130416,D,20110407,000000,0.2250200,0.2299900,0.2118200,0.2222200,150.000
16265_090101_130416,D,20110408,000000,0.2321100,0.2432900,0.2222300,0.2222300,170.000
16265_090101_130416,D,20110411,000000,0.2320000,0.2397400,0.2320000,0.2397400,110.000
16265_090101_130416,D,20110412,000000,0.2205500,0.2234800,0.2118100,0.2234800,210.000
16265_090101_130416,D,20110413,000000,0.2249500,0.2525800,0.2249500,0.2289900,520.000
16265_090101_130416,D,20110414,000000,0.2298800,0.2298800,0.2298800,0.2298800,30.000
16265_090101_130416,D,20110415,000000,0.2207700,0.2447900,0.2120000,0.2218400,18.190.000
16265_090101_130416,D,20110419,000000,0.2118200,0.2249500,0.2118200,0.2247000,50.000
16265_090101_130416,D,20110421,000000,0.2244100,0.2299700,0.2244100,0.2299700,350.000
16265_090101_130416,D,20110422,000000,0.2400000,0.2400000,0.2384000,0.2385000,220.000
16265_090101_130416,D,20110425,000000,0.2157200,0.2484900,0.2155500,0.2404100,1.940.000
16265_090101_130416,D,20110426,000000,0.2300700,0.2474300,0.2300000,0.2400000,2.050.000
16265_090101_130416,D,20110427,000000,0.2470000,0.2470000,0.2470000,0.2470000,10.000
16265_090101_130416,D,20110503,000000,0.2304300,0.2304300,0.2303800,0.2303800,170.000
16265_090101_130416,D,20110505,000000,0.2300000,0.2333300,0.2300000,0.2333300,2.020.000
16265_090101_130416,D,20110506,000000,0.2340000,0.2340000,0.2340000,0.2340000,20.000
16265_090101_130416,D,20110518,000000,0.2300000,0.2411100,0.2300000,0.2411100,1.400.000
16265_090101_130416,D,20110520,000000,0.2211300,0.2301200,0.2170000,0.2170000,60.000
16265_090101_130416,D,20110523,000000,0.2299900,0.2299900,0.2050500,0.2050500,210.000
16265_090101_130416,D,20110524,000000,0.2025700,0.2025700,0.2000000,0.2000000,270.000
16265_090101_130416,D,20110525,000000,0.2000000,0.2100000,0.2000000,0.2000900,2.250.000
16265_090101_130416,D,20110527,000000,0.2079900,0.2100100,0.2079900,0.2100000,830.000
16265_090101_130416,D,20110531,000000,0.2100100,0.2110000,0.2100000,0.2110000,70.000
16265_090101_130416,D,20110601,000000,0.2110000,0.2240000,0.2110000,0.2240000,22.000.000
16265_090101_130416,D,20110602,000000,0.2100300,0.2230000,0.2100200,0.2230000,25.370.000
16265_090101_130416,D,20110603,000000,0.2150300,0.2250000,0.2150000,0.2250000,6.670.000
16265_090101_130416,D,20110609,000000,0.2137700,0.2139300,0.2137500,0.2139100,270.000
16265_090101_130416,D,20110610,000000,0.2157700,0.2157700,0.2155600,0.2155600,20.000
16265_090101_130416,D,20110615,000000,0.2100000,0.2100000,0.2100000,0.2100000,500.000
16265_090101_130416,D,20110620,000000,0.2182300,0.2185000,0.2182300,0.2185000,90.000
16265_090101_130416,D,20110621,000000,0.2010600,0.2010600,0.2009000,0.2009000,100.000
16265_090101_130416,D,20110622,000000,0.2077800,0.2077800,0.2077800,0.2077800,20.000
16265_090101_130416,D,20110623,000000,0.2077700,0.2077700,0.2000100,0.2000100,70.000
16265_090101_130416,D,20110627,000000,0.2000000,0.2000000,0.2000000,0.2000000,280.000
16265_090101_130416,D,20110628,000000,0.2171000,0.2200000,0.2156900,0.2198000,310.000
16265_090101_130416,D,20110629,000000,0.2050100,0.2180000,0.2007700,0.2180000,60.000
16265_090101_130416,D,20110630,000000,0.2329500,0.2329500,0.2329500,0.2329500,20.000
16265_090101_130416,D,20110701,000000,0.2300000,0.2300000,0.2300000,0.2300000,110.000
16265_090101_130416,D,20110704,000000,0.2044800,0.2349700,0.2044700,0.2210200,90.000
16265_090101_130416,D,20110705,000000,0.2250100,0.2250100,0.2250000,0.2250000,30.000
16265_090101_130416,D,20110706,000000,0.2250000,0.2299700,0.2170000,0.2170000,2.550.000
16265_090101_130416,D,20110708,000000,0.2230000,0.2230000,0.2230000,0.2230000,10.000
16265_090101_130416,D,20110711,000000,0.2250000,0.2250000,0.2200100,0.2200100,140.000
16265_090101_130416,D,20110713,000000,0.2347700,0.2400000,0.2347700,0.2400000,2.340.000
16265_090101_130416,D,20110714,000000,0.2443000,0.2444400,0.2400000,0.2444400,530.000
16265_090101_130416,D,20110715,000000,0.2444400,0.2450000,0.2444400,0.2450000,15.140.000
16265_090101_130416,D,20110718,000000,0.2470000,0.2650000,0.2470000,0.2650000,18.110.000
16265_090101_130416,D,20110719,000000,0.2700000,0.3100000,0.2700000,0.3099900,26.200.000
16265_090101_130416,D,20110720,000000,0.3010000,0.3329700,0.2960000,0.2960000,12.460.000
16265_090101_130416,D,20110721,000000,0.2900000,0.2900000,0.2756500,0.2900000,240.000
16265_090101_130416,D,20110722,000000,0.2700100,0.3100000,0.2700100,0.3100000,1.200.000
16265_090101_130416,D,20110725,000000,0.2700600,0.2999900,0.2530500,0.2999900,120.000
16265_090101_130416,D,20110726,000000,0.2680000,0.2998700,0.2680000,0.2998700,30.000
16265_090101_130416,D,20110727,000000,0.2988700,0.2999000,0.2988700,0.2999000,60.000
16265_090101_130416,D,20110728,000000,0.2655500,0.2655500,0.2655500,0.2655500,20.000
16265_090101_130416,D,20110801,000000,0.2750100,0.2777000,0.2750000,0.2750000,90.000
16265_090101_130416,D,20110802,000000,0.2700000,0.2700000,0.2660000,0.2700000,770.000
16265_090101_130416,D,20110805,000000,0.2506000,0.2700000,0.2222700,0.2650000,1.630.000
16265_090101_130416,D,20110809,000000,0.2230400,0.2230400,0.2230400,0.2230400,20.000
16265_090101_130416,D,20110810,000000,0.2400200,0.2400200,0.2400100,0.2400100,50.000
16265_090101_130416,D,20110811,000000,0.2499900,0.2650000,0.2300000,0.2300000,1.520.000
16265_090101_130416,D,20110819,000000,0.2230100,0.2231000,0.2230100,0.2231000,70.000
16265_090101_130416,D,20110822,000000,0.2400000,0.2400000,0.2400000,0.2400000,10.000
16265_090101_130416,D,20110825,000000,0.2500000,0.2590000,0.2500000,0.2500000,520.000
16265_090101_130416,D,20110829,000000,0.2600100,0.2600100,0.2600000,0.2600000,410.000
16265_090101_130416,D,20110830,000000,0.2999500,0.2999500,0.2799400,0.2900000,960.000
16265_090101_130416,D,20110831,000000,0.2360700,0.2900100,0.2350000,0.2900000,2.850.000
16265_090101_130416,D,20110901,000000,0.2660000,0.2660000,0.2650000,0.2650000,260.000
16265_090101_130416,D,20110902,000000,0.2800100,0.2997000,0.2800000,0.2997000,280.000
16265_090101_130416,D,20110906,000000,0.2649900,0.2950000,0.2599900,0.2950000,2.600.000
16265_090101_130416,D,20110907,000000,0.2800300,0.3050000,0.2800300,0.3050000,20.000
16265_090101_130416,D,20110912,000000,0.3199900,0.3199900,0.3199900,0.3199900,10.000
16265_090101_130416,D,20110914,000000,0.3100000,0.3100000,0.3100000,0.3100000,10.000
16265_090101_130416,D,20110915,000000,0.3100000,0.3100000,0.3100000,0.3100000,50.000
16265_090101_130416,D,20110916,000000,0.2900300,0.2920100,0.2900300,0.2920100,60.000
16265_090101_130416,D,20110919,000000,0.2900100,0.2900100,0.2900000,0.2900100,1.510.000
16265_090101_130416,D,20110920,000000,0.3289700,0.3289700,0.3008700,0.3008700,60.000
16265_090101_130416,D,20110921,000000,0.3008700,0.3099700,0.3008700,0.3008700,70.000
16265_090101_130416,D,20110922,000000,0.3008800,0.3099700,0.2900000,0.2900000,620.000
16265_090101_130416,D,20111003,000000,0.2899900,0.2899900,0.2899900,0.2899900,30.000
16265_090101_130416,D,20111004,000000,0.2700100,0.2700100,0.1941000,0.2597000,1.720.000
16265_090101_130416,D,20111005,000000,0.2449300,0.2598600,0.2449300,0.2450100,690.000
16265_090101_130416,D,20111007,000000,0.2500000,0.2500000,0.2500000,0.2500000,50.000
16265_090101_130416,D,20111010,000000,0.2450400,0.3050000,0.2450300,0.2750100,4.480.000
16265_090101_130416,D,20111013,000000,0.3100000,0.3100000,0.2900000,0.2900000,80.000
16265_090101_130416,D,20111014,000000,0.2999300,0.2999300,0.2999200,0.2999200,20.000
16265_090101_130416,D,20111018,000000,0.2899300,0.2900000,0.2899300,0.2900000,90.000
16265_090101_130416,D,20111019,000000,0.2950000,0.3000100,0.2950000,0.3000000,850.000
16265_090101_130416,D,20111020,000000,0.2999900,0.3000100,0.2999900,0.3000000,530.000
16265_090101_130416,D,20111021,000000,0.3589900,0.3589900,0.3184000,0.3200000,50.000
16265_090101_130416,D,20111024,000000,0.3300000,0.3350100,0.3300000,0.3325000,10.190.000
16265_090101_130416,D,20111025,000000,0.3100000,0.3889000,0.3100000,0.3889000,8.160.000
16265_090101_130416,D,20111026,000000,0.3500000,0.4000000,0.3500000,0.4000000,40.000
16265_090101_130416,D,20111027,000000,0.4487000,0.4487000,0.4400000,0.4400000,30.000
16265_090101_130416,D,20111028,000000,0.3273500,0.4378900,0.3273500,0.4378900,30.000
16265_090101_130416,D,20111102,000000,0.3250800,0.3250800,0.3250800,0.3250800,30.000
16265_090101_130416,D,20111103,000000,0.3899800,0.3899800,0.3899800,0.3899800,10.000
16265_090101_130416,D,20111109,000000,0.3600100,0.3600100,0.3600000,0.3600000,480.000
16265_090101_130416,D,20111110,000000,0.3600000,0.3600000,0.3600000,0.3600000,20.000
16265_090101_130416,D,20111115,000000,0.3530000,0.3530000,0.3530000,0.3530000,10.000
16265_090101_130416,D,20111121,000000,0.3300000,0.3300000,0.3177000,0.3250000,220.000
16265_090101_130416,D,20111123,000000,0.2925000,0.2925000,0.2925000,0.2925000,10.000
16265_090101_130416,D,20111206,000000,0.3420700,0.3420700,0.3420700,0.3420700,10.000
16265_090101_130416,D,20111215,000000,0.2500100,0.3252300,0.2500000,0.3252300,230.000
16265_090101_130416,D,20111227,000000,0.2521000,0.2521000,0.2222200,0.2225700,80.000
16265_090101_130416,D,20111229,000000,0.2222400,0.2222400,0.2222400,0.2222400,10.000
16265_090101_130416,D,20120106,000000,0.2300000,0.2511000,0.2300000,0.2511000,20.000
16265_090101_130416,D,20120124,000000,0.2411000,0.2411000,0.2411000,0.2411000,10.000
16265_090101_130416,D,20120127,000000,0.2000000,0.2200000,0.1888800,0.2200000,800.000
16265_090101_130416,D,20120130,000000,0.2300000,0.2300000,0.2300000,0.2300000,40.000
16265_090101_130416,D,20120131,000000,0.1977400,0.2200000,0.1977400,0.2200000,20.000
16265_090101_130416,D,20120201,000000,0.2000000,0.2000200,0.2000000,0.2000000,30.000
16265_090101_130416,D,20120203,000000,0.1958200,0.1958200,0.1958200,0.1958200,10.000
16265_090101_130416,D,20120208,000000,0.2090000,0.2090000,0.2090000,0.2090000,10.000
16265_090101_130416,D,20120209,000000,0.2090300,0.2299900,0.2090000,0.2299900,120.000
16265_090101_130416,D,20120213,000000,0.2300000,0.2300000,0.2300000,0.2300000,20.000
16265_090101_130416,D,20120214,000000,0.2299500,0.2299500,0.2299500,0.2299500,10.000
16265_090101_130416,D,20120215,000000,0.2499900,0.2499900,0.2499900,0.2499900,20.000
16265_090101_130416,D,20120217,000000,0.2006500,0.2248900,0.2006500,0.2200000,120.000
16265_090101_130416,D,20120222,000000,0.1950400,0.1980000,0.1950000,0.1980000,130.000
16265_090101_130416,D,20120227,000000,0.1980000,0.1980000,0.1920100,0.1920100,20.000
16265_090101_130416,D,20120228,000000,0.1920000,0.1920000,0.1850000,0.1850000,140.000
16265_090101_130416,D,20120301,000000,0.1810000,0.1810000,0.1805000,0.1805000,20.000
16265_090101_130416,D,20120302,000000,0.1959400,0.2199000,0.1910000,0.1910000,460.000
16265_090101_130416,D,20120305,000000,0.2099900,0.2300000,0.2001900,0.2220000,390.000
16265_090101_130416,D,20120306,000000,0.2300000,0.2350000,0.2299900,0.2350000,90.000
16265_090101_130416,D,20120307,000000,0.2120500,0.2699500,0.2120000,0.2699500,80.000
16265_090101_130416,D,20120311,000000,0.2100100,0.2589700,0.2100100,0.2589700,20.000
16265_090101_130416,D,20120312,000000,0.2100000,0.2488400,0.2100000,0.2488400,30.000
16265_090101_130416,D,20120320,000000,0.2105700,0.2190000,0.1700000,0.2190000,310.000
16265_090101_130416,D,20120321,000000,0.2180000,0.2230000,0.2140000,0.2230000,30.000
16265_090101_130416,D,20120326,000000,0.2200000,0.2200000,0.2000300,0.2110000,120.000
16265_090101_130416,D,20120327,000000,0.2200000,0.2200000,0.2200000,0.2200000,10.000
16265_090101_130416,D,20120328,000000,0.2550000,0.2550000,0.2210000,0.2210000,60.000
16265_090101_130416,D,20120403,000000,0.2200000,0.2450000,0.2200000,0.2450000,180.000
16265_090101_130416,D,20120405,000000,0.2500000,0.2500000,0.2100000,0.2100000,60.000
16265_090101_130416,D,20120406,000000,0.2313900,0.2500000,0.2313900,0.2500000,110.000
16265_090101_130416,D,20120409,000000,0.2602600,0.2602600,0.2400100,0.2544900,60.000
16265_090101_130416,D,20120410,000000,0.2680000,0.2800000,0.2358000,0.2358000,30.000
16265_090101_130416,D,20120411,000000,0.2749900,0.2749900,0.2749900,0.2749900,10.000
16265_090101_130416,D,20120412,000000,0.2417400,0.2417400,0.2417400,0.2417400,10.000
16265_090101_130416,D,20120413,000000,0.2699900,0.2699900,0.2401100,0.2699900,40.000
16265_090101_130416,D,20120419,000000,0.2272600,0.2272600,0.2272600,0.2272600,20.000
16265_090101_130416,D,20120420,000000,0.2699700,0.2699700,0.2699700,0.2699700,10.000
16265_090101_130416,D,20120425,000000,0.2489900,0.2500000,0.2489900,0.2500000,140.000
16265_090101_130416,D,20120428,000000,0.2595000,0.2595000,0.2595000,0.2595000,10.000
16265_090101_130416,D,20120507,000000,0.2076000,0.2076000,0.2076000,0.2076000,10.000
16265_090101_130416,D,20120510,000000,0.2001200,0.2001200,0.2001200,0.2001200,20.000
16265_090101_130416,D,20120511,000000,0.1900000,0.1900000,0.1900000,0.1900000,20.000
16265_090101_130416,D,20120514,000000,0.2399900,0.2399900,0.2399900,0.2399900,10.000
16265_090101_130416,D,20120516,000000,0.2491000,0.2491000,0.2491000,0.2491000,10.000
16265_090101_130416,D,20120523,000000,0.1700300,0.1700300,0.1700300,0.1700300,10.000
16265_090101_130416,D,20120524,000000,0.2380300,0.2380300,0.2380300,0.2380300,10.000
16265_090101_130416,D,20120525,000000,0.1829100,0.1999900,0.1829100,0.1999900,480.000
16265_090101_130416,D,20120529,000000,0.2100000,0.2101000,0.1901100,0.1901100,210.000
16265_090101_130416,D,20120531,000000,0.1999900,0.1999900,0.1999900,0.1999900,10.000
16265_090101_130416,D,20120601,000000,0.1999900,0.1999900,0.1999900,0.1999900,70.000
16265_090101_130416,D,20120604,000000,0.1999900,0.2000000,0.1999900,0.2000000,170.000
16265_090101_130416,D,20120606,000000,0.2000000,0.2000000,0.2000000,0.2000000,20.000
16265_090101_130416,D,20120608,000000,0.1733400,0.1733400,0.1733400,0.1733400,30.000
16265_090101_130416,D,20120609,000000,0.1999900,0.2400000,0.1999900,0.2400000,80.000
16265_090101_130416,D,20120613,000000,0.2399900,0.2700000,0.2399900,0.2700000,30.000
16265_090101_130416,D,20120619,000000,0.2000000,0.2100000,0.2000000,0.2100000,20.000
16265_090101_130416,D,20120621,000000,0.1942300,0.1942700,0.1942300,0.1942700,50.000
16265_090101_130416,D,20120703,000000,0.2088900,0.2100000,0.2088900,0.2100000,20.000
16265_090101_130416,D,20120705,000000,0.2499900,0.2500000,0.2100100,0.2100100,80.000
16265_090101_130416,D,20120709,000000,0.2200000,0.2599800,0.2200000,0.2250000,160.000
16265_090101_130416,D,20120710,000000,0.2000200,0.2100100,0.2000000,0.2100100,100.000
16265_090101_130416,D,20120713,000000,0.2599000,0.2600000,0.2599000,0.2600000,240.000
16265_090101_130416,D,20120717,000000,0.2250000,0.2250000,0.2200400,0.2250000,30.000
16265_090101_130416,D,20120718,000000,0.2399900,0.2400000,0.2399900,0.2400000,40.000
16265_090101_130416,D,20120719,000000,0.2444400,0.2700000,0.2444400,0.2700000,2.000.000
16265_090101_130416,D,20120723,000000,0.2210100,0.2210100,0.2210000,0.2210000,140.000
16265_090101_130416,D,20120724,000000,0.2299600,0.2350000,0.2299600,0.2300100,50.000
16265_090101_130416,D,20120725,000000,0.2300100,0.2300100,0.2250000,0.2250000,130.000
16265_090101_130416,D,20120726,000000,0.2212800,0.2212800,0.2212800,0.2212800,10.000
16265_090101_130416,D,20120730,000000,0.2389900,0.2442200,0.2350000,0.2350000,260.000
16265_090101_130416,D,20120802,000000,0.2439900,0.2440000,0.2439900,0.2440000,100.000
16265_090101_130416,D,20120803,000000,0.2450000,0.2800000,0.2300300,0.2440700,270.000
16265_090101_130416,D,20120806,000000,0.2699900,0.2700000,0.1920700,0.2699900,260.000
16265_090101_130416,D,20120807,000000,0.2300400,0.2300400,0.2300400,0.2300400,80.000
16265_090101_130416,D,20120808,000000,0.2488900,0.2488900,0.2354000,0.2371300,120.000
16265_090101_130416,D,20120816,000000,0.2939800,0.2939800,0.2939800,0.2939800,10.000
16265_090101_130416,D,20120817,000000,0.2500000,0.2500000,0.2500000,0.2500000,20.000
16265_090101_130416,D,20120828,000000,0.2226000,0.2226000,0.2226000,0.2226000,10.000
16265_090101_130416,D,20120903,000000,0.2599300,0.2599300,0.2230000,0.2230000,140.000
16265_090101_130416,D,20120904,000000,0.2167700,0.2167700,0.2167700,0.2167700,10.000
16265_090101_130416,D,20120912,000000,0.2200000,0.2200000,0.2150200,0.2150200,410.000
16265_090101_130416,D,20120913,000000,0.2190100,0.2190700,0.2190000,0.2190700,410.000
16265_090101_130416,D,20120917,000000,0.2310000,0.2310000,0.2310000,0.2310000,10.000
16265_090101_130416,D,20120918,000000,0.2699400,0.2699400,0.2130200,0.2130200,20.000
16265_090101_130416,D,20120921,000000,0.2300000,0.2300000,0.2300000,0.2300000,10.000
16265_090101_130416,D,20120925,000000,0.2200100,0.2200100,0.2200100,0.2200100,20.000
16265_090101_130416,D,20120927,000000,0.2329700,0.2330000,0.2329700,0.2330000,880.000
16265_090101_130416,D,20121001,000000,0.2799600,0.2799900,0.2177800,0.2177800,40.000
16265_090101_130416,D,20121002,000000,0.2450000,0.2450000,0.2450000,0.2450000,10.000
16265_090101_130416,D,20121004,000000,0.2440100,0.2440100,0.2440100,0.2440100,10.000
16265_090101_130416,D,20121008,000000,0.2550000,0.2550000,0.2200300,0.2400000,160.000
16265_090101_130416,D,20121009,000000,0.2450100,0.2450100,0.2300100,0.2300100,270.000
16265_090101_130416,D,20121010,000000,0.2205800,0.2205800,0.2205800,0.2205800,10.000
16265_090101_130416,D,20121011,000000,0.2799600,0.2799600,0.2253600,0.2253600,50.000
16265_090101_130416,D,20121012,000000,0.2380000,0.2399800,0.2379100,0.2399800,30.000
16265_090101_130416,D,20121015,000000,0.2799400,0.2799400,0.2280000,0.2280000,40.000
16265_090101_130416,D,20121018,000000,0.2400000,0.2798900,0.2400000,0.2798900,20.000
16265_090101_130416,D,20121024,000000,0.2300000,0.2300000,0.2300000,0.2300000,10.000
16265_090101_130416,D,20121029,000000,0.2195000,0.2400100,0.2195000,0.2400000,840.000
16265_090101_130416,D,20121031,000000,0.2195400,0.2799300,0.2195400,0.2799300,450.000
16265_090101_130416,D,20121101,000000,0.2255500,0.2255500,0.2255500,0.2255500,10.000
16265_090101_130416,D,20121107,000000,0.2195200,0.2201000,0.2195000,0.2195000,110.000
16265_090101_130416,D,20121112,000000,0.2194900,0.2195000,0.2194900,0.2195000,40.000
16265_090101_130416,D,20121116,000000,0.2000100,0.2000100,0.2000000,0.2000000,20.000
16265_090101_130416,D,20121119,000000,0.2000100,0.2000100,0.2000100,0.2000100,10.000
16265_090101_130416,D,20121121,000000,0.2000000,0.2000000,0.2000000,0.2000000,10.000
16265_090101_130416,D,20121122,000000,0.2000000,0.2000000,0.2000000,0.2000000,10.000
16265_090101_130416,D,20121126,000000,0.1830000,0.2298700,0.1830000,0.2298700,380.000
16265_090101_130416,D,20121128,000000,0.2100000,0.2348900,0.2099900,0.2348900,100.000
16265_090101_130416,D,20121130,000000,0.2140000,0.2398900,0.2100000,0.2398900,510.000
16265_090101_130416,D,20121203,000000,0.2159700,0.2170000,0.2159700,0.2159900,110.000
16265_090101_130416,D,20121205,000000,0.2429700,0.2940100,0.2429700,0.2940000,660.000
16265_090101_130416,D,20121206,000000,0.2525100,0.2525200,0.2525100,0.2525200,50.000
16265_090101_130416,D,20121211,000000,0.2940000,0.2940000,0.2940000,0.2940000,10.000
16265_090101_130416,D,20121213,000000,0.2130000,0.2600000,0.2077700,0.2110100,120.000
16265_090101_130416,D,20121214,000000,0.2190500,0.2600000,0.2190500,0.2200000,420.000
16265_090101_130416,D,20121217,000000,0.2550000,0.2826100,0.2120000,0.2120000,530.000
16265_090101_130416,D,20121221,000000,0.2200000,0.2200000,0.2200000,0.2200000,10.000
16265_090101_130416,D,20121224,000000,0.2190000,0.2190000,0.2190000,0.2190000,10.000
16265_090101_130416,D,20121225,000000,0.2096000,0.2180000,0.2096000,0.2180000,40.000
16265_090101_130416,D,20121226,000000,0.2369900,0.2370000,0.2369900,0.2370000,20.000
16265_090101_130416,D,20121228,000000,0.2299800,0.2300000,0.2060000,0.2060000,130.000
16265_090101_130416,D,20130108,000000,0.2587700,0.2587700,0.2060100,0.2060100,50.000
16265_090101_130416,D,20130110,000000,0.2100100,0.2100100,0.2100000,0.2100000,130.000
16265_090101_130416,D,20130114,000000,0.2299700,0.2300000,0.2200000,0.2200000,970.000
16265_090101_130416,D,20130116,000000,0.2299900,0.2300000,0.2299900,0.2300000,110.000
16265_090101_130416,D,20130117,000000,0.2303500,0.2303500,0.2130500,0.2239400,330.000
16265_090101_130416,D,20130121,000000,0.2239700,0.2245100,0.2239700,0.2244100,130.000
16265_090101_130416,D,20130122,000000,0.2230100,0.2230100,0.2230000,0.2230000,30.000
16265_090101_130416,D,20130128,000000,0.2272900,0.2273000,0.2200000,0.2250000,380.000
16265_090101_130416,D,20130129,000000,0.2185000,0.2299600,0.2131000,0.2299600,90.000
16265_090101_130416,D,20130130,000000,0.2092100,0.2209500,0.2092100,0.2209500,180.000
16265_090101_130416,D,20130131,000000,0.2140000,0.2187600,0.2100300,0.2187600,80.000
16265_090101_130416,D,20130201,000000,0.2060900,0.2100000,0.2060900,0.2090000,100.000
16265_090101_130416,D,20130204,000000,0.2259100,0.2282200,0.2100000,0.2189900,980.000
16265_090101_130416,D,20130205,000000,0.2100300,0.2150000,0.2100000,0.2150000,150.000
16265_090101_130416,D,20130208,000000,0.2149900,0.2150000,0.2149900,0.2150000,100.000
16265_090101_130416,D,20130211,000000,0.2249500,0.2282000,0.2249500,0.2282000,20.000
16265_090101_130416,D,20130212,000000,0.2277200,0.2449400,0.2277200,0.2449400,30.000
16265_090101_130416,D,20130213,000000,0.2248600,0.2498300,0.2210000,0.2210000,280.000
16265_090101_130416,D,20130214,000000,0.2494700,0.2494700,0.2250000,0.2480000,290.000
16265_090101_130416,D,20130215,000000,0.2250700,0.2329700,0.2060000,0.2250000,280.000
16265_090101_130416,D,20130220,000000,0.2116800,0.2116800,0.2116800,0.2116800,10.000
16265_090101_130416,D,20130221,000000,0.2115100,0.2300000,0.2115100,0.2250000,270.000
16265_090101_130416,D,20130222,000000,0.2350000,0.2350000,0.2230700,0.2230700,130.000
16265_090101_130416,D,20130227,000000,0.2130500,0.2130500,0.2115700,0.2115700,80.000
16265_090101_130416,D,20130228,000000,0.2209200,0.2209200,0.2101000,0.2101000,50.000
16265_090101_130416,D,20130301,000000,0.2008000,0.2139300,0.1920000,0.2137800,190.000
16265_090101_130416,D,20130304,000000,0.2002200,0.2089300,0.1920000,0.1920000,150.000
16265_090101_130416,D,20130306,000000,0.1933500,0.1933500,0.1920000,0.1920000,40.000
16265_090101_130416,D,20130307,000000,0.1902000,0.1902000,0.1901900,0.1901900,20.000
16265_090101_130416,D,20130311,000000,0.1900000,0.1900000,0.1900000,0.1900000,20.000
16265_090101_130416,D,20130318,000000,0.1770000,0.1800000,0.1570000,0.1720000,1.020.000
16265_090101_130416,D,20130325,000000,0.1750000,0.1750000,0.1750000,0.1750000,20.000
16265_090101_130416,D,20130326,000000,0.1700000,0.1700000,0.1700000,0.1700000,70.000
