<TICKER>,<PER>,<DATE>,<TIME>,<OPEN>,<HIGH>,<LOW>,<CLOSE>,<VOL>
16457_090101_130416,D,20090111,000000,0.5690000,0.5700000,0.4700000,0.4700000,1.100
16457_090101_130416,D,20090112,000000,0.6220000,0.6220000,0.6220000,0.6220000,100
16457_090101_130416,D,20090113,000000,0.6000000,0.6000000,0.6000000,0.6000000,100
16457_090101_130416,D,20090114,000000,0.6890000,0.6890000,0.6890000,0.6890000,100
16457_090101_130416,D,20090115,000000,0.6880000,0.6880000,0.6880000,0.6880000,100
16457_090101_130416,D,20090121,000000,0.6890000,0.6890000,0.6890000,0.6890000,200
16457_090101_130416,D,20090205,000000,0.7110000,0.7110000,0.7110000,0.7110000,500
16457_090101_130416,D,20090213,000000,0.5200000,0.5670000,0.4270000,0.5670000,46.700
16457_090101_130416,D,20090220,000000,0.5850000,0.6700000,0.3500000,0.5800000,900
16457_090101_130416,D,20090224,000000,0.5800000,0.5800000,0.5800000,0.5800000,100
16457_090101_130416,D,20090225,000000,0.5800000,0.5800000,0.5800000,0.5800000,100
16457_090101_130416,D,20090227,000000,0.6500000,0.6600000,0.3480000,0.4990000,13.300
16457_090101_130416,D,20090302,000000,0.6000000,0.6000000,0.6000000,0.6000000,100
16457_090101_130416,D,20090306,000000,0.6970000,0.6970000,0.6970000,0.6970000,100
16457_090101_130416,D,20090311,000000,0.6970000,0.6970000,0.6970000,0.6970000,100
16457_090101_130416,D,20090313,000000,0.6980000,0.6980000,0.6980000,0.6980000,400
16457_090101_130416,D,20090316,000000,0.5990000,0.5990000,0.5760000,0.5900000,1.100
16457_090101_130416,D,20090319,000000,0.5020000,0.5890000,0.5010000,0.5890000,1.400
16457_090101_130416,D,20090320,000000,0.5040000,0.5870000,0.3530000,0.3750000,54.000
16457_090101_130416,D,20090323,000000,0.4700000,0.5260000,0.4480000,0.5260000,57.700
16457_090101_130416,D,20090324,000000,0.5170000,0.5170000,0.5000000,0.5000000,20.300
16457_090101_130416,D,20090325,000000,0.4000000,0.5000000,0.4000000,0.5000000,4.000
16457_090101_130416,D,20090326,000000,0.5100000,0.5100000,0.5100000,0.5100000,100
16457_090101_130416,D,20090327,000000,0.6880000,0.6890000,0.6000000,0.6000000,39.200
16457_090101_130416,D,20090408,000000,0.6800000,0.6800000,0.6500000,0.6610000,300
16457_090101_130416,D,20090409,000000,0.5010000,0.6560000,0.5010000,0.6560000,200
16457_090101_130416,D,20090410,000000,0.6000000,0.6200000,0.6000000,0.6200000,1.300
16457_090101_130416,D,20090413,000000,0.5720000,0.5720000,0.5720000,0.5720000,500
16457_090101_130416,D,20090414,000000,0.6960000,0.7240000,0.6960000,0.7230000,10.300
16457_090101_130416,D,20090415,000000,0.7000000,1.0120000,0.7000000,1.0120000,234.700
16457_090101_130416,D,20090416,000000,1.0690000,1.2970000,0.9550000,1.1000000,88.600
16457_090101_130416,D,20090417,000000,1.1500000,1.1500000,1.0000000,1.0000000,19.000
16457_090101_130416,D,20090424,000000,1.0710000,1.0840000,1.0710000,1.0840000,29.400
16457_090101_130416,D,20090428,000000,0.8000000,0.8080000,0.8000000,0.8080000,29.200
16457_090101_130416,D,20090429,000000,1.0600000,1.0600000,1.0600000,1.0600000,28.000
16457_090101_130416,D,20090506,000000,0.7570000,0.7600000,0.7570000,0.7600000,36.300
16457_090101_130416,D,20090507,000000,0.7600000,0.7700000,0.7600000,0.7630000,68.500
16457_090101_130416,D,20090508,000000,0.9980000,0.9980000,0.7770000,0.9900000,32.600
16457_090101_130416,D,20090512,000000,0.7610000,0.7610000,0.7610000,0.7610000,400
16457_090101_130416,D,20090513,000000,0.9920000,0.9920000,0.7540000,0.7600000,22.800
16457_090101_130416,D,20090515,000000,0.9890000,0.9890000,0.9890000,0.9890000,100
16457_090101_130416,D,20090519,000000,0.7510000,0.9870000,0.7500000,0.9800000,62.200
16457_090101_130416,D,20090520,000000,0.9950000,0.9950000,0.9950000,0.9950000,100
16457_090101_130416,D,20090521,000000,1.0120000,1.0120000,1.0090000,1.0090000,2.600
16457_090101_130416,D,20090522,000000,1.0090000,1.0100000,1.0090000,1.0100000,500
16457_090101_130416,D,20090525,000000,1.0040000,1.0040000,0.7570000,0.7900000,5.200
16457_090101_130416,D,20090526,000000,1.0030000,1.0030000,1.0030000,1.0030000,100
16457_090101_130416,D,20090527,000000,0.9960000,0.9960000,0.8050000,0.9480000,11.500
16457_090101_130416,D,20090528,000000,0.9960000,0.9960000,0.9960000,0.9960000,100
16457_090101_130416,D,20090529,000000,0.9970000,0.9970000,0.9970000,0.9970000,100
16457_090101_130416,D,20090601,000000,1.0010000,1.0020000,0.9980000,0.9990000,1.400
16457_090101_130416,D,20090602,000000,0.7580000,0.9880000,0.7580000,0.9880000,2.300
16457_090101_130416,D,20090611,000000,0.9390000,0.9390000,0.8100000,0.8100000,30.100
16457_090101_130416,D,20090617,000000,0.6970000,0.7000000,0.5200000,0.7000000,92.900
16457_090101_130416,D,20090619,000000,0.6500000,0.7000000,0.6020000,0.7000000,9.500
16457_090101_130416,D,20090622,000000,0.8000000,0.8700000,0.7000000,0.7000000,49.500
16457_090101_130416,D,20090626,000000,0.7770000,0.7770000,0.6100000,0.6530000,59.500
16457_090101_130416,D,20090629,000000,0.7450000,0.7750000,0.6100000,0.6100000,64.500
16457_090101_130416,D,20090630,000000,0.6200000,0.6200000,0.6200000,0.6200000,100
16457_090101_130416,D,20090706,000000,0.6020000,0.6020000,0.5300000,0.5300000,4.700
16457_090101_130416,D,20090707,000000,0.6540000,0.6540000,0.6540000,0.6540000,100
16457_090101_130416,D,20090708,000000,0.5990000,0.5990000,0.5000000,0.5400000,42.900
16457_090101_130416,D,20090709,000000,0.5870000,0.5880000,0.5870000,0.5880000,2.400
16457_090101_130416,D,20090713,000000,0.5850000,0.5860000,0.5850000,0.5860000,5.700
16457_090101_130416,D,20090714,000000,0.3710000,0.4100000,0.3700000,0.4100000,60.500
16457_090101_130416,D,20090715,000000,0.5070000,0.5690000,0.5070000,0.5690000,300
16457_090101_130416,D,20090716,000000,0.5730000,0.5730000,0.5730000,0.5730000,100
16457_090101_130416,D,20090717,000000,0.5710000,0.5710000,0.5710000,0.5710000,100
16457_090101_130416,D,20090720,000000,0.5740000,0.5990000,0.5500000,0.5500000,8.200
16457_090101_130416,D,20090721,000000,0.5050000,0.5310000,0.5050000,0.5280000,8.400
16457_090101_130416,D,20090723,000000,0.5270000,0.5270000,0.5200000,0.5200000,5.900
16457_090101_130416,D,20090724,000000,0.5040000,0.5040000,0.4990000,0.5000000,19.200
16457_090101_130416,D,20090727,000000,0.6000000,0.6530000,0.6000000,0.6530000,55.600
16457_090101_130416,D,20090729,000000,0.6530000,0.6550000,0.6530000,0.6550000,400
16457_090101_130416,D,20090803,000000,0.5110000,0.6390000,0.5110000,0.6380000,15.200
16457_090101_130416,D,20090806,000000,0.5040000,0.5060000,0.5040000,0.5050000,9.600
16457_090101_130416,D,20090810,000000,0.5100000,0.5100000,0.5050000,0.5050000,55.100
16457_090101_130416,D,20090811,000000,0.5900000,0.5900000,0.5800000,0.5800000,55.200
16457_090101_130416,D,20090812,000000,0.5750000,0.7070000,0.5750000,0.7070000,600
16457_090101_130416,D,20090819,000000,0.6010000,0.6990000,0.6000000,0.6990000,12.800
16457_090101_130416,D,20090821,000000,0.6910000,0.7000000,0.5280000,0.6990000,17.800
16457_090101_130416,D,20090825,000000,0.7020000,0.7020000,0.7020000,0.7020000,100
16457_090101_130416,D,20090826,000000,0.7330000,0.7330000,0.6200000,0.6990000,1.800
16457_090101_130416,D,20090828,000000,0.6990000,0.6990000,0.6970000,0.6970000,200
16457_090101_130416,D,20090831,000000,0.6870000,0.6870000,0.6870000,0.6870000,100
16457_090101_130416,D,20090901,000000,0.5140000,0.6940000,0.5140000,0.6940000,58.900
16457_090101_130416,D,20090904,000000,0.6900000,0.6920000,0.6900000,0.6920000,55.000
16457_090101_130416,D,20090909,000000,0.6930000,0.7200000,0.6810000,0.7200000,115.600
16457_090101_130416,D,20090914,000000,0.7500000,0.7500000,0.7480000,0.7490000,10.800
16457_090101_130416,D,20090915,000000,0.7980000,0.7990000,0.7980000,0.7990000,2.500
16457_090101_130416,D,20090916,000000,0.7030000,0.9390000,0.7030000,0.7500000,104.600
16457_090101_130416,D,20090917,000000,0.7060000,0.8320000,0.7060000,0.8300000,123.300
16457_090101_130416,D,20090918,000000,0.7370000,0.8880000,0.7370000,0.8880000,26.900
16457_090101_130416,D,20090921,000000,0.7490000,0.7490000,0.7480000,0.7480000,2.300
16457_090101_130416,D,20090923,000000,0.8840000,0.8860000,0.8770000,0.8770000,5.300
16457_090101_130416,D,20090924,000000,0.8830000,0.9000000,0.6770000,0.8990000,159.700
16457_090101_130416,D,20090925,000000,0.7510000,0.8200000,0.7070000,0.7700000,198.400
16457_090101_130416,D,20090928,000000,0.7800000,0.7800000,0.7800000,0.7800000,25.600
16457_090101_130416,D,20091001,000000,0.8450000,0.8450000,0.8390000,0.8450000,68.700
16457_090101_130416,D,20091005,000000,0.7500000,0.8500000,0.7500000,0.8430000,34.900
16457_090101_130416,D,20091006,000000,0.8500000,0.8670000,0.8000000,0.8000000,36.600
16457_090101_130416,D,20091007,000000,0.8520000,0.8530000,0.8520000,0.8530000,152.200
16457_090101_130416,D,20091008,000000,0.8200000,0.8450000,0.8150000,0.8450000,2.500
16457_090101_130416,D,20091009,000000,0.8080000,0.8080000,0.8080000,0.8080000,200
16457_090101_130416,D,20091014,000000,0.8500000,0.8500000,0.8500000,0.8500000,1.600
16457_090101_130416,D,20091015,000000,0.8500000,0.8880000,0.8500000,0.8880000,53.600
16457_090101_130416,D,20091016,000000,0.8530000,0.8530000,0.8500000,0.8500000,50.500
16457_090101_130416,D,20091020,000000,0.8490000,0.8490000,0.8490000,0.8490000,100
16457_090101_130416,D,20091021,000000,0.8000000,0.8290000,0.8000000,0.8190000,300
16457_090101_130416,D,20091022,000000,0.8290000,0.8290000,0.7920000,0.7920000,11.200
16457_090101_130416,D,20091026,000000,0.8000000,0.8360000,0.8000000,0.8360000,5.400
16457_090101_130416,D,20091027,000000,0.8050000,0.8050000,0.7900000,0.7900000,14.500
16457_090101_130416,D,20091028,000000,0.8000000,0.8000000,0.8000000,0.8000000,100
16457_090101_130416,D,20091029,000000,0.7910000,0.7910000,0.7900000,0.7900000,8.800
16457_090101_130416,D,20091102,000000,0.8000000,0.8000000,0.7780000,0.7780000,36.000
16457_090101_130416,D,20091103,000000,0.7790000,0.7790000,0.6010000,0.6300000,198.100
16457_090101_130416,D,20091105,000000,0.6400000,0.6850000,0.5910000,0.6740000,85.400
16457_090101_130416,D,20091106,000000,0.6710000,0.7210000,0.6500000,0.7210000,10.100
16457_090101_130416,D,20091109,000000,0.7330000,0.7500000,0.7000000,0.7000000,83.100
16457_090101_130416,D,20091110,000000,0.7010000,0.7010000,0.7000000,0.7000000,6.100
16457_090101_130416,D,20091111,000000,0.7490000,0.7490000,0.7490000,0.7490000,100
16457_090101_130416,D,20091112,000000,0.6790000,0.7390000,0.6300000,0.7250000,260.200
16457_090101_130416,D,20091113,000000,0.7000000,0.7000000,0.7000000,0.7000000,100
16457_090101_130416,D,20091116,000000,0.7060000,0.7060000,0.6610000,0.7000000,99.000
16457_090101_130416,D,20091117,000000,0.7100000,0.7100000,0.7100000,0.7100000,100
16457_090101_130416,D,20091118,000000,0.7090000,0.7090000,0.6710000,0.7000000,800
16457_090101_130416,D,20091119,000000,0.7080000,0.7080000,0.6710000,0.6980000,5.300
16457_090101_130416,D,20091120,000000,0.6620000,0.6800000,0.6620000,0.6800000,3.800
16457_090101_130416,D,20091123,000000,0.6890000,0.6890000,0.6890000,0.6890000,100
16457_090101_130416,D,20091124,000000,0.6980000,0.6980000,0.6980000,0.6980000,100
16457_090101_130416,D,20091125,000000,0.6850000,0.6850000,0.6850000,0.6850000,100
16457_090101_130416,D,20091127,000000,0.6890000,0.6890000,0.6890000,0.6890000,100
16457_090101_130416,D,20091201,000000,0.6990000,0.6990000,0.6850000,0.6850000,136.200
16457_090101_130416,D,20091202,000000,0.6950000,0.6950000,0.6950000,0.6950000,100
16457_090101_130416,D,20091203,000000,0.7100000,0.7100000,0.6100000,0.7080000,72.200
16457_090101_130416,D,20091204,000000,0.6850000,0.7060000,0.6260000,0.7060000,221.300
16457_090101_130416,D,20091207,000000,0.7000000,0.7100000,0.7000000,0.7090000,81.600
16457_090101_130416,D,20091208,000000,0.7090000,0.7100000,0.6060000,0.7090000,152.800
16457_090101_130416,D,20091209,000000,0.6940000,0.7090000,0.6940000,0.7080000,116.800
16457_090101_130416,D,20091210,000000,0.7090000,0.7090000,0.7090000,0.7090000,100
16457_090101_130416,D,20091211,000000,0.7080000,0.8500000,0.7080000,0.8420000,133.800
16457_090101_130416,D,20091214,000000,0.7670000,0.8500000,0.6980000,0.7790000,149.000
16457_090101_130416,D,20091215,000000,0.7930000,0.8430000,0.7930000,0.8100000,71.300
16457_090101_130416,D,20091216,000000,0.7340000,0.8200000,0.7340000,0.8200000,4.400
16457_090101_130416,D,20091217,000000,0.7750000,0.8440000,0.7680000,0.8180000,1.500
16457_090101_130416,D,20091218,000000,0.8170000,0.8200000,0.7050000,0.7050000,66.400
16457_090101_130416,D,20091221,000000,0.7070000,0.7070000,0.7070000,0.7070000,1.500
16457_090101_130416,D,20091222,000000,0.7080000,0.7080000,0.6620000,0.6620000,4.800
16457_090101_130416,D,20091223,000000,0.6610000,0.7190000,0.5360000,0.7160000,76.000
16457_090101_130416,D,20091224,000000,0.6970000,0.6990000,0.6970000,0.6990000,400
16457_090101_130416,D,20091225,000000,0.7130000,0.7160000,0.7130000,0.7160000,200
16457_090101_130416,D,20091228,000000,0.6900000,0.7000000,0.5550000,0.7000000,132.900
16457_090101_130416,D,20091229,000000,0.6990000,0.7160000,0.6830000,0.6980000,12.400
16457_090101_130416,D,20091230,000000,0.6700000,0.7400000,0.6700000,0.7400000,177.100
16457_090101_130416,D,20091231,000000,0.6990000,0.7440000,0.6630000,0.7440000,7.000
16457_090101_130416,D,20100111,000000,0.7500000,0.8200000,0.7400000,0.8200000,115.000
16457_090101_130416,D,20100112,000000,0.9000000,0.9000000,0.6890000,0.7710000,81.900
16457_090101_130416,D,20100113,000000,0.7890000,0.7890000,0.7890000,0.7890000,100
16457_090101_130416,D,20100114,000000,0.7980000,0.7980000,0.7470000,0.7930000,1.600
16457_090101_130416,D,20100115,000000,0.7930000,0.8500000,0.7110000,0.7670000,381.900
16457_090101_130416,D,20100118,000000,0.7250000,0.7800000,0.7200000,0.7800000,327.300
16457_090101_130416,D,20100119,000000,0.7420000,0.7800000,0.7420000,0.7800000,4.000
16457_090101_130416,D,20100120,000000,0.7520000,0.9110000,0.7520000,0.8530000,295.900
16457_090101_130416,D,20100121,000000,0.9220000,0.9320000,0.8400000,0.9190000,351.500
16457_090101_130416,D,20100122,000000,0.9330000,0.9500000,0.9000000,0.9000000,151.500
16457_090101_130416,D,20100125,000000,0.8910000,0.8910000,0.8820000,0.8820000,26.900
16457_090101_130416,D,20100126,000000,0.8510000,0.8510000,0.8510000,0.8510000,1.800
16457_090101_130416,D,20100127,000000,0.8570000,0.8570000,0.8540000,0.8540000,91.200
16457_090101_130416,D,20100128,000000,0.9400000,0.9500000,0.8540000,0.9320000,474.600
16457_090101_130416,D,20100129,000000,0.9000000,0.9250000,0.9000000,0.9250000,10.100
16457_090101_130416,D,20100201,000000,0.9050000,0.9390000,0.9000000,0.9390000,18.300
16457_090101_130416,D,20100202,000000,0.9060000,0.9100000,0.9060000,0.9060000,7.500
16457_090101_130416,D,20100203,000000,0.9110000,0.9110000,0.9000000,0.9000000,5.200
16457_090101_130416,D,20100204,000000,0.9100000,0.9220000,0.9000000,0.9220000,151.300
16457_090101_130416,D,20100205,000000,0.9000000,0.9100000,0.8700000,0.9000000,199.500
16457_090101_130416,D,20100208,000000,0.9170000,0.9170000,0.9080000,0.9080000,12.700
16457_090101_130416,D,20100209,000000,0.9060000,0.9060000,0.9040000,0.9040000,5.700
16457_090101_130416,D,20100211,000000,0.9040000,0.9040000,0.8940000,0.8940000,200
16457_090101_130416,D,20100212,000000,0.9020000,0.9020000,0.9020000,0.9020000,400
16457_090101_130416,D,20100215,000000,0.9040000,0.9200000,0.7200000,0.8840000,201.900
16457_090101_130416,D,20100216,000000,0.8860000,0.9310000,0.8700000,0.9310000,13.100
16457_090101_130416,D,20100217,000000,0.9430000,0.9500000,0.9350000,0.9350000,69.100
16457_090101_130416,D,20100218,000000,0.9480000,0.9480000,0.9480000,0.9480000,6.800
16457_090101_130416,D,20100224,000000,0.9500000,0.9500000,0.9500000,0.9500000,2.700
16457_090101_130416,D,20100225,000000,0.9550000,0.9700000,0.9550000,0.9700000,5.300
16457_090101_130416,D,20100227,000000,0.9770000,1.0550000,0.9770000,1.0500000,6.200
16457_090101_130416,D,20100302,000000,0.9460000,1.0000000,0.9050000,1.0000000,132.700
16457_090101_130416,D,20100303,000000,0.9990000,0.9990000,0.9990000,0.9990000,600
16457_090101_130416,D,20100304,000000,0.9890000,0.9900000,0.9510000,0.9510000,12.900
16457_090101_130416,D,20100305,000000,0.9800000,1.0220000,0.9640000,1.0220000,26.000
16457_090101_130416,D,20100309,000000,0.9570000,0.9600000,0.9410000,0.9470000,35.000
16457_090101_130416,D,20100312,000000,0.9580000,0.9780000,0.9580000,0.9770000,5.500
16457_090101_130416,D,20100316,000000,0.9900000,0.9900000,0.9500000,0.9500000,10.200
16457_090101_130416,D,20100317,000000,0.9600000,1.0000000,0.9600000,1.0000000,20.000
16457_090101_130416,D,20100318,000000,0.9960000,1.0100000,0.9960000,1.0070000,36.000
16457_090101_130416,D,20100323,000000,1.0000000,1.0000000,1.0000000,1.0000000,100.000
16457_090101_130416,D,20100324,000000,1.0000000,1.0880000,1.0000000,1.0880000,77.000
16457_090101_130416,D,20100325,000000,1.0550000,1.0580000,1.0120000,1.0580000,4.000
16457_090101_130416,D,20100326,000000,1.0600000,1.0600000,1.0490000,1.0510000,11.000
16457_090101_130416,D,20100329,000000,1.0920000,1.0920000,1.0500000,1.0500000,10.500
16457_090101_130416,D,20100330,000000,1.0910000,1.0920000,1.0910000,1.0920000,800
16457_090101_130416,D,20100331,000000,1.0570000,1.0570000,1.0570000,1.0570000,200
16457_090101_130416,D,20100401,000000,1.0970000,1.0970000,1.0650000,1.0650000,10.200
16457_090101_130416,D,20100402,000000,1.0970000,1.1490000,1.0970000,1.1490000,8.000
16457_090101_130416,D,20100405,000000,1.1400000,1.2490000,1.1400000,1.2490000,421.500
16457_090101_130416,D,20100406,000000,1.1900000,1.2400000,1.1890000,1.2400000,1.000
16457_090101_130416,D,20100407,000000,1.2000000,1.2000000,1.1980000,1.2000000,104.800
16457_090101_130416,D,20100408,000000,1.1470000,1.1900000,1.1140000,1.1900000,1.400
16457_090101_130416,D,20100409,000000,1.1880000,1.2200000,1.1300000,1.2150000,41.000
16457_090101_130416,D,20100412,000000,1.1950000,1.1950000,1.0440000,1.0640000,462.100
16457_090101_130416,D,20100413,000000,1.0690000,1.1390000,1.0620000,1.1270000,370.100
16457_090101_130416,D,20100414,000000,1.1440000,1.1590000,1.0900000,1.1550000,32.000
16457_090101_130416,D,20100415,000000,1.1620000,1.1800000,1.1020000,1.1640000,31.700
16457_090101_130416,D,20100416,000000,1.0980000,1.0980000,1.0490000,1.0690000,389.000
16457_090101_130416,D,20100419,000000,1.0300000,1.0800000,1.0150000,1.0700000,2.100
16457_090101_130416,D,20100420,000000,1.0700000,1.0700000,1.0310000,1.0490000,22.500
16457_090101_130416,D,20100421,000000,1.0150000,1.0490000,1.0150000,1.0490000,87.000
16457_090101_130416,D,20100422,000000,1.0160000,1.0290000,0.9760000,1.0100000,55.100
16457_090101_130416,D,20100423,000000,1.0090000,1.0100000,0.9500000,1.0070000,135.300
16457_090101_130416,D,20100426,000000,1.0100000,1.0160000,1.0100000,1.0160000,14.300
16457_090101_130416,D,20100427,000000,1.0000000,1.0000000,0.9510000,0.9750000,18.000
16457_090101_130416,D,20100428,000000,0.9220000,0.9420000,0.9010000,0.9400000,89.500
16457_090101_130416,D,20100429,000000,0.9690000,0.9690000,0.9210000,0.9350000,17.300
16457_090101_130416,D,20100430,000000,0.9320000,0.9320000,0.9320000,0.9320000,100
16457_090101_130416,D,20100504,000000,0.9340000,1.0070000,0.9340000,0.9570000,130.500
16457_090101_130416,D,20100505,000000,0.9570000,0.9570000,0.8590000,0.8590000,800
16457_090101_130416,D,20100506,000000,0.9560000,0.9560000,0.9560000,0.9560000,100
16457_090101_130416,D,20100507,000000,0.8320000,0.9440000,0.8310000,0.8910000,7.500
16457_090101_130416,D,20100511,000000,0.9460000,0.9460000,0.9340000,0.9340000,200
16457_090101_130416,D,20100512,000000,0.9180000,0.9180000,0.8020000,0.8800000,4.000
16457_090101_130416,D,20100513,000000,0.9440000,0.9440000,0.8140000,0.8300000,7.400
16457_090101_130416,D,20100514,000000,0.9390000,0.9390000,0.9350000,0.9350000,2.100
16457_090101_130416,D,20100517,000000,0.9190000,0.9190000,0.9150000,0.9150000,10.000
16457_090101_130416,D,20100518,000000,0.9390000,0.9390000,0.9390000,0.9390000,100
16457_090101_130416,D,20100519,000000,0.9290000,0.9290000,0.9290000,0.9290000,100
16457_090101_130416,D,20100520,000000,0.9340000,0.9340000,0.8500000,0.8500000,101.600
16457_090101_130416,D,20100521,000000,0.9400000,0.9400000,0.8370000,0.9370000,400
16457_090101_130416,D,20100524,000000,0.9220000,0.9220000,0.9220000,0.9220000,100
16457_090101_130416,D,20100525,000000,0.9190000,0.9320000,0.8280000,0.9320000,2.200
16457_090101_130416,D,20100526,000000,0.9230000,0.9230000,0.8490000,0.8500000,28.700
16457_090101_130416,D,20100527,000000,0.8500000,0.8500000,0.7910000,0.8500000,31.900
16457_090101_130416,D,20100528,000000,0.8310000,0.8310000,0.8310000,0.8310000,150.000
16457_090101_130416,D,20100604,000000,0.9000000,0.9000000,0.9000000,0.9000000,100
16457_090101_130416,D,20100607,000000,0.8800000,0.8800000,0.8080000,0.8130000,2.100
16457_090101_130416,D,20100608,000000,0.9080000,0.9170000,0.9000000,0.9080000,500
16457_090101_130416,D,20100609,000000,0.9090000,0.9110000,0.9090000,0.9110000,32.600
16457_090101_130416,D,20100610,000000,0.8990000,0.8990000,0.8990000,0.8990000,100
16457_090101_130416,D,20100611,000000,0.8990000,0.9000000,0.8990000,0.9000000,40.200
16457_090101_130416,D,20100615,000000,0.9150000,0.9150000,0.9150000,0.9150000,100
16457_090101_130416,D,20100616,000000,0.9170000,0.9170000,0.9170000,0.9170000,100
16457_090101_130416,D,20100617,000000,0.9330000,0.9330000,0.9020000,0.9020000,200
16457_090101_130416,D,20100618,000000,0.9400000,0.9400000,0.9400000,0.9400000,100
16457_090101_130416,D,20100621,000000,0.9380000,0.9770000,0.9030000,0.9030000,74.100
16457_090101_130416,D,20100622,000000,0.9600000,0.9600000,0.9600000,0.9600000,100
16457_090101_130416,D,20100623,000000,0.9600000,0.9700000,0.9160000,0.9210000,46.400
16457_090101_130416,D,20100624,000000,1.0280000,1.0280000,0.9400000,0.9990000,38.100
16457_090101_130416,D,20100625,000000,1.0280000,1.0280000,0.9510000,0.9890000,700
16457_090101_130416,D,20100628,000000,1.0190000,1.0200000,0.9660000,0.9700000,34.500
16457_090101_130416,D,20100629,000000,1.0060000,1.1000000,0.9610000,0.9680000,213.300
16457_090101_130416,D,20100630,000000,0.9920000,1.0590000,0.9710000,0.9710000,10.700
16457_090101_130416,D,20100701,000000,1.1000000,1.1000000,0.9950000,0.9950000,104.000
16457_090101_130416,D,20100702,000000,1.0000000,1.0700000,0.9980000,1.0700000,33.600
16457_090101_130416,D,20100705,000000,1.0970000,1.0970000,1.0970000,1.0970000,100
16457_090101_130416,D,20100706,000000,1.0970000,1.0970000,1.0970000,1.0970000,300
16457_090101_130416,D,20100707,000000,1.0970000,1.1110000,1.0470000,1.0470000,105.800
16457_090101_130416,D,20100708,000000,1.0990000,1.1000000,1.0990000,1.1000000,9.100
16457_090101_130416,D,20100709,000000,1.0970000,1.0970000,1.0970000,1.0970000,100
16457_090101_130416,D,20100712,000000,1.1000000,1.1000000,1.0500000,1.0990000,6.000
16457_090101_130416,D,20100713,000000,1.1000000,1.1000000,1.1000000,1.1000000,100
16457_090101_130416,D,20100714,000000,1.1000000,1.1000000,1.1000000,1.1000000,100
16457_090101_130416,D,20100716,000000,1.0900000,1.1000000,0.9560000,1.1000000,12.100
16457_090101_130416,D,20100719,000000,1.1000000,1.1000000,1.1000000,1.1000000,100
16457_090101_130416,D,20100720,000000,1.0950000,1.1000000,1.0950000,1.1000000,99.100
16457_090101_130416,D,20100722,000000,1.1600000,1.1600000,1.1600000,1.1600000,100
16457_090101_130416,D,20100727,000000,1.0010000,1.0010000,1.0010000,1.0010000,600
16457_090101_130416,D,20100728,000000,1.0280000,1.0500000,1.0190000,1.0190000,1.100
16457_090101_130416,D,20100729,000000,1.0600000,1.1590000,1.0600000,1.1590000,10.600
16457_090101_130416,D,20100803,000000,1.1210000,1.1210000,1.1210000,1.1210000,5.500
16457_090101_130416,D,20100806,000000,1.1800000,1.1800000,1.1800000,1.1800000,1.500
16457_090101_130416,D,20100809,000000,1.1750000,1.1990000,1.1750000,1.1990000,35.000
16457_090101_130416,D,20100812,000000,1.1180000,1.2220000,1.1180000,1.2220000,200
16457_090101_130416,D,20100813,000000,1.1270000,1.1270000,1.1270000,1.1270000,5.500
16457_090101_130416,D,20100816,000000,1.1960000,1.1960000,1.1490000,1.1610000,2.800
16457_090101_130416,D,20100817,000000,1.1600000,1.1600000,1.1600000,1.1600000,200
16457_090101_130416,D,20100818,000000,1.1490000,1.1800000,1.1080000,1.1610000,24.900
16457_090101_130416,D,20100819,000000,1.1730000,1.2200000,1.1730000,1.1960000,22.500
16457_090101_130416,D,20100820,000000,1.2080000,1.2080000,1.1960000,1.1960000,200
16457_090101_130416,D,20100823,000000,1.2080000,1.2080000,1.1230000,1.1230000,300
16457_090101_130416,D,20100824,000000,1.2490000,1.2500000,1.2490000,1.2500000,1.400
16457_090101_130416,D,20100825,000000,1.1190000,1.1990000,1.1180000,1.1990000,35.000
16457_090101_130416,D,20100826,000000,1.1700000,1.2080000,1.1700000,1.2080000,1.900
16457_090101_130416,D,20100827,000000,1.2000000,1.2000000,1.2000000,1.2000000,800
16457_090101_130416,D,20100830,000000,1.1080000,1.2590000,1.0820000,1.2470000,2.400
16457_090101_130416,D,20100831,000000,1.1980000,1.2070000,1.1980000,1.2070000,32.100
16457_090101_130416,D,20100901,000000,1.2060000,1.2070000,1.2060000,1.2070000,30.000
16457_090101_130416,D,20100902,000000,1.1190000,1.2240000,1.1190000,1.2240000,20.100
16457_090101_130416,D,20100906,000000,1.2200000,1.2200000,1.2200000,1.2200000,100
16457_090101_130416,D,20100907,000000,1.2220000,1.2220000,1.1980000,1.1980000,500
16457_090101_130416,D,20100908,000000,1.1860000,1.1860000,1.1000000,1.1860000,500
16457_090101_130416,D,20100909,000000,1.1780000,1.2180000,1.1780000,1.2060000,132.500
16457_090101_130416,D,20100910,000000,1.2060000,1.2200000,1.1980000,1.2200000,122.800
16457_090101_130416,D,20100913,000000,1.1990000,1.1990000,1.1980000,1.1980000,200
16457_090101_130416,D,20100914,000000,1.2100000,1.2220000,1.2100000,1.2100000,300
16457_090101_130416,D,20100915,000000,1.2220000,1.2220000,1.1980000,1.1980000,300
16457_090101_130416,D,20100917,000000,1.2380000,1.2380000,1.1280000,1.1280000,20.000
16457_090101_130416,D,20100920,000000,1.2100000,1.2390000,1.2100000,1.2390000,6.000
16457_090101_130416,D,20100921,000000,1.2000000,1.2500000,1.2000000,1.2500000,65.300
16457_090101_130416,D,20100922,000000,1.2220000,1.2220000,1.2000000,1.2220000,1.300
16457_090101_130416,D,20100923,000000,1.1980000,1.1980000,1.1860000,1.1860000,600
16457_090101_130416,D,20100924,000000,1.1860000,1.2500000,1.1730000,1.1860000,45.400
16457_090101_130416,D,20100927,000000,1.1980000,1.4900000,1.1980000,1.3410000,142.000
16457_090101_130416,D,20100928,000000,1.2700000,1.4330000,1.2700000,1.4330000,42.500
16457_090101_130416,D,20100929,000000,1.4340000,1.5190000,1.4340000,1.4770000,26.000
16457_090101_130416,D,20100930,000000,1.5000000,1.5500000,1.5000000,1.5340000,106.800
16457_090101_130416,D,20101001,000000,1.5190000,1.5190000,1.4250000,1.4990000,800
16457_090101_130416,D,20101004,000000,1.5040000,1.5150000,1.4890000,1.4890000,300
16457_090101_130416,D,20101005,000000,1.4740000,1.4740000,1.4600000,1.4740000,300
16457_090101_130416,D,20101006,000000,1.4890000,1.4890000,1.4090000,1.4730000,17.200
16457_090101_130416,D,20101007,000000,1.4740000,1.4740000,1.4450000,1.4550000,1.000
16457_090101_130416,D,20101008,000000,1.4600000,1.4740000,1.4600000,1.4740000,900
16457_090101_130416,D,20101011,000000,1.4600000,1.4740000,1.4500000,1.4600000,15.600
16457_090101_130416,D,20101012,000000,1.4450000,1.4550000,1.4450000,1.4550000,200
16457_090101_130416,D,20101013,000000,1.4600000,1.6200000,1.4600000,1.6160000,82.700
16457_090101_130416,D,20101014,000000,1.6400000,1.6400000,1.5550000,1.5550000,14.400
16457_090101_130416,D,20101015,000000,1.4920000,1.6000000,1.4920000,1.6000000,8.100
16457_090101_130416,D,20101018,000000,1.5000000,1.5000000,1.5000000,1.5000000,1.200
16457_090101_130416,D,20101019,000000,1.4990000,1.5800000,1.4990000,1.5800000,8.900
16457_090101_130416,D,20101025,000000,1.5880000,1.6200000,1.5880000,1.6200000,1.000
16457_090101_130416,D,20101027,000000,1.6290000,1.6290000,1.5990000,1.5990000,300
16457_090101_130416,D,20101028,000000,1.5090000,1.6300000,1.5090000,1.6300000,200
16457_090101_130416,D,20101029,000000,1.6000000,1.6300000,1.6000000,1.6300000,200
16457_090101_130416,D,20101101,000000,1.6320000,1.6320000,1.5990000,1.6000000,54.400
16457_090101_130416,D,20101102,000000,1.6000000,1.8290000,1.6000000,1.6280000,234.800
16457_090101_130416,D,20101103,000000,1.6210000,1.6700000,1.6210000,1.6700000,300
16457_090101_130416,D,20101109,000000,1.6000000,1.6490000,1.6000000,1.6300000,45.500
16457_090101_130416,D,20101110,000000,1.5500000,1.6270000,1.5450000,1.6260000,16.900
16457_090101_130416,D,20101111,000000,1.6250000,1.6480000,1.5520000,1.5960000,25.800
16457_090101_130416,D,20101112,000000,1.6670000,1.6670000,1.6670000,1.6670000,100
16457_090101_130416,D,20101113,000000,1.5480000,1.6400000,1.5480000,1.6400000,30.800
16457_090101_130416,D,20101115,000000,1.6220000,1.7790000,1.5260000,1.7790000,101.000
16457_090101_130416,D,20101116,000000,1.8010000,2.4780000,1.7120000,2.3140000,456.400
16457_090101_130416,D,20101117,000000,2.4510000,2.8000000,2.0400000,2.5310000,444.700
16457_090101_130416,D,20101118,000000,2.7400000,2.7400000,2.0500000,2.3600000,109.000
16457_090101_130416,D,20101119,000000,2.1580000,2.4380000,2.0000000,2.3850000,201.300
16457_090101_130416,D,20101122,000000,2.3830000,2.4500000,2.0200000,2.4000000,253.300
16457_090101_130416,D,20101123,000000,2.3990000,2.9220000,2.2350000,2.7400000,585.600
16457_090101_130416,D,20101124,000000,2.8390000,2.9300000,2.7000000,2.8350000,419.800
16457_090101_130416,D,20101125,000000,2.6180000,2.8000000,2.6180000,2.6260000,11.100
16457_090101_130416,D,20101126,000000,2.8060000,2.8500000,2.6980000,2.8500000,292.600
16457_090101_130416,D,20101129,000000,2.8630000,2.9970000,2.6400000,2.7140000,167.000
16457_090101_130416,D,20101130,000000,2.7520000,2.7520000,2.5990000,2.6000000,29.000
16457_090101_130416,D,20101201,000000,2.6760000,2.7010000,2.5500000,2.5500000,91.900
16457_090101_130416,D,20101202,000000,2.6990000,2.8980000,2.6000000,2.7010000,86.200
16457_090101_130416,D,20101203,000000,2.7010000,2.7780000,2.4780000,2.6450000,105.300
16457_090101_130416,D,20101206,000000,2.6470000,2.7540000,2.6470000,2.7500000,65.300
16457_090101_130416,D,20101207,000000,2.6480000,2.7390000,2.5780000,2.6700000,15.200
16457_090101_130416,D,20101208,000000,2.5950000,2.7510000,2.5040000,2.7510000,34.000
16457_090101_130416,D,20101209,000000,2.7540000,2.7540000,2.7540000,2.7540000,100
16457_090101_130416,D,20101210,000000,2.7000000,2.7320000,2.2550000,2.7310000,38.400
16457_090101_130416,D,20101213,000000,2.7000000,2.7500000,2.7000000,2.7500000,69.800
16457_090101_130416,D,20101214,000000,2.6470000,2.6680000,2.5580000,2.6680000,13.100
16457_090101_130416,D,20101215,000000,2.5950000,2.5950000,2.5950000,2.5950000,100
16457_090101_130416,D,20101216,000000,2.6470000,2.6600000,2.5490000,2.5490000,1.300
16457_090101_130416,D,20101217,000000,2.5440000,2.5440000,2.4950000,2.5420000,1.500
16457_090101_130416,D,20101220,000000,2.5440000,2.6460000,2.5440000,2.6460000,11.500
16457_090101_130416,D,20101221,000000,2.6430000,2.6990000,2.6400000,2.6990000,75.700
16457_090101_130416,D,20101222,000000,2.5970000,2.5970000,2.5970000,2.5970000,100
16457_090101_130416,D,20101223,000000,2.6850000,2.6990000,2.2810000,2.6980000,132.200
16457_090101_130416,D,20101224,000000,2.5950000,2.6460000,2.5950000,2.6460000,200
16457_090101_130416,D,20101227,000000,2.5990000,2.6410000,2.5450000,2.5550000,13.900
16457_090101_130416,D,20101228,000000,2.5440000,2.6740000,2.3520000,2.3520000,62.000
16457_090101_130416,D,20101229,000000,2.4450000,2.4460000,2.4300000,2.4460000,5.800
16457_090101_130416,D,20101230,000000,2.4950000,2.7000000,2.4900000,2.6300000,3.300
16457_090101_130416,D,20110111,000000,2.6470000,3.4950000,2.6470000,2.6790000,182.400
16457_090101_130416,D,20110112,000000,2.7580000,3.1990000,2.7580000,2.9290000,33.100
16457_090101_130416,D,20110113,000000,2.9880000,3.1970000,2.7770000,2.9220000,13.100
16457_090101_130416,D,20110114,000000,2.9290000,3.1000000,2.5110000,2.9500000,126.400
16457_090101_130416,D,20110117,000000,2.8720000,3.1000000,2.8720000,3.1000000,129.000
16457_090101_130416,D,20110118,000000,3.1090000,3.4990000,3.0220000,3.2000000,371.300
16457_090101_130416,D,20110119,000000,3.3000000,3.4500000,3.0500000,3.0510000,53.500
16457_090101_130416,D,20110120,000000,3.1120000,3.1120000,3.0000000,3.0000000,14.900
16457_090101_130416,D,20110121,000000,3.0000000,3.4490000,3.0000000,3.2420000,91.900
16457_090101_130416,D,20110124,000000,3.2310000,3.4890000,3.1570000,3.1570000,91.500
16457_090101_130416,D,20110125,000000,3.3090000,3.4500000,3.1000000,3.2000000,140.500
16457_090101_130416,D,20110126,000000,3.2450000,3.3760000,3.0600000,3.0600000,71.500
16457_090101_130416,D,20110127,000000,3.0650000,3.1700000,2.4200000,3.0600000,84.400
16457_090101_130416,D,20110128,000000,3.0590000,3.0600000,2.7110000,3.0580000,14.100
16457_090101_130416,D,20110131,000000,2.9980000,3.0220000,2.6800000,3.0220000,11.000
16457_090101_130416,D,20110201,000000,2.9400000,3.0210000,2.8000000,3.0000000,104.900
16457_090101_130416,D,20110202,000000,3.0000000,3.0470000,2.9400000,2.9980000,28.100
16457_090101_130416,D,20110203,000000,3.0580000,3.1200000,3.0580000,3.0590000,300
16457_090101_130416,D,20110204,000000,2.9990000,2.9990000,2.9400000,2.9400000,4.200
16457_090101_130416,D,20110207,000000,2.8820000,3.0600000,2.7050000,2.9510000,26.600
16457_090101_130416,D,20110208,000000,2.9580000,3.0990000,2.9580000,2.9620000,20.400
16457_090101_130416,D,20110209,000000,3.0600000,3.2880000,2.9730000,3.1000000,44.800
16457_090101_130416,D,20110210,000000,3.0600000,3.0600000,3.0600000,3.0600000,10.500
16457_090101_130416,D,20110211,000000,3.1200000,3.1200000,2.9520000,2.9520000,8.400
16457_090101_130416,D,20110215,000000,3.0990000,3.1000000,2.9520000,2.9520000,5.100
16457_090101_130416,D,20110216,000000,2.9200000,3.0330000,2.8640000,3.0330000,33.400
16457_090101_130416,D,20110217,000000,2.9000000,2.9990000,2.8450000,2.9920000,24.100
16457_090101_130416,D,20110218,000000,2.9000000,3.0500000,2.9000000,3.0500000,4.200
16457_090101_130416,D,20110221,000000,3.0010000,3.1190000,2.9210000,3.0690000,4.900
16457_090101_130416,D,20110222,000000,3.0300000,3.0300000,2.5990000,2.8870000,119.600
16457_090101_130416,D,20110224,000000,2.8000000,2.8220000,2.5200000,2.7490000,276.100
16457_090101_130416,D,20110225,000000,2.7700000,2.9980000,2.7700000,2.8770000,24.700
16457_090101_130416,D,20110228,000000,2.9940000,3.0000000,2.7300000,2.8000000,19.700
16457_090101_130416,D,20110301,000000,2.9999000,3.2000000,2.9999000,3.2000000,5.000
16457_090101_130416,D,20110303,000000,3.0004000,3.0004000,3.0002000,3.0002000,10.000
16457_090101_130416,D,20110304,000000,2.6050000,3.2896000,2.6050000,3.1000000,5.000
16457_090101_130416,D,20110309,000000,3.1000000,3.1100000,3.1000000,3.1000000,62.000
16457_090101_130416,D,20110310,000000,3.1000000,3.1000000,3.1000000,3.1000000,17.000
16457_090101_130416,D,20110314,000000,2.8000000,2.8000000,2.4000000,2.4100000,405.000
16457_090101_130416,D,20110315,000000,2.5000000,2.6500000,2.4500000,2.5500000,82.000
16457_090101_130416,D,20110316,000000,2.5500000,2.6200000,2.5500000,2.6200000,2.000
16457_090101_130416,D,20110317,000000,2.6987000,2.7500000,2.6000000,2.7500000,46.000
16457_090101_130416,D,20110318,000000,2.8800000,2.8800000,2.7000000,2.7899000,19.000
16457_090101_130416,D,20110321,000000,2.7999000,2.9000000,2.7999000,2.9000000,7.000
16457_090101_130416,D,20110322,000000,3.0000000,3.0000000,2.5600000,2.8000000,77.000
16457_090101_130416,D,20110323,000000,2.8000000,3.0000000,2.8000000,2.8888000,152.000
16457_090101_130416,D,20110325,000000,2.9899000,3.0000000,2.9001000,3.0000000,73.000
16457_090101_130416,D,20110328,000000,3.0400000,3.1796000,2.9452000,3.1400000,14.000
16457_090101_130416,D,20110329,000000,3.1894000,3.1894000,3.0054000,3.1801000,40.000
16457_090101_130416,D,20110330,000000,2.9215000,3.0000000,2.9100000,3.0000000,83.000
16457_090101_130416,D,20110331,000000,2.8103000,3.1000000,2.8102000,3.1000000,27.000
16457_090101_130416,D,20110401,000000,3.1500000,3.2999000,3.1500000,3.2999000,23.000
16457_090101_130416,D,20110404,000000,3.0009000,3.0620000,3.0005000,3.0620000,17.000
16457_090101_130416,D,20110405,000000,3.0080000,3.0080000,3.0010000,3.0060000,46.000
16457_090101_130416,D,20110406,000000,3.0487000,3.0487000,3.0486000,3.0487000,23.000
16457_090101_130416,D,20110407,000000,3.0449000,3.0500000,3.0449000,3.0500000,21.000
16457_090101_130416,D,20110411,000000,3.0000000,3.0000000,3.0000000,3.0000000,16.000
16457_090101_130416,D,20110412,000000,2.8292000,2.8292000,2.8292000,2.8292000,1.000
16457_090101_130416,D,20110413,000000,2.8009000,3.1750000,2.8009000,3.1400000,12.000
16457_090101_130416,D,20110414,000000,3.0050000,3.1000000,3.0000000,3.1000000,8.000
16457_090101_130416,D,20110418,000000,2.8702000,2.8702000,2.8595000,2.8595000,32.000
16457_090101_130416,D,20110419,000000,2.8595000,2.8595000,2.8595000,2.8595000,3.000
16457_090101_130416,D,20110420,000000,2.8501000,2.8501000,2.8501000,2.8501000,10.000
16457_090101_130416,D,20110421,000000,2.8010000,2.8700000,2.8009000,2.8700000,15.000
16457_090101_130416,D,20110426,000000,2.8524000,2.8524000,2.8510000,2.8510000,4.000
16457_090101_130416,D,20110429,000000,3.0383000,3.0411000,3.0383000,3.0411000,3.000
16457_090101_130416,D,20110506,000000,2.9000000,2.9000000,2.9000000,2.9000000,1.000
16457_090101_130416,D,20110512,000000,2.8000000,2.8000000,2.8000000,2.8000000,1.000
16457_090101_130416,D,20110520,000000,2.6001000,2.6001000,2.4700000,2.4700000,10.000
16457_090101_130416,D,20110523,000000,2.5079000,2.5079000,2.5000000,2.5000000,3.000
16457_090101_130416,D,20110524,000000,2.3400000,2.5000000,2.2602000,2.4000000,142.000
16457_090101_130416,D,20110526,000000,2.6948000,2.6948000,2.6500000,2.6500000,251.000
16457_090101_130416,D,20110527,000000,2.4001000,2.4500000,2.4000000,2.4500000,154.000
16457_090101_130416,D,20110530,000000,2.5999000,2.6000000,2.5903000,2.6000000,5.000
16457_090101_130416,D,20110531,000000,2.5801000,2.8899000,2.5504000,2.5770000,58.000
16457_090101_130416,D,20110601,000000,2.5800000,2.5802000,2.5011000,2.5011000,18.000
16457_090101_130416,D,20110602,000000,2.3011000,3.0900000,2.2800000,3.0000000,169.000
16457_090101_130416,D,20110603,000000,3.0000000,3.0500000,2.8500000,3.0000000,612.000
16457_090101_130416,D,20110606,000000,3.0501000,3.0501000,3.0500000,3.0500000,278.000
16457_090101_130416,D,20110607,000000,3.0500000,3.0880000,3.0000000,3.0880000,176.000
16457_090101_130416,D,20110608,000000,3.0001000,3.0001000,2.9999000,3.0000000,240.000
16457_090101_130416,D,20110609,000000,3.0000000,3.0000000,3.0000000,3.0000000,31.000
16457_090101_130416,D,20110610,000000,3.0000000,3.0000000,3.0000000,3.0000000,8.000
16457_090101_130416,D,20110615,000000,2.9501000,2.9509000,2.9400000,2.9500000,359.000
16457_090101_130416,D,20110616,000000,2.9500000,2.9500000,2.9499000,2.9500000,338.000
16457_090101_130416,D,20110617,000000,2.9500000,2.9501000,2.9499000,2.9500000,33.000
16457_090101_130416,D,20110620,000000,2.9500000,2.9501000,2.9500000,2.9500000,71.000
16457_090101_130416,D,20110621,000000,2.9500000,2.9500000,2.9500000,2.9500000,8.000
16457_090101_130416,D,20110622,000000,2.9500000,2.9500000,2.9500000,2.9500000,40.000
16457_090101_130416,D,20110623,000000,2.9500000,2.9500000,2.9499000,2.9500000,23.000
16457_090101_130416,D,20110624,000000,2.9500000,2.9500000,2.9500000,2.9500000,31.000
16457_090101_130416,D,20110627,000000,2.9500000,2.9900000,2.9500000,2.9900000,225.000
16457_090101_130416,D,20110628,000000,2.9900000,2.9900000,2.9900000,2.9900000,1.000
16457_090101_130416,D,20110629,000000,2.9507000,2.9507000,2.9499000,2.9500000,19.000
16457_090101_130416,D,20110630,000000,3.0000000,4.1298000,3.0000000,3.5500000,2.500.000
16457_090101_130416,D,20110701,000000,3.2502000,3.2502000,3.2500000,3.2500000,14.000
16457_090101_130416,D,20110705,000000,3.8970000,3.8971000,3.7000000,3.7000000,5.000
16457_090101_130416,D,20110706,000000,3.7999000,4.1299000,3.7001000,3.7001000,60.000
16457_090101_130416,D,20110711,000000,3.4507000,3.5000000,3.4507000,3.5000000,2.000
16457_090101_130416,D,20110712,000000,3.3001000,3.3001000,3.3000000,3.3000000,58.000
16457_090101_130416,D,20110713,000000,3.3001000,3.3001000,3.3000000,3.3000000,30.000
16457_090101_130416,D,20110714,000000,3.4973000,3.4973000,3.4973000,3.4973000,1.000
16457_090101_130416,D,20110715,000000,3.3002000,3.3002000,3.3000000,3.3000000,10.000
16457_090101_130416,D,20110718,000000,3.3002000,3.3002000,3.3000000,3.3000000,10.000
16457_090101_130416,D,20110720,000000,3.3001000,3.3001000,3.3000000,3.3000000,27.000
16457_090101_130416,D,20110721,000000,3.4000000,3.4000000,3.3999000,3.3999000,26.000
16457_090101_130416,D,20110722,000000,3.4600000,3.4600000,3.4500000,3.4500000,60.000
16457_090101_130416,D,20110726,000000,3.5000000,3.5000000,3.5000000,3.5000000,1.000
16457_090101_130416,D,20110727,000000,3.5001000,3.5001000,3.5000000,3.5000000,21.000
16457_090101_130416,D,20110728,000000,3.5000000,3.5000000,3.5000000,3.5000000,38.000
16457_090101_130416,D,20110729,000000,3.5000000,3.5000000,3.5000000,3.5000000,22.000
16457_090101_130416,D,20110801,000000,3.5000000,3.5000000,3.5000000,3.5000000,1.000
16457_090101_130416,D,20110802,000000,3.5000000,3.5000000,3.4999000,3.5000000,94.000
16457_090101_130416,D,20110803,000000,3.5000000,3.5000000,3.5000000,3.5000000,30.000
16457_090101_130416,D,20110804,000000,3.5001000,3.6800000,3.5000000,3.6800000,33.000
16457_090101_130416,D,20110805,000000,3.5000000,3.5000000,3.4000000,3.4000000,108.000
16457_090101_130416,D,20110808,000000,3.4000000,3.9990000,3.4000000,3.8000000,902.000
16457_090101_130416,D,20110809,000000,3.6002000,3.8000000,3.5999000,3.8000000,361.000
16457_090101_130416,D,20110810,000000,3.5503000,4.0001000,3.5000000,4.0000000,479.000
16457_090101_130416,D,20110811,000000,3.9003000,3.9003000,3.9000000,3.9000000,17.000
16457_090101_130416,D,20110812,000000,4.1992000,4.2000000,4.1992000,4.2000000,230.000
16457_090101_130416,D,20110815,000000,4.0000000,4.0000000,4.0000000,4.0000000,22.000
16457_090101_130416,D,20110816,000000,4.0001000,4.0001000,4.0000000,4.0001000,63.000
16457_090101_130416,D,20110817,000000,4.0001000,4.0001000,4.0000000,4.0000000,11.000
16457_090101_130416,D,20110818,000000,4.0001000,4.0001000,4.0000000,4.0000000,12.000
16457_090101_130416,D,20110819,000000,4.0000000,4.2500000,4.0000000,4.0100000,164.000
16457_090101_130416,D,20110824,000000,5.4999000,5.6140000,5.1000000,5.6100000,430.000
16457_090101_130416,D,20110825,000000,6.3000000,7.8000000,5.9999000,6.9900000,18.000
16457_090101_130416,D,20110826,000000,6.4900000,7.1000000,6.4900000,6.4905000,85.000
16457_090101_130416,D,20110829,000000,6.5103000,7.0000000,6.5000000,7.0000000,21.000
16457_090101_130416,D,20110830,000000,6.5009000,6.5009000,6.4900000,6.4900000,3.000
16457_090101_130416,D,20110831,000000,6.4999000,7.5000000,5.5000000,7.0500000,256.000
16457_090101_130416,D,20110901,000000,6.3306000,7.7947000,6.3306000,6.8000000,6.000
16457_090101_130416,D,20110902,000000,7.0000000,7.2000000,6.9999000,7.0900000,49.000
16457_090101_130416,D,20110905,000000,6.5019000,7.1100000,5.0005000,7.1100000,268.000
16457_090101_130416,D,20110906,000000,6.9999000,7.0011000,6.9999000,7.0007000,19.000
16457_090101_130416,D,20110907,000000,6.9003000,7.4495000,6.9000000,7.1500000,37.000
16457_090101_130416,D,20110908,000000,7.2000000,7.2999000,7.2000000,7.2999000,5.000
16457_090101_130416,D,20110909,000000,6.2045000,6.8068000,6.0005000,6.8059000,13.000
16457_090101_130416,D,20110912,000000,7.0399000,7.7999000,7.0398000,7.7999000,54.000
16457_090101_130416,D,20110913,000000,7.1001000,7.6889000,7.1001000,7.6889000,5.000
16457_090101_130416,D,20110914,000000,7.6900000,7.7900000,7.6500000,7.7899000,53.000
16457_090101_130416,D,20110915,000000,7.7900000,8.9997000,7.7900000,8.5000000,498.000
16457_090101_130416,D,20110916,000000,8.5997000,8.6000000,8.5997000,8.6000000,11.000
16457_090101_130416,D,20110919,000000,8.6000000,9.8000000,8.6000000,9.8000000,5.000
16457_090101_130416,D,20110920,000000,8.6501000,9.9500000,8.3500000,8.3500000,53.000
16457_090101_130416,D,20110921,000000,8.5011000,8.5011000,8.3000000,8.4299000,16.000
16457_090101_130416,D,20110922,000000,8.3010000,8.5000000,8.3010000,8.5000000,90.000
16457_090101_130416,D,20110923,000000,8.2000000,8.2900000,8.2000000,8.2900000,12.000
16457_090101_130416,D,20110927,000000,8.4998000,8.4998000,8.4998000,8.4998000,1.000
16457_090101_130416,D,20110928,000000,7.9000000,8.8799000,7.9000000,8.8799000,33.000
16457_090101_130416,D,20110929,000000,8.2701000,8.2701000,8.2700000,8.2700000,5.000
16457_090101_130416,D,20111004,000000,8.2005000,8.6483000,8.0000000,8.6483000,18.000
16457_090101_130416,D,20111010,000000,8.0001000,8.0001000,7.9000000,7.9000000,9.000
16457_090101_130416,D,20111012,000000,8.0000000,8.0001000,8.0000000,8.0000000,4.000
16457_090101_130416,D,20111013,000000,8.0000000,8.0000000,8.0000000,8.0000000,1.000
16457_090101_130416,D,20111018,000000,8.4000000,8.4000000,8.4000000,8.4000000,1.000
16457_090101_130416,D,20111019,000000,8.4999000,8.4999000,8.4999000,8.4999000,1.000
16457_090101_130416,D,20111026,000000,7.7504000,7.7504000,7.7500000,7.7500000,15.000
16457_090101_130416,D,20111027,000000,7.8000000,7.8000000,7.7500000,7.7500000,10.000
16457_090101_130416,D,20111110,000000,6.2002000,6.8999000,6.2002000,6.8999000,6.000
16457_090101_130416,D,20111115,000000,6.2500000,6.5000000,6.2500000,6.5000000,3.000
16457_090101_130416,D,20111116,000000,6.9999000,6.9999000,6.9999000,6.9999000,1.000
16457_090101_130416,D,20111125,000000,6.7900000,6.7900000,6.7900000,6.7900000,241.000
16457_090101_130416,D,20111220,000000,5.5021000,7.1000000,5.5011000,5.6024000,19.000
16457_090101_130416,D,20120113,000000,6.2000000,6.2000000,6.2000000,6.2000000,241.000
16457_090101_130416,D,20120117,000000,6.0510000,6.0510000,6.0510000,6.0510000,19.000
16457_090101_130416,D,20120123,000000,5.8000000,5.8000000,5.8000000,5.8000000,1.000
16457_090101_130416,D,20120125,000000,6.3000000,6.3000000,6.3000000,6.3000000,4.000
16457_090101_130416,D,20120126,000000,6.0000000,6.0000000,6.0000000,6.0000000,28.000
16457_090101_130416,D,20120131,000000,5.0012000,5.2000000,5.0000000,5.2000000,8.000
16457_090101_130416,D,20120201,000000,5.0050000,5.0050000,5.0050000,5.0050000,1.000
16457_090101_130416,D,20120203,000000,4.7501000,4.7501000,4.7500000,4.7500000,2.000
16457_090101_130416,D,20120214,000000,4.9988000,5.0000000,4.9988000,5.0000000,4.000
16457_090101_130416,D,20120216,000000,4.5000000,4.5000000,4.5000000,4.5000000,1.000
16457_090101_130416,D,20120217,000000,4.6000000,4.6000000,4.6000000,4.6000000,2.000
16457_090101_130416,D,20120220,000000,4.0021000,4.4500000,4.0021000,4.4500000,8.000
16457_090101_130416,D,20120221,000000,4.0510000,4.0510000,4.0510000,4.0510000,1.000
16457_090101_130416,D,20120224,000000,3.6045000,4.0000000,3.5000000,3.5001000,35.000
16457_090101_130416,D,20120227,000000,3.7998000,3.7998000,3.1412000,3.5000000,29.000
16457_090101_130416,D,20120229,000000,3.5000000,3.5000000,3.5000000,3.5000000,1.000
16457_090101_130416,D,20120301,000000,3.2501000,3.2501000,3.1001000,3.2500000,14.000
16457_090101_130416,D,20120306,000000,3.5499000,3.5499000,3.5499000,3.5499000,1.000
16457_090101_130416,D,20120312,000000,3.1040000,3.5499000,3.1040000,3.5499000,2.000
16457_090101_130416,D,20120315,000000,3.2105000,3.2105000,3.2105000,3.2105000,4.000
16457_090101_130416,D,20120320,000000,3.1011000,3.1011000,3.1011000,3.1011000,1.000
16457_090101_130416,D,20120321,000000,3.4999000,3.4999000,3.0000000,3.0000000,18.000
16457_090101_130416,D,20120323,000000,3.0000000,3.0000000,3.0000000,3.0000000,1.000
16457_090101_130416,D,20120329,000000,2.9499000,2.9500000,2.9499000,2.9500000,3.000
16457_090101_130416,D,20120405,000000,2.1003000,2.5500000,2.1003000,2.5500000,34.000
16457_090101_130416,D,20120406,000000,2.5101000,2.5101000,1.9101000,2.0151000,12.000
16457_090101_130416,D,20120409,000000,2.1000000,2.3887000,2.1000000,2.3270000,5.000
16457_090101_130416,D,20120416,000000,2.0152000,2.0152000,2.0150000,2.0152000,146.000
16457_090101_130416,D,20120418,000000,2.0151000,2.0151000,2.0150000,2.0150000,3.000
16457_090101_130416,D,20120419,000000,2.0500000,2.0500000,2.0000000,2.0000000,16.000
16457_090101_130416,D,20120425,000000,2.1000000,2.1400000,2.0403000,2.0403000,31.000
16457_090101_130416,D,20120426,000000,1.5507000,2.7498000,1.5500000,2.7498000,33.000
16457_090101_130416,D,20120427,000000,2.4899000,2.7000000,2.0007000,2.0007000,35.000
16457_090101_130416,D,20120502,000000,2.1600000,2.1650000,2.1600000,2.1650000,242.000
16457_090101_130416,D,20120503,000000,2.1500000,2.1500000,2.1500000,2.1500000,1.000
16457_090101_130416,D,20120505,000000,2.3000000,2.3000000,2.3000000,2.3000000,1.000
16457_090101_130416,D,20120507,000000,2.0007000,2.4000000,1.9000000,2.4000000,30.000
16457_090101_130416,D,20120508,000000,2.7040000,2.7300000,2.7040000,2.7300000,31.000
16457_090101_130416,D,20120510,000000,2.3000000,2.3000000,2.3000000,2.3000000,1.000
16457_090101_130416,D,20120511,000000,2.2200000,2.2200000,1.9500000,1.9500000,33.000
16457_090101_130416,D,20120512,000000,2.1900000,2.2300000,2.1900000,2.2300000,6.000
16457_090101_130416,D,20120515,000000,1.9003000,2.0800000,1.4503000,2.0000000,33.000
16457_090101_130416,D,20120516,000000,1.5602000,2.0695000,1.5600000,1.9999000,25.000
16457_090101_130416,D,20120517,000000,1.9000000,1.9000000,1.5562000,1.8622000,3.000
16457_090101_130416,D,20120518,000000,1.6102000,1.6991000,1.2050000,1.6922000,16.000
16457_090101_130416,D,20120521,000000,1.3307000,2.1700000,1.3300000,2.1700000,22.000
16457_090101_130416,D,20120522,000000,2.1690000,2.2700000,1.9000000,1.9000000,17.000
16457_090101_130416,D,20120523,000000,1.6180000,1.6273000,1.6180000,1.6273000,2.000
16457_090101_130416,D,20120529,000000,1.6211000,1.6211000,1.6211000,1.6211000,3.000
16457_090101_130416,D,20120530,000000,1.6400000,1.7396000,1.3100000,1.7396000,19.000
16457_090101_130416,D,20120601,000000,1.3601000,2.0892000,1.3601000,1.4595000,19.000
16457_090101_130416,D,20120604,000000,1.6498000,1.6498000,1.6498000,1.6498000,1.000
16457_090101_130416,D,20120606,000000,1.6307000,1.6307000,1.6307000,1.6307000,1.000
16457_090101_130416,D,20120607,000000,1.6499000,1.7000000,1.6499000,1.7000000,13.000
16457_090101_130416,D,20120613,000000,1.7000000,1.7000000,1.7000000,1.7000000,7.000
16457_090101_130416,D,20120614,000000,1.4601000,1.4601000,1.4601000,1.4601000,25.000
16457_090101_130416,D,20120615,000000,1.5798000,1.5798000,1.5798000,1.5798000,4.000
16457_090101_130416,D,20120618,000000,1.7998000,1.7998000,1.7998000,1.7998000,11.000
16457_090101_130416,D,20120703,000000,1.4998000,1.5000000,1.4998000,1.5000000,2.000
16457_090101_130416,D,20120709,000000,1.5612000,1.5614000,1.5612000,1.5614000,3.000
16457_090101_130416,D,20120710,000000,1.5609000,1.7000000,1.5608000,1.6500000,8.000
16457_090101_130416,D,20120711,000000,1.6999000,1.6999000,1.6999000,1.6999000,1.000
16457_090101_130416,D,20120712,000000,1.8000000,1.8000000,1.8000000,1.8000000,1.000
16457_090101_130416,D,20120713,000000,1.9000000,2.5200000,1.9000000,2.2000000,16.000
16457_090101_130416,D,20120716,000000,1.8500000,2.3983000,1.8500000,2.1000000,20.000
16457_090101_130416,D,20120717,000000,2.0500000,2.0500000,2.0000000,2.0000000,10.000
16457_090101_130416,D,20120718,000000,1.6000000,1.6000000,1.6000000,1.6000000,1.000
16457_090101_130416,D,20120720,000000,1.6301000,1.7000000,1.3310000,1.6600000,15.000
16457_090101_130416,D,20120731,000000,1.7000000,1.7000000,1.7000000,1.7000000,1.000
16457_090101_130416,D,20120806,000000,1.5000000,1.5000000,1.5000000,1.5000000,10.000
16457_090101_130416,D,20120808,000000,1.4000000,1.6633000,1.4000000,1.6633000,2.000
16457_090101_130416,D,20120809,000000,1.5927000,1.5927000,1.5907000,1.5907000,7.000
16457_090101_130416,D,20120810,000000,1.4506000,1.6399000,1.4506000,1.6398000,5.000
16457_090101_130416,D,20120814,000000,1.6500000,1.6500000,1.4500000,1.6100000,4.000
16457_090101_130416,D,20120815,000000,1.6101000,1.6101000,1.6101000,1.6101000,1.000
16457_090101_130416,D,20120816,000000,1.6000000,1.6100000,1.6000000,1.6100000,2.000
16457_090101_130416,D,20120817,000000,1.4002000,1.4002000,1.4002000,1.4002000,1.000
16457_090101_130416,D,20120820,000000,1.5822000,1.5822000,1.5822000,1.5822000,1.000
16457_090101_130416,D,20120821,000000,1.3000000,1.5499000,1.3000000,1.5499000,4.000
16457_090101_130416,D,20120830,000000,1.4601000,1.4601000,1.3701000,1.3701000,3.000
16457_090101_130416,D,20120831,000000,1.6160000,1.6160000,1.6160000,1.6160000,1.000
16457_090101_130416,D,20120903,000000,1.4000000,1.4301000,1.4000000,1.4301000,2.000
16457_090101_130416,D,20120904,000000,1.6026000,1.6026000,1.6026000,1.6026000,1.000
16457_090101_130416,D,20120910,000000,1.7200000,1.7200000,1.6825000,1.6825000,2.000
16457_090101_130416,D,20120912,000000,1.8026000,1.9700000,1.8026000,1.9429000,45.000
16457_090101_130416,D,20120918,000000,1.9480000,1.9480000,1.5791000,1.5791000,2.000
16457_090101_130416,D,20120919,000000,1.5798000,1.5798000,1.5798000,1.5798000,1.000
16457_090101_130416,D,20120920,000000,1.8044000,1.8044000,1.7500000,1.7500000,2.000
16457_090101_130416,D,20120924,000000,1.8199000,1.8199000,1.8199000,1.8199000,1.000
16457_090101_130416,D,20120925,000000,1.7083000,1.7083000,1.7083000,1.7083000,1.000
16457_090101_130416,D,20120926,000000,1.7119000,1.7148000,1.7119000,1.7148000,2.000
16457_090101_130416,D,20121008,000000,1.9489000,1.9489000,1.4650000,1.4650000,2.000
16457_090101_130416,D,20121009,000000,1.5745000,1.5747000,1.3200000,1.4891000,44.000
16457_090101_130416,D,20121010,000000,1.7305000,1.7305000,1.3410000,1.5010000,7.000
16457_090101_130416,D,20121011,000000,1.3706000,1.6221000,1.3706000,1.6221000,2.000
16457_090101_130416,D,20121012,000000,1.4505000,1.6900000,1.4505000,1.6900000,2.000
16457_090101_130416,D,20121015,000000,1.6220000,1.9700000,1.6220000,1.9499000,41.000
16457_090101_130416,D,20121016,000000,1.7500000,1.7500000,1.7500000,1.7500000,1.000
16457_090101_130416,D,20121017,000000,1.7000000,1.7000000,1.7000000,1.7000000,1.000
16457_090101_130416,D,20121101,000000,1.4589000,1.4589000,1.4589000,1.4589000,1.000
16457_090101_130416,D,20121121,000000,1.3603000,1.3604000,1.3501000,1.3501000,8.000
16457_090101_130416,D,20121122,000000,1.4000000,1.4000000,1.2270000,1.2270000,39.000
16457_090101_130416,D,20121129,000000,1.5000000,1.5000000,1.5000000,1.5000000,2.000
16457_090101_130416,D,20121130,000000,1.4944000,1.7290000,1.4944000,1.7290000,42.000
16457_090101_130416,D,20121204,000000,1.7761000,1.7761000,1.7761000,1.7761000,7.000
16457_090101_130416,D,20121207,000000,1.5000000,1.5500000,1.4924000,1.5000000,9.000
16457_090101_130416,D,20121211,000000,1.5000000,1.5000000,1.5000000,1.5000000,2.000
16457_090101_130416,D,20121213,000000,1.4700000,1.5000000,1.4700000,1.5000000,2.000
16457_090101_130416,D,20121219,000000,1.7000000,2.1000000,1.7000000,2.1000000,149.000
16457_090101_130416,D,20121220,000000,2.7000000,2.9400000,2.7000000,2.9000000,150.000
16457_090101_130416,D,20121221,000000,2.9001000,3.1500000,2.4999000,3.1500000,80.000
16457_090101_130416,D,20121226,000000,2.5000000,2.5000000,2.0000000,2.3000000,213.000
16457_090101_130416,D,20130108,000000,2.2001000,2.2001000,2.2001000,2.2001000,6.000
16457_090101_130416,D,20130110,000000,1.8000000,2.1993000,1.5609000,2.1610000,32.000
16457_090101_130416,D,20130114,000000,2.0998000,2.1999000,2.0404000,2.0404000,7.000
16457_090101_130416,D,20130115,000000,1.9008000,2.1000000,1.9008000,2.1000000,12.000
16457_090101_130416,D,20130116,000000,2.2500000,2.2500000,2.1000000,2.1000000,3.000
16457_090101_130416,D,20130121,000000,1.7205000,2.2099000,1.7205000,2.1290000,28.000
16457_090101_130416,D,20130123,000000,1.9998000,1.9998000,1.9998000,1.9998000,1.000
16457_090101_130416,D,20130124,000000,1.6804000,1.9000000,1.6804000,1.7500000,12.000
16457_090101_130416,D,20130125,000000,1.9487000,1.9998000,1.9487000,1.9998000,14.000
16457_090101_130416,D,20130128,000000,1.9300000,2.0000000,1.9300000,2.0000000,7.000
16457_090101_130416,D,20130130,000000,2.0000000,2.0890000,2.0000000,2.0890000,6.000
16457_090101_130416,D,20130201,000000,1.9996000,2.0900000,1.9996000,2.0900000,12.000
16457_090101_130416,D,20130204,000000,2.0001000,2.0001000,1.9470000,1.9470000,34.000
16457_090101_130416,D,20130205,000000,1.8871000,1.8871000,1.8871000,1.8871000,1.000
16457_090101_130416,D,20130206,000000,1.9984000,2.0000000,1.9984000,2.0000000,10.000
16457_090101_130416,D,20130208,000000,1.9110000,1.9110000,1.8104000,1.8104000,3.000
16457_090101_130416,D,20130211,000000,1.6801000,1.7300000,1.6800000,1.7300000,23.000
16457_090101_130416,D,20130212,000000,1.7501000,1.7501000,1.7500000,1.7500000,30.000
16457_090101_130416,D,20130214,000000,1.8496000,1.9998000,1.8489000,1.9998000,42.000
16457_090101_130416,D,20130219,000000,2.0998000,2.1900000,2.0998000,2.1900000,6.000
16457_090101_130416,D,20130225,000000,1.8511000,1.8511000,1.8510000,1.8511000,51.000
16457_090101_130416,D,20130304,000000,1.8001000,1.8001000,1.8000000,1.8000000,10.000
16457_090101_130416,D,20130307,000000,1.8500000,2.0090000,1.8500000,2.0090000,6.000
16457_090101_130416,D,20130311,000000,1.6550000,1.6550000,1.6500000,1.6500000,5.000
16457_090101_130416,D,20130314,000000,1.6999000,1.7098000,1.6999000,1.7098000,3.000
16457_090101_130416,D,20130315,000000,1.7700000,1.9001000,1.7700000,1.9000000,8.000
16457_090101_130416,D,20130319,000000,1.7000000,1.7000000,1.6800000,1.6800000,2.000
16457_090101_130416,D,20130320,000000,1.4001000,1.4001000,1.2300000,1.2300000,36.000
16457_090101_130416,D,20130321,000000,1.6211000,1.6500000,1.5020000,1.6500000,8.000
16457_090101_130416,D,20130325,000000,1.9086000,1.9086000,1.9086000,1.9086000,1.000
16457_090101_130416,D,20130326,000000,1.2655000,1.6491000,1.2004000,1.2250000,21.000
16457_090101_130416,D,20130327,000000,1.4398000,1.4398000,1.4398000,1.4398000,1.000
16457_090101_130416,D,20130328,000000,1.4000000,1.5570000,1.4000000,1.5570000,4.000
16457_090101_130416,D,20130329,000000,1.2601000,1.3000000,1.2071000,1.2501000,74.000
16457_090101_130416,D,20130401,000000,1.4090000,1.4980000,1.2000000,1.2901000,82.000
16457_090101_130416,D,20130402,000000,1.3300000,1.3300000,1.3300000,1.3300000,1.000
