<TICKER>,<PER>,<DATE>,<TIME>,<OPEN>,<HIGH>,<LOW>,<CLOSE>,<VOL>
16695_090101_130416,D,20090111,000000,0.0270000,0.0320000,0.0270000,0.0310000,107.500
16695_090101_130416,D,20090113,000000,0.0270000,0.0350000,0.0260000,0.0310000,298.500
16695_090101_130416,D,20090114,000000,0.0430000,0.0430000,0.0300000,0.0400000,332.000
16695_090101_130416,D,20090115,000000,0.0400000,0.0410000,0.0320000,0.0330000,70.800
16695_090101_130416,D,20090116,000000,0.0320000,0.0380000,0.0280000,0.0280000,307.700
16695_090101_130416,D,20090119,000000,0.0390000,0.0390000,0.0280000,0.0310000,31.900
16695_090101_130416,D,20090120,000000,0.0290000,0.0320000,0.0260000,0.0290000,52.400
16695_090101_130416,D,20090121,000000,0.0320000,0.0350000,0.0320000,0.0350000,486.400
16695_090101_130416,D,20090122,000000,0.0380000,0.0390000,0.0340000,0.0350000,9.600
16695_090101_130416,D,20090123,000000,0.0320000,0.0350000,0.0320000,0.0350000,210.200
16695_090101_130416,D,20090126,000000,0.0350000,0.0360000,0.0350000,0.0360000,400
16695_090101_130416,D,20090127,000000,0.0340000,0.0360000,0.0340000,0.0360000,50.200
16695_090101_130416,D,20090128,000000,0.0350000,0.0360000,0.0350000,0.0360000,200
16695_090101_130416,D,20090129,000000,0.0350000,0.0360000,0.0350000,0.0360000,200
16695_090101_130416,D,20090130,000000,0.0360000,0.0360000,0.0360000,0.0360000,300
16695_090101_130416,D,20090202,000000,0.0340000,0.0360000,0.0310000,0.0350000,11.600
16695_090101_130416,D,20090204,000000,0.0320000,0.0340000,0.0320000,0.0340000,400
16695_090101_130416,D,20090205,000000,0.0340000,0.0360000,0.0340000,0.0360000,10.000
16695_090101_130416,D,20090206,000000,0.0360000,0.0370000,0.0360000,0.0370000,7.600
16695_090101_130416,D,20090209,000000,0.0320000,0.0370000,0.0320000,0.0370000,200
16695_090101_130416,D,20090210,000000,0.0340000,0.0370000,0.0340000,0.0370000,3.000
16695_090101_130416,D,20090211,000000,0.0370000,0.0400000,0.0370000,0.0400000,58.000
16695_090101_130416,D,20090212,000000,0.0400000,0.0400000,0.0390000,0.0400000,10.300
16695_090101_130416,D,20090213,000000,0.0390000,0.0400000,0.0340000,0.0350000,431.300
16695_090101_130416,D,20090216,000000,0.0390000,0.0390000,0.0330000,0.0350000,6.800
16695_090101_130416,D,20090217,000000,0.0370000,0.0370000,0.0370000,0.0370000,100
16695_090101_130416,D,20090218,000000,0.0390000,0.0390000,0.0320000,0.0380000,40.200
16695_090101_130416,D,20090220,000000,0.0370000,0.0370000,0.0310000,0.0320000,400
16695_090101_130416,D,20090224,000000,0.0350000,0.0380000,0.0350000,0.0380000,28.700
16695_090101_130416,D,20090304,000000,0.0380000,0.0380000,0.0330000,0.0350000,700
16695_090101_130416,D,20090305,000000,0.0380000,0.0380000,0.0380000,0.0380000,100
16695_090101_130416,D,20090311,000000,0.0380000,0.0380000,0.0370000,0.0380000,2.200
16695_090101_130416,D,20090312,000000,0.0340000,0.0390000,0.0340000,0.0380000,2.300
16695_090101_130416,D,20090313,000000,0.0380000,0.0400000,0.0380000,0.0400000,100.000
16695_090101_130416,D,20090317,000000,0.0340000,0.0380000,0.0320000,0.0380000,20.900
16695_090101_130416,D,20090318,000000,0.0350000,0.0350000,0.0340000,0.0340000,33.400
16695_090101_130416,D,20090319,000000,0.0330000,0.0360000,0.0330000,0.0360000,22.700
16695_090101_130416,D,20090320,000000,0.0330000,0.0370000,0.0330000,0.0350000,62.900
16695_090101_130416,D,20090323,000000,0.0360000,0.0400000,0.0330000,0.0400000,208.500
16695_090101_130416,D,20090331,000000,0.0390000,0.0400000,0.0340000,0.0400000,600
16695_090101_130416,D,20090401,000000,0.0400000,0.0400000,0.0400000,0.0400000,100
16695_090101_130416,D,20090406,000000,0.0400000,0.0420000,0.0400000,0.0410000,166.100
16695_090101_130416,D,20090407,000000,0.0430000,0.0430000,0.0430000,0.0430000,500
16695_090101_130416,D,20090408,000000,0.0430000,0.0430000,0.0370000,0.0430000,74.700
16695_090101_130416,D,20090409,000000,0.0350000,0.0420000,0.0350000,0.0420000,1.200
16695_090101_130416,D,20090410,000000,0.0390000,0.0400000,0.0390000,0.0400000,287.300
16695_090101_130416,D,20090414,000000,0.0400000,0.0560000,0.0400000,0.0520000,346.700
16695_090101_130416,D,20090415,000000,0.0700000,0.0700000,0.0700000,0.0700000,100
16695_090101_130416,D,20090416,000000,0.0690000,0.0700000,0.0670000,0.0700000,15.000
16695_090101_130416,D,20090417,000000,0.0780000,0.0780000,0.0580000,0.0710000,46.000
16695_090101_130416,D,20090420,000000,0.0490000,0.0700000,0.0490000,0.0690000,800
16695_090101_130416,D,20090422,000000,0.0580000,0.0670000,0.0580000,0.0670000,3.700
16695_090101_130416,D,20090423,000000,0.0600000,0.0690000,0.0600000,0.0690000,900
16695_090101_130416,D,20090424,000000,0.0600000,0.0690000,0.0510000,0.0640000,430.800
16695_090101_130416,D,20090427,000000,0.0630000,0.0690000,0.0560000,0.0650000,146.900
16695_090101_130416,D,20090428,000000,0.0650000,0.0650000,0.0600000,0.0650000,15.200
16695_090101_130416,D,20090429,000000,0.0660000,0.0670000,0.0620000,0.0660000,400
16695_090101_130416,D,20090430,000000,0.0640000,0.0640000,0.0610000,0.0640000,243.500
16695_090101_130416,D,20090504,000000,0.0650000,0.0660000,0.0570000,0.0660000,58.600
16695_090101_130416,D,20090505,000000,0.0720000,0.0720000,0.0620000,0.0660000,600
16695_090101_130416,D,20090506,000000,0.0610000,0.0610000,0.0610000,0.0610000,1.100
16695_090101_130416,D,20090507,000000,0.0650000,0.0650000,0.0620000,0.0630000,1.200
16695_090101_130416,D,20090508,000000,0.0620000,0.0630000,0.0620000,0.0630000,300
16695_090101_130416,D,20090512,000000,0.0650000,0.0650000,0.0650000,0.0650000,87.800
16695_090101_130416,D,20090513,000000,0.0690000,0.0690000,0.0590000,0.0630000,8.300
16695_090101_130416,D,20090514,000000,0.0660000,0.0670000,0.0570000,0.0650000,120.400
16695_090101_130416,D,20090515,000000,0.0690000,0.0690000,0.0690000,0.0690000,100
16695_090101_130416,D,20090518,000000,0.0710000,0.0710000,0.0600000,0.0670000,700
16695_090101_130416,D,20090519,000000,0.0700000,0.0700000,0.0670000,0.0690000,25.800
16695_090101_130416,D,20090520,000000,0.0710000,0.0720000,0.0610000,0.0720000,143.700
16695_090101_130416,D,20090521,000000,0.0760000,0.0760000,0.0600000,0.0680000,21.100
16695_090101_130416,D,20090522,000000,0.0740000,0.0740000,0.0740000,0.0740000,100
16695_090101_130416,D,20090525,000000,0.0720000,0.0720000,0.0620000,0.0710000,297.100
16695_090101_130416,D,20090526,000000,0.0710000,0.0710000,0.0690000,0.0710000,3.600
16695_090101_130416,D,20090527,000000,0.0720000,0.0720000,0.0680000,0.0700000,1.400
16695_090101_130416,D,20090528,000000,0.0720000,0.0730000,0.0620000,0.0730000,139.500
16695_090101_130416,D,20090529,000000,0.0740000,0.0740000,0.0620000,0.0720000,46.200
16695_090101_130416,D,20090601,000000,0.0770000,0.0790000,0.0720000,0.0790000,748.600
16695_090101_130416,D,20090602,000000,0.0790000,0.0880000,0.0700000,0.0840000,55.100
16695_090101_130416,D,20090603,000000,0.0690000,0.0840000,0.0690000,0.0840000,12.300
16695_090101_130416,D,20090604,000000,0.0700000,0.0810000,0.0700000,0.0810000,1.300
16695_090101_130416,D,20090605,000000,0.0830000,0.0830000,0.0670000,0.0780000,20.200
16695_090101_130416,D,20090608,000000,0.0650000,0.0740000,0.0650000,0.0740000,3.100
16695_090101_130416,D,20090609,000000,0.0670000,0.0760000,0.0660000,0.0760000,46.300
16695_090101_130416,D,20090610,000000,0.0760000,0.0770000,0.0760000,0.0770000,1.700
16695_090101_130416,D,20090611,000000,0.0790000,0.0790000,0.0780000,0.0780000,1.900
16695_090101_130416,D,20090615,000000,0.0770000,0.0770000,0.0770000,0.0770000,500
16695_090101_130416,D,20090616,000000,0.0740000,0.0770000,0.0740000,0.0770000,1.100
16695_090101_130416,D,20090617,000000,0.0650000,0.0770000,0.0650000,0.0770000,7.300
16695_090101_130416,D,20090618,000000,0.0640000,0.0770000,0.0620000,0.0760000,14.200
16695_090101_130416,D,20090619,000000,0.0650000,0.0690000,0.0630000,0.0690000,45.200
16695_090101_130416,D,20090622,000000,0.0720000,0.0720000,0.0720000,0.0720000,100
16695_090101_130416,D,20090623,000000,0.0690000,0.0690000,0.0690000,0.0690000,3.900
16695_090101_130416,D,20090624,000000,0.0730000,0.0730000,0.0730000,0.0730000,100
16695_090101_130416,D,20090625,000000,0.0730000,0.0760000,0.0710000,0.0710000,124.300
16695_090101_130416,D,20090626,000000,0.0670000,0.0740000,0.0670000,0.0740000,90.100
16695_090101_130416,D,20090629,000000,0.0670000,0.0750000,0.0670000,0.0750000,2.300
16695_090101_130416,D,20090630,000000,0.0750000,0.0750000,0.0750000,0.0750000,100
16695_090101_130416,D,20090701,000000,0.0680000,0.0740000,0.0670000,0.0740000,2.700
16695_090101_130416,D,20090702,000000,0.0690000,0.0720000,0.0670000,0.0720000,8.700
16695_090101_130416,D,20090706,000000,0.0610000,0.0730000,0.0600000,0.0730000,32.300
16695_090101_130416,D,20090707,000000,0.0710000,0.0710000,0.0710000,0.0710000,100
16695_090101_130416,D,20090708,000000,0.0730000,0.0730000,0.0600000,0.0730000,29.700
16695_090101_130416,D,20090709,000000,0.0720000,0.0720000,0.0720000,0.0720000,3.000
16695_090101_130416,D,20090714,000000,0.0690000,0.0700000,0.0560000,0.0700000,600
16695_090101_130416,D,20090715,000000,0.0720000,0.0720000,0.0720000,0.0720000,100
16695_090101_130416,D,20090716,000000,0.0590000,0.0740000,0.0590000,0.0740000,600
16695_090101_130416,D,20090720,000000,0.0750000,0.0750000,0.0750000,0.0750000,200
16695_090101_130416,D,20090723,000000,0.0650000,0.0760000,0.0650000,0.0760000,7.900
16695_090101_130416,D,20090727,000000,0.0780000,0.0780000,0.0780000,0.0780000,100
16695_090101_130416,D,20090728,000000,0.0630000,0.0730000,0.0610000,0.0720000,120.300
16695_090101_130416,D,20090730,000000,0.0680000,0.0680000,0.0680000,0.0680000,200
16695_090101_130416,D,20090803,000000,0.0730000,0.0730000,0.0730000,0.0730000,100
16695_090101_130416,D,20090804,000000,0.0660000,0.0740000,0.0600000,0.0700000,1.705.200
16695_090101_130416,D,20090806,000000,0.0620000,0.0720000,0.0620000,0.0720000,600
16695_090101_130416,D,20090810,000000,0.0700000,0.0710000,0.0660000,0.0690000,62.400
16695_090101_130416,D,20090811,000000,0.0700000,0.0700000,0.0700000,0.0700000,1.500
16695_090101_130416,D,20090812,000000,0.0670000,0.0670000,0.0580000,0.0610000,2.358.400
16695_090101_130416,D,20090813,000000,0.0630000,0.0640000,0.0570000,0.0600000,1.508.000
16695_090101_130416,D,20090814,000000,0.0620000,0.0620000,0.0510000,0.0550000,1.422.200
16695_090101_130416,D,20090817,000000,0.0580000,0.0580000,0.0350000,0.0520000,6.068.300
16695_090101_130416,D,20090818,000000,0.0500000,0.0640000,0.0470000,0.0480000,151.500
16695_090101_130416,D,20090819,000000,0.0540000,0.0540000,0.0420000,0.0450000,691.700
16695_090101_130416,D,20090820,000000,0.0450000,0.0500000,0.0440000,0.0470000,508.500
16695_090101_130416,D,20090821,000000,0.0490000,0.0610000,0.0450000,0.0560000,10.064.900
16695_090101_130416,D,20090824,000000,0.0580000,0.0640000,0.0450000,0.0610000,716.000
16695_090101_130416,D,20090825,000000,0.0580000,0.0650000,0.0540000,0.0590000,642.600
16695_090101_130416,D,20090826,000000,0.0620000,0.0620000,0.0560000,0.0570000,55.400
16695_090101_130416,D,20090827,000000,0.0600000,0.0600000,0.0530000,0.0580000,116.400
16695_090101_130416,D,20090828,000000,0.0600000,0.0600000,0.0550000,0.0590000,61.400
16695_090101_130416,D,20090831,000000,0.0590000,0.0590000,0.0530000,0.0560000,207.600
16695_090101_130416,D,20090901,000000,0.0550000,0.0580000,0.0550000,0.0570000,33.800
16695_090101_130416,D,20090902,000000,0.0600000,0.0600000,0.0540000,0.0590000,8.800
16695_090101_130416,D,20090903,000000,0.0590000,0.0590000,0.0590000,0.0590000,100
16695_090101_130416,D,20090904,000000,0.0550000,0.0600000,0.0530000,0.0540000,1.644.800
16695_090101_130416,D,20090907,000000,0.0550000,0.0560000,0.0530000,0.0560000,660.000
16695_090101_130416,D,20090908,000000,0.0570000,0.0570000,0.0540000,0.0540000,71.400
16695_090101_130416,D,20090909,000000,0.0560000,0.0580000,0.0550000,0.0580000,718.900
16695_090101_130416,D,20090910,000000,0.0580000,0.0590000,0.0550000,0.0590000,339.900
16695_090101_130416,D,20090911,000000,0.0590000,0.0590000,0.0530000,0.0550000,65.300
16695_090101_130416,D,20090914,000000,0.0600000,0.0600000,0.0550000,0.0590000,153.400
16695_090101_130416,D,20090915,000000,0.0590000,0.0640000,0.0590000,0.0640000,346.100
16695_090101_130416,D,20090916,000000,0.0640000,0.0640000,0.0580000,0.0610000,39.500
16695_090101_130416,D,20090917,000000,0.0630000,0.0630000,0.0600000,0.0620000,2.400
16695_090101_130416,D,20090918,000000,0.0630000,0.0630000,0.0530000,0.0600000,111.700
16695_090101_130416,D,20090921,000000,0.0620000,0.0620000,0.0620000,0.0620000,100
16695_090101_130416,D,20090922,000000,0.0620000,0.0620000,0.0590000,0.0610000,25.600
16695_090101_130416,D,20090923,000000,0.0610000,0.0620000,0.0610000,0.0620000,143.900
16695_090101_130416,D,20090924,000000,0.0600000,0.0620000,0.0510000,0.0600000,593.000
16695_090101_130416,D,20090925,000000,0.0600000,0.0630000,0.0570000,0.0600000,510.300
16695_090101_130416,D,20090928,000000,0.0610000,0.0610000,0.0550000,0.0580000,1.023.100
16695_090101_130416,D,20090929,000000,0.0600000,0.0600000,0.0570000,0.0590000,766.700
16695_090101_130416,D,20090930,000000,0.0590000,0.0620000,0.0510000,0.0620000,2.368.100
16695_090101_130416,D,20091001,000000,0.0630000,0.0630000,0.0580000,0.0620000,46.000
16695_090101_130416,D,20091002,000000,0.0590000,0.0610000,0.0580000,0.0600000,22.500
16695_090101_130416,D,20091005,000000,0.0620000,0.0620000,0.0590000,0.0610000,5.700
16695_090101_130416,D,20091006,000000,0.0600000,0.0610000,0.0600000,0.0610000,11.500
16695_090101_130416,D,20091007,000000,0.0600000,0.0610000,0.0600000,0.0610000,15.500
16695_090101_130416,D,20091008,000000,0.0610000,0.0620000,0.0610000,0.0620000,66.100
16695_090101_130416,D,20091009,000000,0.0620000,0.0630000,0.0600000,0.0610000,94.100
16695_090101_130416,D,20091012,000000,0.0620000,0.0620000,0.0620000,0.0620000,100
16695_090101_130416,D,20091013,000000,0.0640000,0.0680000,0.0610000,0.0660000,2.064.800
16695_090101_130416,D,20091014,000000,0.0680000,0.0750000,0.0640000,0.0730000,2.484.400
16695_090101_130416,D,20091015,000000,0.0730000,0.0750000,0.0710000,0.0730000,913.800
16695_090101_130416,D,20091016,000000,0.0740000,0.0740000,0.0700000,0.0730000,90.700
16695_090101_130416,D,20091019,000000,0.0740000,0.0750000,0.0700000,0.0730000,433.500
16695_090101_130416,D,20091020,000000,0.0730000,0.0730000,0.0700000,0.0730000,11.600
16695_090101_130416,D,20091021,000000,0.0740000,0.0740000,0.0700000,0.0730000,6.700
16695_090101_130416,D,20091022,000000,0.0740000,0.0770000,0.0650000,0.0700000,27.973.700
16695_090101_130416,D,20091023,000000,0.0690000,0.0710000,0.0690000,0.0710000,5.400
16695_090101_130416,D,20091026,000000,0.0700000,0.0700000,0.0670000,0.0700000,500
16695_090101_130416,D,20091027,000000,0.0700000,0.0700000,0.0650000,0.0700000,18.900
16695_090101_130416,D,20091028,000000,0.0700000,0.0700000,0.0620000,0.0640000,1.791.100
16695_090101_130416,D,20091029,000000,0.0690000,0.0690000,0.0690000,0.0690000,100
16695_090101_130416,D,20091030,000000,0.0690000,0.0690000,0.0690000,0.0690000,100
16695_090101_130416,D,20091102,000000,0.0690000,0.0690000,0.0600000,0.0690000,5.800
16695_090101_130416,D,20091103,000000,0.0700000,0.0700000,0.0700000,0.0700000,100
16695_090101_130416,D,20091105,000000,0.0730000,0.0730000,0.0620000,0.0680000,10.400
16695_090101_130416,D,20091106,000000,0.0690000,0.0690000,0.0690000,0.0690000,100
16695_090101_130416,D,20091109,000000,0.0670000,0.0670000,0.0630000,0.0670000,900
16695_090101_130416,D,20091110,000000,0.0710000,0.0710000,0.0630000,0.0670000,8.000
16695_090101_130416,D,20091111,000000,0.0680000,0.0680000,0.0630000,0.0670000,3.400
16695_090101_130416,D,20091112,000000,0.0680000,0.0680000,0.0650000,0.0650000,19.200
16695_090101_130416,D,20091113,000000,0.0680000,0.0680000,0.0650000,0.0650000,19.300
16695_090101_130416,D,20091116,000000,0.0680000,0.0680000,0.0680000,0.0680000,100
16695_090101_130416,D,20091117,000000,0.0710000,0.0710000,0.0600000,0.0640000,477.100
16695_090101_130416,D,20091118,000000,0.0700000,0.0700000,0.0590000,0.0640000,11.774.100
16695_090101_130416,D,20091119,000000,0.0650000,0.0650000,0.0630000,0.0640000,900
16695_090101_130416,D,20091120,000000,0.0640000,0.0640000,0.0620000,0.0640000,700
16695_090101_130416,D,20091123,000000,0.0640000,0.0640000,0.0630000,0.0640000,1.700
16695_090101_130416,D,20091124,000000,0.0590000,0.0660000,0.0590000,0.0660000,1.100
16695_090101_130416,D,20091125,000000,0.0660000,0.0660000,0.0660000,0.0660000,30.100
16695_090101_130416,D,20091127,000000,0.0660000,0.0660000,0.0570000,0.0610000,25.500
16695_090101_130416,D,20091130,000000,0.0640000,0.0640000,0.0580000,0.0630000,900
16695_090101_130416,D,20091201,000000,0.0640000,0.0640000,0.0580000,0.0630000,600
16695_090101_130416,D,20091202,000000,0.0700000,0.0700000,0.0560000,0.0630000,1.900
16695_090101_130416,D,20091203,000000,0.0640000,0.0640000,0.0590000,0.0600000,1.200
16695_090101_130416,D,20091204,000000,0.0700000,0.0700000,0.0590000,0.0610000,109.700
16695_090101_130416,D,20091207,000000,0.0620000,0.0630000,0.0600000,0.0600000,145.300
16695_090101_130416,D,20091208,000000,0.0690000,0.0690000,0.0590000,0.0640000,12.854.000
16695_090101_130416,D,20091209,000000,0.0650000,0.0650000,0.0630000,0.0640000,21.500
16695_090101_130416,D,20091210,000000,0.0640000,0.0700000,0.0640000,0.0670000,1.710.100
16695_090101_130416,D,20091211,000000,0.0680000,0.0720000,0.0610000,0.0680000,1.538.800
16695_090101_130416,D,20091214,000000,0.0680000,0.0680000,0.0650000,0.0680000,520.600
16695_090101_130416,D,20091215,000000,0.0650000,0.0670000,0.0650000,0.0670000,200.100
16695_090101_130416,D,20091216,000000,0.0650000,0.0670000,0.0630000,0.0660000,2.906.700
16695_090101_130416,D,20091217,000000,0.0670000,0.0680000,0.0660000,0.0670000,185.700
16695_090101_130416,D,20091218,000000,0.0680000,0.0680000,0.0650000,0.0670000,47.300
16695_090101_130416,D,20091221,000000,0.0660000,0.0670000,0.0660000,0.0670000,37.900
16695_090101_130416,D,20091222,000000,0.0660000,0.0670000,0.0650000,0.0670000,480.700
16695_090101_130416,D,20091223,000000,0.0610000,0.0690000,0.0610000,0.0690000,1.789.400
16695_090101_130416,D,20091224,000000,0.0710000,0.0710000,0.0610000,0.0660000,107.000
16695_090101_130416,D,20091225,000000,0.0670000,0.0680000,0.0660000,0.0680000,27.200
16695_090101_130416,D,20091228,000000,0.0620000,0.0680000,0.0620000,0.0680000,7.260.800
16695_090101_130416,D,20091229,000000,0.0730000,0.0730000,0.0620000,0.0670000,284.900
16695_090101_130416,D,20091230,000000,0.0680000,0.0680000,0.0680000,0.0680000,20.000
16695_090101_130416,D,20091231,000000,0.0620000,0.0680000,0.0620000,0.0680000,400
16695_090101_130416,D,20100111,000000,0.0650000,0.0690000,0.0650000,0.0690000,6.200
16695_090101_130416,D,20100113,000000,0.0680000,0.0680000,0.0680000,0.0680000,150.000
16695_090101_130416,D,20100114,000000,0.0620000,0.0690000,0.0620000,0.0690000,574.600
16695_090101_130416,D,20100115,000000,0.0690000,0.0740000,0.0660000,0.0720000,1.689.600
16695_090101_130416,D,20100118,000000,0.0660000,0.0730000,0.0660000,0.0700000,308.400
16695_090101_130416,D,20100119,000000,0.0730000,0.0740000,0.0700000,0.0740000,47.500
16695_090101_130416,D,20100120,000000,0.0740000,0.0790000,0.0660000,0.0760000,21.725.500
16695_090101_130416,D,20100121,000000,0.0760000,0.0770000,0.0720000,0.0740000,2.015.800
16695_090101_130416,D,20100122,000000,0.0790000,0.0790000,0.0700000,0.0750000,1.411.500
16695_090101_130416,D,20100125,000000,0.0730000,0.0750000,0.0690000,0.0720000,14.085.400
16695_090101_130416,D,20100126,000000,0.0700000,0.0750000,0.0690000,0.0730000,2.059.900
16695_090101_130416,D,20100127,000000,0.0730000,0.0730000,0.0690000,0.0700000,2.749.300
16695_090101_130416,D,20100128,000000,0.0720000,0.0720000,0.0710000,0.0710000,207.800
16695_090101_130416,D,20100129,000000,0.0740000,0.0740000,0.0670000,0.0730000,79.900
16695_090101_130416,D,20100201,000000,0.0700000,0.0750000,0.0660000,0.0730000,6.994.500
16695_090101_130416,D,20100202,000000,0.0690000,0.0730000,0.0630000,0.0720000,4.880.000
16695_090101_130416,D,20100203,000000,0.0700000,0.0790000,0.0700000,0.0750000,7.190.000
16695_090101_130416,D,20100204,000000,0.0720000,0.0750000,0.0710000,0.0710000,2.600.400
16695_090101_130416,D,20100205,000000,0.0710000,0.0730000,0.0710000,0.0730000,50.800
16695_090101_130416,D,20100210,000000,0.0700000,0.0730000,0.0700000,0.0700000,692.500
16695_090101_130416,D,20100211,000000,0.0710000,0.0750000,0.0700000,0.0730000,1.000.400
16695_090101_130416,D,20100212,000000,0.0740000,0.0750000,0.0650000,0.0750000,1.628.200
16695_090101_130416,D,20100215,000000,0.0700000,0.0710000,0.0680000,0.0700000,692.600
16695_090101_130416,D,20100216,000000,0.0750000,0.0750000,0.0690000,0.0730000,101.500
16695_090101_130416,D,20100217,000000,0.0730000,0.0750000,0.0730000,0.0750000,74.400
16695_090101_130416,D,20100218,000000,0.0730000,0.0770000,0.0720000,0.0770000,184.900
16695_090101_130416,D,20100219,000000,0.0700000,0.0780000,0.0700000,0.0750000,21.400
16695_090101_130416,D,20100224,000000,0.0760000,0.0760000,0.0720000,0.0760000,201.000
16695_090101_130416,D,20100225,000000,0.0700000,0.0750000,0.0700000,0.0740000,240.200
16695_090101_130416,D,20100226,000000,0.0760000,0.0770000,0.0760000,0.0770000,291.500
16695_090101_130416,D,20100227,000000,0.0780000,0.0850000,0.0770000,0.0840000,966.700
16695_090101_130416,D,20100301,000000,0.0780000,0.0840000,0.0770000,0.0840000,670.400
16695_090101_130416,D,20100302,000000,0.0840000,0.0870000,0.0780000,0.0840000,2.285.100
16695_090101_130416,D,20100303,000000,0.0880000,0.0880000,0.0870000,0.0870000,200
16695_090101_130416,D,20100304,000000,0.0880000,0.0910000,0.0880000,0.0910000,1.700.300
16695_090101_130416,D,20100305,000000,0.0940000,0.0950000,0.0850000,0.0930000,852.100
16695_090101_130416,D,20100309,000000,0.0880000,0.0940000,0.0860000,0.0930000,137.700
16695_090101_130416,D,20100310,000000,0.0960000,0.0970000,0.0870000,0.0890000,184.500
16695_090101_130416,D,20100311,000000,0.0970000,0.0970000,0.0840000,0.0860000,1.080.500
16695_090101_130416,D,20100312,000000,0.0930000,0.0930000,0.0850000,0.0900000,24.300
16695_090101_130416,D,20100315,000000,0.0890000,0.0940000,0.0890000,0.0920000,35.700
16695_090101_130416,D,20100316,000000,0.0950000,0.0950000,0.0900000,0.0930000,42.400
16695_090101_130416,D,20100317,000000,0.0940000,0.0940000,0.0920000,0.0940000,84.300
16695_090101_130416,D,20100318,000000,0.0900000,0.0950000,0.0900000,0.0950000,174.700
16695_090101_130416,D,20100319,000000,0.0950000,0.1040000,0.0950000,0.1000000,622.600
16695_090101_130416,D,20100322,000000,0.1050000,0.1110000,0.1020000,0.1050000,627.200
16695_090101_130416,D,20100323,000000,0.1080000,0.1080000,0.1050000,0.1050000,563.000
16695_090101_130416,D,20100324,000000,0.1070000,0.1070000,0.1030000,0.1050000,1.072.600
16695_090101_130416,D,20100325,000000,0.1130000,0.1200000,0.1020000,0.1040000,190.000
16695_090101_130416,D,20100326,000000,0.1110000,0.1110000,0.0900000,0.0960000,6.016.900
16695_090101_130416,D,20100329,000000,0.1010000,0.1020000,0.0990000,0.1010000,751.100
16695_090101_130416,D,20100330,000000,0.1020000,0.1020000,0.0960000,0.1000000,1.840.800
16695_090101_130416,D,20100331,000000,0.0950000,0.1050000,0.0950000,0.1050000,300
16695_090101_130416,D,20100401,000000,0.0990000,0.1080000,0.0990000,0.1060000,683.200
16695_090101_130416,D,20100402,000000,0.1050000,0.1100000,0.0920000,0.1070000,1.379.900
16695_090101_130416,D,20100405,000000,0.1030000,0.1070000,0.1000000,0.1060000,434.300
16695_090101_130416,D,20100406,000000,0.1090000,0.1090000,0.1010000,0.1080000,462.300
16695_090101_130416,D,20100407,000000,0.1030000,0.1090000,0.1020000,0.1050000,1.800.600
16695_090101_130416,D,20100408,000000,0.1070000,0.1090000,0.0980000,0.1040000,163.000
16695_090101_130416,D,20100409,000000,0.1090000,0.1090000,0.1010000,0.1030000,40.100
16695_090101_130416,D,20100412,000000,0.1070000,0.1070000,0.1010000,0.1060000,600.700
16695_090101_130416,D,20100413,000000,0.1070000,0.1070000,0.1010000,0.1050000,128.700
16695_090101_130416,D,20100414,000000,0.1060000,0.1070000,0.1020000,0.1050000,119.800
16695_090101_130416,D,20100415,000000,0.1070000,0.1090000,0.1040000,0.1040000,9.700
16695_090101_130416,D,20100416,000000,0.1060000,0.1060000,0.1010000,0.1020000,550.400
16695_090101_130416,D,20100419,000000,0.0990000,0.1030000,0.0900000,0.1000000,195.500
16695_090101_130416,D,20100420,000000,0.1050000,0.1050000,0.1000000,0.1020000,611.300
16695_090101_130416,D,20100421,000000,0.0980000,0.1050000,0.0980000,0.1050000,210.300
16695_090101_130416,D,20100423,000000,0.1000000,0.1000000,0.0930000,0.1000000,85.400
16695_090101_130416,D,20100426,000000,0.1050000,0.1050000,0.0900000,0.0990000,363.300
16695_090101_130416,D,20100427,000000,0.1000000,0.1000000,0.0900000,0.0950000,608.900
16695_090101_130416,D,20100428,000000,0.0950000,0.0960000,0.0890000,0.0960000,142.400
16695_090101_130416,D,20100429,000000,0.0960000,0.0980000,0.0910000,0.0960000,63.800
16695_090101_130416,D,20100430,000000,0.0980000,0.1030000,0.0930000,0.0990000,170.300
16695_090101_130416,D,20100504,000000,0.0940000,0.1040000,0.0940000,0.0980000,1.108.300
16695_090101_130416,D,20100505,000000,0.0990000,0.0990000,0.0990000,0.0990000,100
16695_090101_130416,D,20100506,000000,0.0990000,0.0990000,0.0990000,0.0990000,100
16695_090101_130416,D,20100507,000000,0.0980000,0.0980000,0.0980000,0.0980000,100
16695_090101_130416,D,20100511,000000,0.1000000,0.1000000,0.0890000,0.0980000,302.700
16695_090101_130416,D,20100512,000000,0.0940000,0.0940000,0.0890000,0.0940000,7.200
16695_090101_130416,D,20100513,000000,0.0980000,0.0980000,0.0910000,0.0980000,12.600
16695_090101_130416,D,20100514,000000,0.0930000,0.0930000,0.0930000,0.0930000,32.300
16695_090101_130416,D,20100517,000000,0.0900000,0.0950000,0.0890000,0.0920000,57.500
16695_090101_130416,D,20100518,000000,0.0960000,0.0960000,0.0960000,0.0960000,100
16695_090101_130416,D,20100519,000000,0.0960000,0.0960000,0.0910000,0.0910000,11.200
16695_090101_130416,D,20100520,000000,0.0950000,0.0950000,0.0740000,0.0870000,289.700
16695_090101_130416,D,20100521,000000,0.0920000,0.0920000,0.0680000,0.0850000,13.900
16695_090101_130416,D,20100524,000000,0.0840000,0.0870000,0.0710000,0.0820000,160.300
16695_090101_130416,D,20100525,000000,0.0850000,0.0850000,0.0630000,0.0710000,726.500
16695_090101_130416,D,20100526,000000,0.0750000,0.0750000,0.0650000,0.0720000,9.600
16695_090101_130416,D,20100527,000000,0.0740000,0.0740000,0.0640000,0.0690000,1.568.200
16695_090101_130416,D,20100528,000000,0.0670000,0.0710000,0.0530000,0.0680000,2.054.600
16695_090101_130416,D,20100531,000000,0.0670000,0.0690000,0.0650000,0.0670000,1.156.600
16695_090101_130416,D,20100601,000000,0.0680000,0.0680000,0.0620000,0.0680000,113.100
16695_090101_130416,D,20100602,000000,0.0630000,0.0710000,0.0630000,0.0700000,4.300
16695_090101_130416,D,20100603,000000,0.0680000,0.0760000,0.0660000,0.0680000,1.336.400
16695_090101_130416,D,20100604,000000,0.0720000,0.0720000,0.0680000,0.0700000,2.800
16695_090101_130416,D,20100607,000000,0.0650000,0.0710000,0.0630000,0.0700000,76.200
16695_090101_130416,D,20100608,000000,0.0690000,0.0710000,0.0690000,0.0710000,600
16695_090101_130416,D,20100610,000000,0.0750000,0.0760000,0.0730000,0.0760000,64.500
16695_090101_130416,D,20100611,000000,0.0820000,0.0830000,0.0700000,0.0730000,76.200
16695_090101_130416,D,20100615,000000,0.0690000,0.0730000,0.0690000,0.0730000,2.200
16695_090101_130416,D,20100616,000000,0.0840000,0.0840000,0.0690000,0.0710000,25.900
16695_090101_130416,D,20100617,000000,0.0700000,0.0710000,0.0680000,0.0710000,11.200
16695_090101_130416,D,20100618,000000,0.0680000,0.0780000,0.0680000,0.0730000,194.200
16695_090101_130416,D,20100621,000000,0.0680000,0.0760000,0.0680000,0.0760000,113.500
16695_090101_130416,D,20100623,000000,0.0770000,0.0770000,0.0690000,0.0710000,42.900
16695_090101_130416,D,20100624,000000,0.0760000,0.0760000,0.0650000,0.0730000,189.500
16695_090101_130416,D,20100625,000000,0.0720000,0.0730000,0.0720000,0.0730000,355.400
16695_090101_130416,D,20100628,000000,0.0750000,0.0820000,0.0710000,0.0760000,387.800
16695_090101_130416,D,20100629,000000,0.0740000,0.0820000,0.0730000,0.0820000,15.100
16695_090101_130416,D,20100701,000000,0.0790000,0.0790000,0.0790000,0.0790000,2.000
16695_090101_130416,D,20100705,000000,0.0680000,0.0800000,0.0670000,0.0790000,104.800
16695_090101_130416,D,20100706,000000,0.0790000,0.0820000,0.0790000,0.0820000,110.100
16695_090101_130416,D,20100707,000000,0.0790000,0.0790000,0.0790000,0.0790000,10.300
16695_090101_130416,D,20100708,000000,0.0830000,0.0830000,0.0830000,0.0830000,700
16695_090101_130416,D,20100709,000000,0.0820000,0.0820000,0.0750000,0.0810000,54.600
16695_090101_130416,D,20100712,000000,0.0820000,0.0820000,0.0820000,0.0820000,400
16695_090101_130416,D,20100714,000000,0.0760000,0.0780000,0.0710000,0.0740000,260.500
16695_090101_130416,D,20100715,000000,0.0720000,0.0750000,0.0700000,0.0740000,1.040.000
16695_090101_130416,D,20100716,000000,0.0740000,0.0750000,0.0740000,0.0750000,63.100
16695_090101_130416,D,20100719,000000,0.0740000,0.0760000,0.0740000,0.0750000,10.600
16695_090101_130416,D,20100720,000000,0.0720000,0.0720000,0.0720000,0.0720000,51.000
16695_090101_130416,D,20100721,000000,0.0740000,0.0760000,0.0720000,0.0720000,206.700
16695_090101_130416,D,20100722,000000,0.0710000,0.0730000,0.0710000,0.0720000,1.700
16695_090101_130416,D,20100723,000000,0.0760000,0.0760000,0.0720000,0.0720000,59.700
16695_090101_130416,D,20100726,000000,0.0760000,0.0780000,0.0760000,0.0770000,123.200
16695_090101_130416,D,20100727,000000,0.0790000,0.0790000,0.0790000,0.0790000,100
16695_090101_130416,D,20100728,000000,0.0800000,0.0800000,0.0710000,0.0710000,193.400
16695_090101_130416,D,20100729,000000,0.0740000,0.0790000,0.0730000,0.0770000,144.900
16695_090101_130416,D,20100730,000000,0.0750000,0.0790000,0.0750000,0.0760000,900
16695_090101_130416,D,20100802,000000,0.0780000,0.0790000,0.0730000,0.0760000,3.500
16695_090101_130416,D,20100803,000000,0.0760000,0.0790000,0.0760000,0.0780000,178.200
16695_090101_130416,D,20100804,000000,0.0780000,0.0790000,0.0780000,0.0790000,200
16695_090101_130416,D,20100805,000000,0.0800000,0.0820000,0.0770000,0.0790000,14.800
16695_090101_130416,D,20100806,000000,0.0780000,0.0780000,0.0780000,0.0780000,500
16695_090101_130416,D,20100809,000000,0.0800000,0.0820000,0.0770000,0.0790000,15.500
16695_090101_130416,D,20100810,000000,0.0820000,0.0820000,0.0770000,0.0800000,22.700
16695_090101_130416,D,20100811,000000,0.0820000,0.0820000,0.0750000,0.0750000,423.000
16695_090101_130416,D,20100812,000000,0.0790000,0.0790000,0.0760000,0.0790000,438.600
16695_090101_130416,D,20100813,000000,0.0820000,0.0820000,0.0800000,0.0800000,200
16695_090101_130416,D,20100816,000000,0.0830000,0.0830000,0.0650000,0.0690000,5.142.800
16695_090101_130416,D,20100817,000000,0.0700000,0.0730000,0.0650000,0.0690000,4.372.100
16695_090101_130416,D,20100818,000000,0.0690000,0.0780000,0.0680000,0.0760000,2.607.100
16695_090101_130416,D,20100819,000000,0.0770000,0.0800000,0.0700000,0.0700000,6.446.200
16695_090101_130416,D,20100820,000000,0.0710000,0.0710000,0.0690000,0.0700000,544.700
16695_090101_130416,D,20100823,000000,0.0710000,0.0720000,0.0680000,0.0720000,191.400
16695_090101_130416,D,20100824,000000,0.0710000,0.0720000,0.0680000,0.0700000,246.600
16695_090101_130416,D,20100825,000000,0.0700000,0.0710000,0.0660000,0.0660000,940.200
16695_090101_130416,D,20100826,000000,0.0690000,0.0720000,0.0670000,0.0680000,532.900
16695_090101_130416,D,20100827,000000,0.0710000,0.0710000,0.0680000,0.0700000,147.600
16695_090101_130416,D,20100830,000000,0.0720000,0.0720000,0.0700000,0.0700000,532.700
16695_090101_130416,D,20100831,000000,0.0710000,0.0720000,0.0680000,0.0710000,517.900
16695_090101_130416,D,20100901,000000,0.0720000,0.0770000,0.0700000,0.0770000,4.547.500
16695_090101_130416,D,20100902,000000,0.0760000,0.0790000,0.0710000,0.0730000,125.100
16695_090101_130416,D,20100903,000000,0.0740000,0.0740000,0.0720000,0.0730000,100.300
16695_090101_130416,D,20100906,000000,0.0750000,0.0780000,0.0750000,0.0750000,236.100
16695_090101_130416,D,20100907,000000,0.0760000,0.0760000,0.0730000,0.0750000,63.500
16695_090101_130416,D,20100908,000000,0.0750000,0.0800000,0.0720000,0.0750000,772.300
16695_090101_130416,D,20100909,000000,0.0750000,0.0770000,0.0720000,0.0770000,278.900
16695_090101_130416,D,20100910,000000,0.0780000,0.0800000,0.0740000,0.0780000,243.100
16695_090101_130416,D,20100913,000000,0.0780000,0.0800000,0.0770000,0.0790000,72.400
16695_090101_130416,D,20100914,000000,0.0800000,0.0800000,0.0760000,0.0770000,222.100
16695_090101_130416,D,20100915,000000,0.0810000,0.0810000,0.0750000,0.0760000,1.034.800
16695_090101_130416,D,20100916,000000,0.0760000,0.0810000,0.0760000,0.0800000,57.400
16695_090101_130416,D,20100917,000000,0.0810000,0.0810000,0.0740000,0.0790000,293.100
16695_090101_130416,D,20100920,000000,0.0810000,0.0810000,0.0760000,0.0780000,49.100
16695_090101_130416,D,20100921,000000,0.0810000,0.0840000,0.0790000,0.0820000,2.269.300
16695_090101_130416,D,20100922,000000,0.0890000,0.0890000,0.0780000,0.0810000,451.600
16695_090101_130416,D,20100923,000000,0.0810000,0.0830000,0.0810000,0.0830000,12.800
16695_090101_130416,D,20100924,000000,0.0820000,0.0840000,0.0810000,0.0830000,542.500
16695_090101_130416,D,20100927,000000,0.0830000,0.0880000,0.0830000,0.0860000,150.800
16695_090101_130416,D,20100928,000000,0.0850000,0.0860000,0.0800000,0.0850000,523.600
16695_090101_130416,D,20100929,000000,0.0840000,0.0880000,0.0820000,0.0880000,1.066.000
16695_090101_130416,D,20100930,000000,0.0880000,0.0890000,0.0850000,0.0890000,90.300
16695_090101_130416,D,20101001,000000,0.0910000,0.0910000,0.0860000,0.0890000,81.600
16695_090101_130416,D,20101004,000000,0.0860000,0.0910000,0.0860000,0.0890000,1.186.900
16695_090101_130416,D,20101005,000000,0.0890000,0.0900000,0.0860000,0.0890000,629.700
16695_090101_130416,D,20101006,000000,0.0900000,0.0900000,0.0870000,0.0870000,33.800
16695_090101_130416,D,20101007,000000,0.0890000,0.0890000,0.0880000,0.0880000,400
16695_090101_130416,D,20101008,000000,0.0880000,0.0880000,0.0850000,0.0860000,393.900
16695_090101_130416,D,20101011,000000,0.0880000,0.0880000,0.0870000,0.0880000,21.000
16695_090101_130416,D,20101012,000000,0.0870000,0.0890000,0.0870000,0.0880000,506.100
16695_090101_130416,D,20101013,000000,0.0900000,0.0920000,0.0900000,0.0900000,66.300
16695_090101_130416,D,20101014,000000,0.0910000,0.0910000,0.0880000,0.0900000,807.400
16695_090101_130416,D,20101015,000000,0.0890000,0.0900000,0.0890000,0.0890000,1.230.100
16695_090101_130416,D,20101018,000000,0.0880000,0.0910000,0.0840000,0.0890000,5.831.900
16695_090101_130416,D,20101019,000000,0.0890000,0.0890000,0.0890000,0.0890000,32.300
16695_090101_130416,D,20101020,000000,0.0880000,0.0880000,0.0850000,0.0870000,2.350.500
16695_090101_130416,D,20101021,000000,0.0850000,0.0860000,0.0850000,0.0860000,955.500
16695_090101_130416,D,20101022,000000,0.0850000,0.0860000,0.0830000,0.0860000,1.597.200
16695_090101_130416,D,20101025,000000,0.0850000,0.0850000,0.0850000,0.0850000,46.000
16695_090101_130416,D,20101026,000000,0.0850000,0.0850000,0.0840000,0.0850000,20.400
16695_090101_130416,D,20101027,000000,0.0830000,0.0900000,0.0820000,0.0840000,360.000
16695_090101_130416,D,20101028,000000,0.0860000,0.0860000,0.0840000,0.0840000,260.400
16695_090101_130416,D,20101029,000000,0.0840000,0.0850000,0.0840000,0.0850000,18.000
16695_090101_130416,D,20101101,000000,0.0860000,0.0870000,0.0860000,0.0870000,21.100
16695_090101_130416,D,20101102,000000,0.0850000,0.0870000,0.0850000,0.0870000,18.500
16695_090101_130416,D,20101108,000000,0.0850000,0.0850000,0.0850000,0.0850000,76.800
16695_090101_130416,D,20101109,000000,0.0860000,0.0920000,0.0860000,0.0880000,1.463.900
16695_090101_130416,D,20101110,000000,0.0850000,0.0880000,0.0830000,0.0880000,524.100
16695_090101_130416,D,20101111,000000,0.0880000,0.0880000,0.0830000,0.0870000,396.800
16695_090101_130416,D,20101112,000000,0.0860000,0.0860000,0.0830000,0.0840000,620.000
16695_090101_130416,D,20101113,000000,0.0850000,0.0860000,0.0830000,0.0840000,447.700
16695_090101_130416,D,20101115,000000,0.0850000,0.0860000,0.0850000,0.0860000,640.500
16695_090101_130416,D,20101116,000000,0.0880000,0.0970000,0.0850000,0.0950000,3.363.100
16695_090101_130416,D,20101117,000000,0.0950000,0.1330000,0.0950000,0.1330000,26.821.800
16695_090101_130416,D,20101118,000000,0.1400000,0.1400000,0.1120000,0.1290000,8.693.400
16695_090101_130416,D,20101119,000000,0.1260000,0.1550000,0.1180000,0.1430000,16.986.200
16695_090101_130416,D,20101122,000000,0.1390000,0.1480000,0.1300000,0.1400000,13.192.200
16695_090101_130416,D,20101123,000000,0.1370000,0.1730000,0.1340000,0.1630000,36.341.600
16695_090101_130416,D,20101124,000000,0.1630000,0.1960000,0.1580000,0.1720000,26.376.500
16695_090101_130416,D,20101125,000000,0.1720000,0.1860000,0.1680000,0.1750000,4.513.600
16695_090101_130416,D,20101126,000000,0.1770000,0.1770000,0.1490000,0.1600000,7.179.700
16695_090101_130416,D,20101129,000000,0.1640000,0.1720000,0.1490000,0.1530000,7.966.300
16695_090101_130416,D,20101130,000000,0.1560000,0.1600000,0.1440000,0.1550000,6.680.800
16695_090101_130416,D,20101201,000000,0.1560000,0.1600000,0.1470000,0.1560000,1.087.200
16695_090101_130416,D,20101202,000000,0.1570000,0.1580000,0.1500000,0.1520000,375.900
16695_090101_130416,D,20101203,000000,0.1510000,0.1520000,0.1440000,0.1450000,1.073.200
16695_090101_130416,D,20101206,000000,0.1450000,0.1560000,0.1420000,0.1470000,1.405.800
16695_090101_130416,D,20101207,000000,0.1460000,0.1480000,0.1330000,0.1390000,5.045.400
16695_090101_130416,D,20101208,000000,0.1420000,0.1450000,0.1340000,0.1400000,1.677.700
16695_090101_130416,D,20101209,000000,0.1390000,0.1480000,0.1370000,0.1470000,3.615.500
16695_090101_130416,D,20101210,000000,0.1480000,0.1490000,0.1410000,0.1470000,45.000
16695_090101_130416,D,20101213,000000,0.1440000,0.1550000,0.1400000,0.1460000,2.718.100
16695_090101_130416,D,20101214,000000,0.1510000,0.1510000,0.1400000,0.1420000,1.257.000
16695_090101_130416,D,20101215,000000,0.1430000,0.1450000,0.1400000,0.1400000,1.017.100
16695_090101_130416,D,20101216,000000,0.1390000,0.1440000,0.1360000,0.1390000,1.282.700
16695_090101_130416,D,20101217,000000,0.1370000,0.1390000,0.1340000,0.1380000,140.500
16695_090101_130416,D,20101220,000000,0.1360000,0.1460000,0.1330000,0.1410000,2.536.900
16695_090101_130416,D,20101221,000000,0.1400000,0.1460000,0.1400000,0.1460000,353.900
16695_090101_130416,D,20101222,000000,0.1450000,0.1500000,0.1360000,0.1500000,1.086.100
16695_090101_130416,D,20101223,000000,0.1480000,0.1510000,0.1480000,0.1500000,39.600
16695_090101_130416,D,20101224,000000,0.1520000,0.1600000,0.1490000,0.1500000,1.528.400
16695_090101_130416,D,20101227,000000,0.1490000,0.1540000,0.1460000,0.1500000,377.100
16695_090101_130416,D,20101228,000000,0.1520000,0.1560000,0.1490000,0.1520000,574.500
16695_090101_130416,D,20101229,000000,0.1520000,0.1520000,0.1430000,0.1450000,360.200
16695_090101_130416,D,20101230,000000,0.1460000,0.1510000,0.1450000,0.1490000,1.636.700
16695_090101_130416,D,20110111,000000,0.1510000,0.1510000,0.1480000,0.1490000,53.900
16695_090101_130416,D,20110112,000000,0.1490000,0.1510000,0.1460000,0.1480000,174.500
16695_090101_130416,D,20110113,000000,0.1480000,0.1500000,0.1480000,0.1500000,94.100
16695_090101_130416,D,20110114,000000,0.1500000,0.1510000,0.1490000,0.1490000,44.100
16695_090101_130416,D,20110117,000000,0.1480000,0.1490000,0.1410000,0.1470000,1.197.200
16695_090101_130416,D,20110118,000000,0.1460000,0.1480000,0.1440000,0.1440000,199.800
16695_090101_130416,D,20110119,000000,0.1480000,0.1500000,0.1450000,0.1470000,182.500
16695_090101_130416,D,20110120,000000,0.1430000,0.1460000,0.1360000,0.1400000,1.000.200
16695_090101_130416,D,20110121,000000,0.1410000,0.1420000,0.1400000,0.1410000,19.100
16695_090101_130416,D,20110124,000000,0.1420000,0.1420000,0.1340000,0.1370000,931.700
16695_090101_130416,D,20110125,000000,0.1380000,0.1410000,0.1380000,0.1410000,1.051.600
16695_090101_130416,D,20110126,000000,0.1400000,0.1430000,0.1400000,0.1400000,85.200
16695_090101_130416,D,20110127,000000,0.1420000,0.1420000,0.1330000,0.1390000,925.100
16695_090101_130416,D,20110128,000000,0.1390000,0.1390000,0.1350000,0.1360000,210.200
16695_090101_130416,D,20110131,000000,0.1360000,0.1390000,0.1330000,0.1390000,274.500
16695_090101_130416,D,20110201,000000,0.1360000,0.1400000,0.1340000,0.1400000,283.800
16695_090101_130416,D,20110202,000000,0.1400000,0.1410000,0.1320000,0.1380000,146.200
16695_090101_130416,D,20110203,000000,0.1390000,0.1420000,0.1360000,0.1390000,395.300
16695_090101_130416,D,20110204,000000,0.1390000,0.1400000,0.1360000,0.1400000,804.600
16695_090101_130416,D,20110208,000000,0.1380000,0.1420000,0.1380000,0.1420000,42.800
16695_090101_130416,D,20110209,000000,0.1400000,0.1400000,0.1360000,0.1380000,86.500
16695_090101_130416,D,20110210,000000,0.1400000,0.1400000,0.1370000,0.1380000,13.400
16695_090101_130416,D,20110211,000000,0.1400000,0.1510000,0.1390000,0.1400000,146.100
16695_090101_130416,D,20110214,000000,0.1400000,0.1410000,0.1350000,0.1400000,122.400
16695_090101_130416,D,20110215,000000,0.1380000,0.1410000,0.1380000,0.1390000,17.300
16695_090101_130416,D,20110216,000000,0.1390000,0.1390000,0.1320000,0.1360000,543.600
16695_090101_130416,D,20110217,000000,0.1370000,0.1380000,0.1290000,0.1330000,393.100
16695_090101_130416,D,20110218,000000,0.1350000,0.1360000,0.1310000,0.1310000,101.100
16695_090101_130416,D,20110221,000000,0.1310000,0.1310000,0.1250000,0.1270000,4.240.500
16695_090101_130416,D,20110222,000000,0.1250000,0.1260000,0.1220000,0.1240000,534.500
16695_090101_130416,D,20110224,000000,0.1220000,0.1260000,0.1200000,0.1260000,1.089.200
16695_090101_130416,D,20110225,000000,0.1230000,0.1260000,0.1200000,0.1260000,97.400
16695_090101_130416,D,20110228,000000,0.1260000,0.1460000,0.1260000,0.1420000,10.871.900
16695_090101_130416,D,20110301,000000,0.1221000,0.1399000,0.1221000,0.1336000,280.000
16695_090101_130416,D,20110302,000000,0.1310000,0.1350000,0.1300000,0.1300000,770.000
16695_090101_130416,D,20110303,000000,0.1369000,0.1369000,0.1308200,0.1335800,250.000
16695_090101_130416,D,20110304,000000,0.1301300,0.1352900,0.1301300,0.1352900,20.000
16695_090101_130416,D,20110305,000000,0.1365100,0.1365500,0.1365100,0.1365500,80.000
16695_090101_130416,D,20110309,000000,0.1368900,0.1368900,0.1211000,0.1319600,1.590.000
16695_090101_130416,D,20110310,000000,0.1215300,0.1335300,0.1215300,0.1335300,760.000
16695_090101_130416,D,20110311,000000,0.1367900,0.1367900,0.1200000,0.1299700,1.620.000
16695_090101_130416,D,20110314,000000,0.1252100,0.1260000,0.1252100,0.1255200,420.000
16695_090101_130416,D,20110315,000000,0.1239900,0.1240000,0.1200000,0.1200000,500.000
16695_090101_130416,D,20110316,000000,0.1210400,0.1220000,0.1200000,0.1220000,230.000
16695_090101_130416,D,20110317,000000,0.1232500,0.1232500,0.1200000,0.1212500,70.000
16695_090101_130416,D,20110318,000000,0.1222000,0.1260000,0.1177700,0.1260000,1.730.000
16695_090101_130416,D,20110321,000000,0.1202800,0.1202800,0.1199900,0.1200000,1.180.000
16695_090101_130416,D,20110322,000000,0.1200200,0.1239800,0.1200200,0.1235000,130.000
16695_090101_130416,D,20110323,000000,0.1264900,0.1269900,0.1200000,0.1200000,230.000
16695_090101_130416,D,20110324,000000,0.1233100,0.1233100,0.1180700,0.1182500,3.740.000
16695_090101_130416,D,20110325,000000,0.1224700,0.1239500,0.1201800,0.1239500,430.000
16695_090101_130416,D,20110328,000000,0.1231300,0.1231300,0.1231300,0.1231300,20.000
16695_090101_130416,D,20110329,000000,0.1244900,0.1249700,0.1241900,0.1246100,320.000
16695_090101_130416,D,20110330,000000,0.1260000,0.1270000,0.1260000,0.1270000,130.000
16695_090101_130416,D,20110331,000000,0.1288700,0.1288700,0.1250100,0.1279800,170.000
16695_090101_130416,D,20110401,000000,0.1284800,0.1284800,0.1284800,0.1284800,10.000
16695_090101_130416,D,20110404,000000,0.1288500,0.1288500,0.1200100,0.1250000,640.000
16695_090101_130416,D,20110405,000000,0.1330000,0.1330000,0.1283900,0.1283900,20.000
16695_090101_130416,D,20110406,000000,0.1260000,0.1260000,0.1246200,0.1246200,60.000
16695_090101_130416,D,20110407,000000,0.1235700,0.1265000,0.1235700,0.1265000,100.000
16695_090101_130416,D,20110408,000000,0.1285000,0.1285000,0.1285000,0.1285000,10.000
16695_090101_130416,D,20110411,000000,0.1284400,0.1284400,0.1284400,0.1284400,20.000
16695_090101_130416,D,20110412,000000,0.1237800,0.1237800,0.1230400,0.1230400,170.000
16695_090101_130416,D,20110413,000000,0.1200400,0.1249900,0.1200300,0.1249900,380.000
16695_090101_130416,D,20110414,000000,0.1206000,0.1249300,0.1206000,0.1249300,150.000
16695_090101_130416,D,20110415,000000,0.1250000,0.1259900,0.1235000,0.1259000,60.000
16695_090101_130416,D,20110418,000000,0.1200400,0.1258600,0.1130000,0.1150000,1.000.000
16695_090101_130416,D,20110420,000000,0.1200000,0.1200000,0.1200000,0.1200000,10.000
16695_090101_130416,D,20110421,000000,0.1190000,0.1190000,0.1179900,0.1180000,810.000
16695_090101_130416,D,20110422,000000,0.1205500,0.1240000,0.1200000,0.1240000,180.000
16695_090101_130416,D,20110425,000000,0.1260900,0.1297900,0.1212100,0.1220000,530.000
16695_090101_130416,D,20110426,000000,0.1211900,0.1212000,0.1211900,0.1212000,20.000
16695_090101_130416,D,20110427,000000,0.1220000,0.1220000,0.1193700,0.1200000,70.000
16695_090101_130416,D,20110428,000000,0.1249900,0.1249900,0.1139900,0.1139900,3.370.000
16695_090101_130416,D,20110429,000000,0.1130000,0.1130000,0.1100100,0.1110000,490.000
16695_090101_130416,D,20110503,000000,0.1100000,0.1100000,0.1080000,0.1080000,160.000
16695_090101_130416,D,20110504,000000,0.1090000,0.1100400,0.1000300,0.1090000,590.000
16695_090101_130416,D,20110506,000000,0.1090000,0.1090000,0.1060000,0.1070000,60.000
16695_090101_130416,D,20110510,000000,0.1079800,0.1079800,0.1079800,0.1079800,30.000
16695_090101_130416,D,20110511,000000,0.1079800,0.1089200,0.1079800,0.1089200,70.000
16695_090101_130416,D,20110512,000000,0.1070000,0.1070000,0.1060000,0.1069600,40.000
16695_090101_130416,D,20110513,000000,0.1070000,0.1070000,0.1065000,0.1070000,3.150.000
16695_090101_130416,D,20110516,000000,0.1069000,0.1100000,0.1040000,0.1070000,2.060.000
16695_090101_130416,D,20110517,000000,0.1070000,0.1070000,0.1040100,0.1040100,100.000
16695_090101_130416,D,20110518,000000,0.1040100,0.1049800,0.1020000,0.1049800,130.000
16695_090101_130416,D,20110519,000000,0.1040000,0.1040000,0.1030000,0.1030000,20.000
16695_090101_130416,D,20110520,000000,0.1050000,0.1050000,0.1050000,0.1050000,90.000
16695_090101_130416,D,20110523,000000,0.1010200,0.1110100,0.0990000,0.1040500,390.000
16695_090101_130416,D,20110524,000000,0.1089700,0.1100000,0.1000300,0.1040500,2.780.000
16695_090101_130416,D,20110525,000000,0.1079200,0.1079200,0.1000500,0.1021000,110.000
16695_090101_130416,D,20110526,000000,0.1026000,0.1026000,0.1026000,0.1026000,50.000
16695_090101_130416,D,20110527,000000,0.1039000,0.1039000,0.1016100,0.1016100,20.000
16695_090101_130416,D,20110530,000000,0.1012000,0.1035600,0.1000000,0.1035600,710.000
16695_090101_130416,D,20110531,000000,0.1024900,0.1024900,0.1017100,0.1017100,80.000
16695_090101_130416,D,20110603,000000,0.1010200,0.1010200,0.1010200,0.1010200,10.000
16695_090101_130416,D,20110607,000000,0.1013900,0.1015100,0.1009900,0.1010000,640.000
16695_090101_130416,D,20110608,000000,0.1020000,0.1023600,0.1020000,0.1023600,50.000
16695_090101_130416,D,20110610,000000,0.1030000,0.1060000,0.1020000,0.1060000,90.000
16695_090101_130416,D,20110614,000000,0.1060000,0.1060000,0.1016400,0.1016400,150.000
16695_090101_130416,D,20110615,000000,0.1039900,0.1060000,0.1000000,0.1019900,1.580.000
16695_090101_130416,D,20110616,000000,0.1006100,0.1019700,0.1000000,0.1019700,180.000
16695_090101_130416,D,20110621,000000,0.1045600,0.1065900,0.1045600,0.1049700,770.000
16695_090101_130416,D,20110623,000000,0.1013300,0.1013500,0.1013300,0.1013400,280.000
16695_090101_130416,D,20110624,000000,0.1025000,0.1033300,0.1010100,0.1033300,60.000
16695_090101_130416,D,20110627,000000,0.1039900,0.1039900,0.1039900,0.1039900,10.000
16695_090101_130416,D,20110628,000000,0.1023000,0.1023000,0.1010000,0.1010000,500.000
16695_090101_130416,D,20110630,000000,0.1000000,0.1030000,0.1000000,0.1030000,30.000
16695_090101_130416,D,20110701,000000,0.1000100,0.1000100,0.1000100,0.1000100,20.000
16695_090101_130416,D,20110704,000000,0.1048300,0.1048600,0.1019900,0.1040000,250.000
16695_090101_130416,D,20110705,000000,0.1030000,0.1042200,0.0990100,0.1042000,1.090.000
16695_090101_130416,D,20110706,000000,0.1027000,0.1063900,0.1009400,0.1063900,1.660.000
16695_090101_130416,D,20110707,000000,0.1098000,0.1098000,0.1049900,0.1049900,840.000
16695_090101_130416,D,20110708,000000,0.1110600,0.1110600,0.1050000,0.1050000,90.000
16695_090101_130416,D,20110711,000000,0.1030000,0.1040000,0.1030000,0.1040000,100.000
16695_090101_130416,D,20110715,000000,0.1001200,0.1040000,0.1000000,0.1030000,420.000
16695_090101_130416,D,20110718,000000,0.1066900,0.1067000,0.1066900,0.1067000,50.000
16695_090101_130416,D,20110719,000000,0.1040000,0.1099000,0.1040000,0.1070000,410.000
16695_090101_130416,D,20110720,000000,0.1129900,0.1130000,0.1115300,0.1130000,80.000
16695_090101_130416,D,20110721,000000,0.1070000,0.1111100,0.1070000,0.1096000,860.000
16695_090101_130416,D,20110722,000000,0.1080100,0.1099900,0.1080100,0.1099900,140.000
16695_090101_130416,D,20110725,000000,0.1099900,0.1100000,0.1081600,0.1100000,130.000
16695_090101_130416,D,20110726,000000,0.1099900,0.1110000,0.1099900,0.1110000,240.000
16695_090101_130416,D,20110727,000000,0.1110000,0.1110000,0.1090000,0.1090000,200.000
16695_090101_130416,D,20110728,000000,0.1109600,0.1289800,0.1090000,0.1120000,3.450.000
16695_090101_130416,D,20110729,000000,0.1080100,0.1080100,0.1025800,0.1025800,170.000
16695_090101_130416,D,20110801,000000,0.1060100,0.1060100,0.1057000,0.1057000,30.000
16695_090101_130416,D,20110802,000000,0.1060000,0.1060500,0.1060000,0.1060500,20.000
16695_090101_130416,D,20110803,000000,0.1035800,0.1035800,0.1002300,0.1002300,220.000
16695_090101_130416,D,20110804,000000,0.1030000,0.1030000,0.1030000,0.1030000,10.000
16695_090101_130416,D,20110805,000000,0.1000000,0.1000000,0.0999700,0.1000000,180.000
16695_090101_130416,D,20110808,000000,0.0960000,0.0988400,0.0930100,0.0930100,160.000
16695_090101_130416,D,20110809,000000,0.0720100,0.0969700,0.0699900,0.0820000,2.790.000
16695_090101_130416,D,20110810,000000,0.0850000,0.0850000,0.0770600,0.0780000,290.000
16695_090101_130416,D,20110811,000000,0.0780000,0.0780000,0.0731000,0.0750000,110.000
16695_090101_130416,D,20110812,000000,0.0749800,0.0785700,0.0749800,0.0750000,340.000
16695_090101_130416,D,20110815,000000,0.0828000,0.0830200,0.0828000,0.0830200,310.000
16695_090101_130416,D,20110817,000000,0.0820000,0.0850000,0.0770700,0.0850000,40.000
16695_090101_130416,D,20110818,000000,0.0840300,0.0840300,0.0820000,0.0820000,210.000
16695_090101_130416,D,20110819,000000,0.0839600,0.0839600,0.0839600,0.0839600,10.000
16695_090101_130416,D,20110824,000000,0.0820100,0.0992100,0.0820000,0.0992100,650.000
16695_090101_130416,D,20110825,000000,0.0820700,0.0960000,0.0820500,0.0959900,1.100.000
16695_090101_130416,D,20110826,000000,0.0988800,0.0988800,0.0988800,0.0988800,10.000
16695_090101_130416,D,20110829,000000,0.0850600,0.0909600,0.0848000,0.0909600,9.530.000
16695_090101_130416,D,20110830,000000,0.0900100,0.0900100,0.0834400,0.0890000,230.000
16695_090101_130416,D,20110831,000000,0.0880000,0.0917100,0.0880000,0.0890000,1.240.000
16695_090101_130416,D,20110901,000000,0.0899900,0.0969900,0.0899900,0.0969000,2.690.000
16695_090101_130416,D,20110902,000000,0.0950200,0.1029900,0.0930000,0.1029900,1.830.000
16695_090101_130416,D,20110905,000000,0.0980000,0.0980200,0.0980000,0.0980200,130.000
16695_090101_130416,D,20110906,000000,0.1010000,0.1039900,0.1010000,0.1038000,380.000
16695_090101_130416,D,20110907,000000,0.1040000,0.1100000,0.1035000,0.1075000,1.110.000
16695_090101_130416,D,20110908,000000,0.1045000,0.1080000,0.1000000,0.1025000,860.000
16695_090101_130416,D,20110909,000000,0.1040000,0.1041800,0.1010300,0.1012000,170.000
16695_090101_130416,D,20110912,000000,0.1002500,0.1003300,0.0960000,0.0999900,180.000
16695_090101_130416,D,20110913,000000,0.0950100,0.0960000,0.0920000,0.0960000,2.120.000
16695_090101_130416,D,20110914,000000,0.0960000,0.0960000,0.0920100,0.0959000,730.000
16695_090101_130416,D,20110915,000000,0.0900100,0.1035000,0.0900000,0.0998000,3.040.000
16695_090101_130416,D,20110916,000000,0.0980000,0.0980000,0.0900100,0.0953200,690.000
16695_090101_130416,D,20110919,000000,0.0958800,0.0959800,0.0920800,0.0958800,460.000
16695_090101_130416,D,20110920,000000,0.0969900,0.0970000,0.0930000,0.0970000,930.000
16695_090101_130416,D,20110921,000000,0.0975000,0.0975000,0.0975000,0.0975000,250.000
16695_090101_130416,D,20110922,000000,0.0910300,0.0958900,0.0910300,0.0952000,340.000
16695_090101_130416,D,20110923,000000,0.0910800,0.0929700,0.0900000,0.0929000,430.000
16695_090101_130416,D,20110926,000000,0.0961100,0.0966700,0.0961100,0.0964600,100.000
16695_090101_130416,D,20110927,000000,0.0975000,0.1044400,0.0926500,0.1025000,1.300.000
16695_090101_130416,D,20110928,000000,0.0960400,0.0960400,0.0890000,0.0891000,670.000
16695_090101_130416,D,20110929,000000,0.0920000,0.0970000,0.0900100,0.0945400,450.000
16695_090101_130416,D,20110930,000000,0.0920000,0.0920000,0.0860100,0.0860100,330.000
16695_090101_130416,D,20111003,000000,0.0860800,0.0860800,0.0855000,0.0855000,40.000
16695_090101_130416,D,20111004,000000,0.0860100,0.0960400,0.0808000,0.0808000,750.000
16695_090101_130416,D,20111005,000000,0.0882000,0.0884600,0.0835900,0.0884600,240.000
16695_090101_130416,D,20111006,000000,0.0899900,0.0899900,0.0858200,0.0858200,140.000
16695_090101_130416,D,20111007,000000,0.0934900,0.0970000,0.0934900,0.0970000,2.040.000
16695_090101_130416,D,20111010,000000,0.0940300,0.0999800,0.0940300,0.0999800,350.000
16695_090101_130416,D,20111011,000000,0.0999900,0.0999900,0.0999700,0.0999800,220.000
16695_090101_130416,D,20111012,000000,0.0999900,0.0999900,0.0999800,0.0999800,130.000
16695_090101_130416,D,20111013,000000,0.1039900,0.1045000,0.1039300,0.1039300,110.000
16695_090101_130416,D,20111017,000000,0.1000100,0.1000100,0.0999900,0.0999900,150.000
16695_090101_130416,D,20111018,000000,0.0905600,0.0905600,0.0905600,0.0905600,10.000
16695_090101_130416,D,20111019,000000,0.0999800,0.1000000,0.0997000,0.1000000,500.000
16695_090101_130416,D,20111020,000000,0.1039900,0.1039900,0.0912400,0.0912400,180.000
16695_090101_130416,D,20111021,000000,0.1039500,0.1039500,0.0987600,0.0987600,20.000
16695_090101_130416,D,20111024,000000,0.0999700,0.1010700,0.0999700,0.1010100,120.000
16695_090101_130416,D,20111025,000000,0.1029900,0.1030000,0.0935700,0.0950000,390.000
16695_090101_130416,D,20111026,000000,0.0984900,0.0984900,0.0984900,0.0984900,30.000
16695_090101_130416,D,20111027,000000,0.0912700,0.1010000,0.0910000,0.0920000,890.000
16695_090101_130416,D,20111028,000000,0.0930000,0.0957600,0.0930000,0.0957600,30.000
16695_090101_130416,D,20111031,000000,0.1017100,0.1039300,0.0930200,0.1038000,440.000
16695_090101_130416,D,20111102,000000,0.1049000,0.1049000,0.1000000,0.1000000,280.000
16695_090101_130416,D,20111103,000000,0.0940000,0.0940000,0.0940000,0.0940000,70.000
16695_090101_130416,D,20111107,000000,0.0940000,0.0970000,0.0940000,0.0970000,20.000
16695_090101_130416,D,20111108,000000,0.0975000,0.1000000,0.0975000,0.0990000,300.000
16695_090101_130416,D,20111110,000000,0.0995100,0.1020000,0.0990000,0.1020000,220.000
16695_090101_130416,D,20111111,000000,0.1050000,0.1200000,0.1030000,0.1040500,2.260.000
16695_090101_130416,D,20111114,000000,0.1050000,0.1130000,0.1050000,0.1050000,1.110.000
16695_090101_130416,D,20111115,000000,0.0999000,0.1048700,0.0999000,0.1048700,130.000
16695_090101_130416,D,20111116,000000,0.1059200,0.1059200,0.1000200,0.1050000,670.000
16695_090101_130416,D,20111117,000000,0.1040000,0.1040000,0.1020100,0.1020100,110.000
16695_090101_130416,D,20111118,000000,0.1000000,0.1000000,0.1000000,0.1000000,300.000
16695_090101_130416,D,20111121,000000,0.1000000,0.1000000,0.1000000,0.1000000,30.000
16695_090101_130416,D,20111122,000000,0.0980400,0.0985100,0.0980400,0.0985100,40.000
16695_090101_130416,D,20111124,000000,0.0975000,0.0975000,0.0975000,0.0975000,100.000
16695_090101_130416,D,20111125,000000,0.1029700,0.1049800,0.0971700,0.0971700,1.790.000
16695_090101_130416,D,20111128,000000,0.0960000,0.1044000,0.0960000,0.0990300,310.000
16695_090101_130416,D,20111129,000000,0.1020000,0.1020000,0.0975000,0.0975000,110.000
16695_090101_130416,D,20111130,000000,0.0971300,0.1000000,0.0971000,0.0971100,330.000
16695_090101_130416,D,20111201,000000,0.1009700,0.1009800,0.1009700,0.1009800,150.000
16695_090101_130416,D,20111202,000000,0.1000000,0.1000000,0.0971400,0.0972000,410.000
16695_090101_130416,D,20111205,000000,0.1019700,0.1019700,0.1019700,0.1019700,10.000
16695_090101_130416,D,20111206,000000,0.0968300,0.0990000,0.0962100,0.0990000,450.000
16695_090101_130416,D,20111207,000000,0.0999500,0.0999500,0.0972100,0.0972100,20.000
16695_090101_130416,D,20111208,000000,0.1008000,0.1008000,0.0961000,0.0961000,190.000
16695_090101_130416,D,20111209,000000,0.0955600,0.0956000,0.0955000,0.0955000,140.000
16695_090101_130416,D,20111212,000000,0.0950400,0.0950400,0.0950400,0.0950400,10.000
16695_090101_130416,D,20111213,000000,0.0930500,0.0948900,0.0925000,0.0939900,240.000
16695_090101_130416,D,20111220,000000,0.0910700,0.0910700,0.0910600,0.0910600,30.000
16695_090101_130416,D,20111221,000000,0.0920000,0.1050000,0.0920000,0.0969100,6.800.000
16695_090101_130416,D,20111222,000000,0.0950900,0.0950900,0.0852000,0.0908900,1.380.000
16695_090101_130416,D,20111223,000000,0.0890000,0.0890000,0.0820000,0.0820000,3.880.000
16695_090101_130416,D,20111226,000000,0.0879900,0.0880000,0.0801000,0.0837000,900.000
16695_090101_130416,D,20111227,000000,0.0805600,0.0809600,0.0779000,0.0809600,150.000
16695_090101_130416,D,20111228,000000,0.0790200,0.0800000,0.0789900,0.0800000,1.480.000
16695_090101_130416,D,20111229,000000,0.0777700,0.0900000,0.0720100,0.0840000,3.560.000
16695_090101_130416,D,20111230,000000,0.0830000,0.0830000,0.0830000,0.0830000,100.000
16695_090101_130416,D,20120103,000000,0.0830000,0.0830000,0.0820000,0.0830000,60.000
16695_090101_130416,D,20120104,000000,0.0830000,0.0830000,0.0830000,0.0830000,100.000
16695_090101_130416,D,20120105,000000,0.0835000,0.0870000,0.0810000,0.0840000,3.150.000
16695_090101_130416,D,20120106,000000,0.0840000,0.0850000,0.0840000,0.0850000,300.000
16695_090101_130416,D,20120109,000000,0.0850000,0.0850000,0.0850000,0.0850000,10.000
16695_090101_130416,D,20120110,000000,0.0831500,0.0850000,0.0831500,0.0850000,40.000
16695_090101_130416,D,20120111,000000,0.0850000,0.0850000,0.0849900,0.0850000,50.000
16695_090101_130416,D,20120112,000000,0.0850000,0.0850100,0.0813200,0.0850000,1.740.000
16695_090101_130416,D,20120113,000000,0.0868900,0.0868900,0.0820000,0.0868900,480.000
16695_090101_130416,D,20120116,000000,0.0832200,0.0872300,0.0832200,0.0872300,100.000
16695_090101_130416,D,20120117,000000,0.0831700,0.0839500,0.0831600,0.0831600,200.000
16695_090101_130416,D,20120118,000000,0.0850000,0.0850000,0.0850000,0.0850000,10.000
16695_090101_130416,D,20120119,000000,0.0872400,0.0888900,0.0850000,0.0888900,1.440.000
16695_090101_130416,D,20120120,000000,0.0888800,0.0890000,0.0870500,0.0870500,440.000
16695_090101_130416,D,20120123,000000,0.0888900,0.0900000,0.0870900,0.0900000,390.000
16695_090101_130416,D,20120124,000000,0.0871400,0.0871400,0.0860100,0.0861100,640.000
16695_090101_130416,D,20120125,000000,0.0869400,0.0879600,0.0860100,0.0860100,1.000.000
16695_090101_130416,D,20120126,000000,0.0880000,0.0880000,0.0851500,0.0851500,900.000
16695_090101_130416,D,20120127,000000,0.0868700,0.0868700,0.0850100,0.0850100,420.000
16695_090101_130416,D,20120130,000000,0.0869100,0.0869100,0.0850100,0.0850100,1.400.000
16695_090101_130416,D,20120131,000000,0.0869100,0.0869200,0.0869100,0.0869200,330.000
16695_090101_130416,D,20120201,000000,0.0869400,0.0875000,0.0869400,0.0875000,50.000
16695_090101_130416,D,20120203,000000,0.0852100,0.0852100,0.0852100,0.0852100,210.000
16695_090101_130416,D,20120206,000000,0.0879900,0.0880000,0.0808900,0.0808900,650.000
16695_090101_130416,D,20120207,000000,0.0847600,0.0847900,0.0840900,0.0847900,150.000
16695_090101_130416,D,20120208,000000,0.0822300,0.0831300,0.0822300,0.0830000,100.000
16695_090101_130416,D,20120209,000000,0.0822200,0.0840500,0.0770000,0.0809400,2.130.000
16695_090101_130416,D,20120210,000000,0.0800000,0.0838700,0.0791100,0.0811200,180.000
16695_090101_130416,D,20120213,000000,0.0830000,0.0849000,0.0791100,0.0800000,250.000
16695_090101_130416,D,20120214,000000,0.0812800,0.0828300,0.0800100,0.0819700,130.000
16695_090101_130416,D,20120215,000000,0.0792400,0.0810000,0.0792400,0.0810000,20.000
16695_090101_130416,D,20120216,000000,0.0791600,0.0814300,0.0791100,0.0814300,90.000
16695_090101_130416,D,20120217,000000,0.0799900,0.0800000,0.0799900,0.0800000,9.800.000
16695_090101_130416,D,20120220,000000,0.0800100,0.0800100,0.0792700,0.0792700,400.000
16695_090101_130416,D,20120221,000000,0.0807700,0.0819900,0.0807700,0.0819900,130.000
16695_090101_130416,D,20120222,000000,0.0800100,0.0818400,0.0791000,0.0808700,630.000
16695_090101_130416,D,20120224,000000,0.0800000,0.0800000,0.0800000,0.0800000,240.000
16695_090101_130416,D,20120227,000000,0.0808900,0.0819500,0.0790100,0.0805400,260.000
16695_090101_130416,D,20120228,000000,0.0800000,0.0816500,0.0800000,0.0816500,80.000
16695_090101_130416,D,20120229,000000,0.0791000,0.0806800,0.0790900,0.0802200,80.000
16695_090101_130416,D,20120301,000000,0.0790100,0.0808400,0.0790100,0.0800000,440.000
16695_090101_130416,D,20120302,000000,0.0809300,0.0830000,0.0800100,0.0830000,1.320.000
16695_090101_130416,D,20120305,000000,0.0815000,0.0815000,0.0811000,0.0811000,20.000
16695_090101_130416,D,20120306,000000,0.0811200,0.0820000,0.0800000,0.0800000,220.000
16695_090101_130416,D,20120307,000000,0.0791300,0.0804000,0.0790000,0.0794400,340.000
16695_090101_130416,D,20120311,000000,0.0790700,0.0847700,0.0790000,0.0805000,290.000
16695_090101_130416,D,20120312,000000,0.0819900,0.0820000,0.0800000,0.0800000,80.000
16695_090101_130416,D,20120313,000000,0.0806800,0.0811500,0.0806800,0.0807600,130.000
16695_090101_130416,D,20120314,000000,0.0809300,0.0809900,0.0800000,0.0809000,180.000
16695_090101_130416,D,20120315,000000,0.0828000,0.0849000,0.0828000,0.0849000,330.000
16695_090101_130416,D,20120316,000000,0.0848800,0.0849000,0.0848800,0.0849000,30.000
16695_090101_130416,D,20120319,000000,0.0832900,0.0837800,0.0810900,0.0831900,100.000
16695_090101_130416,D,20120320,000000,0.0830100,0.0830100,0.0830100,0.0830100,10.000
16695_090101_130416,D,20120321,000000,0.0830100,0.0870000,0.0760700,0.0760700,670.000
16695_090101_130416,D,20120323,000000,0.0830000,0.0850000,0.0830000,0.0850000,590.000
16695_090101_130416,D,20120326,000000,0.0840100,0.0840100,0.0835000,0.0835000,70.000
16695_090101_130416,D,20120327,000000,0.0859900,0.0859900,0.0825000,0.0830700,90.000
16695_090101_130416,D,20120330,000000,0.0810300,0.0810300,0.0801000,0.0801000,890.000
16695_090101_130416,D,20120402,000000,0.0810000,0.0949400,0.0801000,0.0878900,1.400.000
16695_090101_130416,D,20120403,000000,0.0850100,0.0850100,0.0713100,0.0790500,1.350.000
16695_090101_130416,D,20120404,000000,0.0781000,0.0795900,0.0740000,0.0795900,570.000
16695_090101_130416,D,20120405,000000,0.0784700,0.0829700,0.0740400,0.0829700,750.000
16695_090101_130416,D,20120406,000000,0.0770000,0.0774900,0.0731800,0.0767000,160.000
16695_090101_130416,D,20120409,000000,0.0760000,0.0794700,0.0760000,0.0794700,20.000
16695_090101_130416,D,20120410,000000,0.0770000,0.0797400,0.0770000,0.0797400,90.000
16695_090101_130416,D,20120411,000000,0.0731800,0.0749400,0.0724500,0.0749400,80.000
16695_090101_130416,D,20120413,000000,0.0731100,0.0752200,0.0731100,0.0740100,60.000
16695_090101_130416,D,20120416,000000,0.0749800,0.0749800,0.0745000,0.0745000,20.000
16695_090101_130416,D,20120418,000000,0.0731100,0.0749800,0.0731000,0.0749800,130.000
16695_090101_130416,D,20120419,000000,0.0732000,0.0749000,0.0731000,0.0749000,30.000
16695_090101_130416,D,20120423,000000,0.0747000,0.0747000,0.0700000,0.0700000,670.000
16695_090101_130416,D,20120424,000000,0.0688800,0.0726000,0.0651100,0.0689300,1.230.000
16695_090101_130416,D,20120425,000000,0.0670000,0.0700000,0.0615600,0.0615600,690.000
16695_090101_130416,D,20120426,000000,0.0669700,0.0750000,0.0620400,0.0690000,1.920.000
16695_090101_130416,D,20120428,000000,0.0710900,0.0710900,0.0710900,0.0710900,10.000
16695_090101_130416,D,20120504,000000,0.0638000,0.0638000,0.0630000,0.0630000,170.000
16695_090101_130416,D,20120514,000000,0.0557800,0.0600000,0.0504100,0.0600000,440.000
16695_090101_130416,D,20120518,000000,0.0506600,0.0506600,0.0506600,0.0506600,30.000
16695_090101_130416,D,20120521,000000,0.0580000,0.0580000,0.0580000,0.0580000,10.000
16695_090101_130416,D,20120522,000000,0.0600000,0.0600000,0.0600000,0.0600000,10.000
16695_090101_130416,D,20120523,000000,0.0480500,0.0655000,0.0450000,0.0655000,140.000
16695_090101_130416,D,20120524,000000,0.0599900,0.0710000,0.0599900,0.0710000,210.000
16695_090101_130416,D,20120525,000000,0.0700000,0.0730000,0.0700000,0.0730000,90.000
16695_090101_130416,D,20120528,000000,0.0727000,0.0754400,0.0727000,0.0754400,590.000
16695_090101_130416,D,20120529,000000,0.0670100,0.0670100,0.0670100,0.0670100,10.000
16695_090101_130416,D,20120601,000000,0.0680100,0.0754300,0.0680100,0.0680100,180.000
16695_090101_130416,D,20120604,000000,0.0680300,0.0729600,0.0600400,0.0600400,180.000
16695_090101_130416,D,20120605,000000,0.0600000,0.0600000,0.0600000,0.0600000,10.000
16695_090101_130416,D,20120608,000000,0.0670000,0.0670000,0.0670000,0.0670000,10.000
16695_090101_130416,D,20120609,000000,0.0669400,0.0669400,0.0669400,0.0669400,10.000
16695_090101_130416,D,20120613,000000,0.0600000,0.0790000,0.0600000,0.0700000,390.000
16695_090101_130416,D,20120614,000000,0.0749200,0.0749200,0.0689900,0.0689900,640.000
16695_090101_130416,D,20120618,000000,0.0680000,0.0690000,0.0635700,0.0689600,300.000
16695_090101_130416,D,20120626,000000,0.0686900,0.0687000,0.0686900,0.0687000,620.000
16695_090101_130416,D,20120705,000000,0.0640000,0.0660200,0.0613200,0.0613200,240.000
16695_090101_130416,D,20120709,000000,0.0612400,0.0646800,0.0605600,0.0629900,310.000
16695_090101_130416,D,20120710,000000,0.0605600,0.0620000,0.0605600,0.0620000,280.000
16695_090101_130416,D,20120712,000000,0.0605600,0.0630000,0.0605600,0.0630000,410.000
16695_090101_130416,D,20120716,000000,0.0610100,0.0610100,0.0610100,0.0610100,160.000
16695_090101_130416,D,20120717,000000,0.0680800,0.0681000,0.0641100,0.0641100,1.180.000
16695_090101_130416,D,20120718,000000,0.0699900,0.0699900,0.0699900,0.0699900,10.000
16695_090101_130416,D,20120719,000000,0.0739200,0.0744000,0.0701200,0.0701200,60.000
16695_090101_130416,D,20120723,000000,0.0631500,0.0720000,0.0614500,0.0670000,1.290.000
16695_090101_130416,D,20120725,000000,0.0660100,0.0660100,0.0660100,0.0660100,190.000
16695_090101_130416,D,20120801,000000,0.0699700,0.0700000,0.0611400,0.0611400,220.000
16695_090101_130416,D,20120802,000000,0.0611100,0.0611100,0.0611100,0.0611100,20.000
16695_090101_130416,D,20120806,000000,0.0610100,0.0610100,0.0609000,0.0609000,20.000
16695_090101_130416,D,20120807,000000,0.0608800,0.0742500,0.0605600,0.0660000,5.220.000
16695_090101_130416,D,20120810,000000,0.0688800,0.0690000,0.0688800,0.0690000,20.000
16695_090101_130416,D,20120815,000000,0.0670300,0.0670300,0.0670300,0.0670300,10.000
16695_090101_130416,D,20120817,000000,0.0650400,0.0650400,0.0649900,0.0650000,2.090.000
16695_090101_130416,D,20120824,000000,0.0631000,0.0669600,0.0630900,0.0654500,1.820.000
16695_090101_130416,D,20120827,000000,0.0650900,0.0650900,0.0630800,0.0630800,70.000
16695_090101_130416,D,20120829,000000,0.0630700,0.0630700,0.0630700,0.0630700,10.000
16695_090101_130416,D,20120830,000000,0.0649300,0.0669600,0.0649300,0.0650400,1.020.000
16695_090101_130416,D,20120831,000000,0.0630600,0.0630600,0.0630500,0.0630500,440.000
16695_090101_130416,D,20120906,000000,0.0649300,0.0655800,0.0649300,0.0655800,400.000
16695_090101_130416,D,20120910,000000,0.0650800,0.0689600,0.0601500,0.0689600,110.000
16695_090101_130416,D,20120914,000000,0.0650800,0.0689900,0.0650800,0.0689900,30.000
16695_090101_130416,D,20120917,000000,0.0670600,0.0670600,0.0650600,0.0669400,290.000
16695_090101_130416,D,20120918,000000,0.0669400,0.0705000,0.0669400,0.0670300,520.000
16695_090101_130416,D,20120919,000000,0.0689700,0.0689700,0.0650200,0.0650200,300.000
16695_090101_130416,D,20120921,000000,0.0667700,0.0667800,0.0631500,0.0631500,230.000
16695_090101_130416,D,20120924,000000,0.0659900,0.0669600,0.0650000,0.0660000,70.000
16695_090101_130416,D,20120925,000000,0.0660000,0.0670000,0.0660000,0.0663900,70.000
16695_090101_130416,D,20120926,000000,0.0660100,0.0675000,0.0660000,0.0661100,530.000
16695_090101_130416,D,20120927,000000,0.0664700,0.0664800,0.0663000,0.0663000,80.000
16695_090101_130416,D,20120928,000000,0.0659900,0.0680000,0.0604000,0.0641400,9.720.000
16695_090101_130416,D,20121001,000000,0.0646300,0.0650000,0.0637900,0.0650000,1.470.000
16695_090101_130416,D,20121002,000000,0.0650000,0.0650000,0.0643100,0.0649000,260.000
16695_090101_130416,D,20121005,000000,0.0637600,0.0644500,0.0637600,0.0643800,910.000
16695_090101_130416,D,20121008,000000,0.0637900,0.0640000,0.0635500,0.0635500,30.000
16695_090101_130416,D,20121009,000000,0.0635000,0.0650000,0.0631000,0.0635200,1.760.000
16695_090101_130416,D,20121010,000000,0.0630000,0.0639900,0.0628000,0.0628000,50.000
16695_090101_130416,D,20121011,000000,0.0627000,0.0640000,0.0623100,0.0629400,3.900.000
16695_090101_130416,D,20121012,000000,0.0623600,0.0628100,0.0617200,0.0620100,6.580.000
16695_090101_130416,D,20121015,000000,0.0622200,0.0622200,0.0622200,0.0622200,10.000
16695_090101_130416,D,20121016,000000,0.0622200,0.0622200,0.0622200,0.0622200,10.000
16695_090101_130416,D,20121017,000000,0.0614000,0.0622200,0.0603500,0.0622200,2.750.000
16695_090101_130416,D,20121018,000000,0.0605500,0.0622200,0.0591400,0.0617700,1.640.000
16695_090101_130416,D,20121019,000000,0.0612000,0.0622200,0.0603700,0.0622200,1.350.000
16695_090101_130416,D,20121022,000000,0.0602900,0.0607800,0.0598900,0.0600000,1.080.000
16695_090101_130416,D,20121023,000000,0.0602200,0.0602200,0.0590300,0.0590300,970.000
16695_090101_130416,D,20121024,000000,0.0598800,0.0599900,0.0598800,0.0599900,20.000
16695_090101_130416,D,20121025,000000,0.0599700,0.0599800,0.0599700,0.0599800,40.000
16695_090101_130416,D,20121026,000000,0.0599900,0.0599900,0.0599900,0.0599900,10.000
16695_090101_130416,D,20121101,000000,0.0591300,0.0591300,0.0590000,0.0590000,30.000
16695_090101_130416,D,20121102,000000,0.0585000,0.0585000,0.0570700,0.0585000,440.000
16695_090101_130416,D,20121106,000000,0.0585000,0.0585000,0.0585000,0.0585000,40.000
16695_090101_130416,D,20121108,000000,0.0555500,0.0610000,0.0499900,0.0610000,3.360.000
16695_090101_130416,D,20121109,000000,0.0560500,0.0560500,0.0520000,0.0539000,450.000
16695_090101_130416,D,20121112,000000,0.0560000,0.0560000,0.0560000,0.0560000,10.000
16695_090101_130416,D,20121113,000000,0.0539100,0.0544500,0.0530200,0.0532000,480.000
16695_090101_130416,D,20121114,000000,0.0537900,0.0537900,0.0536600,0.0536700,90.000
16695_090101_130416,D,20121115,000000,0.0537000,0.0551300,0.0531700,0.0551300,150.000
16695_090101_130416,D,20121116,000000,0.0537000,0.0540900,0.0520100,0.0531700,340.000
16695_090101_130416,D,20121119,000000,0.0537000,0.0550000,0.0500600,0.0520500,600.000
16695_090101_130416,D,20121120,000000,0.0531100,0.0531100,0.0460000,0.0518300,7.910.000
16695_090101_130416,D,20121121,000000,0.0522000,0.0522000,0.0508600,0.0519700,730.000
16695_090101_130416,D,20121122,000000,0.0513300,0.0513400,0.0500700,0.0500700,180.000
16695_090101_130416,D,20121123,000000,0.0505800,0.0510200,0.0499400,0.0499400,700.000
16695_090101_130416,D,20121126,000000,0.0503100,0.0503100,0.0417800,0.0482300,750.000
16695_090101_130416,D,20121127,000000,0.0486400,0.0486400,0.0476300,0.0477800,260.000
16695_090101_130416,D,20121128,000000,0.0481700,0.0500000,0.0481700,0.0500000,740.000
16695_090101_130416,D,20121130,000000,0.0492300,0.0495700,0.0489900,0.0494800,200.000
16695_090101_130416,D,20121203,000000,0.0489600,0.0494100,0.0470000,0.0485400,180.000
16695_090101_130416,D,20121204,000000,0.0489300,0.0489400,0.0484000,0.0484100,90.000
16695_090101_130416,D,20121205,000000,0.0488100,0.0488100,0.0470800,0.0481400,80.000
16695_090101_130416,D,20121206,000000,0.0485100,0.0489900,0.0480100,0.0489900,70.000
16695_090101_130416,D,20121207,000000,0.0490000,0.0490000,0.0483500,0.0483500,30.000
16695_090101_130416,D,20121210,000000,0.0484400,0.0484400,0.0482000,0.0482000,30.000
16695_090101_130416,D,20121211,000000,0.0486700,0.0487900,0.0486700,0.0487900,20.000
16695_090101_130416,D,20121214,000000,0.0510000,0.0588800,0.0497500,0.0520700,440.000
16695_090101_130416,D,20121217,000000,0.0530500,0.0530700,0.0530500,0.0530700,30.000
16695_090101_130416,D,20121219,000000,0.0530000,0.0600000,0.0530000,0.0561900,1.030.000
16695_090101_130416,D,20121220,000000,0.0505300,0.0582000,0.0505300,0.0521000,130.000
16695_090101_130416,D,20121221,000000,0.0544900,0.0599800,0.0535000,0.0540000,520.000
16695_090101_130416,D,20121225,000000,0.0530000,0.0530000,0.0530000,0.0530000,10.000
16695_090101_130416,D,20121227,000000,0.0530400,0.0530400,0.0500500,0.0500500,40.000
16695_090101_130416,D,20121228,000000,0.0485600,0.0590000,0.0433500,0.0529700,220.000
16695_090101_130416,D,20130109,000000,0.0530000,0.0599000,0.0530000,0.0598800,590.000
16695_090101_130416,D,20130110,000000,0.0520300,0.0597900,0.0520300,0.0597700,270.000
16695_090101_130416,D,20130111,000000,0.0598000,0.0598000,0.0597500,0.0597500,20.000
16695_090101_130416,D,20130114,000000,0.0570000,0.0580000,0.0560500,0.0570000,260.000
16695_090101_130416,D,20130115,000000,0.0560400,0.0560400,0.0560400,0.0560400,10.000
16695_090101_130416,D,20130116,000000,0.0580000,0.0580000,0.0580000,0.0580000,30.000
16695_090101_130416,D,20130117,000000,0.0570000,0.0580000,0.0550500,0.0580000,60.000
16695_090101_130416,D,20130118,000000,0.0570000,0.0582800,0.0520000,0.0541000,600.000
16695_090101_130416,D,20130121,000000,0.0550000,0.0550000,0.0545000,0.0545000,30.000
16695_090101_130416,D,20130123,000000,0.0560000,0.0560000,0.0550000,0.0550000,30.000
16695_090101_130416,D,20130124,000000,0.0560000,0.0572200,0.0560000,0.0572200,20.000
16695_090101_130416,D,20130129,000000,0.0530500,0.0551500,0.0530000,0.0530000,220.000
16695_090101_130416,D,20130131,000000,0.0540000,0.0540000,0.0500200,0.0520400,150.000
16695_090101_130416,D,20130201,000000,0.0530400,0.0551400,0.0500900,0.0500900,340.000
16695_090101_130416,D,20130204,000000,0.0530000,0.0560000,0.0520000,0.0549700,990.000
16695_090101_130416,D,20130205,000000,0.0550000,0.0550000,0.0519900,0.0520000,750.000
16695_090101_130416,D,20130206,000000,0.0540000,0.0551400,0.0510500,0.0520100,2.000.000
16695_090101_130416,D,20130207,000000,0.0529900,0.0529900,0.0510000,0.0520000,50.000
16695_090101_130416,D,20130208,000000,0.0520200,0.0520200,0.0488800,0.0488800,3.100.000
16695_090101_130416,D,20130211,000000,0.0501800,0.0501800,0.0501800,0.0501800,10.000
16695_090101_130416,D,20130212,000000,0.0504600,0.0504600,0.0450000,0.0490000,630.000
16695_090101_130416,D,20130213,000000,0.0483800,0.0499200,0.0474800,0.0499200,1.020.000
16695_090101_130416,D,20130214,000000,0.0498000,0.0498000,0.0490000,0.0490000,20.000
16695_090101_130416,D,20130215,000000,0.0482100,0.0482100,0.0450000,0.0450000,640.000
16695_090101_130416,D,20130218,000000,0.0466000,0.0474000,0.0466000,0.0473000,30.000
16695_090101_130416,D,20130219,000000,0.0478500,0.0478500,0.0478500,0.0478500,10.000
16695_090101_130416,D,20130220,000000,0.0482000,0.0482000,0.0460300,0.0460300,240.000
16695_090101_130416,D,20130221,000000,0.0460300,0.0487800,0.0460000,0.0487800,70.000
16695_090101_130416,D,20130222,000000,0.0478400,0.0478400,0.0460100,0.0460100,40.000
16695_090101_130416,D,20130226,000000,0.0450200,0.0477100,0.0411100,0.0420200,270.000
16695_090101_130416,D,20130227,000000,0.0444400,0.0466000,0.0434100,0.0434100,90.000
16695_090101_130416,D,20130228,000000,0.0449900,0.0450000,0.0442000,0.0445000,50.000
16695_090101_130416,D,20130301,000000,0.0434100,0.0434100,0.0434100,0.0434100,10.000
16695_090101_130416,D,20130304,000000,0.0435000,0.0435000,0.0435000,0.0435000,70.000
16695_090101_130416,D,20130305,000000,0.0447200,0.0457600,0.0447200,0.0457600,300.000
16695_090101_130416,D,20130313,000000,0.0457700,0.0458000,0.0457700,0.0458000,30.000
16695_090101_130416,D,20130318,000000,0.0450000,0.0450000,0.0371700,0.0415500,1.690.000
16695_090101_130416,D,20130319,000000,0.0417700,0.0418000,0.0417700,0.0418000,30.000
16695_090101_130416,D,20130320,000000,0.0429900,0.0430000,0.0429900,0.0430000,20.000
16695_090101_130416,D,20130321,000000,0.0439300,0.0440000,0.0430000,0.0430000,40.000
16695_090101_130416,D,20130322,000000,0.0436900,0.0457800,0.0430000,0.0430000,140.000
16695_090101_130416,D,20130326,000000,0.0430200,0.0430200,0.0371700,0.0415000,120.000
16695_090101_130416,D,20130327,000000,0.0420000,0.0519400,0.0398600,0.0480200,4.290.000
16695_090101_130416,D,20130328,000000,0.0480000,0.0519900,0.0470100,0.0507400,1.300.000
16695_090101_130416,D,20130329,000000,0.0482000,0.0482000,0.0471900,0.0472000,120.000
16695_090101_130416,D,20130401,000000,0.0460200,0.0460200,0.0430100,0.0452000,190.000
16695_090101_130416,D,20130402,000000,0.0430300,0.0440000,0.0430300,0.0440000,20.000
16695_090101_130416,D,20130403,000000,0.0440000,0.0440000,0.0440000,0.0440000,10.000
