<TICKER>,<PER>,<DATE>,<TIME>,<OPEN>,<HIGH>,<LOW>,<CLOSE>,<VOL>
16712_090101_130416,D,20090111,000000,0.1700000,0.1700000,0.1600000,0.1600000,16.500
16712_090101_130416,D,20090112,000000,0.2000000,0.2000000,0.1890000,0.1990000,400
16712_090101_130416,D,20090113,000000,0.2260000,0.2260000,0.1700000,0.1940000,21.600
16712_090101_130416,D,20090115,000000,0.1900000,0.1900000,0.1900000,0.1900000,300
16712_090101_130416,D,20090116,000000,0.1650000,0.1690000,0.1500000,0.1600000,274.200
16712_090101_130416,D,20090119,000000,0.1610000,0.1630000,0.1510000,0.1510000,15.100
16712_090101_130416,D,20090120,000000,0.1630000,0.1630000,0.1480000,0.1630000,25.200
16712_090101_130416,D,20090121,000000,0.1630000,0.1630000,0.1540000,0.1630000,20.100
16712_090101_130416,D,20090122,000000,0.1570000,0.1620000,0.1460000,0.1610000,25.800
16712_090101_130416,D,20090126,000000,0.1620000,0.1700000,0.1620000,0.1700000,700
16712_090101_130416,D,20090128,000000,0.1640000,0.1650000,0.1640000,0.1650000,21.400
16712_090101_130416,D,20090129,000000,0.1510000,0.1650000,0.1410000,0.1650000,38.200
16712_090101_130416,D,20090130,000000,0.1600000,0.1790000,0.1550000,0.1560000,85.500
16712_090101_130416,D,20090202,000000,0.1450000,0.1700000,0.1400000,0.1690000,20.200
16712_090101_130416,D,20090203,000000,0.1700000,0.1700000,0.1600000,0.1690000,17.900
16712_090101_130416,D,20090204,000000,0.1690000,0.1690000,0.1690000,0.1690000,100
16712_090101_130416,D,20090206,000000,0.1510000,0.1670000,0.1510000,0.1670000,2.900
16712_090101_130416,D,20090209,000000,0.1300000,0.1760000,0.1300000,0.1670000,3.600
16712_090101_130416,D,20090210,000000,0.1650000,0.1660000,0.1650000,0.1650000,14.700
16712_090101_130416,D,20090211,000000,0.1590000,0.1700000,0.1540000,0.1700000,41.000
16712_090101_130416,D,20090212,000000,0.1520000,0.1690000,0.1370000,0.1680000,79.200
16712_090101_130416,D,20090213,000000,0.1700000,0.1740000,0.1700000,0.1740000,1.000
16712_090101_130416,D,20090216,000000,0.1500000,0.1730000,0.1500000,0.1730000,30.100
16712_090101_130416,D,20090217,000000,0.1750000,0.1750000,0.1500000,0.1750000,2.600
16712_090101_130416,D,20090218,000000,0.1730000,0.1730000,0.1730000,0.1730000,500
16712_090101_130416,D,20090219,000000,0.1500000,0.1700000,0.1500000,0.1700000,29.000
16712_090101_130416,D,20090220,000000,0.1500000,0.1690000,0.1500000,0.1690000,1.100
16712_090101_130416,D,20090224,000000,0.1570000,0.1570000,0.1570000,0.1570000,1.700
16712_090101_130416,D,20090225,000000,0.1720000,0.1720000,0.1460000,0.1660000,9.000
16712_090101_130416,D,20090226,000000,0.1670000,0.1680000,0.1600000,0.1680000,8.500
16712_090101_130416,D,20090227,000000,0.1480000,0.1520000,0.1480000,0.1520000,800
16712_090101_130416,D,20090302,000000,0.1700000,0.1700000,0.1700000,0.1700000,100
16712_090101_130416,D,20090303,000000,0.1710000,0.1750000,0.1640000,0.1730000,88.900
16712_090101_130416,D,20090304,000000,0.1770000,0.2270000,0.1770000,0.2270000,900
16712_090101_130416,D,20090313,000000,0.1890000,0.2080000,0.1770000,0.1950000,4.200
16712_090101_130416,D,20090316,000000,0.1910000,0.1950000,0.1910000,0.1950000,2.300
16712_090101_130416,D,20090317,000000,0.2090000,0.2100000,0.1920000,0.2080000,35.400
16712_090101_130416,D,20090318,000000,0.1720000,0.1990000,0.1710000,0.1990000,5.600
16712_090101_130416,D,20090319,000000,0.1990000,0.2150000,0.1590000,0.1980000,39.800
16712_090101_130416,D,20090320,000000,0.2000000,0.2000000,0.2000000,0.2000000,100
16712_090101_130416,D,20090323,000000,0.1990000,0.1990000,0.1990000,0.1990000,1.000
16712_090101_130416,D,20090324,000000,0.1990000,0.1990000,0.1990000,0.1990000,2.000
16712_090101_130416,D,20090325,000000,0.1720000,0.1880000,0.1710000,0.1880000,4.800
16712_090101_130416,D,20090326,000000,0.1880000,0.1880000,0.1880000,0.1880000,5.000
16712_090101_130416,D,20090327,000000,0.1890000,0.1890000,0.1730000,0.1730000,31.800
16712_090101_130416,D,20090331,000000,0.1850000,0.2390000,0.1750000,0.1890000,28.800
16712_090101_130416,D,20090401,000000,0.1710000,0.1850000,0.1630000,0.1850000,100.100
16712_090101_130416,D,20090403,000000,0.1850000,0.2360000,0.1840000,0.1850000,52.100
16712_090101_130416,D,20090406,000000,0.1850000,0.1850000,0.1850000,0.1850000,40.000
16712_090101_130416,D,20090407,000000,0.1730000,0.1890000,0.1730000,0.1890000,2.100
16712_090101_130416,D,20090408,000000,0.1980000,0.2090000,0.1980000,0.2090000,300
16712_090101_130416,D,20090409,000000,0.2090000,0.2260000,0.1900000,0.2090000,223.800
16712_090101_130416,D,20090413,000000,0.1880000,0.2050000,0.1880000,0.1890000,13.000
16712_090101_130416,D,20090414,000000,0.1860000,0.1860000,0.1840000,0.1840000,2.100
16712_090101_130416,D,20090415,000000,0.1780000,0.1900000,0.1260000,0.1850000,38.000
16712_090101_130416,D,20090416,000000,0.1810000,0.1900000,0.1800000,0.1900000,58.200
16712_090101_130416,D,20090417,000000,0.1850000,0.1930000,0.1810000,0.1810000,34.100
16712_090101_130416,D,20090420,000000,0.1950000,0.1950000,0.1770000,0.1900000,22.600
16712_090101_130416,D,20090421,000000,0.1880000,0.1880000,0.1750000,0.1750000,5.000
16712_090101_130416,D,20090422,000000,0.1880000,0.1900000,0.1880000,0.1900000,110.100
16712_090101_130416,D,20090423,000000,0.1870000,0.1950000,0.1750000,0.1810000,619.800
16712_090101_130416,D,20090424,000000,0.1940000,0.2130000,0.1790000,0.1970000,466.500
16712_090101_130416,D,20090427,000000,0.2010000,0.2010000,0.1830000,0.1950000,700
16712_090101_130416,D,20090428,000000,0.1960000,0.1960000,0.1820000,0.1930000,2.000
16712_090101_130416,D,20090429,000000,0.1880000,0.1930000,0.1880000,0.1930000,12.700
16712_090101_130416,D,20090430,000000,0.1970000,0.1970000,0.1970000,0.1970000,100
16712_090101_130416,D,20090504,000000,0.1980000,0.2050000,0.1740000,0.1740000,107.000
16712_090101_130416,D,20090505,000000,0.1710000,0.1980000,0.1410000,0.1830000,513.800
16712_090101_130416,D,20090506,000000,0.1860000,0.1860000,0.1820000,0.1820000,5.800
16712_090101_130416,D,20090507,000000,0.1860000,0.1870000,0.1860000,0.1870000,46.000
16712_090101_130416,D,20090508,000000,0.1880000,0.1890000,0.1880000,0.1890000,200
16712_090101_130416,D,20090512,000000,0.1890000,0.1890000,0.1890000,0.1890000,3.000
16712_090101_130416,D,20090513,000000,0.1880000,0.1880000,0.1880000,0.1880000,100
16712_090101_130416,D,20090514,000000,0.1880000,0.1880000,0.1810000,0.1840000,8.600
16712_090101_130416,D,20090515,000000,0.1870000,0.1880000,0.1710000,0.1880000,23.300
16712_090101_130416,D,20090518,000000,0.1800000,0.1870000,0.1760000,0.1870000,90.300
16712_090101_130416,D,20090519,000000,0.1870000,0.2460000,0.1860000,0.1900000,298.500
16712_090101_130416,D,20090520,000000,0.1960000,0.1980000,0.1810000,0.1910000,327.500
16712_090101_130416,D,20090521,000000,0.1940000,0.1940000,0.1780000,0.1780000,11.700
16712_090101_130416,D,20090522,000000,0.1950000,0.2000000,0.1730000,0.1790000,162.800
16712_090101_130416,D,20090525,000000,0.1680000,0.1890000,0.1560000,0.1870000,445.100
16712_090101_130416,D,20090526,000000,0.1810000,0.1810000,0.1760000,0.1810000,13.000
16712_090101_130416,D,20090527,000000,0.1880000,0.1880000,0.1880000,0.1880000,2.500
16712_090101_130416,D,20090528,000000,0.1820000,0.1850000,0.1820000,0.1850000,26.400
16712_090101_130416,D,20090529,000000,0.1880000,0.1890000,0.1880000,0.1890000,42.900
16712_090101_130416,D,20090601,000000,0.1900000,0.1920000,0.1900000,0.1900000,973.900
16712_090101_130416,D,20090602,000000,0.1900000,0.1900000,0.1800000,0.1890000,86.800
16712_090101_130416,D,20090603,000000,0.1790000,0.1880000,0.1710000,0.1860000,4.800
16712_090101_130416,D,20090604,000000,0.1790000,0.1790000,0.1790000,0.1790000,500
16712_090101_130416,D,20090605,000000,0.1790000,0.1900000,0.1780000,0.1890000,51.400
16712_090101_130416,D,20090608,000000,0.1800000,0.1840000,0.1800000,0.1840000,11.600
16712_090101_130416,D,20090609,000000,0.1830000,0.1990000,0.1830000,0.1850000,23.700
16712_090101_130416,D,20090610,000000,0.1860000,0.1860000,0.1860000,0.1860000,5.200
16712_090101_130416,D,20090611,000000,0.1890000,0.1890000,0.1820000,0.1830000,13.300
16712_090101_130416,D,20090615,000000,0.1840000,0.1850000,0.1840000,0.1850000,2.300
16712_090101_130416,D,20090616,000000,0.1830000,0.1860000,0.1830000,0.1860000,5.800
16712_090101_130416,D,20090617,000000,0.1830000,0.1830000,0.1660000,0.1780000,260.300
16712_090101_130416,D,20090618,000000,0.1790000,0.1800000,0.1620000,0.1800000,89.200
16712_090101_130416,D,20090622,000000,0.1710000,0.1790000,0.1620000,0.1620000,47.600
16712_090101_130416,D,20090623,000000,0.1680000,0.1690000,0.1600000,0.1690000,31.200
16712_090101_130416,D,20090625,000000,0.1770000,0.1770000,0.1770000,0.1770000,400
16712_090101_130416,D,20090626,000000,0.1680000,0.1790000,0.1680000,0.1790000,53.000
16712_090101_130416,D,20090701,000000,0.1770000,0.1770000,0.1750000,0.1750000,300
16712_090101_130416,D,20090707,000000,0.1780000,0.1790000,0.1770000,0.1790000,3.600
16712_090101_130416,D,20090708,000000,0.1740000,0.1770000,0.1710000,0.1770000,15.600
16712_090101_130416,D,20090709,000000,0.1680000,0.1720000,0.1520000,0.1720000,34.200
16712_090101_130416,D,20090710,000000,0.1740000,0.1770000,0.1740000,0.1770000,300
16712_090101_130416,D,20090714,000000,0.1570000,0.1760000,0.1570000,0.1590000,23.500
16712_090101_130416,D,20090715,000000,0.1660000,0.1690000,0.1660000,0.1690000,900
16712_090101_130416,D,20090716,000000,0.1690000,0.1700000,0.1600000,0.1650000,11.300
16712_090101_130416,D,20090720,000000,0.1600000,0.1600000,0.1600000,0.1600000,100
16712_090101_130416,D,20090721,000000,0.1660000,0.1670000,0.1660000,0.1670000,3.100
16712_090101_130416,D,20090723,000000,0.1680000,0.2340000,0.1680000,0.1960000,405.800
16712_090101_130416,D,20090724,000000,0.2120000,0.2120000,0.1900000,0.2010000,19.100
16712_090101_130416,D,20090727,000000,0.1900000,0.1940000,0.1850000,0.1940000,100.500
16712_090101_130416,D,20090728,000000,0.1830000,0.1870000,0.1830000,0.1840000,10.200
16712_090101_130416,D,20090729,000000,0.1840000,0.1910000,0.1770000,0.1910000,23.100
16712_090101_130416,D,20090730,000000,0.1850000,0.1850000,0.1850000,0.1850000,100
16712_090101_130416,D,20090731,000000,0.1730000,0.1930000,0.1730000,0.1930000,6.500
16712_090101_130416,D,20090803,000000,0.1770000,0.1960000,0.1770000,0.1960000,3.100
16712_090101_130416,D,20090805,000000,0.1770000,0.1840000,0.1750000,0.1840000,1.300
16712_090101_130416,D,20090810,000000,0.1940000,0.1940000,0.1940000,0.1940000,100
16712_090101_130416,D,20090811,000000,0.1930000,0.1930000,0.1780000,0.1920000,1.200
16712_090101_130416,D,20090812,000000,0.1700000,0.1910000,0.1660000,0.1910000,18.500
16712_090101_130416,D,20090817,000000,0.1680000,0.1830000,0.1610000,0.1830000,79.400
16712_090101_130416,D,20090818,000000,0.1700000,0.1730000,0.1660000,0.1730000,231.700
16712_090101_130416,D,20090819,000000,0.1690000,0.1700000,0.1650000,0.1700000,96.000
16712_090101_130416,D,20090820,000000,0.1630000,0.1700000,0.1630000,0.1700000,53.600
16712_090101_130416,D,20090821,000000,0.1700000,0.1700000,0.1700000,0.1700000,160.000
16712_090101_130416,D,20090824,000000,0.1630000,0.1700000,0.1630000,0.1690000,13.800
16712_090101_130416,D,20090825,000000,0.1650000,0.1690000,0.1620000,0.1690000,22.100
16712_090101_130416,D,20090826,000000,0.1700000,0.1700000,0.1650000,0.1660000,300
16712_090101_130416,D,20090827,000000,0.1690000,0.1700000,0.1690000,0.1700000,29.900
16712_090101_130416,D,20090828,000000,0.1620000,0.1680000,0.1610000,0.1670000,131.800
16712_090101_130416,D,20090831,000000,0.1660000,0.1680000,0.1660000,0.1660000,91.200
16712_090101_130416,D,20090902,000000,0.1630000,0.1650000,0.1630000,0.1650000,111.700
16712_090101_130416,D,20090903,000000,0.1600000,0.1650000,0.1590000,0.1640000,147.800
16712_090101_130416,D,20090904,000000,0.1650000,0.1650000,0.1650000,0.1650000,300
16712_090101_130416,D,20090907,000000,0.1650000,0.1650000,0.1650000,0.1650000,14.900
16712_090101_130416,D,20090908,000000,0.1650000,0.1650000,0.1590000,0.1630000,213.800
16712_090101_130416,D,20090909,000000,0.1600000,0.1600000,0.1600000,0.1600000,2.100.000
16712_090101_130416,D,20090910,000000,0.1620000,0.1820000,0.1590000,0.1620000,3.350.600
16712_090101_130416,D,20090911,000000,0.1780000,0.1800000,0.1600000,0.1610000,373.000
16712_090101_130416,D,20090914,000000,0.1740000,0.1740000,0.1600000,0.1600000,37.100
16712_090101_130416,D,20090915,000000,0.1740000,0.1750000,0.1630000,0.1730000,91.200
16712_090101_130416,D,20090916,000000,0.1740000,0.1740000,0.1730000,0.1730000,400
16712_090101_130416,D,20090917,000000,0.1770000,0.1770000,0.1600000,0.1730000,379.800
16712_090101_130416,D,20090918,000000,0.1630000,0.1730000,0.1610000,0.1710000,123.000
16712_090101_130416,D,20090921,000000,0.1610000,0.1650000,0.1590000,0.1650000,787.400
16712_090101_130416,D,20090922,000000,0.1630000,0.1670000,0.1600000,0.1600000,153.000
16712_090101_130416,D,20090923,000000,0.1620000,0.1690000,0.1600000,0.1620000,81.500
16712_090101_130416,D,20090924,000000,0.1620000,0.1620000,0.1620000,0.1620000,2.000
16712_090101_130416,D,20090925,000000,0.1630000,0.1630000,0.1600000,0.1600000,41.100
16712_090101_130416,D,20090928,000000,0.1620000,0.1690000,0.1620000,0.1650000,92.600
16712_090101_130416,D,20090929,000000,0.1650000,0.1690000,0.1640000,0.1650000,23.500
16712_090101_130416,D,20090930,000000,0.1660000,0.1670000,0.1510000,0.1600000,656.400
16712_090101_130416,D,20091001,000000,0.1620000,0.1790000,0.1520000,0.1620000,2.788.100
16712_090101_130416,D,20091002,000000,0.1600000,0.1600000,0.1530000,0.1570000,204.500
16712_090101_130416,D,20091005,000000,0.1590000,0.1590000,0.1590000,0.1590000,3.300
16712_090101_130416,D,20091006,000000,0.1580000,0.1650000,0.1500000,0.1560000,678.100
16712_090101_130416,D,20091007,000000,0.1550000,0.1550000,0.1520000,0.1530000,36.100
16712_090101_130416,D,20091008,000000,0.1560000,0.1600000,0.1510000,0.1600000,91.100
16712_090101_130416,D,20091009,000000,0.1590000,0.1600000,0.1590000,0.1600000,32.700
16712_090101_130416,D,20091012,000000,0.1600000,0.1650000,0.1600000,0.1630000,12.400
16712_090101_130416,D,20091013,000000,0.1650000,0.1650000,0.1570000,0.1620000,182.000
16712_090101_130416,D,20091014,000000,0.1530000,0.1770000,0.1530000,0.1670000,861.100
16712_090101_130416,D,20091015,000000,0.1730000,0.1730000,0.1620000,0.1640000,128.700
16712_090101_130416,D,20091016,000000,0.1650000,0.1760000,0.1620000,0.1730000,52.400
16712_090101_130416,D,20091019,000000,0.1650000,0.1750000,0.1620000,0.1660000,185.200
16712_090101_130416,D,20091020,000000,0.1660000,0.1740000,0.1650000,0.1740000,202.700
16712_090101_130416,D,20091021,000000,0.1720000,0.1720000,0.1640000,0.1650000,26.400
16712_090101_130416,D,20091022,000000,0.1680000,0.1700000,0.1650000,0.1700000,143.000
16712_090101_130416,D,20091023,000000,0.1700000,0.1700000,0.1670000,0.1670000,400
16712_090101_130416,D,20091026,000000,0.1650000,0.1700000,0.1630000,0.1700000,106.100
16712_090101_130416,D,20091027,000000,0.1710000,0.1720000,0.1710000,0.1710000,50.300
16712_090101_130416,D,20091028,000000,0.1710000,0.1710000,0.1650000,0.1650000,50.900
16712_090101_130416,D,20091029,000000,0.1610000,0.1680000,0.1580000,0.1650000,105.400
16712_090101_130416,D,20091030,000000,0.1620000,0.1690000,0.1550000,0.1670000,121.700
16712_090101_130416,D,20091102,000000,0.1680000,0.1680000,0.1550000,0.1550000,17.500
16712_090101_130416,D,20091103,000000,0.1570000,0.1620000,0.1550000,0.1550000,22.500
16712_090101_130416,D,20091105,000000,0.1530000,0.1590000,0.1530000,0.1560000,14.700
16712_090101_130416,D,20091106,000000,0.1520000,0.1630000,0.1500000,0.1560000,75.300
16712_090101_130416,D,20091109,000000,0.1540000,0.1610000,0.1540000,0.1550000,7.400
16712_090101_130416,D,20091110,000000,0.1550000,0.1700000,0.1460000,0.1580000,302.300
16712_090101_130416,D,20091111,000000,0.1580000,0.1630000,0.1570000,0.1630000,56.200
16712_090101_130416,D,20091112,000000,0.1610000,0.1650000,0.1610000,0.1650000,10.000
16712_090101_130416,D,20091113,000000,0.1630000,0.1640000,0.1600000,0.1640000,4.700
16712_090101_130416,D,20091116,000000,0.1630000,0.1650000,0.1630000,0.1650000,23.000
16712_090101_130416,D,20091117,000000,0.1650000,0.1650000,0.1550000,0.1580000,19.700
16712_090101_130416,D,20091118,000000,0.1630000,0.1630000,0.1510000,0.1610000,165.100
16712_090101_130416,D,20091119,000000,0.1620000,0.1620000,0.1560000,0.1620000,700
16712_090101_130416,D,20091120,000000,0.1580000,0.1640000,0.1520000,0.1630000,23.000
16712_090101_130416,D,20091123,000000,0.1570000,0.1620000,0.1560000,0.1620000,10.100
16712_090101_130416,D,20091124,000000,0.1610000,0.1620000,0.1610000,0.1620000,1.900
16712_090101_130416,D,20091126,000000,0.1610000,0.1610000,0.1600000,0.1600000,1.000
16712_090101_130416,D,20091130,000000,0.1540000,0.1600000,0.1400000,0.1490000,153.000
16712_090101_130416,D,20091202,000000,0.1570000,0.1570000,0.1570000,0.1570000,200
16712_090101_130416,D,20091203,000000,0.1550000,0.1550000,0.1550000,0.1550000,500
16712_090101_130416,D,20091204,000000,0.1550000,0.1580000,0.1540000,0.1540000,22.100
16712_090101_130416,D,20091207,000000,0.1560000,0.1560000,0.1520000,0.1520000,200
16712_090101_130416,D,20091208,000000,0.1530000,0.1560000,0.1530000,0.1560000,466.800
16712_090101_130416,D,20091209,000000,0.1560000,0.1770000,0.1560000,0.1560000,926.000
16712_090101_130416,D,20091210,000000,0.1610000,0.1680000,0.1600000,0.1600000,125.600
16712_090101_130416,D,20091211,000000,0.1680000,0.1690000,0.1600000,0.1600000,716.400
16712_090101_130416,D,20091214,000000,0.1700000,0.1700000,0.1630000,0.1650000,52.000
16712_090101_130416,D,20091215,000000,0.1600000,0.1600000,0.1580000,0.1600000,18.600
16712_090101_130416,D,20091216,000000,0.1600000,0.1600000,0.1600000,0.1600000,31.500
16712_090101_130416,D,20091217,000000,0.1590000,0.1600000,0.1550000,0.1550000,13.200
16712_090101_130416,D,20091218,000000,0.1660000,0.1660000,0.1510000,0.1550000,66.600
16712_090101_130416,D,20091221,000000,0.1590000,0.1650000,0.1520000,0.1520000,351.700
16712_090101_130416,D,20091222,000000,0.1550000,0.1580000,0.1490000,0.1580000,133.900
16712_090101_130416,D,20091223,000000,0.1600000,0.1600000,0.1490000,0.1500000,137.600
16712_090101_130416,D,20091224,000000,0.1520000,0.1520000,0.1460000,0.1490000,121.300
16712_090101_130416,D,20091225,000000,0.1460000,0.1530000,0.1420000,0.1420000,432.100
16712_090101_130416,D,20091228,000000,0.1540000,0.1540000,0.1400000,0.1490000,488.500
16712_090101_130416,D,20091229,000000,0.1480000,0.1510000,0.1410000,0.1510000,478.400
16712_090101_130416,D,20091230,000000,0.1550000,0.1580000,0.1460000,0.1580000,242.400
16712_090101_130416,D,20091231,000000,0.1550000,0.1610000,0.1480000,0.1480000,553.000
16712_090101_130416,D,20100111,000000,0.1550000,0.1610000,0.1450000,0.1590000,49.500
16712_090101_130416,D,20100112,000000,0.1590000,0.1620000,0.1590000,0.1590000,3.600
16712_090101_130416,D,20100113,000000,0.1640000,0.1640000,0.1530000,0.1600000,4.000
16712_090101_130416,D,20100114,000000,0.1600000,0.1620000,0.1590000,0.1620000,1.200
16712_090101_130416,D,20100115,000000,0.1610000,0.1660000,0.1570000,0.1620000,103.100
16712_090101_130416,D,20100118,000000,0.1580000,0.1620000,0.1580000,0.1620000,7.800
16712_090101_130416,D,20100119,000000,0.1610000,0.1610000,0.1490000,0.1580000,161.400
16712_090101_130416,D,20100120,000000,0.1550000,0.1560000,0.1510000,0.1560000,692.000
16712_090101_130416,D,20100121,000000,0.1610000,0.1630000,0.1510000,0.1590000,266.700
16712_090101_130416,D,20100122,000000,0.1510000,0.1580000,0.1500000,0.1580000,30.300
16712_090101_130416,D,20100125,000000,0.1500000,0.1590000,0.1500000,0.1590000,279.100
16712_090101_130416,D,20100126,000000,0.1530000,0.1570000,0.1530000,0.1570000,500
16712_090101_130416,D,20100128,000000,0.1570000,0.1590000,0.1480000,0.1590000,2.618.200
16712_090101_130416,D,20100129,000000,0.1630000,0.1650000,0.1570000,0.1620000,457.500
16712_090101_130416,D,20100201,000000,0.1650000,0.2200000,0.1620000,0.2200000,7.010.800
16712_090101_130416,D,20100202,000000,0.2220000,0.2420000,0.1900000,0.2390000,1.233.600
16712_090101_130416,D,20100203,000000,0.2380000,0.2380000,0.2030000,0.2300000,7.142.500
16712_090101_130416,D,20100204,000000,0.2350000,0.2350000,0.2130000,0.2170000,302.700
16712_090101_130416,D,20100205,000000,0.2120000,0.2190000,0.2050000,0.2170000,14.200
16712_090101_130416,D,20100208,000000,0.2290000,0.2300000,0.2120000,0.2140000,155.700
16712_090101_130416,D,20100209,000000,0.2280000,0.2280000,0.1800000,0.1960000,271.500
16712_090101_130416,D,20100210,000000,0.1900000,0.2190000,0.1900000,0.1990000,47.400
16712_090101_130416,D,20100211,000000,0.1940000,0.2020000,0.1920000,0.1930000,2.900
16712_090101_130416,D,20100212,000000,0.1910000,0.2020000,0.1910000,0.1930000,1.104.000
16712_090101_130416,D,20100215,000000,0.1950000,0.1950000,0.1930000,0.1930000,1.500
16712_090101_130416,D,20100216,000000,0.2000000,0.2000000,0.1750000,0.1750000,182.200
16712_090101_130416,D,20100217,000000,0.1790000,0.2190000,0.1790000,0.1950000,330.100
16712_090101_130416,D,20100218,000000,0.1950000,0.1990000,0.1850000,0.1870000,149.600
16712_090101_130416,D,20100219,000000,0.1960000,0.1960000,0.1840000,0.1890000,858.900
16712_090101_130416,D,20100224,000000,0.1900000,0.1900000,0.1800000,0.1850000,226.000
16712_090101_130416,D,20100225,000000,0.1860000,0.1870000,0.1770000,0.1810000,170.800
16712_090101_130416,D,20100226,000000,0.1890000,0.1910000,0.1860000,0.1910000,23.300
16712_090101_130416,D,20100227,000000,0.1950000,0.1950000,0.1840000,0.1940000,1.689.900
16712_090101_130416,D,20100301,000000,0.1940000,0.1980000,0.1930000,0.1980000,250.600
16712_090101_130416,D,20100302,000000,0.1900000,0.1970000,0.1900000,0.1960000,5.900
16712_090101_130416,D,20100303,000000,0.2020000,0.2020000,0.1910000,0.1990000,342.400
16712_090101_130416,D,20100304,000000,0.2070000,0.2070000,0.1880000,0.1980000,495.200
16712_090101_130416,D,20100305,000000,0.2080000,0.2080000,0.1920000,0.2020000,631.500
16712_090101_130416,D,20100309,000000,0.2080000,0.2080000,0.1900000,0.2000000,555.200
16712_090101_130416,D,20100310,000000,0.2000000,0.2000000,0.1860000,0.1940000,470.000
16712_090101_130416,D,20100311,000000,0.2000000,0.2000000,0.1860000,0.1930000,154.600
16712_090101_130416,D,20100312,000000,0.1870000,0.1870000,0.1860000,0.1870000,2.011.700
16712_090101_130416,D,20100315,000000,0.1870000,0.1870000,0.1870000,0.1870000,55.000
16712_090101_130416,D,20100316,000000,0.1900000,0.1900000,0.1800000,0.1850000,667.400
16712_090101_130416,D,20100317,000000,0.1850000,0.1900000,0.1850000,0.1870000,324.100
16712_090101_130416,D,20100318,000000,0.1890000,0.1890000,0.1750000,0.1830000,836.600
16712_090101_130416,D,20100319,000000,0.1780000,0.1840000,0.1760000,0.1830000,169.200
16712_090101_130416,D,20100322,000000,0.1820000,0.1880000,0.1780000,0.1820000,265.500
16712_090101_130416,D,20100323,000000,0.1830000,0.1840000,0.1750000,0.1820000,287.100
16712_090101_130416,D,20100324,000000,0.1830000,0.2000000,0.1770000,0.1860000,1.241.400
16712_090101_130416,D,20100325,000000,0.1950000,0.1950000,0.1750000,0.1800000,667.100
16712_090101_130416,D,20100326,000000,0.1800000,0.1800000,0.1750000,0.1790000,192.700
16712_090101_130416,D,20100329,000000,0.1790000,0.1880000,0.1780000,0.1790000,313.700
16712_090101_130416,D,20100330,000000,0.1880000,0.1880000,0.1760000,0.1820000,296.000
16712_090101_130416,D,20100331,000000,0.1830000,0.1950000,0.1770000,0.1900000,1.887.600
16712_090101_130416,D,20100401,000000,0.1870000,0.2000000,0.1810000,0.1970000,2.040.100
16712_090101_130416,D,20100402,000000,0.1990000,0.2000000,0.1870000,0.1980000,962.900
16712_090101_130416,D,20100405,000000,0.2000000,0.2100000,0.1880000,0.1980000,2.030.000
16712_090101_130416,D,20100406,000000,0.1910000,0.1970000,0.1840000,0.1850000,2.305.800
16712_090101_130416,D,20100407,000000,0.1820000,0.1890000,0.1820000,0.1850000,174.500
16712_090101_130416,D,20100408,000000,0.1880000,0.1880000,0.1820000,0.1870000,67.400
16712_090101_130416,D,20100409,000000,0.1870000,0.1910000,0.1750000,0.1890000,949.700
16712_090101_130416,D,20100412,000000,0.1910000,0.1940000,0.1880000,0.1940000,179.600
16712_090101_130416,D,20100413,000000,0.1940000,0.1960000,0.1910000,0.1960000,466.200
16712_090101_130416,D,20100414,000000,0.1960000,0.1960000,0.1920000,0.1930000,99.000
16712_090101_130416,D,20100415,000000,0.1930000,0.2200000,0.1910000,0.2110000,7.995.600
16712_090101_130416,D,20100416,000000,0.2200000,0.2200000,0.1980000,0.2050000,2.685.100
16712_090101_130416,D,20100419,000000,0.2050000,0.2060000,0.1620000,0.1880000,7.849.500
16712_090101_130416,D,20100420,000000,0.1880000,0.1930000,0.1880000,0.1920000,2.394.800
16712_090101_130416,D,20100421,000000,0.1940000,0.1940000,0.1800000,0.1850000,1.056.700
16712_090101_130416,D,20100422,000000,0.1900000,0.1900000,0.1770000,0.1800000,615.900
16712_090101_130416,D,20100423,000000,0.1820000,0.1880000,0.1820000,0.1880000,656.600
16712_090101_130416,D,20100426,000000,0.1810000,0.1940000,0.1810000,0.1900000,318.400
16712_090101_130416,D,20100427,000000,0.1890000,0.1910000,0.1800000,0.1850000,177.800
16712_090101_130416,D,20100428,000000,0.1890000,0.1890000,0.1780000,0.1860000,163.300
16712_090101_130416,D,20100429,000000,0.1900000,0.1970000,0.1860000,0.1860000,225.900
16712_090101_130416,D,20100430,000000,0.1920000,0.1970000,0.1830000,0.1940000,3.200
16712_090101_130416,D,20100504,000000,0.1820000,0.1920000,0.1800000,0.1810000,314.100
16712_090101_130416,D,20100505,000000,0.1680000,0.1850000,0.1640000,0.1690000,899.700
16712_090101_130416,D,20100506,000000,0.1740000,0.1750000,0.1640000,0.1710000,172.800
16712_090101_130416,D,20100507,000000,0.1620000,0.1670000,0.1400000,0.1530000,959.600
16712_090101_130416,D,20100511,000000,0.1650000,0.1740000,0.1400000,0.1560000,314.500
16712_090101_130416,D,20100512,000000,0.1500000,0.1640000,0.1500000,0.1600000,231.300
16712_090101_130416,D,20100513,000000,0.1710000,0.1720000,0.1550000,0.1700000,485.300
16712_090101_130416,D,20100514,000000,0.1560000,0.1680000,0.1550000,0.1610000,1.800.900
16712_090101_130416,D,20100517,000000,0.1530000,0.1590000,0.1520000,0.1580000,122.200
16712_090101_130416,D,20100518,000000,0.1520000,0.1620000,0.1520000,0.1600000,26.000
16712_090101_130416,D,20100519,000000,0.1520000,0.1620000,0.1490000,0.1620000,374.500
16712_090101_130416,D,20100520,000000,0.1630000,0.1640000,0.1500000,0.1500000,257.200
16712_090101_130416,D,20100521,000000,0.1590000,0.1590000,0.1450000,0.1530000,29.700
16712_090101_130416,D,20100524,000000,0.1470000,0.1510000,0.1420000,0.1500000,580.000
16712_090101_130416,D,20100525,000000,0.1480000,0.1540000,0.1400000,0.1480000,270.600
16712_090101_130416,D,20100526,000000,0.1530000,0.1540000,0.1410000,0.1470000,392.200
16712_090101_130416,D,20100527,000000,0.1540000,0.1540000,0.1450000,0.1520000,1.000
16712_090101_130416,D,20100528,000000,0.1540000,0.1550000,0.1450000,0.1520000,157.400
16712_090101_130416,D,20100531,000000,0.1560000,0.1560000,0.1460000,0.1460000,200
16712_090101_130416,D,20100601,000000,0.1570000,0.1570000,0.1390000,0.1480000,249.700
16712_090101_130416,D,20100602,000000,0.1520000,0.1520000,0.1410000,0.1430000,600
16712_090101_130416,D,20100603,000000,0.1520000,0.1590000,0.1450000,0.1460000,269.200
16712_090101_130416,D,20100604,000000,0.1590000,0.1590000,0.1410000,0.1420000,258.300
16712_090101_130416,D,20100607,000000,0.1410000,0.1430000,0.1400000,0.1410000,460.500
16712_090101_130416,D,20100608,000000,0.1440000,0.1440000,0.1400000,0.1410000,193.500
16712_090101_130416,D,20100609,000000,0.1440000,0.1440000,0.1370000,0.1430000,57.500
16712_090101_130416,D,20100610,000000,0.1390000,0.1430000,0.1340000,0.1410000,97.200
16712_090101_130416,D,20100611,000000,0.1370000,0.1410000,0.1370000,0.1410000,35.000
16712_090101_130416,D,20100615,000000,0.1420000,0.1440000,0.1390000,0.1430000,130.600
16712_090101_130416,D,20100616,000000,0.1440000,0.1460000,0.1400000,0.1410000,564.700
16712_090101_130416,D,20100617,000000,0.1460000,0.1460000,0.1420000,0.1450000,327.600
16712_090101_130416,D,20100618,000000,0.1460000,0.1570000,0.1420000,0.1430000,21.800
16712_090101_130416,D,20100621,000000,0.1480000,0.1490000,0.1420000,0.1480000,297.000
16712_090101_130416,D,20100622,000000,0.1540000,0.1540000,0.1430000,0.1500000,80.000
16712_090101_130416,D,20100623,000000,0.1500000,0.1530000,0.1470000,0.1500000,108.600
16712_090101_130416,D,20100624,000000,0.1520000,0.1520000,0.1400000,0.1480000,42.800
16712_090101_130416,D,20100625,000000,0.1530000,0.1530000,0.1370000,0.1440000,135.900
16712_090101_130416,D,20100628,000000,0.1510000,0.1510000,0.1400000,0.1430000,64.300
16712_090101_130416,D,20100629,000000,0.1460000,0.1460000,0.1390000,0.1420000,91.000
16712_090101_130416,D,20100630,000000,0.1370000,0.1430000,0.1260000,0.1390000,408.700
16712_090101_130416,D,20100701,000000,0.1260000,0.1380000,0.1260000,0.1340000,195.700
16712_090101_130416,D,20100702,000000,0.1290000,0.1360000,0.1290000,0.1360000,72.300
16712_090101_130416,D,20100705,000000,0.1370000,0.1390000,0.1320000,0.1350000,147.900
16712_090101_130416,D,20100706,000000,0.1390000,0.1390000,0.1330000,0.1370000,26.600
16712_090101_130416,D,20100707,000000,0.1400000,0.1400000,0.1360000,0.1400000,50.200
16712_090101_130416,D,20100708,000000,0.1310000,0.1400000,0.1310000,0.1390000,3.700
16712_090101_130416,D,20100709,000000,0.1390000,0.1390000,0.1390000,0.1390000,1.100
16712_090101_130416,D,20100712,000000,0.1390000,0.1450000,0.1320000,0.1430000,118.400
16712_090101_130416,D,20100713,000000,0.1420000,0.1430000,0.1420000,0.1430000,600
16712_090101_130416,D,20100714,000000,0.1450000,0.1450000,0.1390000,0.1450000,2.100
16712_090101_130416,D,20100715,000000,0.1440000,0.1470000,0.1440000,0.1470000,17.900
16712_090101_130416,D,20100716,000000,0.1400000,0.1470000,0.1400000,0.1460000,11.700
16712_090101_130416,D,20100719,000000,0.1470000,0.1470000,0.1460000,0.1470000,14.900
16712_090101_130416,D,20100720,000000,0.1490000,0.1490000,0.1360000,0.1470000,177.000
16712_090101_130416,D,20100721,000000,0.1450000,0.1450000,0.1450000,0.1450000,200
16712_090101_130416,D,20100722,000000,0.1450000,0.1480000,0.1440000,0.1480000,21.600
16712_090101_130416,D,20100723,000000,0.1470000,0.1500000,0.1450000,0.1500000,488.400
16712_090101_130416,D,20100726,000000,0.1510000,0.1530000,0.1460000,0.1530000,176.900
16712_090101_130416,D,20100727,000000,0.1500000,0.1580000,0.1490000,0.1520000,85.500
16712_090101_130416,D,20100728,000000,0.1570000,0.1570000,0.1490000,0.1510000,13.300
16712_090101_130416,D,20100729,000000,0.1430000,0.1670000,0.1430000,0.1450000,437.700
16712_090101_130416,D,20100730,000000,0.1490000,0.1530000,0.1430000,0.1440000,26.000
16712_090101_130416,D,20100802,000000,0.1460000,0.1520000,0.1460000,0.1460000,3.600
16712_090101_130416,D,20100803,000000,0.1490000,0.1500000,0.1480000,0.1480000,1.300
16712_090101_130416,D,20100804,000000,0.1500000,0.1500000,0.1450000,0.1450000,8.000
16712_090101_130416,D,20100805,000000,0.1520000,0.1520000,0.1450000,0.1490000,31.000
16712_090101_130416,D,20100806,000000,0.1500000,0.1500000,0.1450000,0.1500000,259.900
16712_090101_130416,D,20100809,000000,0.1500000,0.1530000,0.1390000,0.1480000,202.800
16712_090101_130416,D,20100810,000000,0.1490000,0.1530000,0.1440000,0.1490000,116.900
16712_090101_130416,D,20100811,000000,0.1500000,0.1500000,0.1450000,0.1470000,2.500
16712_090101_130416,D,20100812,000000,0.1500000,0.1520000,0.1460000,0.1490000,283.600
16712_090101_130416,D,20100813,000000,0.1500000,0.1590000,0.1480000,0.1520000,3.900
16712_090101_130416,D,20100816,000000,0.1520000,0.1650000,0.1500000,0.1560000,10.400
16712_090101_130416,D,20100817,000000,0.1590000,0.1590000,0.1550000,0.1580000,104.200
16712_090101_130416,D,20100818,000000,0.1590000,0.1640000,0.1540000,0.1620000,879.800
16712_090101_130416,D,20100819,000000,0.1650000,0.1650000,0.1520000,0.1560000,648.700
16712_090101_130416,D,20100820,000000,0.1560000,0.1630000,0.1390000,0.1580000,261.500
16712_090101_130416,D,20100823,000000,0.1530000,0.1630000,0.1520000,0.1620000,470.900
16712_090101_130416,D,20100824,000000,0.1620000,0.1620000,0.1570000,0.1600000,3.000
16712_090101_130416,D,20100825,000000,0.1520000,0.1670000,0.1520000,0.1670000,10.500
16712_090101_130416,D,20100826,000000,0.1610000,0.1650000,0.1520000,0.1570000,543.800
16712_090101_130416,D,20100827,000000,0.1610000,0.1610000,0.1540000,0.1550000,152.900
16712_090101_130416,D,20100830,000000,0.1610000,0.1610000,0.1550000,0.1550000,149.500
16712_090101_130416,D,20100831,000000,0.1570000,0.1580000,0.1550000,0.1550000,101.100
16712_090101_130416,D,20100901,000000,0.1570000,0.1570000,0.1510000,0.1570000,121.900
16712_090101_130416,D,20100902,000000,0.1570000,0.1570000,0.1550000,0.1550000,43.800
16712_090101_130416,D,20100903,000000,0.1550000,0.1630000,0.1510000,0.1540000,1.184.600
16712_090101_130416,D,20100906,000000,0.1570000,0.1590000,0.1540000,0.1540000,300.600
16712_090101_130416,D,20100907,000000,0.1570000,0.1590000,0.1560000,0.1570000,900.200
16712_090101_130416,D,20100908,000000,0.1600000,0.1600000,0.1510000,0.1530000,1.188.300
16712_090101_130416,D,20100909,000000,0.1560000,0.1590000,0.1530000,0.1560000,1.880.900
16712_090101_130416,D,20100910,000000,0.1550000,0.1590000,0.1470000,0.1500000,4.418.800
16712_090101_130416,D,20100913,000000,0.1500000,0.1540000,0.1450000,0.1490000,8.102.000
16712_090101_130416,D,20100914,000000,0.1490000,0.1490000,0.1370000,0.1460000,2.723.100
16712_090101_130416,D,20100915,000000,0.1470000,0.1470000,0.1400000,0.1430000,2.800.200
16712_090101_130416,D,20100916,000000,0.1430000,0.1450000,0.1300000,0.1390000,4.225.500
16712_090101_130416,D,20100917,000000,0.1420000,0.1430000,0.1330000,0.1400000,2.045.000
16712_090101_130416,D,20100920,000000,0.1400000,0.1490000,0.1380000,0.1460000,731.600
16712_090101_130416,D,20100921,000000,0.1480000,0.1480000,0.1390000,0.1460000,742.900
16712_090101_130416,D,20100922,000000,0.1460000,0.1550000,0.1450000,0.1470000,1.858.100
16712_090101_130416,D,20100923,000000,0.1490000,0.1540000,0.1460000,0.1510000,8.430.100
16712_090101_130416,D,20100924,000000,0.1530000,0.1540000,0.1500000,0.1510000,1.571.800
16712_090101_130416,D,20100927,000000,0.1530000,0.1670000,0.1480000,0.1630000,8.452.200
16712_090101_130416,D,20100928,000000,0.1620000,0.1640000,0.1480000,0.1540000,1.174.700
16712_090101_130416,D,20100929,000000,0.1540000,0.1640000,0.1500000,0.1630000,4.376.100
16712_090101_130416,D,20100930,000000,0.1650000,0.1720000,0.1620000,0.1680000,4.476.600
16712_090101_130416,D,20101001,000000,0.1600000,0.1690000,0.1570000,0.1680000,402.700
16712_090101_130416,D,20101004,000000,0.1680000,0.1720000,0.1640000,0.1720000,3.532.000
16712_090101_130416,D,20101005,000000,0.1770000,0.1800000,0.1700000,0.1740000,1.607.100
16712_090101_130416,D,20101006,000000,0.1760000,0.1770000,0.1680000,0.1740000,3.501.400
16712_090101_130416,D,20101007,000000,0.1720000,0.1750000,0.1700000,0.1750000,373.900
16712_090101_130416,D,20101008,000000,0.1720000,0.1760000,0.1700000,0.1760000,775.700
16712_090101_130416,D,20101011,000000,0.1740000,0.1770000,0.1690000,0.1730000,519.200
16712_090101_130416,D,20101012,000000,0.1720000,0.1760000,0.1720000,0.1760000,1.375.700
16712_090101_130416,D,20101013,000000,0.1760000,0.1880000,0.1760000,0.1880000,2.010.400
16712_090101_130416,D,20101014,000000,0.1880000,0.1890000,0.1800000,0.1870000,41.500
16712_090101_130416,D,20101015,000000,0.1840000,0.1870000,0.1780000,0.1860000,192.800
16712_090101_130416,D,20101018,000000,0.1860000,0.1880000,0.1720000,0.1810000,585.600
16712_090101_130416,D,20101019,000000,0.1800000,0.1840000,0.1680000,0.1750000,1.366.900
16712_090101_130416,D,20101020,000000,0.1740000,0.1750000,0.1630000,0.1700000,874.300
16712_090101_130416,D,20101021,000000,0.1700000,0.1720000,0.1650000,0.1700000,515.300
16712_090101_130416,D,20101022,000000,0.1700000,0.1710000,0.1690000,0.1690000,3.250.000
16712_090101_130416,D,20101025,000000,0.1700000,0.1810000,0.1640000,0.1790000,7.575.700
16712_090101_130416,D,20101026,000000,0.1770000,0.1790000,0.1700000,0.1770000,88.000
16712_090101_130416,D,20101027,000000,0.1720000,0.1760000,0.1580000,0.1690000,1.521.200
16712_090101_130416,D,20101028,000000,0.1720000,0.1720000,0.1670000,0.1710000,99.300
16712_090101_130416,D,20101029,000000,0.1710000,0.1710000,0.1670000,0.1690000,665.800
16712_090101_130416,D,20101101,000000,0.1700000,0.1890000,0.1670000,0.1730000,4.823.600
16712_090101_130416,D,20101102,000000,0.1740000,0.1770000,0.1700000,0.1770000,820.900
16712_090101_130416,D,20101103,000000,0.1820000,0.1870000,0.1720000,0.1800000,1.577.200
16712_090101_130416,D,20101108,000000,0.1830000,0.1890000,0.1720000,0.1830000,3.122.000
16712_090101_130416,D,20101109,000000,0.1830000,0.1970000,0.1780000,0.1880000,1.969.200
16712_090101_130416,D,20101110,000000,0.1850000,0.2000000,0.1830000,0.1870000,790.800
16712_090101_130416,D,20101111,000000,0.1870000,0.1960000,0.1820000,0.1870000,864.200
16712_090101_130416,D,20101112,000000,0.1830000,0.1930000,0.1800000,0.1930000,777.100
16712_090101_130416,D,20101113,000000,0.1910000,0.2400000,0.1900000,0.2080000,4.970.800
16712_090101_130416,D,20101115,000000,0.2100000,0.2160000,0.1990000,0.2070000,5.737.600
16712_090101_130416,D,20101116,000000,0.2160000,0.2180000,0.2030000,0.2100000,2.258.600
16712_090101_130416,D,20101117,000000,0.2100000,0.2940000,0.2080000,0.2940000,33.921.900
16712_090101_130416,D,20101118,000000,0.3110000,0.3660000,0.2400000,0.2570000,21.980.200
16712_090101_130416,D,20101119,000000,0.2700000,0.3610000,0.2500000,0.3610000,66.434.500
16712_090101_130416,D,20101122,000000,0.3700000,0.4620000,0.3220000,0.4000000,78.544.100
16712_090101_130416,D,20101123,000000,0.4000000,0.4890000,0.3650000,0.4400000,43.611.500
16712_090101_130416,D,20101124,000000,0.4350000,0.4790000,0.4120000,0.4310000,11.808.100
16712_090101_130416,D,20101125,000000,0.4520000,0.4520000,0.3800000,0.4200000,7.572.700
16712_090101_130416,D,20101126,000000,0.4270000,0.4400000,0.3700000,0.4160000,6.379.600
16712_090101_130416,D,20101129,000000,0.4180000,0.4340000,0.3850000,0.3920000,2.849.500
16712_090101_130416,D,20101130,000000,0.3990000,0.3990000,0.3640000,0.3810000,3.561.600
16712_090101_130416,D,20101201,000000,0.3720000,0.4290000,0.3700000,0.4160000,6.024.500
16712_090101_130416,D,20101202,000000,0.4190000,0.4490000,0.3810000,0.3950000,4.197.300
16712_090101_130416,D,20101203,000000,0.3870000,0.3950000,0.3200000,0.3750000,7.128.800
16712_090101_130416,D,20101206,000000,0.3650000,0.4800000,0.3620000,0.4520000,20.338.000
16712_090101_130416,D,20101207,000000,0.4650000,0.4650000,0.4210000,0.4330000,2.294.500
16712_090101_130416,D,20101208,000000,0.4300000,0.4480000,0.4070000,0.4220000,3.999.600
16712_090101_130416,D,20101209,000000,0.4220000,0.4400000,0.4030000,0.4030000,4.452.400
16712_090101_130416,D,20101210,000000,0.4100000,0.4200000,0.3910000,0.4010000,1.188.500
16712_090101_130416,D,20101213,000000,0.4060000,0.4290000,0.3900000,0.3930000,2.703.300
16712_090101_130416,D,20101214,000000,0.3970000,0.3980000,0.3890000,0.3940000,777.800
16712_090101_130416,D,20101215,000000,0.4020000,0.4400000,0.3940000,0.4070000,3.700.300
16712_090101_130416,D,20101216,000000,0.4140000,0.4230000,0.3980000,0.4100000,1.704.800
16712_090101_130416,D,20101217,000000,0.4120000,0.4120000,0.4000000,0.4070000,139.500
16712_090101_130416,D,20101220,000000,0.4000000,0.4260000,0.4000000,0.4070000,653.700
16712_090101_130416,D,20101221,000000,0.4020000,0.4140000,0.3980000,0.4040000,112.100
16712_090101_130416,D,20101222,000000,0.4080000,0.4090000,0.3980000,0.4030000,94.900
16712_090101_130416,D,20101223,000000,0.3990000,0.4030000,0.3700000,0.3800000,1.695.200
16712_090101_130416,D,20101224,000000,0.3800000,0.3900000,0.3720000,0.3900000,530.000
16712_090101_130416,D,20101227,000000,0.3800000,0.3920000,0.3800000,0.3910000,94.300
16712_090101_130416,D,20101228,000000,0.3920000,0.3920000,0.3500000,0.3600000,3.381.400
16712_090101_130416,D,20101229,000000,0.3680000,0.3700000,0.3260000,0.3350000,1.496.800
16712_090101_130416,D,20101230,000000,0.3400000,0.3490000,0.3350000,0.3480000,732.400
16712_090101_130416,D,20110111,000000,0.3350000,0.3900000,0.3350000,0.3820000,1.077.100
16712_090101_130416,D,20110112,000000,0.3820000,0.4040000,0.3780000,0.3970000,886.900
16712_090101_130416,D,20110113,000000,0.4060000,0.4060000,0.3820000,0.3870000,273.300
16712_090101_130416,D,20110114,000000,0.3900000,0.4000000,0.3850000,0.3850000,161.000
16712_090101_130416,D,20110117,000000,0.3930000,0.4070000,0.3580000,0.3720000,3.928.800
16712_090101_130416,D,20110118,000000,0.3630000,0.3750000,0.3560000,0.3570000,1.707.400
16712_090101_130416,D,20110119,000000,0.3580000,0.3670000,0.3460000,0.3510000,1.049.300
16712_090101_130416,D,20110120,000000,0.3500000,0.3540000,0.3390000,0.3440000,824.800
16712_090101_130416,D,20110121,000000,0.3440000,0.3470000,0.3300000,0.3450000,824.000
16712_090101_130416,D,20110124,000000,0.3430000,0.3430000,0.3150000,0.3330000,2.363.800
16712_090101_130416,D,20110125,000000,0.3320000,0.3490000,0.3100000,0.3190000,9.626.100
16712_090101_130416,D,20110126,000000,0.3200000,0.3280000,0.3100000,0.3160000,2.329.100
16712_090101_130416,D,20110127,000000,0.3120000,0.3160000,0.3030000,0.3080000,987.800
16712_090101_130416,D,20110128,000000,0.3130000,0.3150000,0.3050000,0.3110000,515.000
16712_090101_130416,D,20110131,000000,0.3050000,0.3130000,0.2950000,0.3050000,1.386.900
16712_090101_130416,D,20110201,000000,0.3050000,0.3350000,0.3050000,0.3180000,4.206.600
16712_090101_130416,D,20110202,000000,0.3190000,0.3260000,0.3110000,0.3240000,3.229.500
16712_090101_130416,D,20110203,000000,0.3200000,0.3550000,0.3180000,0.3310000,3.854.300
16712_090101_130416,D,20110204,000000,0.3320000,0.3390000,0.3260000,0.3310000,623.000
16712_090101_130416,D,20110207,000000,0.3370000,0.3430000,0.3310000,0.3400000,2.205.700
16712_090101_130416,D,20110208,000000,0.3340000,0.3560000,0.3320000,0.3560000,2.087.000
16712_090101_130416,D,20110209,000000,0.3570000,0.3570000,0.3360000,0.3450000,2.312.400
16712_090101_130416,D,20110210,000000,0.3370000,0.3440000,0.3150000,0.3230000,857.500
16712_090101_130416,D,20110211,000000,0.3200000,0.3300000,0.3010000,0.3190000,510.000
16712_090101_130416,D,20110214,000000,0.3140000,0.3350000,0.3140000,0.3320000,777.000
16712_090101_130416,D,20110215,000000,0.3300000,0.3310000,0.3120000,0.3260000,170.400
16712_090101_130416,D,20110216,000000,0.3250000,0.3260000,0.3050000,0.3100000,1.615.400
16712_090101_130416,D,20110217,000000,0.3110000,0.3190000,0.3010000,0.3080000,1.731.600
16712_090101_130416,D,20110218,000000,0.3160000,0.3160000,0.3020000,0.3070000,1.156.500
16712_090101_130416,D,20110221,000000,0.3060000,0.3090000,0.2950000,0.3020000,945.000
16712_090101_130416,D,20110222,000000,0.2970000,0.3040000,0.2910000,0.3000000,112.800
16712_090101_130416,D,20110224,000000,0.3000000,0.3040000,0.2920000,0.3000000,258.000
16712_090101_130416,D,20110225,000000,0.3050000,0.3100000,0.2900000,0.3040000,370.600
16712_090101_130416,D,20110228,000000,0.3110000,0.3190000,0.3020000,0.3150000,1.406.500
16712_090101_130416,D,20110301,000000,0.3100300,0.3329900,0.3100300,0.3111100,340.000
16712_090101_130416,D,20110303,000000,0.3199900,0.3236500,0.3120000,0.3236500,410.000
16712_090101_130416,D,20110304,000000,0.3150000,0.3349700,0.2990000,0.3093500,1.100.000
16712_090101_130416,D,20110305,000000,0.3194900,0.3229900,0.3000000,0.3228800,780.000
16712_090101_130416,D,20110309,000000,0.3219900,0.3297000,0.3160000,0.3160000,960.000
16712_090101_130416,D,20110310,000000,0.3005100,0.3294900,0.3000000,0.3170000,240.000
16712_090101_130416,D,20110311,000000,0.3060100,0.3197900,0.3060100,0.3197900,50.000
16712_090101_130416,D,20110314,000000,0.3100000,0.3100000,0.3099900,0.3100000,130.000
16712_090101_130416,D,20110315,000000,0.2900100,0.3027200,0.2600400,0.2800000,900.000
16712_090101_130416,D,20110316,000000,0.2899400,0.2989900,0.2810000,0.2914300,230.000
16712_090101_130416,D,20110317,000000,0.2791000,0.2964600,0.2791000,0.2964600,270.000
16712_090101_130416,D,20110318,000000,0.2964400,0.2964500,0.2701400,0.2853900,120.000
16712_090101_130416,D,20110321,000000,0.2949800,0.2950000,0.2900000,0.2950000,30.000
16712_090101_130416,D,20110322,000000,0.2979200,0.2980000,0.2700900,0.2950000,180.000
16712_090101_130416,D,20110323,000000,0.2980000,0.3150000,0.2826300,0.2900000,640.000
16712_090101_130416,D,20110324,000000,0.2700500,0.2900000,0.2700200,0.2900000,90.000
16712_090101_130416,D,20110325,000000,0.2800100,0.2880100,0.2800100,0.2880000,60.000
16712_090101_130416,D,20110328,000000,0.3148900,0.3250000,0.2941300,0.3089900,3.590.000
16712_090101_130416,D,20110329,000000,0.3050000,0.3300000,0.3000100,0.3250100,610.000
16712_090101_130416,D,20110330,000000,0.3050100,0.3699900,0.2801000,0.3561600,3.780.000
16712_090101_130416,D,20110331,000000,0.3590000,0.3590000,0.2922300,0.3371500,45.410.000
16712_090101_130416,D,20110401,000000,0.3272100,0.3500000,0.3200400,0.3500000,42.170.000
16712_090101_130416,D,20110404,000000,0.3648000,0.3648000,0.3350300,0.3599900,1.050.000
16712_090101_130416,D,20110405,000000,0.3600800,0.3698000,0.3495000,0.3629900,1.000.000
16712_090101_130416,D,20110406,000000,0.3520500,0.3629800,0.3510700,0.3621800,450.000
16712_090101_130416,D,20110407,000000,0.3402500,0.3600000,0.3357300,0.3380200,990.000
16712_090101_130416,D,20110408,000000,0.3555500,0.3698000,0.3453100,0.3559600,1.390.000
16712_090101_130416,D,20110411,000000,0.3625700,0.3625900,0.3625700,0.3625900,30.000
16712_090101_130416,D,20110412,000000,0.3600000,0.3600000,0.3360000,0.3498800,260.000
16712_090101_130416,D,20110413,000000,0.3554800,0.3554800,0.3122500,0.3464700,1.510.000
16712_090101_130416,D,20110414,000000,0.3300000,0.3394300,0.2999900,0.3119100,2.650.000
16712_090101_130416,D,20110415,000000,0.3100000,0.3288100,0.3100000,0.3146100,690.000
16712_090101_130416,D,20110418,000000,0.3286900,0.3286900,0.2918800,0.2921700,1.370.000
16712_090101_130416,D,20110419,000000,0.2970000,0.3040000,0.2918800,0.3040000,670.000
16712_090101_130416,D,20110420,000000,0.3000000,0.3000000,0.2930000,0.2930000,580.000
16712_090101_130416,D,20110421,000000,0.2921500,0.2964100,0.2918800,0.2948300,180.000
16712_090101_130416,D,20110422,000000,0.2927900,0.2933700,0.2899700,0.2933700,1.140.000
16712_090101_130416,D,20110425,000000,0.2917400,0.2930000,0.2850100,0.2890200,130.000
16712_090101_130416,D,20110426,000000,0.2890300,0.2939900,0.2879900,0.2903500,470.000
16712_090101_130416,D,20110427,000000,0.2898700,0.2950000,0.2888600,0.2888600,1.150.000
16712_090101_130416,D,20110428,000000,0.2872300,0.2872300,0.2801000,0.2850000,420.000
16712_090101_130416,D,20110429,000000,0.2751100,0.2810800,0.2751000,0.2807500,180.000
16712_090101_130416,D,20110503,000000,0.2807500,0.3200000,0.2807500,0.3071300,540.000
16712_090101_130416,D,20110504,000000,0.2990500,0.3200000,0.2968000,0.3032700,630.000
16712_090101_130416,D,20110505,000000,0.3125600,0.3176300,0.3050000,0.3120000,200.000
16712_090101_130416,D,20110506,000000,0.3000500,0.3157200,0.3000500,0.3129700,600.000
16712_090101_130416,D,20110510,000000,0.3071900,0.3207100,0.3000000,0.3102000,1.780.000
16712_090101_130416,D,20110511,000000,0.3229500,0.3230000,0.3097000,0.3192000,540.000
16712_090101_130416,D,20110512,000000,0.3298800,0.3489500,0.3220700,0.3280200,830.000
16712_090101_130416,D,20110513,000000,0.3325500,0.3325500,0.3325500,0.3325500,10.000
16712_090101_130416,D,20110516,000000,0.3306500,0.3355200,0.3236000,0.3313600,200.000
16712_090101_130416,D,20110517,000000,0.3080100,0.3299000,0.3080100,0.3299000,20.000
16712_090101_130416,D,20110518,000000,0.3080300,0.3315900,0.3080000,0.3261900,160.000
16712_090101_130416,D,20110519,000000,0.3080100,0.3410000,0.3070000,0.3410000,1.240.000
16712_090101_130416,D,20110520,000000,0.3469600,0.3539000,0.3129800,0.3459500,120.000
16712_090101_130416,D,20110523,000000,0.3114500,0.3451100,0.3080000,0.3348900,910.000
16712_090101_130416,D,20110524,000000,0.3244700,0.3396600,0.3241000,0.3394000,910.000
16712_090101_130416,D,20110525,000000,0.3260000,0.3499500,0.3260000,0.3489900,1.200.000
16712_090101_130416,D,20110526,000000,0.3200000,0.3250000,0.2900000,0.3050000,2.260.000
16712_090101_130416,D,20110527,000000,0.3078000,0.3078000,0.3012300,0.3012300,170.000
16712_090101_130416,D,20110530,000000,0.2920600,0.3059900,0.2910000,0.3059900,390.000
16712_090101_130416,D,20110531,000000,0.3000000,0.3050000,0.3000000,0.3030000,60.000
16712_090101_130416,D,20110601,000000,0.3030000,0.3050000,0.2880000,0.2880000,640.000
16712_090101_130416,D,20110602,000000,0.2899000,0.2950000,0.2899000,0.2950000,210.000
16712_090101_130416,D,20110603,000000,0.2950000,0.3000000,0.2950000,0.2988000,100.000
16712_090101_130416,D,20110606,000000,0.3000000,0.3000000,0.3000000,0.3000000,10.000
16712_090101_130416,D,20110607,000000,0.3000000,0.3000000,0.2929100,0.2929100,140.000
16712_090101_130416,D,20110608,000000,0.3046400,0.3046400,0.2924500,0.2924500,200.000
16712_090101_130416,D,20110609,000000,0.3045300,0.3045300,0.3045300,0.3045300,10.000
16712_090101_130416,D,20110610,000000,0.3080800,0.3080800,0.2810400,0.2919000,850.000
16712_090101_130416,D,20110614,000000,0.2900000,0.2940000,0.2900000,0.2925000,100.000
16712_090101_130416,D,20110615,000000,0.2898000,0.2990000,0.2855500,0.2918500,360.000
16712_090101_130416,D,20110616,000000,0.2949400,0.2949400,0.2949400,0.2949400,10.000
16712_090101_130416,D,20110617,000000,0.2900000,0.2900000,0.2900000,0.2900000,170.000
16712_090101_130416,D,20110620,000000,0.2841100,0.2900000,0.2841100,0.2900000,130.000
16712_090101_130416,D,20110621,000000,0.2920000,0.3000000,0.2919000,0.2940500,550.000
16712_090101_130416,D,20110622,000000,0.2850300,0.2872700,0.2850300,0.2872700,50.000
16712_090101_130416,D,20110623,000000,0.2999700,0.2999700,0.2940000,0.2940000,70.000
16712_090101_130416,D,20110624,000000,0.2897100,0.2897100,0.2897100,0.2897100,10.000
16712_090101_130416,D,20110627,000000,0.2800500,0.2940000,0.2800500,0.2904000,190.000
16712_090101_130416,D,20110628,000000,0.2949900,0.3235400,0.2904100,0.3188100,2.840.000
16712_090101_130416,D,20110629,000000,0.3030100,0.3165400,0.3030100,0.3165400,30.000
16712_090101_130416,D,20110630,000000,0.3165400,0.3165400,0.3007200,0.3094300,130.000
16712_090101_130416,D,20110701,000000,0.3079700,0.3079700,0.3079700,0.3079700,10.000
16712_090101_130416,D,20110704,000000,0.2925800,0.3020000,0.2925800,0.3020000,230.000
16712_090101_130416,D,20110705,000000,0.3169000,0.3169000,0.2940400,0.2940400,210.000
16712_090101_130416,D,20110706,000000,0.2927000,0.2988200,0.2800000,0.2938700,960.000
16712_090101_130416,D,20110707,000000,0.2990000,0.3020000,0.2940600,0.2940600,240.000
16712_090101_130416,D,20110711,000000,0.2900000,0.2961800,0.2900000,0.2953600,50.000
16712_090101_130416,D,20110712,000000,0.2929900,0.2930000,0.2929900,0.2930000,60.000
16712_090101_130416,D,20110713,000000,0.2892700,0.2906700,0.2892000,0.2892000,220.000
16712_090101_130416,D,20110714,000000,0.2860000,0.2976700,0.2800000,0.2854600,640.000
16712_090101_130416,D,20110718,000000,0.2860000,0.2860000,0.2860000,0.2860000,40.000
16712_090101_130416,D,20110719,000000,0.2919000,0.2919000,0.2859900,0.2859900,40.000
16712_090101_130416,D,20110720,000000,0.2933500,0.2933700,0.2933500,0.2933700,110.000
16712_090101_130416,D,20110721,000000,0.2896700,0.2936500,0.2896700,0.2898100,140.000
16712_090101_130416,D,20110722,000000,0.2900000,0.2900000,0.2900000,0.2900000,80.000
16712_090101_130416,D,20110726,000000,0.2870000,0.2936400,0.2800000,0.2865000,150.000
16712_090101_130416,D,20110727,000000,0.2919000,0.3000000,0.2919000,0.2999800,450.000
16712_090101_130416,D,20110728,000000,0.2900500,0.3105600,0.2851100,0.2977600,280.000
16712_090101_130416,D,20110729,000000,0.3105000,0.3105000,0.2950300,0.2999200,270.000
16712_090101_130416,D,20110801,000000,0.2919100,0.2919100,0.2851000,0.2852000,720.000
16712_090101_130416,D,20110802,000000,0.2899900,0.3000000,0.2899900,0.2975000,260.000
16712_090101_130416,D,20110803,000000,0.2949900,0.2960000,0.2805200,0.2960000,770.000
16712_090101_130416,D,20110804,000000,0.2960100,0.3093000,0.2960000,0.3000000,630.000
16712_090101_130416,D,20110805,000000,0.2850000,0.2961800,0.2800100,0.2893900,100.000
16712_090101_130416,D,20110808,000000,0.2841500,0.2841500,0.2700000,0.2835000,270.000
16712_090101_130416,D,20110809,000000,0.2700600,0.2840700,0.2700500,0.2839600,90.000
16712_090101_130416,D,20110810,000000,0.2939300,0.2939300,0.2698200,0.2937700,120.000
16712_090101_130416,D,20110811,000000,0.2800000,0.2899900,0.2800000,0.2899900,30.000
16712_090101_130416,D,20110812,000000,0.2890000,0.2890000,0.2890000,0.2890000,10.000
16712_090101_130416,D,20110817,000000,0.2740100,0.2834900,0.2650000,0.2834900,150.000
16712_090101_130416,D,20110818,000000,0.2693500,0.2849900,0.2693500,0.2849900,30.000
16712_090101_130416,D,20110819,000000,0.2625700,0.2798600,0.2611100,0.2650000,730.000
16712_090101_130416,D,20110822,000000,0.2778800,0.2778800,0.2691700,0.2741000,90.000
16712_090101_130416,D,20110823,000000,0.2799900,0.2799900,0.2690000,0.2750000,30.000
16712_090101_130416,D,20110824,000000,0.2849900,0.2849900,0.2700200,0.2787100,60.000
16712_090101_130416,D,20110826,000000,0.2780000,0.2939500,0.2780000,0.2939500,40.000
16712_090101_130416,D,20110829,000000,0.2701300,0.2939400,0.2701300,0.2835100,70.000
16712_090101_130416,D,20110830,000000,0.2939400,0.2939400,0.2939400,0.2939400,10.000
16712_090101_130416,D,20110831,000000,0.2780100,0.2939500,0.2650000,0.2939000,560.000
16712_090101_130416,D,20110901,000000,0.2938000,0.2938000,0.2849900,0.2900000,120.000
16712_090101_130416,D,20110902,000000,0.2937200,0.3225000,0.2937000,0.3010000,2.340.000
16712_090101_130416,D,20110905,000000,0.3189100,0.3189100,0.3059700,0.3059700,50.000
16712_090101_130416,D,20110906,000000,0.3100000,0.3180000,0.3000400,0.3094300,190.000
16712_090101_130416,D,20110907,000000,0.3169900,0.3169900,0.3050100,0.3139500,170.000
16712_090101_130416,D,20110908,000000,0.3003900,0.3140000,0.3000000,0.3139700,600.000
16712_090101_130416,D,20110909,000000,0.3013100,0.3139800,0.3000000,0.3139800,520.000
16712_090101_130416,D,20110912,000000,0.2975200,0.3136900,0.2825800,0.2999900,220.000
16712_090101_130416,D,20110913,000000,0.3137900,0.3138000,0.2999800,0.3138000,180.000
16712_090101_130416,D,20110914,000000,0.3139800,0.3140000,0.3010100,0.3139900,130.000
16712_090101_130416,D,20110915,000000,0.3070000,0.3139900,0.3000000,0.3000000,350.000
16712_090101_130416,D,20110916,000000,0.3140000,0.3140000,0.3001600,0.3047400,180.000
16712_090101_130416,D,20110919,000000,0.3030200,0.3099900,0.3000000,0.3099900,80.000
16712_090101_130416,D,20110920,000000,0.3020300,0.3330000,0.3020000,0.3200000,1.830.000
16712_090101_130416,D,20110921,000000,0.3500000,0.3700000,0.3100000,0.3289000,660.000
16712_090101_130416,D,20110922,000000,0.3100100,0.3100100,0.3030100,0.3070000,280.000
16712_090101_130416,D,20110923,000000,0.2933000,0.3269900,0.2825900,0.3159600,5.360.000
16712_090101_130416,D,20110926,000000,0.2800200,0.3199600,0.2800200,0.3106000,300.000
16712_090101_130416,D,20110927,000000,0.3114500,0.3179000,0.3038800,0.3179000,330.000
16712_090101_130416,D,20110928,000000,0.2840000,0.3055900,0.2755300,0.2959800,380.000
16712_090101_130416,D,20110929,000000,0.3000900,0.3049700,0.2800100,0.3049700,1.140.000
16712_090101_130416,D,20110930,000000,0.3049700,0.3200000,0.2801900,0.3119900,10.800.000
16712_090101_130416,D,20111004,000000,0.2850100,0.3040300,0.2530600,0.2992100,530.000
16712_090101_130416,D,20111005,000000,0.2800000,0.2887100,0.2650000,0.2778800,300.000
16712_090101_130416,D,20111006,000000,0.2777000,0.2850000,0.2777000,0.2790500,140.000
16712_090101_130416,D,20111007,000000,0.2834200,0.2900000,0.2834200,0.2900000,270.000
16712_090101_130416,D,20111011,000000,0.2850000,0.2899900,0.2664000,0.2762700,370.000
16712_090101_130416,D,20111012,000000,0.2700300,0.3099900,0.2700300,0.2968000,2.550.000
16712_090101_130416,D,20111013,000000,0.2900500,0.2900500,0.2900000,0.2900000,840.000
16712_090101_130416,D,20111014,000000,0.2900000,0.2900000,0.2900000,0.2900000,1.360.000
16712_090101_130416,D,20111017,000000,0.2900000,0.2970000,0.2900000,0.2970000,2.380.000
16712_090101_130416,D,20111019,000000,0.2900000,0.2949900,0.2900000,0.2944000,1.340.000
16712_090101_130416,D,20111020,000000,0.2944000,0.3000000,0.2944000,0.2944300,40.000
16712_090101_130416,D,20111021,000000,0.3049900,0.3049900,0.2944300,0.2944300,40.000
16712_090101_130416,D,20111024,000000,0.2944100,0.2944100,0.2944000,0.2944000,350.000
16712_090101_130416,D,20111025,000000,0.2944400,0.2945500,0.2939300,0.2945500,2.440.000
16712_090101_130416,D,20111026,000000,0.2944500,0.2944700,0.2944400,0.2944700,130.000
16712_090101_130416,D,20111027,000000,0.2947500,0.2947500,0.2945200,0.2945200,100.000
16712_090101_130416,D,20111028,000000,0.2954900,0.2954900,0.2875100,0.2875100,30.000
16712_090101_130416,D,20111031,000000,0.2949900,0.2949900,0.2949900,0.2949900,60.000
16712_090101_130416,D,20111101,000000,0.2875000,0.2895500,0.2874500,0.2874500,70.000
16712_090101_130416,D,20111102,000000,0.2899700,0.2899700,0.2899700,0.2899700,50.000
16712_090101_130416,D,20111103,000000,0.2872100,0.2872100,0.2840000,0.2840000,290.000
16712_090101_130416,D,20111107,000000,0.2800400,0.2848200,0.2800000,0.2848200,30.000
16712_090101_130416,D,20111108,000000,0.2847900,0.3987500,0.2847100,0.3987500,18.310.000
16712_090101_130416,D,20111109,000000,0.3980000,0.4080000,0.3350100,0.3350100,10.400.000
16712_090101_130416,D,20111110,000000,0.3390000,0.3549900,0.3280000,0.3412100,3.040.000
16712_090101_130416,D,20111111,000000,0.3509900,0.3874400,0.3400000,0.3659700,3.430.000
16712_090101_130416,D,20111114,000000,0.3788300,0.3788400,0.3550000,0.3729800,1.980.000
16712_090101_130416,D,20111115,000000,0.3200000,0.3220000,0.2800000,0.3000000,2.260.000
16712_090101_130416,D,20111116,000000,0.3021200,0.3477000,0.2803000,0.3250200,2.450.000
16712_090101_130416,D,20111117,000000,0.3010100,0.3130000,0.3010100,0.3130000,30.000
16712_090101_130416,D,20111118,000000,0.3021300,0.3799900,0.3021200,0.3799800,2.640.000
16712_090101_130416,D,20111121,000000,0.3202000,0.3709900,0.3100000,0.3680000,1.460.000
16712_090101_130416,D,20111122,000000,0.3200100,0.3399800,0.3200100,0.3394000,780.000
16712_090101_130416,D,20111123,000000,0.3210600,0.3286200,0.3000000,0.3264900,5.260.000
16712_090101_130416,D,20111124,000000,0.3324500,0.3560000,0.3300000,0.3330000,5.140.000
16712_090101_130416,D,20111125,000000,0.3200200,0.3348800,0.3122000,0.3348700,2.280.000
16712_090101_130416,D,20111128,000000,0.3250900,0.3250900,0.3250900,0.3250900,70.000
16712_090101_130416,D,20111129,000000,0.3200000,0.3210100,0.3200000,0.3210100,120.000
16712_090101_130416,D,20111130,000000,0.3200000,0.3379800,0.3200000,0.3298000,480.000
16712_090101_130416,D,20111201,000000,0.3250000,0.3369700,0.3250000,0.3369600,300.000
16712_090101_130416,D,20111202,000000,0.3398500,0.3398500,0.3250400,0.3369900,70.000
16712_090101_130416,D,20111205,000000,0.3389900,0.3390000,0.3389900,0.3390000,140.000
16712_090101_130416,D,20111206,000000,0.3499900,0.3499900,0.3250400,0.3399800,160.000
16712_090101_130416,D,20111207,000000,0.3260300,0.3298000,0.2821100,0.3000100,3.260.000
16712_090101_130416,D,20111208,000000,0.3099000,0.3297500,0.3099000,0.3277600,650.000
16712_090101_130416,D,20111209,000000,0.3277600,0.3500000,0.3015100,0.3469800,5.700.000
16712_090101_130416,D,20111212,000000,0.3498700,0.3498700,0.2860000,0.3124400,5.940.000
16712_090101_130416,D,20111213,000000,0.3299900,0.3400000,0.3082100,0.3100200,3.920.000
16712_090101_130416,D,20111214,000000,0.3100500,0.3150000,0.3020000,0.3048000,120.000
16712_090101_130416,D,20111215,000000,0.3000000,0.3060000,0.3000000,0.3060000,40.000
16712_090101_130416,D,20111216,000000,0.2960100,0.3149700,0.2960000,0.3149700,190.000
16712_090101_130416,D,20111220,000000,0.2906600,0.3098800,0.2906200,0.3049900,160.000
16712_090101_130416,D,20111221,000000,0.2951400,0.3078600,0.2916900,0.2970000,220.000
16712_090101_130416,D,20111222,000000,0.2900100,0.2900100,0.2880000,0.2880000,90.000
16712_090101_130416,D,20111223,000000,0.2910000,0.2915000,0.2600100,0.2819800,840.000
16712_090101_130416,D,20111226,000000,0.2710000,0.2809900,0.2630500,0.2790000,170.000
16712_090101_130416,D,20111227,000000,0.2700000,0.2799900,0.2610000,0.2610000,160.000
16712_090101_130416,D,20111228,000000,0.2799900,0.3665800,0.2799900,0.3665800,17.610.000
16712_090101_130416,D,20111229,000000,0.4032300,0.4740000,0.4020000,0.4389900,6.320.000
16712_090101_130416,D,20111230,000000,0.4389900,0.4389900,0.4120000,0.4200000,2.570.000
16712_090101_130416,D,20120103,000000,0.4298100,0.4300000,0.4121000,0.4210000,550.000
16712_090101_130416,D,20120104,000000,0.4141500,0.4288800,0.4141200,0.4288800,1.800.000
16712_090101_130416,D,20120105,000000,0.4250000,0.4300000,0.4190200,0.4250100,2.690.000
16712_090101_130416,D,20120106,000000,0.4299100,0.4350000,0.4255100,0.4300300,730.000
16712_090101_130416,D,20120109,000000,0.4250100,0.4297800,0.4150000,0.4199900,1.400.000
16712_090101_130416,D,20120110,000000,0.4270000,0.4270000,0.4150000,0.4219500,1.040.000
16712_090101_130416,D,20120111,000000,0.3800000,0.4199700,0.3800000,0.3931400,6.610.000
16712_090101_130416,D,20120112,000000,0.2818000,0.3049700,0.2700000,0.3049700,6.980.000
16712_090101_130416,D,20120113,000000,0.3155000,0.3249900,0.3050000,0.3050000,1.430.000
16712_090101_130416,D,20120116,000000,0.3079900,0.3140000,0.3000000,0.3049900,620.000
16712_090101_130416,D,20120117,000000,0.3119900,0.3200000,0.2960200,0.3200000,1.300.000
16712_090101_130416,D,20120118,000000,0.3150000,0.3150000,0.3037900,0.3038000,320.000
16712_090101_130416,D,20120119,000000,0.3144900,0.3144900,0.2970000,0.3010000,290.000
16712_090101_130416,D,20120120,000000,0.2990300,0.3070400,0.2990300,0.3070400,20.000
16712_090101_130416,D,20120123,000000,0.3000000,0.3000000,0.3000000,0.3000000,10.000
16712_090101_130416,D,20120124,000000,0.2908800,0.3039700,0.2880000,0.2950000,1.040.000
16712_090101_130416,D,20120125,000000,0.2900100,0.2950000,0.2770000,0.2850000,840.000
16712_090101_130416,D,20120126,000000,0.2815500,0.2964900,0.2815000,0.2900400,740.000
16712_090101_130416,D,20120127,000000,0.2899900,0.2899900,0.2650000,0.2750000,2.150.000
16712_090101_130416,D,20120130,000000,0.2750000,0.2850000,0.2705000,0.2735400,310.000
16712_090101_130416,D,20120131,000000,0.2798900,0.2899000,0.2798900,0.2899000,470.000
16712_090101_130416,D,20120201,000000,0.2899600,0.2920000,0.2820600,0.2820600,140.000
16712_090101_130416,D,20120202,000000,0.2927900,0.2927900,0.2813500,0.2860000,60.000
16712_090101_130416,D,20120203,000000,0.2800000,0.2850000,0.2800000,0.2849800,430.000
16712_090101_130416,D,20120206,000000,0.2899900,0.2900000,0.2801800,0.2900000,420.000
16712_090101_130416,D,20120207,000000,0.2710500,0.2889200,0.2710500,0.2889200,3.300.000
16712_090101_130416,D,20120208,000000,0.2802000,0.2859400,0.2801500,0.2859400,430.000
16712_090101_130416,D,20120209,000000,0.2864900,0.2864900,0.2864900,0.2864900,20.000
16712_090101_130416,D,20120210,000000,0.2800000,0.2800000,0.2780100,0.2780100,110.000
16712_090101_130416,D,20120213,000000,0.2770600,0.2829900,0.2770600,0.2829900,50.000
16712_090101_130416,D,20120214,000000,0.2819900,0.2820000,0.2810000,0.2810000,70.000
16712_090101_130416,D,20120215,000000,0.2810000,0.2828500,0.2780700,0.2828500,260.000
16712_090101_130416,D,20120216,000000,0.2760700,0.2800000,0.2760000,0.2799000,140.000
16712_090101_130416,D,20120217,000000,0.2800100,0.2828500,0.2780200,0.2828500,180.000
16712_090101_130416,D,20120220,000000,0.2781700,0.2781700,0.2781700,0.2781700,10.000
16712_090101_130416,D,20120221,000000,0.2800000,0.2839900,0.2800000,0.2800000,310.000
16712_090101_130416,D,20120222,000000,0.2800100,0.2800100,0.2710600,0.2800000,950.000
16712_090101_130416,D,20120224,000000,0.2800000,0.2840000,0.2782900,0.2820000,210.000
16712_090101_130416,D,20120227,000000,0.2800500,0.2802300,0.2780000,0.2780000,130.000
16712_090101_130416,D,20120228,000000,0.2710900,0.2940000,0.2710000,0.2940000,20.460.000
16712_090101_130416,D,20120229,000000,0.2900000,0.2900000,0.2900000,0.2900000,50.000
16712_090101_130416,D,20120301,000000,0.2711900,0.2800600,0.2711900,0.2800500,50.000
16712_090101_130416,D,20120302,000000,0.2898800,0.2898800,0.2898800,0.2898800,10.000
16712_090101_130416,D,20120305,000000,0.2869300,0.2948300,0.2850000,0.2850000,350.000
16712_090101_130416,D,20120306,000000,0.2838500,0.2838900,0.2781000,0.2781000,170.000
16712_090101_130416,D,20120307,000000,0.2750000,0.2750000,0.2750000,0.2750000,20.000
16712_090101_130416,D,20120311,000000,0.2790000,0.2830000,0.2790000,0.2830000,120.000
16712_090101_130416,D,20120314,000000,0.2819400,0.2819400,0.2790000,0.2790000,60.000
16712_090101_130416,D,20120315,000000,0.2810000,0.2810000,0.2810000,0.2810000,60.000
16712_090101_130416,D,20120316,000000,0.2897100,0.2900000,0.2660000,0.2800000,1.290.000
16712_090101_130416,D,20120319,000000,0.2760000,0.2760000,0.2700000,0.2700000,180.000
16712_090101_130416,D,20120320,000000,0.2899500,0.2899500,0.2710000,0.2710000,100.000
16712_090101_130416,D,20120321,000000,0.2779100,0.2779400,0.2779100,0.2779400,90.000
16712_090101_130416,D,20120322,000000,0.2900000,0.3310000,0.2799900,0.2800000,2.610.000
16712_090101_130416,D,20120323,000000,0.2899900,0.2900000,0.2800000,0.2850000,230.000
16712_090101_130416,D,20120326,000000,0.2880000,0.3000000,0.2800000,0.2800000,1.360.000
16712_090101_130416,D,20120327,000000,0.2889600,0.2950000,0.2850000,0.2950000,330.000
16712_090101_130416,D,20120328,000000,0.2939900,0.3099400,0.2630000,0.2748900,4.160.000
16712_090101_130416,D,20120329,000000,0.2819900,0.2819900,0.2657100,0.2657100,310.000
16712_090101_130416,D,20120330,000000,0.2798300,0.2798300,0.2614900,0.2673000,660.000
16712_090101_130416,D,20120402,000000,0.2783400,0.2783400,0.2621100,0.2739500,180.000
16712_090101_130416,D,20120403,000000,0.2670700,0.2949600,0.2670000,0.2800100,930.000
16712_090101_130416,D,20120404,000000,0.2949900,0.2949900,0.2703700,0.2739500,350.000
16712_090101_130416,D,20120405,000000,0.2730800,0.2730800,0.2730800,0.2730800,10.000
16712_090101_130416,D,20120406,000000,0.2871600,0.2871600,0.2681200,0.2681200,60.000
16712_090101_130416,D,20120409,000000,0.2660000,0.2700000,0.2639800,0.2660000,2.860.000
16712_090101_130416,D,20120410,000000,0.2670000,0.2788300,0.2620000,0.2788300,230.000
16712_090101_130416,D,20120411,000000,0.2641400,0.2840500,0.2639800,0.2840000,140.000
16712_090101_130416,D,20120412,000000,0.2750000,0.2750000,0.2701300,0.2701300,30.000
16712_090101_130416,D,20120413,000000,0.2837700,0.2837700,0.2789800,0.2789800,50.000
16712_090101_130416,D,20120416,000000,0.2774900,0.2899800,0.2774900,0.2879700,430.000
16712_090101_130416,D,20120417,000000,0.2878300,0.2878400,0.2878300,0.2878400,20.000
16712_090101_130416,D,20120418,000000,0.2849900,0.2990000,0.2700000,0.2700000,490.000
16712_090101_130416,D,20120419,000000,0.2868300,0.2868300,0.2799900,0.2799900,20.000
16712_090101_130416,D,20120420,000000,0.2758400,0.2980000,0.2690700,0.2799900,450.000
16712_090101_130416,D,20120423,000000,0.2978500,0.2978500,0.2830100,0.2847900,140.000
16712_090101_130416,D,20120424,000000,0.2849900,0.2958700,0.2785000,0.2849500,180.000
16712_090101_130416,D,20120425,000000,0.2790600,0.2889600,0.2790600,0.2888600,30.000
16712_090101_130416,D,20120426,000000,0.2948200,0.2948200,0.2770300,0.2859600,200.000
16712_090101_130416,D,20120427,000000,0.2614900,0.2789900,0.2500000,0.2789900,1.520.000
16712_090101_130416,D,20120428,000000,0.2800000,0.2800000,0.2800000,0.2800000,70.000
16712_090101_130416,D,20120502,000000,0.2700700,0.2826000,0.2700700,0.2825900,130.000
16712_090101_130416,D,20120503,000000,0.2718500,0.2718500,0.2717900,0.2717900,60.000
16712_090101_130416,D,20120504,000000,0.2837600,0.2837600,0.2749500,0.2819500,40.000
16712_090101_130416,D,20120505,000000,0.2800000,0.2809900,0.2700200,0.2799500,100.000
16712_090101_130416,D,20120507,000000,0.2700100,0.2818900,0.2700100,0.2818900,20.000
16712_090101_130416,D,20120511,000000,0.2600100,0.2718900,0.2600100,0.2650000,320.000
16712_090101_130416,D,20120512,000000,0.2600500,0.2600500,0.2600500,0.2600500,20.000
16712_090101_130416,D,20120514,000000,0.2550000,0.2600000,0.2500000,0.2500000,800.000
16712_090101_130416,D,20120515,000000,0.2600600,0.2600600,0.2599700,0.2599700,20.000
16712_090101_130416,D,20120516,000000,0.2351800,0.2500000,0.2351800,0.2500000,90.000
16712_090101_130416,D,20120518,000000,0.2599400,0.2599400,0.2351000,0.2596500,200.000
16712_090101_130416,D,20120521,000000,0.2390000,0.2770500,0.2300000,0.2760000,1.830.000
16712_090101_130416,D,20120522,000000,0.2389500,0.2580000,0.2389500,0.2519800,190.000
16712_090101_130416,D,20120523,000000,0.2400000,0.2439800,0.2350500,0.2439800,3.580.000
16712_090101_130416,D,20120524,000000,0.2549400,0.2549400,0.2549400,0.2549400,20.000
16712_090101_130416,D,20120528,000000,0.2541100,0.2541100,0.2541100,0.2541100,280.000
16712_090101_130416,D,20120529,000000,0.2399500,0.2456600,0.2100000,0.2349900,1.420.000
16712_090101_130416,D,20120530,000000,0.2349800,0.2349800,0.2349800,0.2349800,20.000
16712_090101_130416,D,20120531,000000,0.2300000,0.2300000,0.2299900,0.2299900,130.000
16712_090101_130416,D,20120601,000000,0.2300000,0.2300000,0.1660000,0.1850000,26.630.000
16712_090101_130416,D,20120604,000000,0.1857100,0.1920000,0.1740000,0.1870000,2.830.000
16712_090101_130416,D,20120605,000000,0.1879900,0.1910000,0.1830200,0.1900000,1.260.000
16712_090101_130416,D,20120606,000000,0.1949900,0.1950000,0.1873600,0.1874100,190.000
16712_090101_130416,D,20120607,000000,0.1899700,0.1899700,0.1830000,0.1870600,900.000
16712_090101_130416,D,20120608,000000,0.1860900,0.1860900,0.1860900,0.1860900,10.000
16712_090101_130416,D,20120609,000000,0.1909700,0.2605300,0.1899600,0.2590000,1.420.000
16712_090101_130416,D,20120613,000000,0.2040600,0.2199400,0.2000200,0.2110100,1.390.000
16712_090101_130416,D,20120614,000000,0.2140100,0.2140100,0.2000500,0.2140000,400.000
16712_090101_130416,D,20120615,000000,0.2188800,0.2188800,0.2044400,0.2178900,50.000
16712_090101_130416,D,20120618,000000,0.2492000,0.2492000,0.2200000,0.2348700,140.000
16712_090101_130416,D,20120619,000000,0.2398400,0.2398400,0.2138600,0.2138600,350.000
16712_090101_130416,D,20120620,000000,0.2100000,0.2139600,0.2005000,0.2139600,80.000
16712_090101_130416,D,20120621,000000,0.2000000,0.2139400,0.1999900,0.2137300,580.000
16712_090101_130416,D,20120622,000000,0.1920100,0.2070000,0.1920100,0.2000000,2.230.000
16712_090101_130416,D,20120625,000000,0.1971200,0.1972000,0.1820200,0.1830300,1.850.000
16712_090101_130416,D,20120626,000000,0.1860000,0.1920000,0.1860000,0.1920000,110.000
16712_090101_130416,D,20120627,000000,0.1850500,0.1980000,0.1850000,0.1980000,1.100.000
16712_090101_130416,D,20120628,000000,0.1929500,0.1929500,0.1830000,0.1830000,860.000
16712_090101_130416,D,20120629,000000,0.1919200,0.2189900,0.1919200,0.1990000,2.780.000
16712_090101_130416,D,20120702,000000,0.2098300,0.2100000,0.1900000,0.1940000,2.270.000
16712_090101_130416,D,20120703,000000,0.1967200,0.2040000,0.1893600,0.1931900,1.610.000
16712_090101_130416,D,20120704,000000,0.2090000,0.2090000,0.2049900,0.2049900,50.000
16712_090101_130416,D,20120705,000000,0.2069900,0.2069900,0.1965700,0.1999700,150.000
16712_090101_130416,D,20120706,000000,0.2099800,0.2099800,0.1914400,0.2018600,200.000
16712_090101_130416,D,20120709,000000,0.2079700,0.2499000,0.2020400,0.2499000,4.830.000
16712_090101_130416,D,20120710,000000,0.2497400,0.2599500,0.2349300,0.2497300,470.000
16712_090101_130416,D,20120711,000000,0.2400000,0.2400000,0.2400000,0.2400000,20.000
16712_090101_130416,D,20120712,000000,0.2400000,0.2400000,0.2400000,0.2400000,10.000
16712_090101_130416,D,20120713,000000,0.2202900,0.2397000,0.2202600,0.2310000,280.000
16712_090101_130416,D,20120716,000000,0.2410000,0.2414700,0.2206700,0.2268800,290.000
16712_090101_130416,D,20120717,000000,0.2111900,0.2297600,0.2100000,0.2100000,2.960.000
16712_090101_130416,D,20120718,000000,0.2100000,0.2139800,0.2078900,0.2138900,320.000
16712_090101_130416,D,20120719,000000,0.2139000,0.2279500,0.2120100,0.2279500,100.000
16712_090101_130416,D,20120720,000000,0.2268600,0.2269700,0.2100000,0.2189100,410.000
16712_090101_130416,D,20120723,000000,0.2169800,0.2189900,0.2090500,0.2139400,600.000
16712_090101_130416,D,20120724,000000,0.2100000,0.2160000,0.2090000,0.2150000,3.170.000
16712_090101_130416,D,20120725,000000,0.2150000,0.2150000,0.2110100,0.2110100,80.000
16712_090101_130416,D,20120726,000000,0.2100100,0.2180000,0.2046500,0.2180000,920.000
16712_090101_130416,D,20120727,000000,0.2091400,0.2189600,0.2091400,0.2189600,260.000
16712_090101_130416,D,20120730,000000,0.2100100,0.2239900,0.2100000,0.2239900,730.000
16712_090101_130416,D,20120731,000000,0.2269600,0.2269600,0.2120000,0.2268500,1.760.000
16712_090101_130416,D,20120801,000000,0.2244900,0.2244900,0.2244900,0.2244900,10.000
16712_090101_130416,D,20120802,000000,0.2267400,0.2267400,0.2173800,0.2255000,120.000
16712_090101_130416,D,20120803,000000,0.2110100,0.2159900,0.2100000,0.2159900,970.000
16712_090101_130416,D,20120806,000000,0.2160000,0.2160000,0.2110100,0.2160000,80.000
16712_090101_130416,D,20120807,000000,0.2179700,0.2187900,0.2140000,0.2187900,70.000
16712_090101_130416,D,20120808,000000,0.2110100,0.2215000,0.2110000,0.2199900,280.000
16712_090101_130416,D,20120809,000000,0.2130800,0.2189900,0.2130800,0.2189900,50.000
16712_090101_130416,D,20120810,000000,0.2180000,0.2180000,0.2110000,0.2110000,560.000
16712_090101_130416,D,20120813,000000,0.2169900,0.2389900,0.2071400,0.2281900,160.000
16712_090101_130416,D,20120814,000000,0.2100000,0.2285000,0.2100000,0.2279100,530.000
16712_090101_130416,D,20120816,000000,0.2289800,0.2392200,0.2153500,0.2392200,40.000
16712_090101_130416,D,20120817,000000,0.2150500,0.2288300,0.2150400,0.2288300,120.000
16712_090101_130416,D,20120820,000000,0.2152400,0.2152400,0.2150000,0.2150000,180.000
16712_090101_130416,D,20120821,000000,0.2150000,0.2248000,0.2150000,0.2190000,40.000
16712_090101_130416,D,20120822,000000,0.2288600,0.2288600,0.1920000,0.2010000,1.660.000
16712_090101_130416,D,20120823,000000,0.2076900,0.2119400,0.2076900,0.2085000,700.000
16712_090101_130416,D,20120824,000000,0.2090000,0.2095000,0.2090000,0.2095000,20.000
16712_090101_130416,D,20120828,000000,0.2004800,0.2004800,0.2004800,0.2004800,100.000
16712_090101_130416,D,20120829,000000,0.2150000,0.2150000,0.2020300,0.2020300,20.000
16712_090101_130416,D,20120830,000000,0.2020100,0.2020100,0.2007000,0.2007000,50.000
16712_090101_130416,D,20120831,000000,0.2039600,0.2060000,0.2039600,0.2060000,40.000
16712_090101_130416,D,20120904,000000,0.2119900,0.2119900,0.2119900,0.2119900,10.000
16712_090101_130416,D,20120906,000000,0.1950700,0.2098800,0.1950600,0.2048900,100.000
16712_090101_130416,D,20120907,000000,0.2166300,0.2166300,0.2166300,0.2166300,10.000
16712_090101_130416,D,20120911,000000,0.2010600,0.2145900,0.2010600,0.2145900,20.000
16712_090101_130416,D,20120912,000000,0.2140000,0.2140000,0.2140000,0.2140000,10.000
16712_090101_130416,D,20120914,000000,0.2149900,0.2250000,0.2011400,0.2179300,1.400.000
16712_090101_130416,D,20120917,000000,0.2240000,0.2240000,0.2105900,0.2199700,190.000
16712_090101_130416,D,20120918,000000,0.2236400,0.2236400,0.2070800,0.2227000,40.000
16712_090101_130416,D,20120919,000000,0.2198100,0.2202800,0.2050000,0.2149300,190.000
16712_090101_130416,D,20120920,000000,0.2212200,0.2212200,0.2189400,0.2190000,230.000
16712_090101_130416,D,20120921,000000,0.2135000,0.2149800,0.2100000,0.2149800,110.000
16712_090101_130416,D,20120924,000000,0.2190000,0.2190000,0.2102800,0.2102800,60.000
16712_090101_130416,D,20120925,000000,0.2199700,0.2199700,0.2150000,0.2150000,20.000
16712_090101_130416,D,20120926,000000,0.2199500,0.2258800,0.2190000,0.2258000,1.310.000
16712_090101_130416,D,20120927,000000,0.2200200,0.2249400,0.2200000,0.2249400,230.000
16712_090101_130416,D,20120928,000000,0.2247000,0.2349400,0.2247000,0.2249800,60.000
16712_090101_130416,D,20121001,000000,0.2170000,0.2249700,0.2150000,0.2249700,110.000
16712_090101_130416,D,20121002,000000,0.2390800,0.2390800,0.2227800,0.2283300,280.000
16712_090101_130416,D,20121003,000000,0.2282800,0.2282800,0.2282800,0.2282800,10.000
16712_090101_130416,D,20121005,000000,0.2298300,0.2298300,0.2150000,0.2254600,100.000
16712_090101_130416,D,20121009,000000,0.2199900,0.2248100,0.2199900,0.2248100,80.000
16712_090101_130416,D,20121010,000000,0.2248700,0.2248700,0.2248700,0.2248700,10.000
16712_090101_130416,D,20121011,000000,0.2399600,0.2399600,0.2399600,0.2399600,10.000
16712_090101_130416,D,20121015,000000,0.2160200,0.2210700,0.2160200,0.2210700,30.000
16712_090101_130416,D,20121016,000000,0.2448400,0.2448400,0.2200100,0.2200100,20.000
16712_090101_130416,D,20121017,000000,0.2248000,0.2248000,0.2248000,0.2248000,10.000
16712_090101_130416,D,20121018,000000,0.2142800,0.2349600,0.2142800,0.2145000,280.000
16712_090101_130416,D,20121019,000000,0.2144900,0.2294300,0.2140000,0.2294300,40.000
16712_090101_130416,D,20121022,000000,0.2100500,0.2219400,0.2090000,0.2213400,50.000
16712_090101_130416,D,20121023,000000,0.2088900,0.2149900,0.2000000,0.2149200,1.070.000
16712_090101_130416,D,20121024,000000,0.2005000,0.2148600,0.2005000,0.2140000,200.000
16712_090101_130416,D,20121025,000000,0.2174400,0.2174400,0.2174400,0.2174400,10.000
16712_090101_130416,D,20121026,000000,0.2080000,0.2085100,0.2000100,0.2085100,30.000
16712_090101_130416,D,20121029,000000,0.2176600,0.2176700,0.2170000,0.2170000,1.750.000
16712_090101_130416,D,20121031,000000,0.2001000,0.2063200,0.2000000,0.2063200,930.000
16712_090101_130416,D,20121101,000000,0.2000200,0.2034700,0.2000000,0.2000000,210.000
16712_090101_130416,D,20121102,000000,0.2019900,0.2020000,0.2000000,0.2000000,320.000
16712_090101_130416,D,20121106,000000,0.2000000,0.2000000,0.2000000,0.2000000,30.000
16712_090101_130416,D,20121107,000000,0.1990100,0.2029500,0.1900100,0.2029500,1.070.000
16712_090101_130416,D,20121113,000000,0.1980000,0.1980000,0.1900100,0.1900100,360.000
16712_090101_130416,D,20121114,000000,0.1900100,0.1949300,0.1900000,0.1949300,150.000
16712_090101_130416,D,20121115,000000,0.1969700,0.1969700,0.1969700,0.1969700,10.000
16712_090101_130416,D,20121119,000000,0.1930000,0.1999000,0.1929900,0.1999000,350.000
16712_090101_130416,D,20121120,000000,0.1999100,0.1999100,0.1999100,0.1999100,10.000
16712_090101_130416,D,20121122,000000,0.1940000,0.1940000,0.1940000,0.1940000,20.000
16712_090101_130416,D,20121123,000000,0.1999600,0.2000000,0.1999400,0.2000000,30.000
16712_090101_130416,D,20121126,000000,0.2015000,0.2142400,0.2015000,0.2142400,30.000
16712_090101_130416,D,20121128,000000,0.1901500,0.2050000,0.1850600,0.1900000,140.000
16712_090101_130416,D,20121130,000000,0.1930000,0.1995800,0.1880200,0.1995800,120.000
16712_090101_130416,D,20121203,000000,0.1956000,0.1956000,0.1956000,0.1956000,10.000
16712_090101_130416,D,20121205,000000,0.1940000,0.2098000,0.1940000,0.2098000,60.000
16712_090101_130416,D,20121212,000000,0.2095100,0.2129500,0.2095100,0.2129500,40.000
16712_090101_130416,D,20121214,000000,0.1975100,0.2100000,0.1975000,0.2100000,50.000
16712_090101_130416,D,20121217,000000,0.2125200,0.2125200,0.2125200,0.2125200,20.000
16712_090101_130416,D,20121218,000000,0.2100000,0.2100000,0.2000000,0.2000000,190.000
16712_090101_130416,D,20121220,000000,0.2099900,0.2100000,0.1999900,0.2000000,1.540.000
16712_090101_130416,D,20121221,000000,0.2124400,0.2499900,0.2100500,0.2110400,1.110.000
16712_090101_130416,D,20121224,000000,0.2110200,0.2110200,0.2100400,0.2100400,140.000
16712_090101_130416,D,20121225,000000,0.2043800,0.2099600,0.2000000,0.2005000,880.000
16712_090101_130416,D,20121226,000000,0.1978200,0.1994500,0.1900200,0.1960000,490.000
16712_090101_130416,D,20121227,000000,0.1999600,0.1999600,0.1999500,0.1999500,780.000
16712_090101_130416,D,20121228,000000,0.2000000,0.2099900,0.1999900,0.2099900,280.000
16712_090101_130416,D,20130109,000000,0.1990000,0.1990000,0.1961100,0.1961100,30.000
16712_090101_130416,D,20130110,000000,0.1999400,0.1999700,0.1999000,0.1999500,120.000
16712_090101_130416,D,20130111,000000,0.1999600,0.1999600,0.1958400,0.1958400,290.000
16712_090101_130416,D,20130114,000000,0.1970100,0.1970100,0.1920000,0.1969800,2.090.000
16712_090101_130416,D,20130115,000000,0.2000000,0.2000000,0.2000000,0.2000000,10.000
16712_090101_130416,D,20130117,000000,0.2099900,0.2099900,0.1935800,0.2028500,780.000
16712_090101_130416,D,20130118,000000,0.1950100,0.1950100,0.1950000,0.1950000,20.000
16712_090101_130416,D,20130121,000000,0.1950400,0.2000000,0.1950400,0.2000000,40.000
16712_090101_130416,D,20130122,000000,0.1960000,0.1960000,0.1960000,0.1960000,10.000
16712_090101_130416,D,20130124,000000,0.1956000,0.1956000,0.1956000,0.1956000,10.000
16712_090101_130416,D,20130128,000000,0.1950300,0.2097000,0.1884100,0.2097000,2.090.000
16712_090101_130416,D,20130131,000000,0.2087800,0.2088800,0.2025500,0.2079700,2.500.000
16712_090101_130416,D,20130201,000000,0.1988700,0.1988700,0.1988700,0.1988700,30.000
16712_090101_130416,D,20130204,000000,0.2079500,0.2100000,0.2032900,0.2032900,520.000
16712_090101_130416,D,20130206,000000,0.2001500,0.2001500,0.2000000,0.2000000,150.000
16712_090101_130416,D,20130207,000000,0.2097800,0.2097800,0.2097800,0.2097800,10.000
16712_090101_130416,D,20130213,000000,0.1999200,0.2072400,0.1938000,0.2072400,490.000
16712_090101_130416,D,20130214,000000,0.1950700,0.1951200,0.1950700,0.1951200,40.000
16712_090101_130416,D,20130215,000000,0.1950300,0.1950300,0.1950000,0.1950000,220.000
16712_090101_130416,D,20130220,000000,0.1955000,0.2032300,0.1955000,0.2032300,20.000
16712_090101_130416,D,20130225,000000,0.1911600,0.1999400,0.1899800,0.1999400,1.040.000
16712_090101_130416,D,20130226,000000,0.1900000,0.1900100,0.1850000,0.1867700,1.520.000
16712_090101_130416,D,20130227,000000,0.1880000,0.1880000,0.1880000,0.1880000,10.000
16712_090101_130416,D,20130228,000000,0.1880000,0.1979900,0.1880000,0.1979900,250.000
16712_090101_130416,D,20130304,000000,0.1900100,0.1900100,0.1801100,0.1899000,380.000
16712_090101_130416,D,20130306,000000,0.1700000,0.1834700,0.1700000,0.1834700,780.000
16712_090101_130416,D,20130307,000000,0.1839600,0.1839600,0.1839600,0.1839600,10.000
16712_090101_130416,D,20130311,000000,0.1839600,0.1839600,0.1820000,0.1820000,510.000
16712_090101_130416,D,20130312,000000,0.1800000,0.1800000,0.1800000,0.1800000,300.000
16712_090101_130416,D,20130313,000000,0.1819900,0.1819900,0.1819900,0.1819900,10.000
16712_090101_130416,D,20130314,000000,0.1819800,0.1819800,0.1740300,0.1740300,20.000
16712_090101_130416,D,20130318,000000,0.1750000,0.1818500,0.1720200,0.1800000,70.000
16712_090101_130416,D,20130319,000000,0.1750100,0.1818900,0.1750000,0.1750000,370.000
16712_090101_130416,D,20130320,000000,0.1770000,0.1770000,0.1700200,0.1700200,520.000
16712_090101_130416,D,20130322,000000,0.1700400,0.1700400,0.1700000,0.1700000,70.000
16712_090101_130416,D,20130325,000000,0.1626100,0.1817700,0.1626000,0.1817700,230.000
16712_090101_130416,D,20130326,000000,0.1600100,0.1696300,0.1400000,0.1696300,840.000
16712_090101_130416,D,20130327,000000,0.1690000,0.1699800,0.1350000,0.1699800,1.300.000
16712_090101_130416,D,20130328,000000,0.1690000,0.1690000,0.1406200,0.1655000,2.120.000
16712_090101_130416,D,20130329,000000,0.1573100,0.1573100,0.1573100,0.1573100,20.000
16712_090101_130416,D,20130401,000000,0.1649900,0.1650000,0.1649900,0.1650000,540.000
16712_090101_130416,D,20130402,000000,0.1465800,0.1639900,0.1465800,0.1639900,50.000
16712_090101_130416,D,20130403,000000,0.1620000,0.1620000,0.1620000,0.1620000,500.000
