<TICKER>,<PER>,<DATE>,<TIME>,<OPEN>,<HIGH>,<LOW>,<CLOSE>,<VOL>
16798_090101_130416,D,20090111,000000,0.0680000,0.0680000,0.0680000,0.0680000,1.674.700
16798_090101_130416,D,20090112,000000,0.0690000,0.0720000,0.0690000,0.0720000,1.000.000
16798_090101_130416,D,20090114,000000,0.0710000,0.0710000,0.0710000,0.0710000,108.900
16798_090101_130416,D,20090122,000000,0.0720000,0.0720000,0.0710000,0.0710000,17.600
16798_090101_130416,D,20090123,000000,0.0710000,0.0730000,0.0710000,0.0730000,964.800
16798_090101_130416,D,20090129,000000,0.0720000,0.0720000,0.0720000,0.0720000,95.000
16798_090101_130416,D,20090130,000000,0.0720000,0.0720000,0.0720000,0.0720000,23.700
16798_090101_130416,D,20090202,000000,0.0720000,0.0830000,0.0720000,0.0720000,3.200
16798_090101_130416,D,20090203,000000,0.0720000,0.0770000,0.0720000,0.0720000,700.900
16798_090101_130416,D,20090210,000000,0.0600000,0.0660000,0.0600000,0.0660000,22.400
16798_090101_130416,D,20090212,000000,0.0680000,0.0680000,0.0680000,0.0680000,2.600
16798_090101_130416,D,20090216,000000,0.0680000,0.0680000,0.0650000,0.0650000,1.725.700
16798_090101_130416,D,20090217,000000,0.0650000,0.0650000,0.0650000,0.0650000,3.000
16798_090101_130416,D,20090218,000000,0.0650000,0.0650000,0.0620000,0.0650000,1.497.300
16798_090101_130416,D,20090219,000000,0.0650000,0.0650000,0.0610000,0.0650000,30.300
16798_090101_130416,D,20090220,000000,0.0650000,0.0650000,0.0650000,0.0650000,440.100
16798_090101_130416,D,20090224,000000,0.0650000,0.0650000,0.0650000,0.0650000,29.800
16798_090101_130416,D,20090225,000000,0.0650000,0.0650000,0.0650000,0.0650000,1.001.100
16798_090101_130416,D,20090227,000000,0.0750000,0.0750000,0.0750000,0.0750000,200
16798_090101_130416,D,20090303,000000,0.0650000,0.0650000,0.0650000,0.0650000,100
16798_090101_130416,D,20090304,000000,0.0650000,0.0650000,0.0650000,0.0650000,1.000
16798_090101_130416,D,20090305,000000,0.0570000,0.0660000,0.0520000,0.0660000,5.900
16798_090101_130416,D,20090306,000000,0.0650000,0.0650000,0.0640000,0.0650000,1.201.200
16798_090101_130416,D,20090316,000000,0.0610000,0.0650000,0.0610000,0.0650000,200
16798_090101_130416,D,20090317,000000,0.0610000,0.0650000,0.0600000,0.0650000,13.300
16798_090101_130416,D,20090318,000000,0.0710000,0.0710000,0.0650000,0.0650000,5.100
16798_090101_130416,D,20090320,000000,0.0670000,0.0670000,0.0670000,0.0670000,1.700
16798_090101_130416,D,20090323,000000,0.0640000,0.0780000,0.0640000,0.0690000,5.900
16798_090101_130416,D,20090326,000000,0.0700000,0.0700000,0.0700000,0.0700000,500.000
16798_090101_130416,D,20090327,000000,0.0780000,0.0780000,0.0660000,0.0680000,700
16798_090101_130416,D,20090331,000000,0.0770000,0.0770000,0.0770000,0.0770000,200
16798_090101_130416,D,20090401,000000,0.0780000,0.0780000,0.0780000,0.0780000,100
16798_090101_130416,D,20090402,000000,0.0780000,0.0780000,0.0780000,0.0780000,80.700
16798_090101_130416,D,20090403,000000,0.0780000,0.0780000,0.0780000,0.0780000,100
16798_090101_130416,D,20090406,000000,0.0780000,0.0800000,0.0750000,0.0800000,2.420.000
16798_090101_130416,D,20090407,000000,0.0800000,0.0800000,0.0680000,0.0800000,1.613.000
16798_090101_130416,D,20090408,000000,0.0800000,0.0800000,0.0800000,0.0800000,4.800
16798_090101_130416,D,20090409,000000,0.0680000,0.0800000,0.0680000,0.0800000,36.600
16798_090101_130416,D,20090410,000000,0.0800000,0.0830000,0.0800000,0.0800000,1.920.100
16798_090101_130416,D,20090413,000000,0.0830000,0.0850000,0.0830000,0.0850000,1.539.800
16798_090101_130416,D,20090414,000000,0.0800000,0.0900000,0.0800000,0.0870000,1.046.100
16798_090101_130416,D,20090415,000000,0.0870000,0.0920000,0.0870000,0.0880000,1.052.300
16798_090101_130416,D,20090416,000000,0.0800000,0.0890000,0.0540000,0.0890000,1.001.400
16798_090101_130416,D,20090417,000000,0.0900000,0.0910000,0.0890000,0.0900000,11.100
16798_090101_130416,D,20090420,000000,0.0900000,0.0900000,0.0900000,0.0900000,4.800
16798_090101_130416,D,20090421,000000,0.0910000,0.0920000,0.0820000,0.0920000,2.065.200
16798_090101_130416,D,20090422,000000,0.0920000,0.0920000,0.0910000,0.0920000,100.200
16798_090101_130416,D,20090423,000000,0.0900000,0.0900000,0.0900000,0.0900000,100.000
16798_090101_130416,D,20090424,000000,0.0900000,0.0900000,0.0900000,0.0900000,100
16798_090101_130416,D,20090427,000000,0.0900000,0.0900000,0.0900000,0.0900000,100
16798_090101_130416,D,20090428,000000,0.0890000,0.0890000,0.0890000,0.0890000,100
16798_090101_130416,D,20090430,000000,0.0910000,0.0910000,0.0860000,0.0890000,1.198.900
16798_090101_130416,D,20090504,000000,0.0900000,0.0940000,0.0870000,0.0940000,2.225.000
16798_090101_130416,D,20090505,000000,0.0940000,0.1020000,0.0940000,0.1000000,6.983.800
16798_090101_130416,D,20090506,000000,0.1000000,0.1040000,0.0990000,0.1040000,1.115.100
16798_090101_130416,D,20090507,000000,0.1040000,0.1400000,0.1040000,0.1050000,1.629.900
16798_090101_130416,D,20090508,000000,0.1150000,0.1190000,0.0950000,0.1150000,673.700
16798_090101_130416,D,20090512,000000,0.1100000,0.1200000,0.1040000,0.1200000,575.500
16798_090101_130416,D,20090513,000000,0.1200000,0.1200000,0.1030000,0.1030000,122.100
16798_090101_130416,D,20090514,000000,0.1040000,0.1050000,0.0980000,0.1050000,3.227.600
16798_090101_130416,D,20090515,000000,0.0930000,0.1090000,0.0910000,0.1040000,168.600
16798_090101_130416,D,20090518,000000,0.1050000,0.1050000,0.1050000,0.1050000,100
16798_090101_130416,D,20090519,000000,0.1080000,0.1080000,0.1080000,0.1080000,200
16798_090101_130416,D,20090520,000000,0.1080000,0.1200000,0.1030000,0.1030000,485.300
16798_090101_130416,D,20090521,000000,0.1150000,0.1220000,0.1150000,0.1220000,2.200
16798_090101_130416,D,20090525,000000,0.1110000,0.1110000,0.1090000,0.1110000,17.400
16798_090101_130416,D,20090526,000000,0.1090000,0.1110000,0.1040000,0.1110000,115.000
16798_090101_130416,D,20090527,000000,0.1290000,0.1300000,0.1220000,0.1290000,5.473.500
16798_090101_130416,D,20090528,000000,0.1400000,0.1400000,0.1400000,0.1400000,1.000
16798_090101_130416,D,20090529,000000,0.1500000,0.1500000,0.1020000,0.1410000,5.300
16798_090101_130416,D,20090601,000000,0.1400000,0.1420000,0.1310000,0.1310000,5.400
16798_090101_130416,D,20090602,000000,0.1370000,0.1590000,0.1250000,0.1590000,11.000
16798_090101_130416,D,20090604,000000,0.1570000,0.1720000,0.1310000,0.1390000,594.100
16798_090101_130416,D,20090605,000000,0.1470000,0.1470000,0.1470000,0.1470000,100
16798_090101_130416,D,20090608,000000,0.1480000,0.1480000,0.1480000,0.1480000,100
16798_090101_130416,D,20090609,000000,0.1660000,0.1660000,0.1450000,0.1450000,23.200
16798_090101_130416,D,20090610,000000,0.1770000,0.1770000,0.1500000,0.1500000,341.800
16798_090101_130416,D,20090611,000000,0.1500000,0.1690000,0.1480000,0.1600000,355.100
16798_090101_130416,D,20090615,000000,0.1680000,0.1680000,0.1680000,0.1680000,100
16798_090101_130416,D,20090616,000000,0.1690000,0.1690000,0.1450000,0.1520000,154.800
16798_090101_130416,D,20090617,000000,0.1690000,0.1690000,0.1290000,0.1350000,1.289.600
16798_090101_130416,D,20090618,000000,0.1270000,0.1270000,0.1150000,0.1200000,4.860.400
16798_090101_130416,D,20090619,000000,0.1120000,0.1250000,0.1080000,0.1190000,1.733.000
16798_090101_130416,D,20090622,000000,0.1210000,0.1210000,0.1070000,0.1070000,125.500
16798_090101_130416,D,20090623,000000,0.1090000,0.1090000,0.1090000,0.1090000,4.000
16798_090101_130416,D,20090624,000000,0.1110000,0.1220000,0.1110000,0.1220000,152.600
16798_090101_130416,D,20090625,000000,0.1230000,0.1240000,0.1230000,0.1240000,200
16798_090101_130416,D,20090626,000000,0.1250000,0.1250000,0.1240000,0.1240000,6.900
16798_090101_130416,D,20090630,000000,0.1090000,0.1240000,0.1090000,0.1240000,9.700
16798_090101_130416,D,20090702,000000,0.0740000,0.1230000,0.0740000,0.1230000,700
16798_090101_130416,D,20090703,000000,0.1210000,0.1210000,0.1210000,0.1210000,100
16798_090101_130416,D,20090706,000000,0.1100000,0.1200000,0.1040000,0.1200000,42.900
16798_090101_130416,D,20090707,000000,0.1080000,0.1180000,0.1070000,0.1100000,458.800
16798_090101_130416,D,20090708,000000,0.1070000,0.1160000,0.1020000,0.1160000,9.200
16798_090101_130416,D,20090710,000000,0.1000000,0.1080000,0.1000000,0.1080000,1.200
16798_090101_130416,D,20090714,000000,0.1060000,0.1190000,0.1060000,0.1190000,11.400
16798_090101_130416,D,20090715,000000,0.1080000,0.1190000,0.1030000,0.1160000,46.700
16798_090101_130416,D,20090716,000000,0.1200000,0.1200000,0.1200000,0.1200000,100
16798_090101_130416,D,20090717,000000,0.1180000,0.1190000,0.1180000,0.1190000,400
16798_090101_130416,D,20090721,000000,0.1190000,0.1190000,0.1190000,0.1190000,100
16798_090101_130416,D,20090723,000000,0.1110000,0.1190000,0.1110000,0.1190000,300
16798_090101_130416,D,20090724,000000,0.1180000,0.1180000,0.1180000,0.1180000,100
16798_090101_130416,D,20090803,000000,0.1220000,0.1270000,0.1220000,0.1220000,4.500
16798_090101_130416,D,20090805,000000,0.1130000,0.1300000,0.1130000,0.1300000,152.200
16798_090101_130416,D,20090806,000000,0.1330000,0.1330000,0.1160000,0.1330000,21.900
16798_090101_130416,D,20090811,000000,0.1330000,0.1330000,0.1330000,0.1330000,1.000
16798_090101_130416,D,20090812,000000,0.1230000,0.1300000,0.1210000,0.1220000,452.300
16798_090101_130416,D,20090814,000000,0.1330000,0.1330000,0.1210000,0.1280000,14.600
16798_090101_130416,D,20090817,000000,0.1210000,0.1300000,0.1210000,0.1300000,39.700
16798_090101_130416,D,20090818,000000,0.1270000,0.1360000,0.1160000,0.1360000,157.000
16798_090101_130416,D,20090819,000000,0.1380000,0.1380000,0.1210000,0.1250000,267.300
16798_090101_130416,D,20090820,000000,0.1290000,0.1330000,0.1290000,0.1310000,7.072.300
16798_090101_130416,D,20090821,000000,0.1310000,0.1320000,0.1300000,0.1300000,1.065.000
16798_090101_130416,D,20090824,000000,0.1290000,0.1290000,0.1290000,0.1290000,285.200
16798_090101_130416,D,20090825,000000,0.1390000,0.1390000,0.1390000,0.1390000,100
16798_090101_130416,D,20090826,000000,0.1390000,0.1390000,0.1310000,0.1390000,500.400
16798_090101_130416,D,20090827,000000,0.1400000,0.1410000,0.1400000,0.1410000,505.100
16798_090101_130416,D,20090828,000000,0.1410000,0.1500000,0.1410000,0.1480000,1.181.100
16798_090101_130416,D,20090902,000000,0.1410000,0.1420000,0.1410000,0.1420000,500
16798_090101_130416,D,20090903,000000,0.1330000,0.1330000,0.1330000,0.1330000,199.700
16798_090101_130416,D,20090904,000000,0.1480000,0.1480000,0.1330000,0.1440000,30.500
16798_090101_130416,D,20090907,000000,0.1450000,0.1540000,0.1380000,0.1430000,798.900
16798_090101_130416,D,20090908,000000,0.1440000,0.1500000,0.1420000,0.1430000,3.979.400
16798_090101_130416,D,20090909,000000,0.1500000,0.1550000,0.1500000,0.1550000,707.500
16798_090101_130416,D,20090910,000000,0.1550000,0.1550000,0.1540000,0.1540000,69.100
16798_090101_130416,D,20090911,000000,0.1590000,0.1590000,0.1590000,0.1590000,1.100
16798_090101_130416,D,20090914,000000,0.1620000,0.1650000,0.1460000,0.1650000,677.000
16798_090101_130416,D,20090915,000000,0.1690000,0.1990000,0.1490000,0.1720000,802.400
16798_090101_130416,D,20090916,000000,0.1890000,0.1890000,0.1790000,0.1880000,36.100
16798_090101_130416,D,20090917,000000,0.1800000,0.1930000,0.1740000,0.1860000,200.200
16798_090101_130416,D,20090918,000000,0.1780000,0.1800000,0.1680000,0.1800000,10.000
16798_090101_130416,D,20090921,000000,0.1570000,0.1920000,0.1570000,0.1790000,3.500
16798_090101_130416,D,20090922,000000,0.1920000,0.1920000,0.1680000,0.1870000,6.300
16798_090101_130416,D,20090924,000000,0.1900000,0.1900000,0.1870000,0.1870000,10.200
16798_090101_130416,D,20090925,000000,0.1700000,0.1860000,0.1700000,0.1860000,35.600
16798_090101_130416,D,20090928,000000,0.1930000,0.1930000,0.1930000,0.1930000,100
16798_090101_130416,D,20090929,000000,0.1890000,0.1940000,0.1890000,0.1940000,947.700
16798_090101_130416,D,20090930,000000,0.1950000,0.2440000,0.1950000,0.2380000,130.500
16798_090101_130416,D,20091001,000000,0.2200000,0.2480000,0.2180000,0.2180000,300
16798_090101_130416,D,20091002,000000,0.2190000,0.2450000,0.2000000,0.2450000,319.900
16798_090101_130416,D,20091005,000000,0.2450000,0.2450000,0.2450000,0.2450000,100
16798_090101_130416,D,20091006,000000,0.2550000,0.2550000,0.2200000,0.2380000,108.200
16798_090101_130416,D,20091007,000000,0.2550000,0.2640000,0.2250000,0.2370000,28.800
16798_090101_130416,D,20091008,000000,0.2470000,0.2540000,0.2260000,0.2540000,1.100
16798_090101_130416,D,20091009,000000,0.2640000,0.2640000,0.2280000,0.2450000,1.492.200
16798_090101_130416,D,20091012,000000,0.2830000,0.2830000,0.2320000,0.2700000,1.900
16798_090101_130416,D,20091013,000000,0.2770000,0.2770000,0.2300000,0.2450000,81.300
16798_090101_130416,D,20091014,000000,0.2880000,0.2880000,0.2400000,0.2600000,217.200
16798_090101_130416,D,20091015,000000,0.2430000,0.2540000,0.2390000,0.2390000,179.900
16798_090101_130416,D,20091016,000000,0.2360000,0.2600000,0.2250000,0.2580000,389.400
16798_090101_130416,D,20091019,000000,0.2610000,0.2610000,0.2370000,0.2410000,442.500
16798_090101_130416,D,20091020,000000,0.2410000,0.2470000,0.2390000,0.2400000,746.400
16798_090101_130416,D,20091021,000000,0.2360000,0.2450000,0.2260000,0.2400000,634.200
16798_090101_130416,D,20091022,000000,0.2420000,0.2420000,0.2260000,0.2340000,190.000
16798_090101_130416,D,20091023,000000,0.2460000,0.2460000,0.2320000,0.2410000,52.400
16798_090101_130416,D,20091026,000000,0.2440000,0.2620000,0.2420000,0.2600000,838.500
16798_090101_130416,D,20091027,000000,0.2450000,0.2450000,0.2390000,0.2450000,200.000
16798_090101_130416,D,20091028,000000,0.2410000,0.2420000,0.1830000,0.2230000,1.431.100
16798_090101_130416,D,20091029,000000,0.2270000,0.2380000,0.2270000,0.2380000,167.300
16798_090101_130416,D,20091030,000000,0.2090000,0.2360000,0.2070000,0.2080000,727.200
16798_090101_130416,D,20091102,000000,0.2070000,0.2100000,0.2070000,0.2100000,10.500
16798_090101_130416,D,20091103,000000,0.2080000,0.2380000,0.2070000,0.2380000,145.200
16798_090101_130416,D,20091105,000000,0.2040000,0.2270000,0.2040000,0.2080000,797.000
16798_090101_130416,D,20091106,000000,0.2090000,0.2220000,0.2070000,0.2090000,752.900
16798_090101_130416,D,20091109,000000,0.2010000,0.2400000,0.1800000,0.2400000,1.880.900
16798_090101_130416,D,20091110,000000,0.2380000,0.2550000,0.2280000,0.2400000,1.549.600
16798_090101_130416,D,20091111,000000,0.2490000,0.2700000,0.2380000,0.2450000,3.284.600
16798_090101_130416,D,20091112,000000,0.2320000,0.2400000,0.2300000,0.2320000,176.000
16798_090101_130416,D,20091113,000000,0.2440000,0.2490000,0.2340000,0.2340000,400.000
16798_090101_130416,D,20091116,000000,0.2360000,0.2390000,0.2360000,0.2390000,40.000
16798_090101_130416,D,20091117,000000,0.2340000,0.2430000,0.2340000,0.2430000,480.400
16798_090101_130416,D,20091118,000000,0.2380000,0.2500000,0.2380000,0.2500000,755.600
16798_090101_130416,D,20091119,000000,0.2550000,0.2690000,0.2410000,0.2420000,815.300
16798_090101_130416,D,20091120,000000,0.2460000,0.2670000,0.2460000,0.2490000,595.000
16798_090101_130416,D,20091123,000000,0.2680000,0.3000000,0.2680000,0.2840000,371.100
16798_090101_130416,D,20091124,000000,0.2980000,0.2980000,0.2500000,0.2500000,161.800
16798_090101_130416,D,20091125,000000,0.2870000,0.2870000,0.2580000,0.2800000,3.700
16798_090101_130416,D,20091126,000000,0.2870000,0.2890000,0.2690000,0.2690000,25.600
16798_090101_130416,D,20091127,000000,0.2460000,0.2630000,0.2400000,0.2630000,212.200
16798_090101_130416,D,20091130,000000,0.2330000,0.2820000,0.2330000,0.2820000,233.600
16798_090101_130416,D,20091201,000000,0.2370000,0.2790000,0.2370000,0.2770000,10.400
16798_090101_130416,D,20091202,000000,0.2790000,0.2790000,0.2790000,0.2790000,100
16798_090101_130416,D,20091203,000000,0.2470000,0.2600000,0.2460000,0.2510000,25.500
16798_090101_130416,D,20091204,000000,0.2790000,0.2790000,0.2530000,0.2530000,1.600
16798_090101_130416,D,20091208,000000,0.2820000,0.2820000,0.2820000,0.2820000,100
16798_090101_130416,D,20091209,000000,0.2410000,0.2580000,0.2410000,0.2550000,35.200
16798_090101_130416,D,20091210,000000,0.2380000,0.2380000,0.2380000,0.2380000,200
16798_090101_130416,D,20091211,000000,0.2670000,0.2670000,0.2400000,0.2670000,50.400
16798_090101_130416,D,20091214,000000,0.2800000,0.2800000,0.2500000,0.2610000,1.400
16798_090101_130416,D,20091215,000000,0.2660000,0.2660000,0.2660000,0.2660000,100
16798_090101_130416,D,20091216,000000,0.2670000,0.2670000,0.2590000,0.2590000,1.100
16798_090101_130416,D,20091217,000000,0.2820000,0.2820000,0.2400000,0.2570000,12.200
16798_090101_130416,D,20091218,000000,0.2670000,0.2670000,0.2290000,0.2390000,944.900
16798_090101_130416,D,20091221,000000,0.2670000,0.2670000,0.2420000,0.2420000,100.100
16798_090101_130416,D,20091222,000000,0.2540000,0.2550000,0.2310000,0.2480000,411.900
16798_090101_130416,D,20091223,000000,0.2670000,0.2670000,0.2230000,0.2500000,150.300
16798_090101_130416,D,20091224,000000,0.2660000,0.2660000,0.2260000,0.2490000,300
16798_090101_130416,D,20091225,000000,0.2620000,0.2620000,0.2380000,0.2500000,369.900
16798_090101_130416,D,20091228,000000,0.2550000,0.2620000,0.2540000,0.2620000,636.700
16798_090101_130416,D,20091229,000000,0.2650000,0.2650000,0.2410000,0.2630000,251.200
16798_090101_130416,D,20091230,000000,0.2650000,0.2650000,0.2500000,0.2600000,1.197.100
16798_090101_130416,D,20091231,000000,0.2410000,0.2600000,0.2410000,0.2600000,4.100
16798_090101_130416,D,20100111,000000,0.2670000,0.2670000,0.2670000,0.2670000,100
16798_090101_130416,D,20100112,000000,0.2630000,0.2650000,0.2630000,0.2650000,80.200
16798_090101_130416,D,20100113,000000,0.2800000,0.2800000,0.2730000,0.2730000,600
16798_090101_130416,D,20100114,000000,0.2730000,0.2820000,0.2730000,0.2820000,64.800
16798_090101_130416,D,20100115,000000,0.2800000,0.2850000,0.2800000,0.2850000,111.000
16798_090101_130416,D,20100118,000000,0.2880000,0.2880000,0.2750000,0.2880000,250.900
16798_090101_130416,D,20100119,000000,0.2900000,0.3110000,0.2850000,0.2920000,780.100
16798_090101_130416,D,20100120,000000,0.3000000,0.3220000,0.3000000,0.3050000,2.156.700
16798_090101_130416,D,20100121,000000,0.3240000,0.3240000,0.3000000,0.3120000,70.000
16798_090101_130416,D,20100122,000000,0.3120000,0.3120000,0.3000000,0.3000000,600.300
16798_090101_130416,D,20100125,000000,0.3000000,0.3200000,0.2900000,0.2990000,1.065.100
16798_090101_130416,D,20100126,000000,0.2990000,0.2990000,0.2800000,0.2960000,116.100
16798_090101_130416,D,20100127,000000,0.3000000,0.3040000,0.2900000,0.3040000,273.500
16798_090101_130416,D,20100128,000000,0.3190000,0.3350000,0.3000000,0.3290000,1.763.300
16798_090101_130416,D,20100129,000000,0.3220000,0.3380000,0.3170000,0.3380000,95.600
16798_090101_130416,D,20100201,000000,0.3380000,0.3380000,0.3340000,0.3360000,20.100
16798_090101_130416,D,20100202,000000,0.3410000,0.3440000,0.3400000,0.3440000,608.500
16798_090101_130416,D,20100203,000000,0.3530000,0.3760000,0.3500000,0.3720000,2.097.000
16798_090101_130416,D,20100204,000000,0.3770000,0.3950000,0.3410000,0.3460000,48.400
16798_090101_130416,D,20100205,000000,0.3240000,0.3760000,0.3150000,0.3740000,311.900
16798_090101_130416,D,20100208,000000,0.3880000,0.3930000,0.3430000,0.3900000,409.100
16798_090101_130416,D,20100209,000000,0.3950000,0.4500000,0.3680000,0.4490000,9.110.100
16798_090101_130416,D,20100210,000000,0.4490000,0.4900000,0.4450000,0.4500000,8.510.400
16798_090101_130416,D,20100211,000000,0.4320000,0.5660000,0.4100000,0.5200000,11.345.800
16798_090101_130416,D,20100212,000000,0.5690000,0.6500000,0.5150000,0.5480000,6.025.400
16798_090101_130416,D,20100215,000000,0.5700000,0.5700000,0.5200000,0.5610000,448.900
16798_090101_130416,D,20100216,000000,0.5580000,0.5950000,0.5020000,0.5550000,117.700
16798_090101_130416,D,20100217,000000,0.5600000,0.5690000,0.5420000,0.5560000,1.227.500
16798_090101_130416,D,20100218,000000,0.5570000,0.5850000,0.5570000,0.5830000,687.400
16798_090101_130416,D,20100219,000000,0.5600000,0.5800000,0.5100000,0.5620000,9.682.000
16798_090101_130416,D,20100224,000000,0.5930000,0.5930000,0.5500000,0.5570000,857.000
16798_090101_130416,D,20100225,000000,0.5600000,0.5700000,0.5570000,0.5600000,6.902.400
16798_090101_130416,D,20100226,000000,0.5700000,0.5890000,0.5590000,0.5810000,211.600
16798_090101_130416,D,20100227,000000,0.5840000,0.5840000,0.5710000,0.5710000,31.000
16798_090101_130416,D,20100301,000000,0.5710000,0.5850000,0.5340000,0.5770000,165.600
16798_090101_130416,D,20100302,000000,0.5550000,0.5710000,0.5540000,0.5700000,209.300
16798_090101_130416,D,20100303,000000,0.5980000,0.6490000,0.5620000,0.5620000,126.500
16798_090101_130416,D,20100304,000000,0.5690000,0.5700000,0.5600000,0.5600000,16.000
16798_090101_130416,D,20100305,000000,0.5390000,0.5700000,0.5390000,0.5700000,7.000
16798_090101_130416,D,20100309,000000,0.5980000,0.5980000,0.5500000,0.5500000,9.000
16798_090101_130416,D,20100310,000000,0.5690000,0.5690000,0.5500000,0.5500000,3.300.700
16798_090101_130416,D,20100311,000000,0.5320000,0.5590000,0.5320000,0.5320000,664.500
16798_090101_130416,D,20100312,000000,0.5320000,0.5590000,0.5010000,0.5010000,364.900
16798_090101_130416,D,20100315,000000,0.5320000,0.5490000,0.5040000,0.5100000,818.900
16798_090101_130416,D,20100316,000000,0.5360000,0.5370000,0.4770000,0.4960000,831.100
16798_090101_130416,D,20100317,000000,0.4960000,0.5150000,0.4960000,0.5140000,491.200
16798_090101_130416,D,20100318,000000,0.5190000,0.5190000,0.5190000,0.5190000,56.500
16798_090101_130416,D,20100319,000000,0.5020000,0.5090000,0.4900000,0.5080000,555.100
16798_090101_130416,D,20100322,000000,0.5000000,0.5010000,0.4990000,0.5010000,240.000
16798_090101_130416,D,20100323,000000,0.5020000,0.5020000,0.5010000,0.5010000,179.100
16798_090101_130416,D,20100324,000000,0.4830000,0.5070000,0.4830000,0.5070000,1.700
16798_090101_130416,D,20100325,000000,0.5010000,0.5010000,0.5010000,0.5010000,1.100
16798_090101_130416,D,20100326,000000,0.5010000,0.5010000,0.5000000,0.5000000,28.200
16798_090101_130416,D,20100329,000000,0.5380000,0.5380000,0.5090000,0.5300000,758.300
16798_090101_130416,D,20100330,000000,0.5340000,0.5390000,0.5120000,0.5330000,5.000
16798_090101_130416,D,20100331,000000,0.5000000,0.5400000,0.5000000,0.5380000,43.100
16798_090101_130416,D,20100401,000000,0.5400000,0.5400000,0.5250000,0.5400000,104.100
16798_090101_130416,D,20100402,000000,0.5100000,0.5350000,0.5100000,0.5350000,8.800
16798_090101_130416,D,20100405,000000,0.5100000,0.5310000,0.4900000,0.5130000,434.400
16798_090101_130416,D,20100406,000000,0.5000000,0.5360000,0.5000000,0.5200000,1.270.800
16798_090101_130416,D,20100407,000000,0.5110000,0.5110000,0.5100000,0.5100000,325.000
16798_090101_130416,D,20100408,000000,0.4500000,0.5390000,0.4500000,0.5390000,10.300
16798_090101_130416,D,20100409,000000,0.5440000,0.5440000,0.5440000,0.5440000,100
16798_090101_130416,D,20100412,000000,0.5290000,0.5370000,0.4880000,0.5370000,434.300
16798_090101_130416,D,20100413,000000,0.5480000,0.5480000,0.5000000,0.5250000,1.746.100
16798_090101_130416,D,20100414,000000,0.5490000,0.5500000,0.5040000,0.5050000,391.000
16798_090101_130416,D,20100415,000000,0.5110000,0.5290000,0.5050000,0.5290000,2.532.300
16798_090101_130416,D,20100416,000000,0.5150000,0.5360000,0.5020000,0.5340000,420.200
16798_090101_130416,D,20100419,000000,0.5170000,0.5180000,0.5090000,0.5090000,176.700
16798_090101_130416,D,20100420,000000,0.5050000,0.5250000,0.5050000,0.5250000,30.500
16798_090101_130416,D,20100421,000000,0.5740000,0.5740000,0.5100000,0.5280000,7.300
16798_090101_130416,D,20100422,000000,0.5390000,0.5390000,0.5100000,0.5250000,1.200
16798_090101_130416,D,20100423,000000,0.5010000,0.5100000,0.4570000,0.5100000,179.000
16798_090101_130416,D,20100426,000000,0.5190000,0.5190000,0.5190000,0.5190000,100
16798_090101_130416,D,20100427,000000,0.5200000,0.5200000,0.4820000,0.5100000,8.300
16798_090101_130416,D,20100428,000000,0.4750000,0.5000000,0.4520000,0.5000000,218.300
16798_090101_130416,D,20100429,000000,0.5200000,0.5200000,0.5180000,0.5180000,4.500
16798_090101_130416,D,20100430,000000,0.5200000,0.5200000,0.4630000,0.5000000,547.600
16798_090101_130416,D,20100504,000000,0.5000000,0.5000000,0.4540000,0.4990000,1.200
16798_090101_130416,D,20100505,000000,0.4980000,0.5000000,0.4980000,0.4990000,1.090.700
16798_090101_130416,D,20100506,000000,0.5000000,0.5000000,0.4900000,0.4990000,1.094.800
16798_090101_130416,D,20100507,000000,0.4900000,0.4900000,0.4500000,0.4800000,3.200
16798_090101_130416,D,20100511,000000,0.5190000,0.5190000,0.4700000,0.4700000,264.500
16798_090101_130416,D,20100512,000000,0.4110000,0.4800000,0.4110000,0.4800000,566.800
16798_090101_130416,D,20100513,000000,0.4590000,0.4980000,0.4580000,0.4750000,1.705.200
16798_090101_130416,D,20100514,000000,0.4710000,0.4750000,0.4710000,0.4740000,1.103.800
16798_090101_130416,D,20100517,000000,0.4310000,0.4730000,0.4310000,0.4690000,304.100
16798_090101_130416,D,20100518,000000,0.4720000,0.4720000,0.4440000,0.4620000,57.500
16798_090101_130416,D,20100519,000000,0.4870000,0.4870000,0.4500000,0.4500000,15.200
16798_090101_130416,D,20100520,000000,0.4640000,0.4920000,0.4490000,0.4590000,3.039.000
16798_090101_130416,D,20100521,000000,0.4110000,0.4580000,0.4110000,0.4550000,204.600
16798_090101_130416,D,20100524,000000,0.4610000,0.4610000,0.4390000,0.4400000,596.100
16798_090101_130416,D,20100525,000000,0.4100000,0.4130000,0.3900000,0.4100000,192.000
16798_090101_130416,D,20100526,000000,0.4100000,0.4340000,0.4100000,0.4200000,759.200
16798_090101_130416,D,20100527,000000,0.4440000,0.4440000,0.4030000,0.4200000,7.287.800
16798_090101_130416,D,20100528,000000,0.4300000,0.4310000,0.4210000,0.4210000,13.000
16798_090101_130416,D,20100531,000000,0.4200000,0.4200000,0.4190000,0.4200000,18.000
16798_090101_130416,D,20100601,000000,0.4190000,0.4200000,0.4050000,0.4140000,136.000
16798_090101_130416,D,20100602,000000,0.4190000,0.4200000,0.4190000,0.4200000,84.100
16798_090101_130416,D,20100603,000000,0.4200000,0.4210000,0.4200000,0.4200000,1.395.600
16798_090101_130416,D,20100604,000000,0.4110000,0.4110000,0.3950000,0.4000000,806.800
16798_090101_130416,D,20100607,000000,0.3890000,0.4030000,0.3340000,0.3990000,346.200
16798_090101_130416,D,20100608,000000,0.3630000,0.3990000,0.3540000,0.3990000,233.800
16798_090101_130416,D,20100609,000000,0.3820000,0.3820000,0.3640000,0.3640000,28.400
16798_090101_130416,D,20100611,000000,0.3920000,0.3920000,0.3920000,0.3920000,20.000
16798_090101_130416,D,20100615,000000,0.3850000,0.4120000,0.3850000,0.4120000,14.500
16798_090101_130416,D,20100616,000000,0.3820000,0.4100000,0.3560000,0.4100000,500.600
16798_090101_130416,D,20100617,000000,0.3800000,0.4180000,0.3640000,0.4180000,3.200
16798_090101_130416,D,20100621,000000,0.4070000,0.4070000,0.3670000,0.3670000,208.300
16798_090101_130416,D,20100622,000000,0.3930000,0.3960000,0.3750000,0.3850000,2.258.600
16798_090101_130416,D,20100623,000000,0.3640000,0.3850000,0.3350000,0.3600000,8.551.300
16798_090101_130416,D,20100624,000000,0.3500000,0.3670000,0.3370000,0.3670000,328.800
16798_090101_130416,D,20100625,000000,0.3670000,0.3670000,0.2960000,0.3350000,1.156.400
16798_090101_130416,D,20100628,000000,0.3350000,0.3480000,0.3260000,0.3480000,542.200
16798_090101_130416,D,20100629,000000,0.3260000,0.3440000,0.3170000,0.3400000,1.805.900
16798_090101_130416,D,20100630,000000,0.3240000,0.3470000,0.3220000,0.3390000,405.700
16798_090101_130416,D,20100701,000000,0.3570000,0.3570000,0.3350000,0.3350000,3.300
16798_090101_130416,D,20100702,000000,0.3310000,0.3430000,0.3300000,0.3430000,4.400
16798_090101_130416,D,20100705,000000,0.3260000,0.3400000,0.3250000,0.3250000,1.500
16798_090101_130416,D,20100706,000000,0.3440000,0.3440000,0.3240000,0.3440000,200.800
16798_090101_130416,D,20100707,000000,0.3450000,0.3450000,0.3450000,0.3450000,100
16798_090101_130416,D,20100708,000000,0.3500000,0.3540000,0.3490000,0.3490000,90.200
16798_090101_130416,D,20100712,000000,0.3500000,0.3780000,0.3500000,0.3780000,524.600
16798_090101_130416,D,20100713,000000,0.3460000,0.3700000,0.3460000,0.3700000,22.200
16798_090101_130416,D,20100714,000000,0.3790000,0.3790000,0.3790000,0.3790000,100
16798_090101_130416,D,20100715,000000,0.3750000,0.3880000,0.3500000,0.3880000,108.200
16798_090101_130416,D,20100716,000000,0.3850000,0.3850000,0.3850000,0.3850000,100
16798_090101_130416,D,20100719,000000,0.3880000,0.4100000,0.3770000,0.3770000,18.300
16798_090101_130416,D,20100720,000000,0.3880000,0.3980000,0.3740000,0.3740000,3.800
16798_090101_130416,D,20100721,000000,0.3900000,0.3900000,0.3160000,0.3810000,201.700
16798_090101_130416,D,20100722,000000,0.3630000,0.3790000,0.3290000,0.3730000,44.700
16798_090101_130416,D,20100723,000000,0.3760000,0.3940000,0.3760000,0.3940000,70.100
16798_090101_130416,D,20100726,000000,0.3800000,0.3800000,0.3790000,0.3790000,1.000
16798_090101_130416,D,20100727,000000,0.3940000,0.3940000,0.3870000,0.3900000,1.100
16798_090101_130416,D,20100728,000000,0.3960000,0.3960000,0.3960000,0.3960000,6.000
16798_090101_130416,D,20100729,000000,0.3960000,0.4080000,0.3770000,0.4080000,18.700
16798_090101_130416,D,20100730,000000,0.4080000,0.4080000,0.4080000,0.4080000,100
16798_090101_130416,D,20100802,000000,0.3780000,0.3840000,0.3450000,0.3840000,425.100
16798_090101_130416,D,20100803,000000,0.3900000,0.4000000,0.3710000,0.3740000,820.000
16798_090101_130416,D,20100804,000000,0.3770000,0.3950000,0.3720000,0.3780000,45.100
16798_090101_130416,D,20100805,000000,0.3810000,0.3900000,0.3740000,0.3830000,176.100
16798_090101_130416,D,20100806,000000,0.3870000,0.3940000,0.3810000,0.3880000,105.800
16798_090101_130416,D,20100809,000000,0.3920000,0.4070000,0.3920000,0.4070000,51.600
16798_090101_130416,D,20100810,000000,0.4000000,0.4070000,0.3960000,0.4040000,1.200
16798_090101_130416,D,20100811,000000,0.3900000,0.3960000,0.3850000,0.3920000,40.400
16798_090101_130416,D,20100812,000000,0.3850000,0.3940000,0.3850000,0.3940000,35.900
16798_090101_130416,D,20100813,000000,0.4000000,0.4000000,0.3910000,0.3970000,1.100
16798_090101_130416,D,20100816,000000,0.3840000,0.3920000,0.3630000,0.3800000,294.700
16798_090101_130416,D,20100817,000000,0.3900000,0.3940000,0.3850000,0.3850000,5.400
16798_090101_130416,D,20100818,000000,0.3860000,0.3940000,0.3860000,0.3920000,2.700
16798_090101_130416,D,20100819,000000,0.3940000,0.3940000,0.3700000,0.3800000,555.600
16798_090101_130416,D,20100820,000000,0.3850000,0.3930000,0.3800000,0.3900000,71.000
16798_090101_130416,D,20100823,000000,0.3960000,0.3980000,0.3920000,0.3940000,1.500
16798_090101_130416,D,20100824,000000,0.3990000,0.3990000,0.3700000,0.3700000,163.400
16798_090101_130416,D,20100825,000000,0.3950000,0.3970000,0.3730000,0.3770000,203.300
16798_090101_130416,D,20100826,000000,0.3810000,0.3990000,0.3810000,0.3850000,113.200
16798_090101_130416,D,20100827,000000,0.3810000,0.3960000,0.3800000,0.3960000,54.600
16798_090101_130416,D,20100830,000000,0.3920000,0.3970000,0.3920000,0.3920000,20.400
16798_090101_130416,D,20100831,000000,0.3950000,0.3950000,0.3950000,0.3950000,1.000
16798_090101_130416,D,20100901,000000,0.3960000,0.4090000,0.3810000,0.3890000,135.100
16798_090101_130416,D,20100902,000000,0.3920000,0.3940000,0.3900000,0.3940000,274.700
16798_090101_130416,D,20100903,000000,0.3950000,0.4000000,0.3950000,0.4000000,1.000
16798_090101_130416,D,20100906,000000,0.4000000,0.4170000,0.3980000,0.4010000,170.200
16798_090101_130416,D,20100907,000000,0.4010000,0.4010000,0.3770000,0.3870000,300.900
16798_090101_130416,D,20100908,000000,0.3890000,0.3960000,0.3890000,0.3940000,3.400
16798_090101_130416,D,20100909,000000,0.3960000,0.3990000,0.3890000,0.3980000,24.200
16798_090101_130416,D,20100910,000000,0.3930000,0.3980000,0.3880000,0.3900000,142.000
16798_090101_130416,D,20100913,000000,0.3960000,0.4190000,0.3960000,0.3970000,333.100
16798_090101_130416,D,20100914,000000,0.4000000,0.4050000,0.3950000,0.3980000,362.300
16798_090101_130416,D,20100915,000000,0.4010000,0.4050000,0.3850000,0.4010000,698.400
16798_090101_130416,D,20100916,000000,0.4030000,0.4050000,0.4000000,0.4000000,4.897.800
16798_090101_130416,D,20100917,000000,0.4010000,0.4050000,0.4010000,0.4050000,1.938.300
16798_090101_130416,D,20100920,000000,0.4050000,0.4290000,0.4050000,0.4200000,113.300
16798_090101_130416,D,20100921,000000,0.4130000,0.4170000,0.3960000,0.4060000,159.400
16798_090101_130416,D,20100922,000000,0.4080000,0.4250000,0.3970000,0.4010000,277.400
16798_090101_130416,D,20100923,000000,0.4050000,0.4200000,0.4010000,0.4170000,680.200
16798_090101_130416,D,20100924,000000,0.4200000,0.4200000,0.4050000,0.4100000,40.200
16798_090101_130416,D,20100927,000000,0.4140000,0.4280000,0.4100000,0.4280000,144.400
16798_090101_130416,D,20100928,000000,0.4280000,0.4280000,0.4110000,0.4280000,5.500
16798_090101_130416,D,20100929,000000,0.4240000,0.4250000,0.4200000,0.4200000,22.000
16798_090101_130416,D,20100930,000000,0.4240000,0.4280000,0.4100000,0.4250000,953.800
16798_090101_130416,D,20101001,000000,0.4240000,0.4280000,0.4200000,0.4280000,51.700
16798_090101_130416,D,20101004,000000,0.4280000,0.4440000,0.4280000,0.4320000,265.800
16798_090101_130416,D,20101005,000000,0.4300000,0.4400000,0.4200000,0.4260000,30.400
16798_090101_130416,D,20101006,000000,0.4320000,0.4410000,0.4280000,0.4280000,1.500
16798_090101_130416,D,20101007,000000,0.4280000,0.4280000,0.4280000,0.4280000,44.000
16798_090101_130416,D,20101008,000000,0.4320000,0.4350000,0.4320000,0.4350000,2.200
16798_090101_130416,D,20101011,000000,0.4360000,0.4550000,0.4300000,0.4550000,32.600
16798_090101_130416,D,20101012,000000,0.4410000,0.4410000,0.4280000,0.4350000,118.200
16798_090101_130416,D,20101013,000000,0.4350000,0.4350000,0.4180000,0.4200000,455.300
16798_090101_130416,D,20101014,000000,0.4200000,0.4200000,0.4110000,0.4110000,1.020.000
16798_090101_130416,D,20101015,000000,0.4110000,0.4120000,0.3900000,0.3900000,2.103.200
16798_090101_130416,D,20101018,000000,0.3880000,0.4000000,0.3850000,0.3920000,2.699.200
16798_090101_130416,D,20101019,000000,0.3980000,0.3990000,0.3850000,0.3900000,535.100
16798_090101_130416,D,20101020,000000,0.3830000,0.3930000,0.3800000,0.3930000,6.319.600
16798_090101_130416,D,20101021,000000,0.3930000,0.4010000,0.3750000,0.3940000,1.202.600
16798_090101_130416,D,20101022,000000,0.3850000,0.3950000,0.3820000,0.3930000,98.200
16798_090101_130416,D,20101025,000000,0.3970000,0.4380000,0.3880000,0.4200000,4.439.600
16798_090101_130416,D,20101026,000000,0.4200000,0.4350000,0.4090000,0.4320000,1.303.900
16798_090101_130416,D,20101027,000000,0.4470000,0.4480000,0.4250000,0.4390000,1.193.300
16798_090101_130416,D,20101028,000000,0.4370000,0.4470000,0.4290000,0.4470000,1.486.400
16798_090101_130416,D,20101029,000000,0.4460000,0.4690000,0.4400000,0.4620000,991.200
16798_090101_130416,D,20101101,000000,0.4620000,0.4690000,0.4470000,0.4670000,102.800
16798_090101_130416,D,20101102,000000,0.4700000,0.4700000,0.4510000,0.4630000,75.400
16798_090101_130416,D,20101103,000000,0.4690000,0.4700000,0.4400000,0.4410000,298.200
16798_090101_130416,D,20101108,000000,0.4500000,0.4580000,0.4460000,0.4510000,85.000
16798_090101_130416,D,20101109,000000,0.4660000,0.4660000,0.4400000,0.4410000,145.400
16798_090101_130416,D,20101110,000000,0.4540000,0.4540000,0.4370000,0.4440000,62.400
16798_090101_130416,D,20101111,000000,0.4540000,0.4540000,0.4350000,0.4350000,291.700
16798_090101_130416,D,20101112,000000,0.4410000,0.4450000,0.4280000,0.4380000,134.300
16798_090101_130416,D,20101113,000000,0.4380000,0.4380000,0.4380000,0.4380000,1.000
16798_090101_130416,D,20101115,000000,0.4390000,0.4540000,0.4330000,0.4540000,191.900
16798_090101_130416,D,20101116,000000,0.4530000,0.4530000,0.4310000,0.4390000,298.900
16798_090101_130416,D,20101117,000000,0.4440000,0.4480000,0.4410000,0.4410000,46.600
16798_090101_130416,D,20101118,000000,0.4550000,0.4550000,0.4400000,0.4440000,74.400
16798_090101_130416,D,20101119,000000,0.4440000,0.4460000,0.4360000,0.4430000,69.000
16798_090101_130416,D,20101122,000000,0.4390000,0.4460000,0.4390000,0.4460000,5.200
16798_090101_130416,D,20101123,000000,0.4420000,0.4420000,0.4280000,0.4350000,565.800
16798_090101_130416,D,20101124,000000,0.4380000,0.4450000,0.4280000,0.4370000,855.800
16798_090101_130416,D,20101125,000000,0.4420000,0.5010000,0.4390000,0.4840000,3.272.400
16798_090101_130416,D,20101126,000000,0.4840000,0.5000000,0.4820000,0.4990000,776.100
16798_090101_130416,D,20101129,000000,0.5000000,0.5220000,0.4900000,0.5120000,211.300
16798_090101_130416,D,20101130,000000,0.4960000,0.5000000,0.4860000,0.4990000,457.700
16798_090101_130416,D,20101201,000000,0.5040000,0.5060000,0.4910000,0.4910000,71.100
16798_090101_130416,D,20101202,000000,0.5040000,0.5040000,0.4950000,0.5000000,312.400
16798_090101_130416,D,20101203,000000,0.4950000,0.5030000,0.4830000,0.5000000,1.342.500
16798_090101_130416,D,20101206,000000,0.5010000,0.5100000,0.4970000,0.4990000,27.400
16798_090101_130416,D,20101207,000000,0.5030000,0.5060000,0.4910000,0.4910000,43.400
16798_090101_130416,D,20101208,000000,0.5010000,0.5010000,0.4910000,0.4920000,40.200
16798_090101_130416,D,20101209,000000,0.5010000,0.5010000,0.4910000,0.5000000,39.500
16798_090101_130416,D,20101210,000000,0.4910000,0.5010000,0.4900000,0.5010000,372.500
16798_090101_130416,D,20101213,000000,0.4960000,0.4980000,0.4950000,0.4950000,4.400
16798_090101_130416,D,20101214,000000,0.4980000,0.4980000,0.4900000,0.4900000,2.502.000
16798_090101_130416,D,20101215,000000,0.4900000,0.4930000,0.4850000,0.4900000,3.856.900
16798_090101_130416,D,20101216,000000,0.4980000,0.4980000,0.4900000,0.4900000,159.300
16798_090101_130416,D,20101217,000000,0.4900000,0.4980000,0.4900000,0.4980000,197.700
16798_090101_130416,D,20101220,000000,0.4950000,0.4980000,0.4950000,0.4980000,6.900
16798_090101_130416,D,20101221,000000,0.4980000,0.4980000,0.4980000,0.4980000,500
16798_090101_130416,D,20101222,000000,0.5000000,0.5100000,0.4930000,0.5000000,60.600
16798_090101_130416,D,20101223,000000,0.4950000,0.5090000,0.4950000,0.5050000,568.300
16798_090101_130416,D,20101224,000000,0.5050000,0.5050000,0.5000000,0.5000000,49.500
16798_090101_130416,D,20101227,000000,0.5000000,0.5050000,0.5000000,0.5050000,3.200
16798_090101_130416,D,20101228,000000,0.5110000,0.5110000,0.5030000,0.5030000,17.300
16798_090101_130416,D,20101229,000000,0.5100000,0.5500000,0.5100000,0.5310000,209.100
16798_090101_130416,D,20101230,000000,0.5250000,0.5740000,0.5100000,0.5700000,2.108.200
16798_090101_130416,D,20110111,000000,0.5310000,0.5700000,0.5310000,0.5640000,305.200
16798_090101_130416,D,20110112,000000,0.5530000,0.5610000,0.5500000,0.5500000,848.800
16798_090101_130416,D,20110113,000000,0.5500000,0.5540000,0.5500000,0.5540000,7.100
16798_090101_130416,D,20110114,000000,0.5510000,0.5570000,0.5500000,0.5500000,693.300
16798_090101_130416,D,20110117,000000,0.5460000,0.5490000,0.5300000,0.5490000,218.400
16798_090101_130416,D,20110118,000000,0.5500000,0.5550000,0.5260000,0.5350000,344.500
16798_090101_130416,D,20110119,000000,0.5300000,0.5340000,0.5040000,0.5150000,871.000
16798_090101_130416,D,20110120,000000,0.5240000,0.5400000,0.5200000,0.5250000,312.900
16798_090101_130416,D,20110121,000000,0.5250000,0.5320000,0.5160000,0.5300000,5.000
16798_090101_130416,D,20110124,000000,0.5210000,0.5330000,0.5160000,0.5160000,732.700
16798_090101_130416,D,20110125,000000,0.5150000,0.5310000,0.5150000,0.5150000,33.900
16798_090101_130416,D,20110126,000000,0.5290000,0.5400000,0.4730000,0.5200000,11.511.400
16798_090101_130416,D,20110127,000000,0.5200000,0.5290000,0.5200000,0.5200000,142.000
16798_090101_130416,D,20110128,000000,0.5180000,0.5280000,0.5100000,0.5200000,950.100
16798_090101_130416,D,20110131,000000,0.5110000,0.5250000,0.5100000,0.5250000,5.218.800
16798_090101_130416,D,20110201,000000,0.5070000,0.5220000,0.5070000,0.5200000,2.224.600
16798_090101_130416,D,20110202,000000,0.5260000,0.5270000,0.5200000,0.5200000,350.300
16798_090101_130416,D,20110203,000000,0.5280000,0.5280000,0.5200000,0.5200000,1.871.500
16798_090101_130416,D,20110204,000000,0.5200000,0.5200000,0.5200000,0.5200000,54.100
16798_090101_130416,D,20110207,000000,0.5250000,0.5290000,0.5200000,0.5200000,49.800
16798_090101_130416,D,20110208,000000,0.5200000,0.5200000,0.5200000,0.5200000,235.200
16798_090101_130416,D,20110209,000000,0.5200000,0.5200000,0.5200000,0.5200000,34.000
16798_090101_130416,D,20110210,000000,0.5160000,0.5200000,0.5150000,0.5200000,306.700
16798_090101_130416,D,20110214,000000,0.5150000,0.5190000,0.5150000,0.5160000,199.400
16798_090101_130416,D,20110215,000000,0.5190000,0.5190000,0.5150000,0.5180000,20.600
16798_090101_130416,D,20110216,000000,0.5110000,0.5170000,0.5100000,0.5170000,98.200
16798_090101_130416,D,20110217,000000,0.5120000,0.5160000,0.5110000,0.5160000,296.800
16798_090101_130416,D,20110218,000000,0.5180000,0.5310000,0.4780000,0.5030000,728.600
16798_090101_130416,D,20110221,000000,0.4920000,0.5220000,0.4920000,0.5020000,56.100
16798_090101_130416,D,20110222,000000,0.5090000,0.5140000,0.4840000,0.5140000,1.100
16798_090101_130416,D,20110224,000000,0.5000000,0.5040000,0.5000000,0.5040000,11.400
16798_090101_130416,D,20110225,000000,0.5230000,0.5240000,0.4900000,0.5220000,79.400
16798_090101_130416,D,20110228,000000,0.5000000,0.5040000,0.4880000,0.4960000,207.200
16798_090101_130416,D,20110301,000000,0.4900000,0.4900000,0.4802000,0.4900000,140.000
16798_090101_130416,D,20110302,000000,0.4900000,0.4900000,0.4900000,0.4900000,10.000
16798_090101_130416,D,20110304,000000,0.4684000,0.4730000,0.4655000,0.4655000,660.000
16798_090101_130416,D,20110305,000000,0.4601000,0.4659000,0.4500000,0.4659000,170.000
16798_090101_130416,D,20110309,000000,0.4445000,0.4659000,0.4280000,0.4280000,1.460.000
16798_090101_130416,D,20110310,000000,0.4323000,0.4323000,0.4281000,0.4281000,130.000
16798_090101_130416,D,20110311,000000,0.4230000,0.4325000,0.4230000,0.4300000,130.000
16798_090101_130416,D,20110314,000000,0.4300000,0.4496000,0.4300000,0.4496000,370.000
16798_090101_130416,D,20110315,000000,0.4442000,0.4443000,0.4207000,0.4207000,310.000
16798_090101_130416,D,20110316,000000,0.4349000,0.4793000,0.4008000,0.4206000,1.440.000
16798_090101_130416,D,20110317,000000,0.4190000,0.4220000,0.4190000,0.4220000,80.000
16798_090101_130416,D,20110318,000000,0.4400000,0.4793000,0.4354000,0.4400000,680.000
16798_090101_130416,D,20110321,000000,0.4790000,0.4792000,0.4602000,0.4777000,200.000
16798_090101_130416,D,20110322,000000,0.4571000,0.4775000,0.4570000,0.4590000,290.000
16798_090101_130416,D,20110323,000000,0.4600000,0.4600000,0.4600000,0.4600000,40.000
16798_090101_130416,D,20110324,000000,0.4600000,0.4600000,0.4600000,0.4600000,470.000
16798_090101_130416,D,20110325,000000,0.4601000,0.4700000,0.4600000,0.4700000,1.370.000
16798_090101_130416,D,20110328,000000,0.4509000,0.4899000,0.4508000,0.4899000,160.000
16798_090101_130416,D,20110329,000000,0.4889000,0.5000000,0.4889000,0.5000000,40.000
16798_090101_130416,D,20110330,000000,0.4700000,0.4700000,0.4610000,0.4699000,1.250.000
16798_090101_130416,D,20110331,000000,0.4790000,0.4796000,0.4698000,0.4699000,260.000
16798_090101_130416,D,20110401,000000,0.4700000,0.4895000,0.4501000,0.4745000,1.110.000
16798_090101_130416,D,20110404,000000,0.4700000,0.4700000,0.4700000,0.4700000,10.000
16798_090101_130416,D,20110405,000000,0.4602000,0.4602000,0.4500000,0.4550000,500.000
16798_090101_130416,D,20110406,000000,0.4661000,0.4661000,0.4502000,0.4502000,80.000
16798_090101_130416,D,20110408,000000,0.4600000,0.4600000,0.4440000,0.4440000,50.000
16798_090101_130416,D,20110411,000000,0.4679000,0.4887000,0.4679000,0.4887000,210.000
16798_090101_130416,D,20110412,000000,0.4848000,0.4848000,0.4848000,0.4848000,10.000
16798_090101_130416,D,20110413,000000,0.4503000,0.4503000,0.4503000,0.4503000,10.000
16798_090101_130416,D,20110414,000000,0.4500000,0.4500000,0.4500000,0.4500000,10.000
16798_090101_130416,D,20110415,000000,0.4510000,0.4510000,0.4510000,0.4510000,10.000
16798_090101_130416,D,20110418,000000,0.4380000,0.4380000,0.4207000,0.4212000,640.000
16798_090101_130416,D,20110419,000000,0.4200000,0.4390000,0.4200000,0.4390000,190.000
16798_090101_130416,D,20110420,000000,0.4386000,0.4400000,0.4386000,0.4400000,60.000
16798_090101_130416,D,20110421,000000,0.4410000,0.4410000,0.4410000,0.4410000,20.000
16798_090101_130416,D,20110422,000000,0.4315000,0.4400000,0.4315000,0.4318000,130.000
16798_090101_130416,D,20110425,000000,0.4398000,0.4400000,0.4356000,0.4356000,340.000
16798_090101_130416,D,20110426,000000,0.4350000,0.4400000,0.4235000,0.4400000,50.000
16798_090101_130416,D,20110427,000000,0.4595000,0.4618000,0.4101000,0.4260000,510.000
16798_090101_130416,D,20110428,000000,0.4155000,0.4155000,0.4150000,0.4150000,2.000.000
16798_090101_130416,D,20110429,000000,0.4299000,0.4500000,0.4299000,0.4500000,180.000
16798_090101_130416,D,20110503,000000,0.4300000,0.4350000,0.4270000,0.4350000,110.000
16798_090101_130416,D,20110504,000000,0.4200000,0.4200000,0.4200000,0.4200000,10.000
16798_090101_130416,D,20110510,000000,0.4396000,0.4397000,0.4396000,0.4397000,30.000
16798_090101_130416,D,20110517,000000,0.4290000,0.4290000,0.4250000,0.4250000,140.000
16798_090101_130416,D,20110519,000000,0.4397000,0.4399000,0.4300000,0.4300000,50.000
16798_090101_130416,D,20110523,000000,0.4301000,0.4589000,0.4300000,0.4301000,210.000
16798_090101_130416,D,20110524,000000,0.4302000,0.4302000,0.4302000,0.4302000,20.000
16798_090101_130416,D,20110525,000000,0.4272000,0.4272000,0.4205000,0.4205000,30.000
16798_090101_130416,D,20110527,000000,0.4247000,0.4248000,0.4247000,0.4248000,30.000
16798_090101_130416,D,20110530,000000,0.4205000,0.4205000,0.4150000,0.4150000,200.000
16798_090101_130416,D,20110531,000000,0.4474000,0.4474000,0.4322000,0.4322000,30.000
16798_090101_130416,D,20110601,000000,0.4205000,0.4205000,0.4205000,0.4205000,10.000
16798_090101_130416,D,20110602,000000,0.4202000,0.4202000,0.4201000,0.4201000,30.000
16798_090101_130416,D,20110603,000000,0.4212000,0.4212000,0.4212000,0.4212000,30.000
16798_090101_130416,D,20110606,000000,0.4467000,0.4699000,0.4467000,0.4699000,410.000
16798_090101_130416,D,20110607,000000,0.4875000,0.4875000,0.4875000,0.4875000,10.000
16798_090101_130416,D,20110608,000000,0.4471000,0.4471000,0.4465000,0.4465000,100.000
16798_090101_130416,D,20110609,000000,0.4245000,0.4464000,0.4244000,0.4400000,150.000
16798_090101_130416,D,20110614,000000,0.4231000,0.4231000,0.4231000,0.4231000,10.000
16798_090101_130416,D,20110615,000000,0.4669000,0.4670000,0.4400000,0.4400000,370.000
16798_090101_130416,D,20110616,000000,0.4450000,0.4599000,0.4235000,0.4599000,170.000
16798_090101_130416,D,20110617,000000,0.4639000,0.4650000,0.4639000,0.4640000,2.220.000
16798_090101_130416,D,20110620,000000,0.4426000,0.4426000,0.4426000,0.4426000,10.000
16798_090101_130416,D,20110622,000000,0.4595000,0.4595000,0.4574000,0.4574000,50.000
16798_090101_130416,D,20110623,000000,0.4600000,0.4600000,0.4500000,0.4500000,50.000
16798_090101_130416,D,20110629,000000,0.4570000,0.4570000,0.4570000,0.4570000,10.000
16798_090101_130416,D,20110630,000000,0.4314000,0.4314000,0.4275000,0.4275000,250.000
16798_090101_130416,D,20110701,000000,0.4472000,0.4500000,0.4472000,0.4500000,110.000
16798_090101_130416,D,20110704,000000,0.4351000,0.4351000,0.4351000,0.4351000,10.000
16798_090101_130416,D,20110705,000000,0.4400000,0.4500000,0.4400000,0.4500000,30.000
16798_090101_130416,D,20110712,000000,0.4600000,0.4600000,0.4600000,0.4600000,130.000
16798_090101_130416,D,20110714,000000,0.4276000,0.4750000,0.4276000,0.4750000,20.000
16798_090101_130416,D,20110718,000000,0.4410000,0.4410000,0.4410000,0.4410000,10.000
16798_090101_130416,D,20110720,000000,0.4401000,0.4401000,0.4302000,0.4302000,70.000
16798_090101_130416,D,20110725,000000,0.4400000,0.4400000,0.4303000,0.4400000,110.000
16798_090101_130416,D,20110726,000000,0.4595000,0.4595000,0.4595000,0.4595000,10.000
16798_090101_130416,D,20110727,000000,0.4403000,0.4403000,0.4403000,0.4403000,10.000
16798_090101_130416,D,20110729,000000,0.4400000,0.4400000,0.4400000,0.4400000,40.000
16798_090101_130416,D,20110801,000000,0.4300000,0.4300000,0.4300000,0.4300000,10.000
16798_090101_130416,D,20110802,000000,0.4499000,0.4700000,0.4499000,0.4700000,70.000
16798_090101_130416,D,20110803,000000,0.4411000,0.4411000,0.4275000,0.4300000,300.000
16798_090101_130416,D,20110804,000000,0.4350000,0.4350000,0.4250000,0.4250000,170.000
16798_090101_130416,D,20110805,000000,0.4230000,0.4230000,0.4230000,0.4230000,10.000
16798_090101_130416,D,20110808,000000,0.4352000,0.4352000,0.4000000,0.4000000,350.000
16798_090101_130416,D,20110809,000000,0.3832000,0.3832000,0.3510000,0.3510000,40.000
16798_090101_130416,D,20110812,000000,0.3205000,0.3982000,0.3205000,0.3982000,20.000
16798_090101_130416,D,20110817,000000,0.4044000,0.4044000,0.3900000,0.3900000,100.000
16798_090101_130416,D,20110818,000000,0.3704000,0.3704000,0.3702000,0.3702000,50.000
16798_090101_130416,D,20110819,000000,0.3708000,0.3888000,0.3708000,0.3888000,20.000
16798_090101_130416,D,20110822,000000,0.3301000,0.4238000,0.3301000,0.4238000,20.000
16798_090101_130416,D,20110824,000000,0.4197000,0.4197000,0.4197000,0.4197000,10.000
16798_090101_130416,D,20110826,000000,0.3998000,0.4000000,0.3998000,0.4000000,30.000
16798_090101_130416,D,20110830,000000,0.4208000,0.4209000,0.4208000,0.4209000,50.000
16798_090101_130416,D,20110901,000000,0.3866000,0.4207000,0.3865000,0.4207000,80.000
16798_090101_130416,D,20110906,000000,0.3813000,0.3813000,0.3813000,0.3813000,30.000
16798_090101_130416,D,20110908,000000,0.3900000,0.3900000,0.3900000,0.3900000,60.000
16798_090101_130416,D,20110912,000000,0.3900000,0.3900000,0.3800000,0.3800000,780.000
16798_090101_130416,D,20110913,000000,0.3950000,0.3950000,0.3950000,0.3950000,10.000
16798_090101_130416,D,20110914,000000,0.3801000,0.3890000,0.3701000,0.3890000,150.000
16798_090101_130416,D,20110915,000000,0.3997000,0.4000000,0.3997000,0.4000000,50.000
16798_090101_130416,D,20110916,000000,0.3801000,0.3801000,0.3801000,0.3801000,30.000
16798_090101_130416,D,20110919,000000,0.3850000,0.3850000,0.3850000,0.3850000,50.000
16798_090101_130416,D,20110920,000000,0.3851000,0.4006000,0.3850000,0.4000000,900.000
16798_090101_130416,D,20110922,000000,0.4200000,0.4400000,0.3900000,0.3900000,1.990.000
16798_090101_130416,D,20110923,000000,0.3613000,0.3622000,0.3599000,0.3599000,80.000
16798_090101_130416,D,20110930,000000,0.3300000,0.3714000,0.3300000,0.3714000,50.000
16798_090101_130416,D,20111006,000000,0.3587000,0.3590000,0.3320000,0.3320000,680.000
16798_090101_130416,D,20111007,000000,0.3261000,0.3544000,0.3261000,0.3544000,30.000
16798_090101_130416,D,20111010,000000,0.3500000,0.3500000,0.3300000,0.3300000,160.000
16798_090101_130416,D,20111012,000000,0.3574000,0.3574000,0.3574000,0.3574000,10.000
16798_090101_130416,D,20111013,000000,0.3575000,0.3575000,0.3575000,0.3575000,10.000
16798_090101_130416,D,20111014,000000,0.3310000,0.3310000,0.3310000,0.3310000,10.000
16798_090101_130416,D,20111017,000000,0.3391000,0.3450000,0.3310000,0.3450000,50.000
16798_090101_130416,D,20111019,000000,0.3376000,0.3377000,0.3376000,0.3377000,30.000
16798_090101_130416,D,20111021,000000,0.3088000,0.3088000,0.3088000,0.3088000,260.000
16798_090101_130416,D,20111024,000000,0.3500000,0.3500000,0.3500000,0.3500000,40.000
16798_090101_130416,D,20111026,000000,0.3317000,0.3317000,0.3317000,0.3317000,60.000
16798_090101_130416,D,20111027,000000,0.3445000,0.3449000,0.3445000,0.3449000,30.000
16798_090101_130416,D,20111028,000000,0.3639000,0.3639000,0.3546000,0.3546000,30.000
16798_090101_130416,D,20111031,000000,0.3819000,0.3819000,0.3819000,0.3819000,50.000
16798_090101_130416,D,20111101,000000,0.3800000,0.3800000,0.3463000,0.3463000,20.000
16798_090101_130416,D,20111107,000000,0.3839000,0.3900000,0.3791000,0.3791000,60.000
16798_090101_130416,D,20111108,000000,0.3977000,0.3980000,0.3801000,0.3900000,240.000
16798_090101_130416,D,20111109,000000,0.3852000,0.3852000,0.3852000,0.3852000,10.000
16798_090101_130416,D,20111110,000000,0.3814000,0.3817000,0.3812000,0.3812000,70.000
16798_090101_130416,D,20111114,000000,0.3900000,0.3900000,0.3701000,0.3830000,60.000
16798_090101_130416,D,20111115,000000,0.3661000,0.3661000,0.3661000,0.3661000,10.000
16798_090101_130416,D,20111118,000000,0.3700000,0.3700000,0.3500000,0.3500000,110.000
16798_090101_130416,D,20111121,000000,0.3699000,0.3700000,0.3501000,0.3501000,3.310.000
16798_090101_130416,D,20111124,000000,0.3664000,0.3664000,0.3664000,0.3664000,50.000
16798_090101_130416,D,20111128,000000,0.3720000,0.3740000,0.3700000,0.3700000,150.000
16798_090101_130416,D,20111130,000000,0.3726000,0.3726000,0.3726000,0.3726000,220.000
16798_090101_130416,D,20111201,000000,0.3750000,0.3794000,0.3750000,0.3790000,5.450.000
16798_090101_130416,D,20111206,000000,0.3750000,0.3750000,0.3750000,0.3750000,50.000
16798_090101_130416,D,20111207,000000,0.3720000,0.3720000,0.3720000,0.3720000,10.000
16798_090101_130416,D,20111208,000000,0.3700000,0.3700000,0.3700000,0.3700000,30.000
16798_090101_130416,D,20111209,000000,0.3556000,0.3602000,0.3555000,0.3600000,90.000
16798_090101_130416,D,20111214,000000,0.3551000,0.3551000,0.3550000,0.3550000,30.000
16798_090101_130416,D,20111215,000000,0.3200000,0.3200000,0.3000000,0.3000000,150.000
16798_090101_130416,D,20111216,000000,0.3114000,0.3114000,0.3114000,0.3114000,20.000
16798_090101_130416,D,20111221,000000,0.3300000,0.3623000,0.3100000,0.3100000,1.020.000
16798_090101_130416,D,20111222,000000,0.3060000,0.3070000,0.3054000,0.3069000,2.260.000
16798_090101_130416,D,20111223,000000,0.3069000,0.3100000,0.2999000,0.2999000,2.070.000
16798_090101_130416,D,20111226,000000,0.2802000,0.3000000,0.2802000,0.3000000,430.000
16798_090101_130416,D,20111227,000000,0.2850000,0.2999000,0.2830000,0.2999000,1.590.000
16798_090101_130416,D,20111228,000000,0.2999000,0.3050000,0.2999000,0.3040000,27.610.000
16798_090101_130416,D,20111229,000000,0.2804000,0.2900000,0.2750000,0.2751000,4.660.000
16798_090101_130416,D,20111230,000000,0.2701000,0.2750000,0.2700000,0.2748000,1.090.000
16798_090101_130416,D,20120103,000000,0.2661000,0.2694000,0.2551000,0.2694000,1.060.000
16798_090101_130416,D,20120104,000000,0.2702000,0.2775000,0.2666000,0.2775000,1.300.000
16798_090101_130416,D,20120105,000000,0.2775000,0.2775000,0.2775000,0.2775000,50.000
16798_090101_130416,D,20120106,000000,0.2775000,0.2775000,0.2775000,0.2775000,180.000
16798_090101_130416,D,20120110,000000,0.2800000,0.2900000,0.2799000,0.2807000,1.350.000
16798_090101_130416,D,20120111,000000,0.2999000,0.2999000,0.2750000,0.2750000,100.000
16798_090101_130416,D,20120112,000000,0.2999000,0.3100000,0.2999000,0.3100000,100.000
16798_090101_130416,D,20120113,000000,0.3173000,0.3173000,0.3101000,0.3102000,30.000
16798_090101_130416,D,20120117,000000,0.3274000,0.3300000,0.3200000,0.3200000,90.000
16798_090101_130416,D,20120123,000000,0.3299000,0.3300000,0.3299000,0.3299000,70.000
16798_090101_130416,D,20120125,000000,0.3301000,0.3301000,0.3301000,0.3301000,30.000
16798_090101_130416,D,20120127,000000,0.3300000,0.3300000,0.3200000,0.3200000,220.000
16798_090101_130416,D,20120130,000000,0.3201000,0.3201000,0.3200000,0.3200000,150.000
16798_090101_130416,D,20120131,000000,0.3250000,0.3301000,0.2804000,0.3200000,780.000
16798_090101_130416,D,20120201,000000,0.3199000,0.3668000,0.3199000,0.3665000,4.130.000
16798_090101_130416,D,20120202,000000,0.3656000,0.3656000,0.3426000,0.3609000,300.000
16798_090101_130416,D,20120203,000000,0.3411000,0.3600000,0.3411000,0.3600000,20.000
16798_090101_130416,D,20120206,000000,0.3599000,0.3665000,0.3550000,0.3555000,130.000
16798_090101_130416,D,20120207,000000,0.3551000,0.3551000,0.3515000,0.3515000,60.000
16798_090101_130416,D,20120208,000000,0.3561000,0.3661000,0.3500000,0.3661000,110.000
16798_090101_130416,D,20120209,000000,0.3601000,0.3897000,0.3563000,0.3830000,800.000
16798_090101_130416,D,20120210,000000,0.3801000,0.3940000,0.3770000,0.3770000,100.000
16798_090101_130416,D,20120213,000000,0.3804000,0.3808000,0.3804000,0.3808000,70.000
16798_090101_130416,D,20120214,000000,0.3845000,0.3850000,0.3600000,0.3850000,330.000
16798_090101_130416,D,20120215,000000,0.3759000,0.3759000,0.3629000,0.3641000,90.000
16798_090101_130416,D,20120216,000000,0.3621000,0.3796000,0.3619000,0.3796000,210.000
16798_090101_130416,D,20120221,000000,0.3913000,0.3913000,0.3883000,0.3886000,40.000
16798_090101_130416,D,20120222,000000,0.3800000,0.3800000,0.3640000,0.3640000,220.000
16798_090101_130416,D,20120224,000000,0.3799000,0.3799000,0.3641000,0.3641000,280.000
16798_090101_130416,D,20120227,000000,0.3900000,0.3900000,0.3516000,0.3852000,130.000
16798_090101_130416,D,20120228,000000,0.3894000,0.3896000,0.3894000,0.3896000,270.000
16798_090101_130416,D,20120229,000000,0.3850000,0.3850000,0.3646000,0.3646000,30.000
16798_090101_130416,D,20120301,000000,0.3655000,0.3727000,0.3651000,0.3670000,230.000
16798_090101_130416,D,20120302,000000,0.3846000,0.3846000,0.3650000,0.3650000,60.000
16798_090101_130416,D,20120305,000000,0.3629000,0.3755000,0.3629000,0.3755000,790.000
16798_090101_130416,D,20120307,000000,0.3699000,0.3699000,0.3699000,0.3699000,10.000
16798_090101_130416,D,20120311,000000,0.3759000,0.3759000,0.3680000,0.3680000,40.000
16798_090101_130416,D,20120312,000000,0.3756000,0.3756000,0.3756000,0.3756000,10.000
16798_090101_130416,D,20120313,000000,0.3700000,0.3700000,0.3700000,0.3700000,20.000
16798_090101_130416,D,20120314,000000,0.3641000,0.3712000,0.3621000,0.3701000,340.000
16798_090101_130416,D,20120315,000000,0.3720000,0.3795000,0.3691000,0.3705000,350.000
16798_090101_130416,D,20120316,000000,0.3799000,0.3799000,0.3660000,0.3755000,230.000
16798_090101_130416,D,20120319,000000,0.3769000,0.3769000,0.3769000,0.3769000,10.000
16798_090101_130416,D,20120320,000000,0.3740000,0.3740000,0.3603000,0.3730000,70.000
16798_090101_130416,D,20120321,000000,0.3732000,0.3732000,0.3630000,0.3699000,50.000
16798_090101_130416,D,20120322,000000,0.3669000,0.3669000,0.3669000,0.3669000,10.000
16798_090101_130416,D,20120323,000000,0.3766000,0.3766000,0.3630000,0.3698000,120.000
16798_090101_130416,D,20120326,000000,0.3603000,0.3695000,0.3601000,0.3695000,40.000
16798_090101_130416,D,20120327,000000,0.3796000,0.3796000,0.3600000,0.3784000,70.000
16798_090101_130416,D,20120329,000000,0.3748000,0.3777000,0.3400000,0.3777000,40.000
16798_090101_130416,D,20120330,000000,0.3695000,0.3735000,0.3610000,0.3700000,450.000
16798_090101_130416,D,20120402,000000,0.3775000,0.3775000,0.3651000,0.3770000,190.000
16798_090101_130416,D,20120403,000000,0.3810000,0.3810000,0.3652000,0.3699000,190.000
16798_090101_130416,D,20120404,000000,0.3804000,0.3804000,0.3653000,0.3670000,130.000
16798_090101_130416,D,20120405,000000,0.3797000,0.3797000,0.3637000,0.3637000,80.000
16798_090101_130416,D,20120406,000000,0.3797000,0.3797000,0.3769000,0.3769000,20.000
16798_090101_130416,D,20120409,000000,0.3584000,0.4082000,0.3583000,0.4082000,1.370.000
16798_090101_130416,D,20120410,000000,0.3998000,0.3998000,0.3425000,0.3706000,270.000
16798_090101_130416,D,20120411,000000,0.3995000,0.3995000,0.3987000,0.3987000,40.000
16798_090101_130416,D,20120412,000000,0.3705000,0.3705000,0.3704000,0.3704000,30.000
16798_090101_130416,D,20120413,000000,0.3958000,0.3958000,0.3705000,0.3709000,260.000
16798_090101_130416,D,20120416,000000,0.3965000,0.3965000,0.3700000,0.3708000,310.000
16798_090101_130416,D,20120417,000000,0.3781000,0.3782000,0.3725000,0.3725000,250.000
16798_090101_130416,D,20120418,000000,0.3730000,0.3730000,0.3730000,0.3730000,30.000
16798_090101_130416,D,20120419,000000,0.3646000,0.3833000,0.3646000,0.3698000,50.000
16798_090101_130416,D,20120420,000000,0.3670000,0.3763000,0.3670000,0.3670000,100.000
16798_090101_130416,D,20120423,000000,0.3799000,0.3799000,0.3688000,0.3688000,50.000
16798_090101_130416,D,20120424,000000,0.3638000,0.3750000,0.3637000,0.3638000,160.000
16798_090101_130416,D,20120425,000000,0.3637000,0.3700000,0.3637000,0.3638000,70.000
16798_090101_130416,D,20120426,000000,0.3651000,0.3652000,0.3630000,0.3630000,470.000
16798_090101_130416,D,20120427,000000,0.3600000,0.3700000,0.3600000,0.3700000,20.000
16798_090101_130416,D,20120428,000000,0.3664000,0.3664000,0.3664000,0.3664000,10.000
16798_090101_130416,D,20120502,000000,0.3688000,0.3768000,0.3610000,0.3610000,240.000
16798_090101_130416,D,20120504,000000,0.3601000,0.3679000,0.3330000,0.3510000,370.000
16798_090101_130416,D,20120511,000000,0.3744000,0.3744000,0.3376000,0.3426000,490.000
16798_090101_130416,D,20120512,000000,0.3500000,0.3500000,0.3500000,0.3500000,10.000
16798_090101_130416,D,20120514,000000,0.3403000,0.3437000,0.3100000,0.3437000,390.000
16798_090101_130416,D,20120516,000000,0.3502000,0.3510000,0.3502000,0.3510000,180.000
16798_090101_130416,D,20120517,000000,0.3510000,0.3510000,0.3250000,0.3428000,120.000
16798_090101_130416,D,20120521,000000,0.3649000,0.3649000,0.3649000,0.3649000,90.000
16798_090101_130416,D,20120523,000000,0.3596000,0.3597000,0.3596000,0.3597000,950.000
16798_090101_130416,D,20120524,000000,0.3401000,0.3549000,0.3400000,0.3400000,430.000
16798_090101_130416,D,20120525,000000,0.3025000,0.3322000,0.3025000,0.3322000,30.000
16798_090101_130416,D,20120529,000000,0.3400000,0.3400000,0.3250000,0.3250000,1.670.000
16798_090101_130416,D,20120604,000000,0.3220000,0.3500000,0.3220000,0.3500000,510.000
16798_090101_130416,D,20120606,000000,0.3400000,0.3470000,0.3300000,0.3300000,720.000
16798_090101_130416,D,20120607,000000,0.3234000,0.3234000,0.3100000,0.3200000,990.000
16798_090101_130416,D,20120615,000000,0.3288000,0.3288000,0.3046000,0.3046000,130.000
16798_090101_130416,D,20120629,000000,0.3029000,0.3327000,0.3029000,0.3327000,20.000
16798_090101_130416,D,20120702,000000,0.3200000,0.3200000,0.3200000,0.3200000,10.000
16798_090101_130416,D,20120704,000000,0.3200000,0.3200000,0.3200000,0.3200000,20.000
16798_090101_130416,D,20120706,000000,0.3035000,0.3035000,0.3035000,0.3035000,10.000
16798_090101_130416,D,20120710,000000,0.3100000,0.3100000,0.3100000,0.3100000,20.000
16798_090101_130416,D,20120711,000000,0.3101000,0.3150000,0.3100000,0.3150000,70.000
16798_090101_130416,D,20120717,000000,0.3140000,0.3294000,0.3140000,0.3294000,40.000
16798_090101_130416,D,20120718,000000,0.3199000,0.3200000,0.3199000,0.3200000,60.000
16798_090101_130416,D,20120719,000000,0.3200000,0.3200000,0.3200000,0.3200000,590.000
16798_090101_130416,D,20120724,000000,0.3150000,0.3200000,0.3150000,0.3168000,190.000
16798_090101_130416,D,20120730,000000,0.3311000,0.3311000,0.3311000,0.3311000,10.000
16798_090101_130416,D,20120731,000000,0.3089000,0.3089000,0.3089000,0.3089000,60.000
16798_090101_130416,D,20120801,000000,0.3089000,0.3089000,0.3070000,0.3070000,400.000
16798_090101_130416,D,20120802,000000,0.3070000,0.3070000,0.3017000,0.3017000,60.000
16798_090101_130416,D,20120806,000000,0.3010000,0.3081000,0.3000000,0.3081000,190.000
16798_090101_130416,D,20120807,000000,0.3081000,0.3081000,0.3081000,0.3081000,10.000
16798_090101_130416,D,20120808,000000,0.3081000,0.3081000,0.3081000,0.3081000,10.000
16798_090101_130416,D,20120810,000000,0.3010000,0.3010000,0.3000000,0.3001000,360.000
16798_090101_130416,D,20120814,000000,0.3000000,0.3030000,0.3000000,0.3030000,30.000
16798_090101_130416,D,20120815,000000,0.3088000,0.3088000,0.3088000,0.3088000,10.000
16798_090101_130416,D,20120817,000000,0.2928000,0.2935000,0.2907000,0.2934000,200.000
16798_090101_130416,D,20120820,000000,0.2926000,0.2926000,0.2920000,0.2920000,200.000
16798_090101_130416,D,20120822,000000,0.2925000,0.2925000,0.2900000,0.2900000,200.000
16798_090101_130416,D,20120824,000000,0.3070000,0.3070000,0.2960000,0.3019000,110.000
16798_090101_130416,D,20120827,000000,0.2990000,0.3048000,0.2990000,0.3005000,400.000
16798_090101_130416,D,20120828,000000,0.3001000,0.3017000,0.3001000,0.3012000,80.000
16798_090101_130416,D,20120829,000000,0.3061000,0.3061000,0.3000000,0.3000000,1.110.000
16798_090101_130416,D,20120830,000000,0.3010000,0.3010000,0.3001000,0.3001000,40.000
16798_090101_130416,D,20120831,000000,0.3001000,0.3001000,0.3000000,0.3000000,20.000
16798_090101_130416,D,20120903,000000,0.2955000,0.3089000,0.2955000,0.3000000,760.000
16798_090101_130416,D,20120904,000000,0.2991000,0.2991000,0.2986000,0.2990000,390.000
16798_090101_130416,D,20120906,000000,0.3000000,0.3082000,0.3000000,0.3001000,40.000
16798_090101_130416,D,20120907,000000,0.3039000,0.3040000,0.3001000,0.3002000,410.000
16798_090101_130416,D,20120910,000000,0.3002000,0.3019000,0.2926000,0.3017000,390.000
16798_090101_130416,D,20120911,000000,0.3019000,0.3020000,0.3019000,0.3020000,100.000
16798_090101_130416,D,20120912,000000,0.2941000,0.3000000,0.2941000,0.3000000,360.000
16798_090101_130416,D,20120913,000000,0.3000000,0.3000000,0.3000000,0.3000000,20.000
16798_090101_130416,D,20120914,000000,0.3100000,0.3100000,0.3000000,0.3079000,440.000
16798_090101_130416,D,20120917,000000,0.3030000,0.3088000,0.3000000,0.3088000,2.790.000
16798_090101_130416,D,20120918,000000,0.3026000,0.3076000,0.3000000,0.3001000,4.650.000
16798_090101_130416,D,20120919,000000,0.2988000,0.2988000,0.2970000,0.2970000,200.000
16798_090101_130416,D,20120920,000000,0.3045000,0.3045000,0.3039000,0.3039000,20.000
16798_090101_130416,D,20120921,000000,0.3029000,0.3030000,0.3029000,0.3030000,180.000
16798_090101_130416,D,20120924,000000,0.3046000,0.3050000,0.3002000,0.3002000,2.060.000
16798_090101_130416,D,20120925,000000,0.3055000,0.3055000,0.3055000,0.3055000,20.000
16798_090101_130416,D,20120926,000000,0.2976000,0.2994000,0.2923000,0.2994000,210.000
16798_090101_130416,D,20120927,000000,0.3047000,0.3047000,0.3046000,0.3047000,2.170.000
16798_090101_130416,D,20121001,000000,0.2977000,0.3050000,0.2970000,0.3050000,370.000
16798_090101_130416,D,20121002,000000,0.3001000,0.3060000,0.3001000,0.3002000,1.680.000
16798_090101_130416,D,20121003,000000,0.3003000,0.3009000,0.3000000,0.3000000,100.000
16798_090101_130416,D,20121004,000000,0.2936000,0.2997000,0.2936000,0.2990000,210.000
16798_090101_130416,D,20121005,000000,0.2987000,0.2999000,0.2977000,0.2999000,420.000
16798_090101_130416,D,20121008,000000,0.2986000,0.3013000,0.2982000,0.2982000,270.000
16798_090101_130416,D,20121009,000000,0.2981000,0.2981000,0.2980000,0.2980000,50.000
16798_090101_130416,D,20121010,000000,0.2921000,0.2921000,0.2921000,0.2921000,10.000
16798_090101_130416,D,20121011,000000,0.3000000,0.3000000,0.2964000,0.3000000,810.000
16798_090101_130416,D,20121017,000000,0.2984000,0.2984000,0.2940000,0.2941000,300.000
16798_090101_130416,D,20121018,000000,0.2951000,0.2988000,0.2951000,0.2970000,380.000
16798_090101_130416,D,20121019,000000,0.2980000,0.2982000,0.2960000,0.2982000,400.000
16798_090101_130416,D,20121022,000000,0.2997000,0.3000000,0.2997000,0.3000000,70.000
16798_090101_130416,D,20121023,000000,0.2981000,0.3000000,0.2971000,0.3000000,130.000
16798_090101_130416,D,20121024,000000,0.2962000,0.2962000,0.2962000,0.2962000,10.000
16798_090101_130416,D,20121026,000000,0.2982000,0.2982000,0.2981000,0.2981000,100.000
16798_090101_130416,D,20121101,000000,0.2952000,0.2952000,0.2804000,0.2810000,2.140.000
16798_090101_130416,D,20121102,000000,0.2805000,0.2900000,0.2805000,0.2900000,2.870.000
16798_090101_130416,D,20121106,000000,0.2900000,0.2980000,0.2900000,0.2980000,490.000
16798_090101_130416,D,20121107,000000,0.2950000,0.2980000,0.2900000,0.2900000,210.000
16798_090101_130416,D,20121108,000000,0.2867000,0.2867000,0.2867000,0.2867000,20.000
16798_090101_130416,D,20121109,000000,0.2998000,0.2998000,0.2940000,0.2940000,130.000
16798_090101_130416,D,20121113,000000,0.2940000,0.2940000,0.2940000,0.2940000,10.000
16798_090101_130416,D,20121114,000000,0.2855000,0.2855000,0.2855000,0.2855000,10.000
16798_090101_130416,D,20121115,000000,0.2801000,0.2801000,0.2801000,0.2801000,30.000
16798_090101_130416,D,20121120,000000,0.2850000,0.2850000,0.2850000,0.2850000,10.000
16798_090101_130416,D,20121121,000000,0.2899000,0.2899000,0.2868000,0.2868000,30.000
16798_090101_130416,D,20121122,000000,0.2822000,0.2983000,0.2822000,0.2983000,20.000
16798_090101_130416,D,20121123,000000,0.2826000,0.2826000,0.2825000,0.2825000,20.000
16798_090101_130416,D,20121126,000000,0.2994000,0.2994000,0.2871000,0.2873000,150.000
16798_090101_130416,D,20121127,000000,0.2806000,0.2806000,0.2805000,0.2805000,70.000
16798_090101_130416,D,20121128,000000,0.2987000,0.2987000,0.2838000,0.2887000,50.000
16798_090101_130416,D,20121129,000000,0.2806000,0.2806000,0.2805000,0.2805000,20.000
16798_090101_130416,D,20121130,000000,0.2801000,0.2883000,0.2800000,0.2883000,440.000
16798_090101_130416,D,20121203,000000,0.2847000,0.2851000,0.2845000,0.2851000,130.000
16798_090101_130416,D,20121204,000000,0.2801000,0.2830000,0.2801000,0.2830000,60.000
16798_090101_130416,D,20121205,000000,0.2879000,0.2879000,0.2811000,0.2838000,70.000
16798_090101_130416,D,20121206,000000,0.2801000,0.2837000,0.2780000,0.2780000,950.000
16798_090101_130416,D,20121207,000000,0.2800000,0.2814000,0.2773000,0.2778000,240.000
16798_090101_130416,D,20121210,000000,0.2809000,0.2826000,0.2780000,0.2826000,250.000
16798_090101_130416,D,20121212,000000,0.2721000,0.2762000,0.2719000,0.2740000,1.060.000
16798_090101_130416,D,20121213,000000,0.2731000,0.2849000,0.2730000,0.2765000,270.000
16798_090101_130416,D,20121214,000000,0.2782000,0.2782000,0.2782000,0.2782000,10.000
16798_090101_130416,D,20121217,000000,0.2779000,0.2779000,0.2759000,0.2759000,50.000
16798_090101_130416,D,20121218,000000,0.2722000,0.2722000,0.2722000,0.2722000,60.000
16798_090101_130416,D,20121219,000000,0.2747000,0.2771000,0.2747000,0.2771000,60.000
16798_090101_130416,D,20121220,000000,0.2750000,0.2750000,0.2750000,0.2750000,10.000
16798_090101_130416,D,20121221,000000,0.2800000,0.2800000,0.2800000,0.2800000,290.000
16798_090101_130416,D,20121224,000000,0.2799000,0.2880000,0.2798000,0.2880000,190.000
16798_090101_130416,D,20121225,000000,0.2788000,0.2810000,0.2757000,0.2757000,140.000
16798_090101_130416,D,20121226,000000,0.2729000,0.2779000,0.2722000,0.2779000,1.060.000
16798_090101_130416,D,20121227,000000,0.2772000,0.2775000,0.2760000,0.2760000,50.000
16798_090101_130416,D,20121228,000000,0.2788000,0.2799000,0.2764000,0.2764000,940.000
16798_090101_130416,D,20130109,000000,0.2810000,0.2810000,0.2764000,0.2764000,90.000
16798_090101_130416,D,20130110,000000,0.2720000,0.2779000,0.2720000,0.2778000,50.000
16798_090101_130416,D,20130111,000000,0.2763000,0.2763000,0.2760000,0.2760000,100.000
16798_090101_130416,D,20130114,000000,0.2741000,0.2741000,0.2730000,0.2731000,390.000
16798_090101_130416,D,20130115,000000,0.2759000,0.2774000,0.2759000,0.2774000,20.000
16798_090101_130416,D,20130116,000000,0.2757000,0.2760000,0.2750000,0.2750000,90.000
16798_090101_130416,D,20130117,000000,0.2759000,0.2975000,0.2759000,0.2868000,3.700.000
16798_090101_130416,D,20130118,000000,0.2851000,0.2858000,0.2850000,0.2858000,400.000
16798_090101_130416,D,20130121,000000,0.2834000,0.2834000,0.2800000,0.2800000,860.000
16798_090101_130416,D,20130124,000000,0.2800000,0.2816000,0.2779000,0.2800000,260.000
16798_090101_130416,D,20130125,000000,0.2788000,0.2800000,0.2750000,0.2800000,730.000
16798_090101_130416,D,20130128,000000,0.2777000,0.2777000,0.2777000,0.2777000,10.000
16798_090101_130416,D,20130129,000000,0.2790000,0.2809000,0.2790000,0.2800000,260.000
16798_090101_130416,D,20130130,000000,0.2809000,0.2809000,0.2794000,0.2794000,50.000
16798_090101_130416,D,20130204,000000,0.2778000,0.2779000,0.2778000,0.2778000,50.000
16798_090101_130416,D,20130206,000000,0.2788000,0.2799000,0.2788000,0.2799000,60.000
16798_090101_130416,D,20130207,000000,0.2843000,0.2843000,0.2843000,0.2843000,10.000
16798_090101_130416,D,20130208,000000,0.2791000,0.2842000,0.2777000,0.2777000,180.000
16798_090101_130416,D,20130211,000000,0.2771000,0.2771000,0.2751000,0.2751000,120.000
16798_090101_130416,D,20130212,000000,0.2800000,0.2973000,0.2800000,0.2973000,70.000
16798_090101_130416,D,20130213,000000,0.2741000,0.2849000,0.2740000,0.2848000,1.590.000
16798_090101_130416,D,20130214,000000,0.2845000,0.2845000,0.2773000,0.2800000,870.000
16798_090101_130416,D,20130215,000000,0.2800000,0.2800000,0.2770000,0.2800000,180.000
16798_090101_130416,D,20130219,000000,0.2800000,0.2800000,0.2710000,0.2800000,520.000
16798_090101_130416,D,20130220,000000,0.2786000,0.2800000,0.2773000,0.2800000,480.000
16798_090101_130416,D,20130221,000000,0.2767000,0.2799000,0.2764000,0.2799000,190.000
16798_090101_130416,D,20130225,000000,0.2707000,0.2799000,0.2700000,0.2799000,70.000
16798_090101_130416,D,20130226,000000,0.2760000,0.2760000,0.2751000,0.2751000,70.000
16798_090101_130416,D,20130227,000000,0.2730000,0.2730000,0.2700000,0.2700000,100.000
16798_090101_130416,D,20130228,000000,0.2707000,0.2707000,0.2707000,0.2707000,20.000
16798_090101_130416,D,20130304,000000,0.2708000,0.2708000,0.2590000,0.2600000,2.700.000
16798_090101_130416,D,20130305,000000,0.2633000,0.2650000,0.2524000,0.2524000,1.210.000
16798_090101_130416,D,20130306,000000,0.2502000,0.2559000,0.2464000,0.2559000,510.000
16798_090101_130416,D,20130307,000000,0.2596000,0.2599000,0.2537000,0.2537000,240.000
16798_090101_130416,D,20130313,000000,0.2600000,0.2600000,0.2600000,0.2600000,10.000
16798_090101_130416,D,20130315,000000,0.2593000,0.2600000,0.2550000,0.2571000,360.000
16798_090101_130416,D,20130318,000000,0.2550000,0.2550000,0.2537000,0.2537000,40.000
16798_090101_130416,D,20130319,000000,0.2505000,0.2597000,0.2426000,0.2597000,140.000
16798_090101_130416,D,20130322,000000,0.2502000,0.2502000,0.2501000,0.2501000,130.000
16798_090101_130416,D,20130325,000000,0.2408000,0.2448000,0.2327000,0.2327000,1.900.000
16798_090101_130416,D,20130326,000000,0.2327000,0.2327000,0.2212000,0.2212000,70.000
16798_090101_130416,D,20130328,000000,0.2331000,0.2400000,0.2331000,0.2400000,300.000
