<TICKER>,<PER>,<DATE>,<TIME>,<OPEN>,<HIGH>,<LOW>,<CLOSE>,<VOL>
17067_090101_130416,D,20090111,000000,95.9800000,97.0000000,95.9800000,97.0000000,119
17067_090101_130416,D,20090112,000000,98.0000000,98.0000000,93.1000000,97.9800000,62
17067_090101_130416,D,20090113,000000,96.0300000,97.0000000,96.0300000,97.0000000,87
17067_090101_130416,D,20090114,000000,96.9800000,97.0000000,92.0300000,92.1000000,2.955
17067_090101_130416,D,20090115,000000,90.0700000,90.0700000,85.0000000,85.5300000,7.167
17067_090101_130416,D,20090116,000000,85.0100000,88.9900000,85.0000000,85.0000000,1.183
17067_090101_130416,D,20090119,000000,75.0100000,85.9800000,75.0100000,81.5000000,62
17067_090101_130416,D,20090120,000000,80.0000000,83.7700000,76.4200000,83.7700000,2.308
17067_090101_130416,D,20090121,000000,83.8900000,83.9000000,81.0000000,81.0000000,230
17067_090101_130416,D,20090122,000000,81.0200000,82.2100000,75.1500000,75.1500000,99
17067_090101_130416,D,20090123,000000,70.0300000,79.6900000,70.0300000,73.0000000,800
17067_090101_130416,D,20090126,000000,78.7700000,84.0000000,70.7500000,72.6700000,7.368
17067_090101_130416,D,20090127,000000,72.9000000,73.0000000,70.0000000,70.0000000,1.103
17067_090101_130416,D,20090128,000000,71.0000000,74.9800000,70.0000000,73.0000000,1.447
17067_090101_130416,D,20090129,000000,71.3000000,71.3000000,70.0000000,71.2900000,212
17067_090101_130416,D,20090130,000000,72.6000000,72.6000000,70.0000000,71.4100000,1.509
17067_090101_130416,D,20090202,000000,71.5000000,71.5000000,69.9900000,71.4900000,220
17067_090101_130416,D,20090203,000000,70.1000000,71.4800000,65.1700000,69.5000000,681
17067_090101_130416,D,20090204,000000,71.0000000,73.0000000,69.0000000,72.0000000,575
17067_090101_130416,D,20090205,000000,71.9800000,72.4900000,68.2500000,70.0000000,329
17067_090101_130416,D,20090206,000000,71.0000000,71.9700000,69.5000000,71.9000000,638
17067_090101_130416,D,20090209,000000,71.9800000,74.9800000,68.5200000,72.6900000,1.629
17067_090101_130416,D,20090210,000000,73.5000000,78.0000000,73.0000000,77.9900000,3.541
17067_090101_130416,D,20090211,000000,77.8900000,79.4500000,75.0000000,78.2400000,548
17067_090101_130416,D,20090212,000000,79.9800000,82.5000000,77.0000000,78.5100000,2.207
17067_090101_130416,D,20090213,000000,77.5500000,84.9800000,77.5500000,80.1800000,1.507
17067_090101_130416,D,20090216,000000,83.9500000,84.0000000,82.0000000,83.0000000,268
17067_090101_130416,D,20090217,000000,82.8000000,83.0000000,73.0000000,75.0000000,908
17067_090101_130416,D,20090218,000000,73.1500000,75.8000000,70.0200000,75.8000000,775
17067_090101_130416,D,20090219,000000,75.0000000,81.0000000,74.5000000,80.0000000,1.844
17067_090101_130416,D,20090220,000000,74.0100000,79.9000000,74.0000000,78.5000000,990
17067_090101_130416,D,20090224,000000,79.7900000,81.8000000,79.7900000,81.0000000,1.349
17067_090101_130416,D,20090225,000000,80.0000000,81.9200000,79.3000000,80.8500000,1.193
17067_090101_130416,D,20090226,000000,79.1100000,97.0000000,79.0000000,94.4000000,3.713
17067_090101_130416,D,20090227,000000,95.0000000,95.0000000,83.5000000,86.4000000,1.588
17067_090101_130416,D,20090302,000000,84.0200000,84.9800000,84.0200000,84.9800000,6
17067_090101_130416,D,20090303,000000,84.7800000,84.8000000,84.4700000,84.4700000,43
17067_090101_130416,D,20090304,000000,85.4000000,87.0000000,83.5100000,86.6000000,1.153
17067_090101_130416,D,20090305,000000,86.8900000,92.8500000,84.0500000,85.0000000,760
17067_090101_130416,D,20090306,000000,87.9800000,90.0000000,85.0600000,88.9900000,1.192
17067_090101_130416,D,20090310,000000,89.6900000,91.5000000,87.0500000,91.5000000,1.715
17067_090101_130416,D,20090311,000000,91.2000000,92.5000000,88.0000000,92.5000000,1.406
17067_090101_130416,D,20090312,000000,90.0100000,110.9900000,90.0000000,102.0000000,797
17067_090101_130416,D,20090313,000000,105.0000000,115.0000000,93.0100000,100.0000000,816
17067_090101_130416,D,20090316,000000,100.0000000,105.0000000,99.0000000,104.0000000,101
17067_090101_130416,D,20090317,000000,110.0000000,110.0000000,98.0000000,103.5000000,1.470
17067_090101_130416,D,20090318,000000,108.3000000,108.3000000,97.3000000,107.0000000,1.890
17067_090101_130416,D,20090319,000000,107.9700000,115.3300000,106.0000000,109.4800000,2.433
17067_090101_130416,D,20090320,000000,110.0000000,117.9900000,105.0000000,117.9900000,3.418
17067_090101_130416,D,20090323,000000,122.0000000,122.0000000,111.0000000,119.5000000,4.322
17067_090101_130416,D,20090324,000000,120.0000000,125.0000000,104.0000000,108.0000000,4.562
17067_090101_130416,D,20090325,000000,114.0000000,123.9900000,109.0900000,121.9900000,4.320
17067_090101_130416,D,20090326,000000,123.9500000,123.9500000,118.2000000,120.0000000,2.534
17067_090101_130416,D,20090327,000000,122.9900000,122.9900000,111.1000000,114.0000000,2.460
17067_090101_130416,D,20090330,000000,114.0000000,117.0000000,111.5000000,114.0100000,244
17067_090101_130416,D,20090331,000000,120.4900000,128.9900000,117.8000000,122.5000000,1.738
17067_090101_130416,D,20090401,000000,129.9900000,132.0000000,126.0000000,128.0000000,1.147
17067_090101_130416,D,20090402,000000,129.0000000,131.9000000,126.0300000,129.3000000,2.011
17067_090101_130416,D,20090403,000000,134.0000000,149.0000000,130.0000000,138.4700000,717
17067_090101_130416,D,20090406,000000,150.0000000,150.0000000,130.0000000,132.0000000,1.686
17067_090101_130416,D,20090407,000000,132.0000000,137.8900000,131.3500000,134.0000000,1.614
17067_090101_130416,D,20090408,000000,124.2700000,141.8800000,124.2700000,141.8800000,7.858
17067_090101_130416,D,20090409,000000,148.0000000,179.0000000,148.0000000,179.0000000,5.341
17067_090101_130416,D,20090410,000000,200.0000000,200.0000000,177.8600000,190.0000000,1.930
17067_090101_130416,D,20090413,000000,196.1000000,215.0000000,186.0000000,196.5000000,2.120
17067_090101_130416,D,20090414,000000,185.5000000,222.0000000,181.1000000,221.9900000,7.690
17067_090101_130416,D,20090415,000000,228.5000000,228.5000000,191.0200000,209.5000000,914
17067_090101_130416,D,20090416,000000,214.0100000,224.0200000,200.0000000,206.0000000,977
17067_090101_130416,D,20090417,000000,196.7000000,202.9500000,194.0000000,197.0000000,1.983
17067_090101_130416,D,20090420,000000,202.9300000,202.9300000,185.0000000,185.0000000,489
17067_090101_130416,D,20090421,000000,185.0500000,199.6700000,179.0000000,189.0000000,302
17067_090101_130416,D,20090422,000000,190.0000000,199.8900000,185.0000000,193.0000000,821
17067_090101_130416,D,20090423,000000,196.9400000,196.9400000,185.0000000,196.0000000,2.289
17067_090101_130416,D,20090424,000000,190.0000000,199.9800000,180.0000000,194.8900000,583
17067_090101_130416,D,20090427,000000,180.0700000,190.5000000,175.4000000,184.4800000,547
17067_090101_130416,D,20090428,000000,170.5000000,189.0000000,150.1000000,189.0000000,5.210
17067_090101_130416,D,20090429,000000,185.1300000,197.9900000,180.0000000,189.9900000,2.090
17067_090101_130416,D,20090430,000000,191.9400000,191.9400000,182.2100000,189.6500000,2.812
17067_090101_130416,D,20090504,000000,190.0000000,250.0000000,182.0000000,225.0000000,16.579
17067_090101_130416,D,20090505,000000,241.0000000,249.9900000,215.0700000,228.0000000,3.844
17067_090101_130416,D,20090506,000000,225.0000000,261.0000000,214.0300000,260.0000000,6.249
17067_090101_130416,D,20090507,000000,265.0000000,330.0000000,244.2000000,283.1200000,14.449
17067_090101_130416,D,20090508,000000,282.0000000,319.6000000,240.0000000,303.9900000,8.074
17067_090101_130416,D,20090512,000000,298.0000000,344.7500000,270.0000000,330.1200000,6.955
17067_090101_130416,D,20090513,000000,334.0700000,348.9900000,272.0000000,278.7000000,4.743
17067_090101_130416,D,20090514,000000,270.0000000,284.8900000,260.0000000,284.8900000,797
17067_090101_130416,D,20090515,000000,285.1200000,335.0000000,285.1200000,319.9400000,920
17067_090101_130416,D,20090518,000000,314.0000000,320.0000000,300.0000000,320.0000000,769
17067_090101_130416,D,20090519,000000,325.0000000,333.0000000,300.0000000,318.5000000,2.274
17067_090101_130416,D,20090520,000000,317.9500000,328.7000000,310.0000000,324.8900000,1.265
17067_090101_130416,D,20090521,000000,328.0000000,328.0000000,300.0000000,314.8200000,1.658
17067_090101_130416,D,20090522,000000,317.9500000,318.5000000,300.2000000,313.9900000,385
17067_090101_130416,D,20090525,000000,328.0000000,328.0000000,300.0000000,309.0000000,1.537
17067_090101_130416,D,20090526,000000,315.0000000,315.0000000,285.0000000,299.9900000,599
17067_090101_130416,D,20090527,000000,308.9000000,308.9500000,299.5000000,304.3400000,1.958
17067_090101_130416,D,20090528,000000,304.3400000,310.0000000,300.0000000,306.9500000,174
17067_090101_130416,D,20090529,000000,313.0000000,340.0000000,308.0000000,325.0000000,9.056
17067_090101_130416,D,20090601,000000,332.0000000,379.0000000,330.0000000,352.0000000,1.671
17067_090101_130416,D,20090602,000000,353.0000000,385.0000000,340.0100000,370.0000000,17.437
17067_090101_130416,D,20090603,000000,379.0000000,380.0000000,333.5500000,345.0000000,3.696
17067_090101_130416,D,20090604,000000,353.0000000,353.0000000,330.0000000,340.0000000,553
17067_090101_130416,D,20090605,000000,353.0000000,361.0000000,320.0000000,326.0100000,1.416
17067_090101_130416,D,20090608,000000,310.1000000,340.0000000,310.0000000,324.9400000,1.235
17067_090101_130416,D,20090609,000000,329.2900000,329.2900000,308.0000000,323.9300000,319
17067_090101_130416,D,20090610,000000,322.9800000,341.0000000,315.9500000,332.9900000,2.574
17067_090101_130416,D,20090611,000000,335.0000000,335.0000000,310.5000000,324.9900000,704
17067_090101_130416,D,20090615,000000,305.0000000,310.0000000,296.0100000,309.9000000,1.595
17067_090101_130416,D,20090616,000000,305.0000000,305.0000000,300.0000000,305.0000000,578
17067_090101_130416,D,20090617,000000,299.0200000,299.0200000,274.0000000,286.0000000,1.369
17067_090101_130416,D,20090618,000000,286.0000000,286.0000000,250.0000000,284.0000000,1.824
17067_090101_130416,D,20090619,000000,300.0000000,300.0000000,265.0000000,284.0000000,507
17067_090101_130416,D,20090622,000000,290.0000000,290.0000000,245.2200000,246.0100000,948
17067_090101_130416,D,20090623,000000,241.0000000,254.0000000,221.0000000,248.0000000,376
17067_090101_130416,D,20090624,000000,265.0000000,284.0000000,260.0000000,283.0000000,541
17067_090101_130416,D,20090625,000000,283.0000000,299.6000000,260.1100000,286.0000000,1.199
17067_090101_130416,D,20090626,000000,298.9000000,299.0000000,292.0000000,297.7000000,799
17067_090101_130416,D,20090629,000000,292.0000000,296.0000000,290.0000000,295.0000000,849
17067_090101_130416,D,20090630,000000,299.0000000,299.0000000,290.0000000,295.0000000,574
17067_090101_130416,D,20090701,000000,307.0000000,307.0000000,290.0000000,295.0000000,63
17067_090101_130416,D,20090702,000000,282.1000000,285.0000000,282.0000000,285.0000000,637
17067_090101_130416,D,20090703,000000,270.0000000,274.5000000,260.0500000,274.5000000,1.875
17067_090101_130416,D,20090706,000000,255.3500000,276.3000000,255.3500000,276.2900000,255
17067_090101_130416,D,20090707,000000,241.0000000,276.3000000,232.0000000,276.0000000,274
17067_090101_130416,D,20090708,000000,265.0000000,270.0000000,256.0200000,257.0100000,541
17067_090101_130416,D,20090709,000000,290.0000000,290.0000000,290.0000000,290.0000000,1
17067_090101_130416,D,20090710,000000,268.9800000,268.9900000,255.5500000,255.5500000,175
17067_090101_130416,D,20090713,000000,242.0000000,269.8900000,242.0000000,269.8900000,540
17067_090101_130416,D,20090714,000000,271.0000000,279.9400000,263.0000000,279.9400000,215
17067_090101_130416,D,20090715,000000,260.0600000,280.0000000,260.0600000,280.0000000,70
17067_090101_130416,D,20090716,000000,282.9800000,282.9800000,282.9800000,282.9800000,44
17067_090101_130416,D,20090717,000000,283.0000000,283.0000000,279.0000000,280.0000000,208
17067_090101_130416,D,20090720,000000,278.0000000,279.9900000,270.0000000,279.9900000,328
17067_090101_130416,D,20090721,000000,281.0000000,281.0000000,271.0000000,279.9900000,43
17067_090101_130416,D,20090722,000000,261.2600000,282.0000000,261.2500000,282.0000000,3.074
17067_090101_130416,D,20090723,000000,288.0000000,300.0000000,287.0000000,296.7000000,284
17067_090101_130416,D,20090724,000000,298.0000000,298.0000000,290.0000000,295.0000000,97
17067_090101_130416,D,20090727,000000,316.2300000,320.0000000,297.0000000,309.9700000,639
17067_090101_130416,D,20090728,000000,315.0000000,315.0000000,296.1400000,306.0000000,6.828
17067_090101_130416,D,20090729,000000,294.0000000,300.0000000,262.0000000,285.0000000,1.782
17067_090101_130416,D,20090730,000000,280.0000000,310.0000000,280.0000000,310.0000000,449
17067_090101_130416,D,20090731,000000,310.0000000,310.0000000,296.0100000,305.0000000,53
17067_090101_130416,D,20090803,000000,311.0000000,318.0000000,308.0000000,318.0000000,569
17067_090101_130416,D,20090804,000000,311.0000000,318.0000000,303.0000000,306.0000000,438
17067_090101_130416,D,20090805,000000,315.0000000,340.0000000,310.0000000,336.8900000,2.232
17067_090101_130416,D,20090806,000000,345.0000000,357.9900000,318.0000000,327.9800000,4.291
17067_090101_130416,D,20090807,000000,334.1000000,339.9800000,322.0000000,327.9900000,868
17067_090101_130416,D,20090810,000000,342.9500000,342.9500000,317.0100000,337.5000000,181
17067_090101_130416,D,20090811,000000,343.0000000,343.0000000,320.0000000,337.9900000,804
17067_090101_130416,D,20090812,000000,325.0000000,328.4000000,305.0000000,319.4500000,2.922
17067_090101_130416,D,20090813,000000,322.0000000,338.0000000,317.0000000,333.9000000,2.590
17067_090101_130416,D,20090814,000000,338.8800000,338.8800000,317.0000000,326.0000000,300
17067_090101_130416,D,20090817,000000,310.0000000,326.9600000,310.0000000,320.0000000,105
17067_090101_130416,D,20090818,000000,326.0000000,326.0000000,310.1300000,318.0000000,29
17067_090101_130416,D,20090819,000000,319.0000000,319.0000000,290.2500000,317.9700000,261
17067_090101_130416,D,20090820,000000,317.9900000,320.0000000,300.0500000,320.0000000,3.364
17067_090101_130416,D,20090821,000000,324.7800000,325.0000000,315.0000000,324.9900000,1.047
17067_090101_130416,D,20090824,000000,270.0000000,339.7000000,270.0000000,330.0000000,1.212
17067_090101_130416,D,20090825,000000,327.0000000,335.0000000,318.0000000,334.9900000,1.840
17067_090101_130416,D,20090826,000000,334.0000000,337.9900000,315.6000000,330.0000000,321
17067_090101_130416,D,20090827,000000,330.0000000,348.9900000,320.2700000,332.7900000,1.790
17067_090101_130416,D,20090828,000000,333.0000000,339.4400000,326.0500000,327.0000000,397
17067_090101_130416,D,20090831,000000,338.0000000,338.0000000,322.0200000,322.0200000,2.645
17067_090101_130416,D,20090901,000000,324.5000000,335.9800000,324.5000000,335.3400000,701
17067_090101_130416,D,20090902,000000,337.9000000,347.9500000,325.7300000,343.9900000,2.156
17067_090101_130416,D,20090903,000000,350.0000000,355.0000000,345.0000000,345.0000000,2.209
17067_090101_130416,D,20090904,000000,350.0000000,379.0000000,345.1100000,377.9000000,6.755
17067_090101_130416,D,20090907,000000,384.0000000,408.9900000,375.7700000,390.0000000,1.233
17067_090101_130416,D,20090908,000000,385.1100000,434.0000000,385.1100000,430.0000000,6.773
17067_090101_130416,D,20090909,000000,430.0000000,430.0000000,419.0100000,428.0000000,85
17067_090101_130416,D,20090910,000000,430.0000000,430.0000000,395.0300000,402.5000000,2.538
17067_090101_130416,D,20090911,000000,405.0000000,415.0000000,405.0000000,408.5000000,790
17067_090101_130416,D,20090914,000000,449.9900000,449.9900000,400.0000000,413.6100000,601
17067_090101_130416,D,20090915,000000,417.7600000,449.9900000,417.4900000,420.0000000,1.869
17067_090101_130416,D,20090916,000000,449.0000000,476.0000000,420.0000000,420.0000000,8.633
17067_090101_130416,D,20090917,000000,430.0000000,440.0000000,400.1200000,402.0000000,1.088
17067_090101_130416,D,20090918,000000,405.0000000,412.9900000,400.0000000,405.0300000,160
17067_090101_130416,D,20090921,000000,401.1100000,419.9800000,401.0000000,408.9600000,1.363
17067_090101_130416,D,20090922,000000,414.7800000,439.7000000,412.2600000,428.4100000,1.673
17067_090101_130416,D,20090923,000000,440.0000000,448.0000000,421.0000000,421.5100000,827
17067_090101_130416,D,20090924,000000,420.0000000,424.3900000,410.0100000,415.0000000,162
17067_090101_130416,D,20090925,000000,405.0400000,420.0000000,405.0400000,415.0000000,137
17067_090101_130416,D,20090928,000000,424.0000000,424.0000000,410.2800000,416.1000000,1.073
17067_090101_130416,D,20090929,000000,405.0200000,440.0000000,405.0100000,420.1500000,994
17067_090101_130416,D,20090930,000000,411.1100000,480.0000000,405.0000000,440.0000000,9.009
17067_090101_130416,D,20091001,000000,458.9900000,458.9900000,430.0000000,436.4100000,137
17067_090101_130416,D,20091002,000000,419.9800000,429.6600000,415.0000000,415.4000000,427
17067_090101_130416,D,20091005,000000,425.0000000,440.0000000,415.5500000,415.5800000,105
17067_090101_130416,D,20091006,000000,434.0200000,435.0000000,416.1700000,425.0000000,373
17067_090101_130416,D,20091007,000000,434.9000000,435.0000000,420.7500000,421.5200000,1.177
17067_090101_130416,D,20091008,000000,421.5200000,450.0000000,421.5200000,430.0000000,143
17067_090101_130416,D,20091009,000000,445.4900000,445.4900000,422.6200000,423.0000000,3.506
17067_090101_130416,D,20091012,000000,428.1100000,428.1100000,415.0000000,420.0000000,904
17067_090101_130416,D,20091013,000000,422.7700000,431.1700000,415.0000000,417.0000000,905
17067_090101_130416,D,20091014,000000,422.7700000,439.0000000,410.0000000,410.0000000,1.808
17067_090101_130416,D,20091015,000000,414.4900000,414.4900000,382.0000000,395.9600000,1.107
17067_090101_130416,D,20091016,000000,408.7700000,408.7700000,384.0100000,400.0000000,965
17067_090101_130416,D,20091019,000000,398.2700000,405.0000000,395.0000000,405.0000000,628
17067_090101_130416,D,20091020,000000,406.2800000,409.0000000,403.0000000,403.0000000,437
17067_090101_130416,D,20091021,000000,402.2500000,402.2500000,398.2700000,400.0000000,70
17067_090101_130416,D,20091022,000000,380.0000000,402.2300000,380.0000000,397.9800000,2.437
17067_090101_130416,D,20091023,000000,400.0000000,402.2500000,395.5000000,402.2500000,39
17067_090101_130416,D,20091026,000000,398.2700000,405.3000000,398.2700000,405.3000000,24
17067_090101_130416,D,20091027,000000,398.5600000,400.0000000,390.0000000,394.3300000,934
17067_090101_130416,D,20091028,000000,390.4200000,404.0000000,380.0000000,404.0000000,1.666
17067_090101_130416,D,20091029,000000,380.0000000,410.0000000,370.0200000,399.0000000,4.498
17067_090101_130416,D,20091030,000000,402.2500000,402.2500000,380.4000000,389.9800000,92
17067_090101_130416,D,20091102,000000,382.9900000,383.0000000,380.2000000,382.0000000,577
17067_090101_130416,D,20091103,000000,395.0000000,395.0000000,374.9700000,378.0200000,508
17067_090101_130416,D,20091105,000000,375.0000000,398.0000000,351.4000000,386.4100000,2.983
17067_090101_130416,D,20091106,000000,400.0000000,400.0000000,380.0000000,395.0000000,1.073
17067_090101_130416,D,20091109,000000,395.4900000,399.0000000,380.0000000,394.0000000,4.454
17067_090101_130416,D,20091110,000000,398.2700000,398.2700000,380.0300000,390.4200000,2.980
17067_090101_130416,D,20091111,000000,390.0000000,399.0000000,390.0000000,398.0000000,2.185
17067_090101_130416,D,20091112,000000,396.0000000,396.0000000,396.0000000,396.0000000,5
17067_090101_130416,D,20091113,000000,390.5500000,394.9500000,390.4200000,394.9500000,7
17067_090101_130416,D,20091116,000000,396.0000000,405.0000000,390.4200000,405.0000000,2.952
17067_090101_130416,D,20091117,000000,398.2700000,425.0000000,370.0000000,422.5000000,4.247
17067_090101_130416,D,20091118,000000,416.5100000,419.0300000,409.0000000,412.5000000,9.772
17067_090101_130416,D,20091119,000000,410.5000000,416.0000000,410.0000000,416.0000000,933
17067_090101_130416,D,20091120,000000,405.0000000,424.9900000,405.0000000,424.9900000,386
17067_090101_130416,D,20091123,000000,425.0100000,449.0000000,424.9900000,439.0000000,6.887
17067_090101_130416,D,20091124,000000,439.0000000,440.0000000,424.1000000,438.0000000,900
17067_090101_130416,D,20091125,000000,435.0000000,435.0000000,420.0500000,429.9800000,861
17067_090101_130416,D,20091126,000000,424.8900000,444.8000000,405.0000000,410.0000000,2.143
17067_090101_130416,D,20091127,000000,402.2200000,429.9900000,391.0000000,429.9800000,2.418
17067_090101_130416,D,20091130,000000,424.8900000,426.0000000,406.3000000,420.6800000,372
17067_090101_130416,D,20091201,000000,420.0000000,430.0000000,413.0000000,420.6800000,649
17067_090101_130416,D,20091202,000000,424.5000000,480.0000000,424.5000000,455.0000000,3.721
17067_090101_130416,D,20091203,000000,455.5400000,467.6900000,440.0400000,440.0400000,3.160
17067_090101_130416,D,20091204,000000,446.1200000,485.0000000,446.1200000,482.9900000,6.180
17067_090101_130416,D,20091207,000000,485.0000000,485.0000000,468.0000000,480.0000000,1.526
17067_090101_130416,D,20091208,000000,470.5100000,472.8000000,465.0000000,465.0000000,770
17067_090101_130416,D,20091209,000000,459.9800000,479.0000000,454.0000000,460.0000000,1.789
17067_090101_130416,D,20091210,000000,471.7700000,473.8400000,462.3200000,468.9600000,440
17067_090101_130416,D,20091211,000000,475.0000000,475.0000000,460.0000000,462.4800000,110
17067_090101_130416,D,20091214,000000,471.7700000,473.8800000,449.6200000,450.0000000,2.136
17067_090101_130416,D,20091215,000000,452.0000000,464.0000000,452.0000000,452.0000000,2.769
17067_090101_130416,D,20091216,000000,462.2200000,480.0000000,462.2200000,468.0000000,489
17067_090101_130416,D,20091217,000000,462.1400000,480.0000000,450.0000000,478.7400000,4.935
17067_090101_130416,D,20091218,000000,470.0000000,472.0000000,457.0000000,472.0000000,377
17067_090101_130416,D,20091221,000000,461.3700000,470.0000000,450.4000000,465.0000000,558
17067_090101_130416,D,20091222,000000,461.1100000,461.5200000,458.0000000,460.0000000,186
17067_090101_130416,D,20091223,000000,456.1800000,469.7700000,456.0000000,469.7700000,2.071
17067_090101_130416,D,20091224,000000,461.1100000,465.0000000,458.0000000,463.0000000,1.223
17067_090101_130416,D,20091225,000000,457.0000000,460.0000000,450.0000000,457.0000000,371
17067_090101_130416,D,20091228,000000,457.5000000,460.0000000,457.0000000,460.0000000,406
17067_090101_130416,D,20091229,000000,459.9900000,465.0000000,457.0000000,460.1000000,1.011
17067_090101_130416,D,20091230,000000,462.0000000,462.0000000,450.0000000,457.0000000,1.717
17067_090101_130416,D,20091231,000000,451.7200000,465.0000000,451.6000000,451.6000000,147
17067_090101_130416,D,20100111,000000,458.5600000,496.0000000,458.5600000,483.9600000,3.080
17067_090101_130416,D,20100112,000000,475.0000000,517.0000000,475.0000000,500.0000000,4.193
17067_090101_130416,D,20100113,000000,492.4400000,507.0000000,491.0500000,507.0000000,2.400
17067_090101_130416,D,20100114,000000,537.0000000,558.0300000,500.0000000,551.1000000,3.762
17067_090101_130416,D,20100115,000000,560.0000000,580.0000000,549.6000000,569.9800000,3.320
17067_090101_130416,D,20100118,000000,570.9800000,589.9800000,561.6500000,573.5800000,614
17067_090101_130416,D,20100119,000000,562.0900000,575.0000000,552.2300000,565.0000000,4.285
17067_090101_130416,D,20100120,000000,575.9900000,576.0000000,550.0000000,570.5000000,4.025
17067_090101_130416,D,20100121,000000,552.7800000,554.0000000,540.0000000,549.0000000,1.786
17067_090101_130416,D,20100122,000000,535.0100000,545.0000000,510.0000000,515.1700000,7.480
17067_090101_130416,D,20100125,000000,502.1000000,520.0000000,502.1000000,502.1000000,3.370
17067_090101_130416,D,20100126,000000,503.3100000,506.7000000,485.0000000,506.7000000,1.940
17067_090101_130416,D,20100127,000000,498.3300000,507.0000000,482.2800000,504.9800000,1.214
17067_090101_130416,D,20100128,000000,503.3000000,538.8600000,503.3000000,510.0000000,3.320
17067_090101_130416,D,20100129,000000,505.0000000,508.3300000,498.3200000,500.0000000,237
17067_090101_130416,D,20100201,000000,498.3200000,500.0000000,482.0500000,500.0000000,299
17067_090101_130416,D,20100202,000000,503.3000000,534.0000000,503.3000000,511.0000000,1.501
17067_090101_130416,D,20100203,000000,513.4200000,530.0000000,505.0200000,514.0000000,2.678
17067_090101_130416,D,20100204,000000,518.5400000,518.5500000,499.0000000,507.9900000,410
17067_090101_130416,D,20100205,000000,498.3200000,503.2900000,470.0000000,493.0000000,1.726
17067_090101_130416,D,20100208,000000,493.0000000,505.0000000,479.9800000,480.0000000,1.259
17067_090101_130416,D,20100209,000000,488.6700000,497.1500000,470.0500000,488.6200000,161
17067_090101_130416,D,20100210,000000,493.3900000,498.3200000,473.0700000,488.6700000,156
17067_090101_130416,D,20100211,000000,498.3100000,500.3100000,470.0000000,475.6500000,588
17067_090101_130416,D,20100212,000000,485.0000000,485.0000000,455.0000000,479.0000000,1.469
17067_090101_130416,D,20100215,000000,480.0000000,485.6500000,460.1200000,483.0000000,250
17067_090101_130416,D,20100216,000000,480.0000000,495.8600000,465.1300000,493.0000000,2.469
17067_090101_130416,D,20100217,000000,497.1300000,498.0000000,490.0000000,490.0000000,191
17067_090101_130416,D,20100218,000000,487.3300000,487.3300000,470.0000000,481.9900000,757
17067_090101_130416,D,20100219,000000,481.9700000,481.9800000,468.4200000,477.0000000,219
17067_090101_130416,D,20100224,000000,477.7300000,477.7300000,465.0000000,466.0000000,231
17067_090101_130416,D,20100225,000000,472.5200000,479.7000000,465.4000000,474.8900000,65
17067_090101_130416,D,20100226,000000,471.0000000,482.4400000,470.0000000,482.1900000,117
17067_090101_130416,D,20100227,000000,482.5100000,497.1300000,481.0000000,492.2100000,2.540
17067_090101_130416,D,20100301,000000,497.0900000,497.1000000,486.0000000,490.0000000,638
17067_090101_130416,D,20100302,000000,490.0000000,490.0000000,477.7800000,489.0300000,1.976
17067_090101_130416,D,20100303,000000,482.5100000,487.2500000,473.1400000,486.9900000,179
17067_090101_130416,D,20100304,000000,482.5200000,495.0000000,482.0000000,486.3700000,957
17067_090101_130416,D,20100305,000000,490.2600000,494.5500000,483.3400000,491.0700000,402
17067_090101_130416,D,20100309,000000,494.9900000,494.9900000,470.0000000,491.0000000,1.650
17067_090101_130416,D,20100310,000000,490.9900000,492.0000000,485.0100000,488.0000000,599
17067_090101_130416,D,20100311,000000,488.9900000,492.0000000,484.0100000,485.0200000,169
17067_090101_130416,D,20100312,000000,489.9900000,500.0000000,487.9500000,495.3100000,5.075
17067_090101_130416,D,20100315,000000,494.0000000,495.9900000,485.0000000,490.0000000,1.208
17067_090101_130416,D,20100316,000000,490.0000000,494.1500000,480.0000000,487.9900000,2.309
17067_090101_130416,D,20100317,000000,488.0000000,490.9400000,482.0300000,489.9800000,912
17067_090101_130416,D,20100318,000000,490.0000000,490.9800000,486.0200000,490.5900000,1.257
17067_090101_130416,D,20100319,000000,489.9900000,490.0000000,482.0800000,482.0800000,311
17067_090101_130416,D,20100322,000000,482.1900000,486.9900000,482.0300000,485.9900000,702
17067_090101_130416,D,20100323,000000,486.5500000,490.0000000,473.8000000,482.0300000,1.287
17067_090101_130416,D,20100324,000000,482.3300000,482.3300000,476.0000000,477.0000000,320
17067_090101_130416,D,20100325,000000,473.9400000,484.0000000,473.0000000,484.0000000,637
17067_090101_130416,D,20100326,000000,477.5000000,486.4300000,476.1300000,486.4300000,503
17067_090101_130416,D,20100329,000000,481.5200000,486.6000000,477.8000000,481.0000000,1.101
17067_090101_130416,D,20100330,000000,481.0000000,483.9400000,472.0100000,483.9400000,946
17067_090101_130416,D,20100331,000000,477.7000000,480.9700000,472.0500000,480.9700000,597
17067_090101_130416,D,20100401,000000,481.9900000,484.9900000,475.0000000,481.4000000,1.242
17067_090101_130416,D,20100402,000000,476.0000000,481.4000000,472.0100000,480.0600000,882
17067_090101_130416,D,20100405,000000,480.5000000,480.5000000,465.0500000,470.0000000,5.410
17067_090101_130416,D,20100406,000000,466.7700000,473.0000000,462.3200000,467.0000000,5.094
17067_090101_130416,D,20100407,000000,469.2200000,472.7100000,462.1000000,466.0000000,2.071
17067_090101_130416,D,20100408,000000,460.1200000,468.5000000,456.0000000,465.2000000,1.324
17067_090101_130416,D,20100409,000000,456.9700000,465.0000000,455.1000000,462.9900000,999
17067_090101_130416,D,20100412,000000,456.9700000,459.9900000,450.0000000,450.0000000,2.081
17067_090101_130416,D,20100413,000000,450.0000000,450.5000000,435.7500000,450.0000000,2.705
17067_090101_130416,D,20100414,000000,452.8900000,452.9000000,442.0000000,447.0000000,1.678
17067_090101_130416,D,20100415,000000,448.0100000,448.0100000,438.0000000,444.5000000,1.158
17067_090101_130416,D,20100416,000000,444.1400000,444.1400000,422.2300000,430.8700000,2.985
17067_090101_130416,D,20100419,000000,422.2200000,422.2200000,402.2700000,415.0000000,2.573
17067_090101_130416,D,20100420,000000,415.2000000,425.0000000,408.0000000,423.0000000,1.811
17067_090101_130416,D,20100421,000000,423.7600000,445.0000000,421.0200000,430.7000000,820
17067_090101_130416,D,20100422,000000,424.0000000,430.0000000,412.0000000,413.0200000,971
17067_090101_130416,D,20100423,000000,425.0000000,425.5000000,415.0000000,416.0100000,419
17067_090101_130416,D,20100426,000000,426.8800000,430.0000000,417.1600000,420.0000000,1.185
17067_090101_130416,D,20100427,000000,415.7700000,424.0000000,415.7700000,423.9500000,223
17067_090101_130416,D,20100428,000000,413.3000000,420.0000000,395.0000000,413.7500000,3.257
17067_090101_130416,D,20100429,000000,407.7800000,419.0000000,407.7800000,417.5500000,397
17067_090101_130416,D,20100430,000000,413.0100000,420.0100000,413.0100000,419.8800000,259
17067_090101_130416,D,20100504,000000,418.5100000,429.9000000,399.9900000,399.9900000,3.867
17067_090101_130416,D,20100505,000000,406.8500000,414.9700000,392.0000000,400.7600000,2.124
17067_090101_130416,D,20100506,000000,391.7600000,402.8300000,383.5700000,393.0000000,1.203
17067_090101_130416,D,20100507,000000,385.0000000,390.0000000,330.0000000,365.4000000,7.376
17067_090101_130416,D,20100511,000000,370.0000000,390.0000000,335.3500000,373.4900000,9.182
17067_090101_130416,D,20100512,000000,335.0600000,388.0000000,335.0600000,387.9900000,1.629
17067_090101_130416,D,20100513,000000,352.0200000,394.0000000,352.0200000,387.8700000,1.026
17067_090101_130416,D,20100514,000000,385.0000000,385.0000000,375.0000000,379.9700000,130
17067_090101_130416,D,20100517,000000,380.0000000,380.0000000,365.3400000,379.9800000,204
17067_090101_130416,D,20100518,000000,374.0000000,380.0000000,369.1200000,380.0000000,402
17067_090101_130416,D,20100519,000000,368.6200000,384.8000000,368.5700000,368.5700000,632
17067_090101_130416,D,20100520,000000,370.4600000,370.4700000,337.8900000,343.0000000,945
17067_090101_130416,D,20100521,000000,340.0100000,342.8800000,302.2200000,321.9600000,4.247
17067_090101_130416,D,20100524,000000,322.0000000,335.0000000,317.0000000,322.0000000,2.410
17067_090101_130416,D,20100525,000000,303.3300000,326.7000000,302.2000000,308.9900000,1.564
17067_090101_130416,D,20100526,000000,315.8900000,315.8900000,290.0000000,306.0000000,3.442
17067_090101_130416,D,20100527,000000,313.9900000,321.0000000,303.1200000,314.9900000,539
17067_090101_130416,D,20100528,000000,303.0200000,342.0000000,303.0200000,330.0000000,1.863
17067_090101_130416,D,20100531,000000,345.9800000,346.0000000,339.0000000,340.0000000,218
17067_090101_130416,D,20100601,000000,321.2000000,347.1800000,321.2000000,331.0000000,291
17067_090101_130416,D,20100602,000000,320.0000000,345.0000000,315.0000000,332.0000000,314
17067_090101_130416,D,20100603,000000,347.8500000,347.8500000,330.0000000,330.0000000,4.307
17067_090101_130416,D,20100604,000000,344.8000000,345.0000000,330.0200000,340.3000000,1.208
17067_090101_130416,D,20100607,000000,310.2000000,340.0000000,305.0000000,335.0000000,1.334
17067_090101_130416,D,20100608,000000,343.0000000,343.0000000,317.0900000,331.0500000,821
17067_090101_130416,D,20100609,000000,333.2700000,338.9300000,317.0000000,331.0000000,279
17067_090101_130416,D,20100610,000000,317.7000000,326.5300000,315.7900000,320.0000000,964
17067_090101_130416,D,20100611,000000,310.0900000,330.0000000,306.0100000,323.0000000,2.535
17067_090101_130416,D,20100615,000000,333.5900000,335.0000000,323.0000000,335.0000000,302
17067_090101_130416,D,20100616,000000,335.0000000,345.0000000,311.0100000,335.5000000,3.509
17067_090101_130416,D,20100617,000000,333.0200000,343.5000000,330.0100000,343.5000000,1.044
17067_090101_130416,D,20100618,000000,336.3400000,360.0000000,320.0000000,351.5500000,5.491
17067_090101_130416,D,20100621,000000,351.0000000,366.9600000,345.6600000,361.0000000,431
17067_090101_130416,D,20100622,000000,350.5700000,350.5700000,339.0000000,344.9100000,1.791
17067_090101_130416,D,20100623,000000,320.5100000,343.3000000,320.5100000,330.7100000,540
17067_090101_130416,D,20100624,000000,340.0000000,340.0000000,329.1100000,329.1200000,356
17067_090101_130416,D,20100625,000000,331.6800000,334.4900000,315.0000000,316.0100000,929
17067_090101_130416,D,20100628,000000,321.9200000,325.1900000,321.0000000,325.0000000,943
17067_090101_130416,D,20100629,000000,318.7400000,321.9200000,312.0200000,316.0000000,389
17067_090101_130416,D,20100630,000000,315.0000000,332.9900000,315.0000000,315.0300000,2.041
17067_090101_130416,D,20100701,000000,340.0000000,340.0000000,308.9700000,310.0500000,245
17067_090101_130416,D,20100702,000000,331.9900000,332.0000000,312.0000000,315.0000000,155
17067_090101_130416,D,20100705,000000,321.0000000,321.0000000,311.1100000,319.3600000,26
17067_090101_130416,D,20100706,000000,323.0600000,332.0000000,320.0000000,332.0000000,549
17067_090101_130416,D,20100707,000000,332.0000000,332.0000000,323.2700000,332.0000000,86
17067_090101_130416,D,20100708,000000,343.2000000,374.0000000,330.0000000,330.2000000,785
17067_090101_130416,D,20100709,000000,328.5000000,329.9900000,317.1000000,328.9000000,2.516
17067_090101_130416,D,20100712,000000,325.2100000,332.1300000,319.7100000,330.0000000,26
17067_090101_130416,D,20100713,000000,328.9100000,340.1900000,318.0500000,329.0000000,2.561
17067_090101_130416,D,20100714,000000,335.0000000,335.0000000,329.0000000,333.0000000,843
17067_090101_130416,D,20100715,000000,329.1600000,333.0000000,320.0100000,320.0100000,362
17067_090101_130416,D,20100716,000000,320.0100000,323.9000000,311.0000000,323.8800000,721
17067_090101_130416,D,20100719,000000,329.2600000,329.9800000,317.4800000,321.0000000,113
17067_090101_130416,D,20100720,000000,328.8000000,329.0000000,317.1500000,328.8900000,718
17067_090101_130416,D,20100721,000000,327.9900000,332.0000000,321.6000000,328.0000000,251
17067_090101_130416,D,20100722,000000,331.2700000,331.2700000,320.0000000,327.0000000,713
17067_090101_130416,D,20100723,000000,329.4900000,329.4900000,316.0600000,325.8300000,276
17067_090101_130416,D,20100726,000000,325.0000000,331.0000000,325.0000000,331.0000000,366
17067_090101_130416,D,20100727,000000,330.0000000,335.7800000,330.0000000,335.0000000,693
17067_090101_130416,D,20100728,000000,335.7900000,344.0000000,330.3300000,330.3400000,573
17067_090101_130416,D,20100729,000000,335.8200000,344.9900000,335.8200000,344.9900000,942
17067_090101_130416,D,20100730,000000,346.0100000,347.0000000,339.2000000,339.2000000,35
17067_090101_130416,D,20100802,000000,342.5900000,359.7900000,342.5900000,354.0000000,333
17067_090101_130416,D,20100803,000000,356.0000000,365.0000000,349.5300000,361.8900000,1.596
17067_090101_130416,D,20100804,000000,360.0000000,364.5800000,350.1400000,360.0000000,690
17067_090101_130416,D,20100805,000000,358.4700000,362.0400000,345.9000000,345.9000000,280
17067_090101_130416,D,20100806,000000,350.0000000,358.2000000,345.9000000,350.0000000,925
17067_090101_130416,D,20100809,000000,344.4900000,363.9900000,343.0000000,355.9900000,668
17067_090101_130416,D,20100810,000000,357.0000000,357.9900000,338.0000000,349.9700000,1.705
17067_090101_130416,D,20100811,000000,350.0000000,350.0000000,340.0000000,340.0000000,772
17067_090101_130416,D,20100812,000000,338.0100000,351.1100000,338.0100000,350.0000000,1.057
17067_090101_130416,D,20100813,000000,351.4800000,355.0000000,344.5000000,351.5000000,315
17067_090101_130416,D,20100816,000000,348.5900000,350.0000000,343.0000000,350.0000000,1.079
17067_090101_130416,D,20100817,000000,349.9900000,350.0000000,338.0200000,347.3100000,3.271
17067_090101_130416,D,20100818,000000,346.7800000,358.5800000,335.5200000,348.0000000,1.564
17067_090101_130416,D,20100819,000000,348.0800000,364.9900000,347.1500000,359.7600000,3.556
17067_090101_130416,D,20100820,000000,349.5700000,358.2900000,349.0900000,351.0000000,756
17067_090101_130416,D,20100823,000000,362.4800000,364.1700000,351.0100000,358.8800000,60
17067_090101_130416,D,20100824,000000,362.5000000,362.5000000,335.1500000,340.0000000,1.226
17067_090101_130416,D,20100825,000000,348.6000000,348.6000000,336.0000000,347.0000000,285
17067_090101_130416,D,20100826,000000,348.4800000,348.4900000,341.1000000,348.4900000,175
17067_090101_130416,D,20100827,000000,348.5200000,348.5200000,340.0000000,348.5000000,1.597
17067_090101_130416,D,20100830,000000,348.6000000,429.3700000,348.6000000,351.5600000,1.618
17067_090101_130416,D,20100831,000000,351.5200000,357.9800000,340.0000000,346.5000000,1.380
17067_090101_130416,D,20100901,000000,344.0100000,351.0000000,333.2900000,351.0000000,1.516
17067_090101_130416,D,20100902,000000,346.0000000,357.9800000,345.2700000,357.9800000,442
17067_090101_130416,D,20100903,000000,347.0200000,357.8700000,347.0200000,357.0000000,916
17067_090101_130416,D,20100906,000000,357.9900000,359.9900000,349.9900000,359.9900000,1.158
17067_090101_130416,D,20100907,000000,355.3600000,359.8700000,340.7000000,359.8700000,83
17067_090101_130416,D,20100908,000000,355.3500000,363.0000000,353.0000000,362.0000000,4.603
17067_090101_130416,D,20100909,000000,362.5000000,373.0000000,361.0800000,367.5000000,7.302
17067_090101_130416,D,20100910,000000,367.0000000,369.8100000,362.5400000,364.3000000,634
17067_090101_130416,D,20100913,000000,364.3000000,374.9900000,359.9900000,372.6800000,1.229
17067_090101_130416,D,20100914,000000,366.9000000,375.0000000,366.9000000,370.0000000,2.626
17067_090101_130416,D,20100915,000000,366.1700000,369.8200000,360.0800000,369.8200000,1.110
17067_090101_130416,D,20100916,000000,364.0100000,364.0100000,360.0600000,362.0000000,409
17067_090101_130416,D,20100917,000000,363.9800000,368.9800000,359.9900000,360.0000000,427
17067_090101_130416,D,20100920,000000,361.7500000,361.9800000,350.0000000,359.0000000,1.551
17067_090101_130416,D,20100921,000000,355.5000000,357.4600000,348.0000000,357.3500000,1.438
17067_090101_130416,D,20100922,000000,357.0000000,360.0000000,350.0000000,355.0000000,285
17067_090101_130416,D,20100923,000000,351.8900000,354.8000000,336.1200000,351.0100000,1.174
17067_090101_130416,D,20100924,000000,348.4200000,355.0000000,345.0000000,355.0000000,362
17067_090101_130416,D,20100927,000000,360.0000000,367.8700000,352.0000000,353.0100000,1.803
17067_090101_130416,D,20100928,000000,352.0600000,355.0000000,352.0000000,355.0000000,161
17067_090101_130416,D,20100929,000000,355.0000000,360.0000000,355.0000000,360.0000000,1.601
17067_090101_130416,D,20100930,000000,355.8200000,362.0000000,354.2100000,359.9900000,605
17067_090101_130416,D,20101001,000000,359.9900000,363.9800000,354.0000000,355.8900000,644
17067_090101_130416,D,20101004,000000,359.0300000,363.0000000,355.5500000,360.2300000,1.543
17067_090101_130416,D,20101005,000000,362.1900000,362.1900000,354.0700000,354.2100000,895
17067_090101_130416,D,20101006,000000,358.1400000,363.0000000,355.2200000,360.0000000,1.163
17067_090101_130416,D,20101007,000000,360.9800000,360.9800000,350.3100000,359.0100000,281
17067_090101_130416,D,20101008,000000,358.0000000,359.9100000,355.5100000,358.6400000,59
17067_090101_130416,D,20101011,000000,358.9900000,359.0000000,353.1000000,359.0000000,2.083
17067_090101_130416,D,20101012,000000,355.7100000,355.7100000,347.9900000,354.0000000,3.759
17067_090101_130416,D,20101013,000000,354.0000000,355.0000000,348.0700000,350.0000000,7.228
17067_090101_130416,D,20101014,000000,352.3800000,353.8000000,349.0100000,352.8900000,1.835
17067_090101_130416,D,20101015,000000,352.9900000,357.9700000,352.9900000,357.4800000,2.433
17067_090101_130416,D,20101018,000000,358.0000000,383.8000000,354.0000000,383.8000000,9.427
17067_090101_130416,D,20101019,000000,383.0000000,405.9000000,379.2800000,398.0000000,41.054
17067_090101_130416,D,20101020,000000,390.0300000,410.0000000,389.9800000,398.5200000,12.908
17067_090101_130416,D,20101021,000000,398.5200000,409.0000000,390.9300000,400.0000000,13.139
17067_090101_130416,D,20101022,000000,407.0100000,413.0000000,397.9000000,400.0000000,9.310
17067_090101_130416,D,20101025,000000,404.8000000,418.0000000,401.5200000,408.9900000,9.265
17067_090101_130416,D,20101026,000000,413.4800000,418.0000000,404.0500000,413.1400000,4.337
17067_090101_130416,D,20101027,000000,407.5200000,415.0000000,407.5000000,414.2000000,610
17067_090101_130416,D,20101028,000000,410.0000000,418.5000000,404.0100000,407.0000000,1.548
17067_090101_130416,D,20101029,000000,409.0000000,415.0000000,400.0000000,410.0100000,3.650
17067_090101_130416,D,20101101,000000,413.4700000,413.4700000,407.0000000,408.0100000,767
17067_090101_130416,D,20101102,000000,404.0300000,414.9100000,404.0200000,409.7800000,1.871
17067_090101_130416,D,20101103,000000,405.4000000,440.0000000,402.0600000,416.0100000,7.971
17067_090101_130416,D,20101108,000000,429.9700000,429.9800000,412.0000000,423.9000000,1.725
17067_090101_130416,D,20101109,000000,410.0000000,420.0000000,410.0000000,410.2100000,4.605
17067_090101_130416,D,20101110,000000,412.2400000,416.5300000,405.3000000,413.9900000,7.669
17067_090101_130416,D,20101111,000000,409.9900000,415.8800000,402.0000000,411.9700000,3.695
17067_090101_130416,D,20101112,000000,405.0200000,440.0900000,403.4900000,434.0900000,16.171
17067_090101_130416,D,20101113,000000,430.0100000,442.0000000,430.0100000,437.5000000,5.630
17067_090101_130416,D,20101115,000000,431.6600000,431.6600000,425.2600000,430.0000000,1.100
17067_090101_130416,D,20101116,000000,430.0100000,430.0100000,420.8000000,421.0000000,552
17067_090101_130416,D,20101117,000000,425.4900000,425.4900000,418.2900000,420.0100000,420
17067_090101_130416,D,20101118,000000,419.0300000,424.2000000,414.9800000,418.6600000,1.888
17067_090101_130416,D,20101119,000000,418.5700000,423.9000000,415.0000000,420.9000000,1.648
17067_090101_130416,D,20101122,000000,416.4500000,428.0000000,416.1000000,427.3100000,1.791
17067_090101_130416,D,20101123,000000,420.9200000,424.0000000,420.0000000,420.0000000,2.574
17067_090101_130416,D,20101124,000000,420.5000000,434.8000000,420.1500000,429.9900000,3.053
17067_090101_130416,D,20101125,000000,433.0000000,433.6700000,426.2600000,433.6700000,2.187
17067_090101_130416,D,20101126,000000,434.3000000,449.8000000,433.3000000,435.3200000,3.099
17067_090101_130416,D,20101129,000000,435.9900000,446.8500000,435.9900000,445.0000000,919
17067_090101_130416,D,20101130,000000,446.8700000,453.0000000,440.0000000,440.0200000,1.633
17067_090101_130416,D,20101201,000000,444.4100000,455.0000000,443.0000000,453.7000000,4.111
17067_090101_130416,D,20101202,000000,451.0000000,460.0000000,441.0000000,447.0000000,2.381
17067_090101_130416,D,20101203,000000,447.0000000,451.2500000,441.0800000,450.9600000,1.477
17067_090101_130416,D,20101206,000000,446.4500000,455.0000000,445.0300000,451.8900000,1.616
17067_090101_130416,D,20101207,000000,447.0000000,450.0000000,442.0100000,445.0000000,1.942
17067_090101_130416,D,20101208,000000,444.8800000,457.0000000,444.8800000,447.9900000,2.752
17067_090101_130416,D,20101209,000000,448.0000000,454.4100000,440.0000000,440.2800000,7.753
17067_090101_130416,D,20101210,000000,439.3500000,443.2600000,439.0000000,441.0000000,748
17067_090101_130416,D,20101213,000000,440.0000000,452.0000000,436.6000000,446.0000000,2.897
17067_090101_130416,D,20101214,000000,450.4500000,450.4600000,444.0000000,447.7900000,381
17067_090101_130416,D,20101215,000000,443.4800000,444.9900000,432.0000000,440.0100000,3.270
17067_090101_130416,D,20101216,000000,440.0100000,444.0000000,440.0000000,441.9300000,688
17067_090101_130416,D,20101217,000000,437.5700000,442.0000000,437.5300000,439.9900000,354
17067_090101_130416,D,20101220,000000,440.9200000,442.0000000,436.6600000,439.9700000,290
17067_090101_130416,D,20101221,000000,439.9700000,439.9900000,436.0800000,439.9700000,471
17067_090101_130416,D,20101222,000000,437.0000000,440.0000000,436.0000000,439.8300000,433
17067_090101_130416,D,20101223,000000,439.9300000,454.5000000,439.5000000,454.4500000,2.134
17067_090101_130416,D,20101224,000000,454.9000000,479.4900000,441.0100000,443.0000000,1.379
17067_090101_130416,D,20101227,000000,441.0700000,442.8400000,438.5700000,441.0000000,558
17067_090101_130416,D,20101228,000000,440.0100000,445.4100000,432.0000000,438.8100000,1.275
17067_090101_130416,D,20101229,000000,435.5500000,440.6100000,430.0000000,435.0000000,2.235
17067_090101_130416,D,20101230,000000,437.8500000,449.8900000,437.0000000,449.8900000,1.003
17067_090101_130416,D,20110111,000000,450.0000000,475.0000000,431.0100000,475.0000000,22.001
17067_090101_130416,D,20110112,000000,463.0000000,488.3000000,463.0000000,487.9700000,6.690
17067_090101_130416,D,20110113,000000,470.6800000,498.0000000,470.6800000,489.8300000,5.970
17067_090101_130416,D,20110114,000000,483.3700000,492.0000000,479.9500000,492.0000000,799
17067_090101_130416,D,20110117,000000,490.0000000,496.9000000,482.8000000,486.6600000,3.048
17067_090101_130416,D,20110118,000000,481.7900000,491.0000000,476.0000000,484.0000000,6.379
17067_090101_130416,D,20110119,000000,479.1100000,485.0000000,476.0100000,483.9100000,1.071
17067_090101_130416,D,20110120,000000,476.0100000,476.0100000,468.0000000,475.4500000,1.602
17067_090101_130416,D,20110121,000000,474.0000000,480.0000000,450.4900000,473.4800000,2.098
17067_090101_130416,D,20110124,000000,429.0000000,479.0000000,429.0000000,461.0000000,2.353
17067_090101_130416,D,20110125,000000,466.4000000,466.4000000,456.0000000,456.0000000,732
17067_090101_130416,D,20110126,000000,456.0100000,462.8400000,456.0000000,461.5000000,345
17067_090101_130416,D,20110127,000000,457.0100000,464.5000000,457.0000000,464.5000000,278
17067_090101_130416,D,20110128,000000,450.0300000,464.9300000,450.0000000,464.9300000,1.778
17067_090101_130416,D,20110131,000000,451.1300000,462.4500000,451.1300000,458.9800000,464
17067_090101_130416,D,20110201,000000,450.0000000,458.7000000,450.0000000,454.5300000,1.640
17067_090101_130416,D,20110202,000000,454.5200000,458.6000000,450.0000000,456.6000000,1.761
17067_090101_130416,D,20110203,000000,455.0000000,459.0000000,450.0000000,454.4600000,1.379
17067_090101_130416,D,20110204,000000,446.4200000,454.4800000,446.0000000,446.0100000,325
17067_090101_130416,D,20110207,000000,445.7000000,446.9900000,443.0100000,443.0500000,283
17067_090101_130416,D,20110208,000000,440.7000000,443.9700000,440.0000000,440.0000000,1.093
17067_090101_130416,D,20110209,000000,436.8300000,445.9800000,436.8300000,445.9300000,31
17067_090101_130416,D,20110210,000000,436.8500000,443.3800000,405.0000000,431.9400000,2.208
17067_090101_130416,D,20110211,000000,420.0100000,430.0000000,420.0100000,425.1200000,939
17067_090101_130416,D,20110214,000000,436.8200000,444.8900000,434.9200000,440.7500000,170
17067_090101_130416,D,20110215,000000,433.3200000,440.0000000,420.0000000,438.0000000,770
17067_090101_130416,D,20110216,000000,438.0000000,448.0000000,438.0000000,448.0000000,1.186
17067_090101_130416,D,20110217,000000,440.8300000,449.4200000,440.8000000,440.8100000,147
17067_090101_130416,D,20110218,000000,440.0400000,440.0700000,438.0000000,440.0000000,3.747
17067_090101_130416,D,20110221,000000,440.0000000,440.0000000,439.0000000,440.0000000,295
17067_090101_130416,D,20110222,000000,440.0000000,447.8500000,440.0000000,440.0000000,3.316
17067_090101_130416,D,20110224,000000,435.2800000,440.0000000,435.0000000,438.5000000,2.527
17067_090101_130416,D,20110225,000000,443.9900000,445.0000000,435.9900000,445.0000000,17.044
17067_090101_130416,D,20110228,000000,435.0000000,458.0000000,435.0000000,450.2100000,1.403
17067_090101_130416,D,20110301,000000,448.0100000,459.4900000,445.0000000,445.0000000,880
17067_090101_130416,D,20110302,000000,444.9900000,449.9000000,428.0000000,439.0000000,530
17067_090101_130416,D,20110303,000000,430.0600000,438.7200000,425.0000000,430.0000000,310
17067_090101_130416,D,20110304,000000,448.9300000,449.0000000,435.4700000,445.0000000,1.600
17067_090101_130416,D,20110305,000000,445.0000000,445.0000000,445.0000000,445.0000000,30
17067_090101_130416,D,20110309,000000,440.0600000,457.1500000,440.0500000,455.0000000,900
17067_090101_130416,D,20110310,000000,445.1000000,455.9700000,442.0000000,442.0000000,4.090
17067_090101_130416,D,20110311,000000,442.0000000,458.0000000,441.9900000,458.0000000,6.350
17067_090101_130416,D,20110314,000000,458.0000000,520.0000000,440.1600000,460.5600000,27.100
17067_090101_130416,D,20110315,000000,444.4400000,453.9100000,428.0000000,435.0100000,5.760
17067_090101_130416,D,20110316,000000,435.1100000,437.0000000,435.0000000,435.0000000,550
17067_090101_130416,D,20110317,000000,430.0200000,455.0000000,430.0100000,431.0200000,830
17067_090101_130416,D,20110318,000000,438.3300000,453.0000000,432.0100000,453.0000000,240
17067_090101_130416,D,20110321,000000,450.0000000,456.5000000,450.0000000,456.5000000,730
17067_090101_130416,D,20110322,000000,434.0200000,467.0000000,432.1500000,450.0000000,8.890
17067_090101_130416,D,20110323,000000,450.9000000,472.0000000,450.9000000,470.0000000,430
17067_090101_130416,D,20110324,000000,477.3600000,485.0000000,472.0000000,478.0000000,750
17067_090101_130416,D,20110325,000000,472.0000000,489.0000000,471.0700000,489.0000000,17.580
17067_090101_130416,D,20110328,000000,500.0000000,535.0000000,465.0000000,473.9400000,24.050
17067_090101_130416,D,20110329,000000,462.1500000,476.8700000,458.8000000,458.8000000,390
17067_090101_130416,D,20110330,000000,451.0700000,478.5000000,442.2500000,458.9500000,19.640
17067_090101_130416,D,20110331,000000,450.0100000,487.0000000,450.0000000,469.9900000,26.380
17067_090101_130416,D,20110401,000000,487.5000000,487.5000000,445.0000000,453.9800000,11.670
17067_090101_130416,D,20110404,000000,450.0000000,450.0500000,433.0000000,443.5000000,2.380
17067_090101_130416,D,20110405,000000,439.0500000,444.6100000,435.0000000,444.6100000,730
17067_090101_130416,D,20110406,000000,435.0000000,449.8600000,432.5100000,449.8600000,1.460
17067_090101_130416,D,20110407,000000,449.9300000,449.9300000,449.7900000,449.8700000,320
17067_090101_130416,D,20110408,000000,449.8000000,449.8000000,440.1100000,441.0900000,110
17067_090101_130416,D,20110411,000000,435.0200000,450.0000000,435.0100000,445.0000000,9.390
17067_090101_130416,D,20110412,000000,435.0000000,439.9900000,432.0300000,432.0300000,1.230
17067_090101_130416,D,20110413,000000,439.9800000,441.3100000,432.0000000,435.0000000,1.370
17067_090101_130416,D,20110414,000000,435.0000000,435.0000000,432.0000000,435.0000000,790
17067_090101_130416,D,20110415,000000,432.0000000,432.0000000,426.0800000,426.0800000,7.360
17067_090101_130416,D,20110418,000000,425.0000000,431.3700000,415.0000000,431.3700000,1.480
17067_090101_130416,D,20110419,000000,432.7300000,432.7500000,421.0000000,421.0000000,240
17067_090101_130416,D,20110420,000000,429.9000000,429.9000000,429.9000000,429.9000000,10
17067_090101_130416,D,20110421,000000,422.0100000,428.9700000,422.0000000,428.9700000,360
17067_090101_130416,D,20110422,000000,428.9800000,428.9800000,422.0100000,428.9200000,40
17067_090101_130416,D,20110425,000000,422.0300000,428.9600000,422.0000000,428.9600000,2.230
17067_090101_130416,D,20110426,000000,428.5700000,428.5700000,421.0100000,427.9300000,550
17067_090101_130416,D,20110427,000000,421.0100000,424.8600000,420.0000000,420.0000000,420
17067_090101_130416,D,20110428,000000,386.6600000,428.9900000,386.6600000,422.9800000,780
17067_090101_130416,D,20110429,000000,427.0000000,427.0000000,420.0000000,420.0000000,270
17067_090101_130416,D,20110503,000000,425.0000000,425.0000000,418.0000000,418.0000000,530
17067_090101_130416,D,20110504,000000,423.6900000,423.7000000,415.0100000,418.0000000,150
17067_090101_130416,D,20110505,000000,411.0000000,420.0000000,400.0200000,420.0000000,980
17067_090101_130416,D,20110506,000000,411.0000000,415.0000000,411.0000000,415.0000000,200
17067_090101_130416,D,20110510,000000,424.0000000,424.0000000,412.0100000,412.0100000,20
17067_090101_130416,D,20110511,000000,418.9900000,419.0000000,415.0000000,419.0000000,70
17067_090101_130416,D,20110512,000000,424.2000000,424.2000000,410.0000000,419.3600000,220
17067_090101_130416,D,20110513,000000,415.0000000,420.0000000,410.0700000,412.0300000,260
17067_090101_130416,D,20110516,000000,412.0000000,412.0000000,410.0000000,410.0000000,650
17067_090101_130416,D,20110517,000000,415.0100000,419.8800000,405.0000000,412.0000000,350
17067_090101_130416,D,20110518,000000,419.4900000,428.0000000,412.0300000,428.0000000,430
17067_090101_130416,D,20110519,000000,418.0100000,419.0000000,418.0000000,419.0000000,100
17067_090101_130416,D,20110520,000000,402.0000000,420.0000000,402.0000000,420.0000000,140
17067_090101_130416,D,20110523,000000,418.0000000,418.0000000,402.8700000,408.0000000,1.200
17067_090101_130416,D,20110524,000000,405.0000000,405.0000000,402.0000000,402.5600000,1.930
17067_090101_130416,D,20110525,000000,426.6500000,426.6500000,410.0000000,410.0000000,130
17067_090101_130416,D,20110526,000000,402.0000000,426.9100000,402.0000000,408.3900000,230
17067_090101_130416,D,20110527,000000,419.9800000,419.9800000,402.0500000,410.0400000,370
17067_090101_130416,D,20110530,000000,420.0000000,420.0000000,416.9600000,416.9600000,50
17067_090101_130416,D,20110531,000000,414.9600000,414.9600000,405.1700000,406.0500000,330
17067_090101_130416,D,20110601,000000,414.9900000,414.9900000,407.0100000,407.0200000,130
17067_090101_130416,D,20110602,000000,407.0000000,413.0000000,407.0000000,413.0000000,120
17067_090101_130416,D,20110603,000000,414.0900000,414.1000000,402.0100000,411.4700000,380
17067_090101_130416,D,20110606,000000,413.9800000,420.0000000,410.0100000,413.9600000,310
17067_090101_130416,D,20110607,000000,410.0600000,415.0000000,410.0600000,415.0000000,90
17067_090101_130416,D,20110608,000000,402.0000000,405.2200000,402.0000000,405.0000000,160
17067_090101_130416,D,20110609,000000,423.8900000,423.8900000,406.7100000,406.7100000,90
17067_090101_130416,D,20110610,000000,406.1300000,420.9400000,406.1300000,420.9400000,160
17067_090101_130416,D,20110614,000000,410.0000000,420.9400000,406.0200000,407.6000000,390
17067_090101_130416,D,20110615,000000,409.9700000,410.0000000,405.0500000,405.0500000,120
17067_090101_130416,D,20110616,000000,417.9800000,417.9800000,404.0300000,404.0300000,20
17067_090101_130416,D,20110617,000000,405.4000000,414.6900000,403.5000000,414.6900000,670
17067_090101_130416,D,20110620,000000,414.5000000,414.5000000,403.1100000,403.5000000,50
17067_090101_130416,D,20110621,000000,408.9800000,408.9800000,403.0000000,403.0200000,300
17067_090101_130416,D,20110622,000000,403.0000000,406.0000000,403.0000000,406.0000000,250
17067_090101_130416,D,20110623,000000,403.0000000,403.0100000,403.0000000,403.0100000,80
17067_090101_130416,D,20110624,000000,403.0100000,417.3500000,398.8500000,417.3500000,790
17067_090101_130416,D,20110627,000000,418.9900000,418.9900000,400.1800000,400.1800000,20
17067_090101_130416,D,20110628,000000,409.9900000,409.9900000,400.2600000,407.1400000,240
17067_090101_130416,D,20110629,000000,409.9900000,409.9900000,400.0900000,400.0900000,120
17067_090101_130416,D,20110630,000000,409.9700000,409.9700000,400.2100000,400.2100000,220
17067_090101_130416,D,20110701,000000,409.9900000,409.9900000,400.0000000,404.0000000,240
17067_090101_130416,D,20110704,000000,400.0400000,400.1700000,400.0000000,400.0000000,230
17067_090101_130416,D,20110705,000000,405.4900000,405.4900000,400.0200000,400.0200000,160
17067_090101_130416,D,20110706,000000,405.4900000,405.4900000,400.0100000,405.2000000,230
17067_090101_130416,D,20110707,000000,406.9800000,410.0000000,400.0000000,410.0000000,570
17067_090101_130416,D,20110708,000000,409.9200000,415.0000000,402.5800000,402.5800000,110
17067_090101_130416,D,20110711,000000,406.6000000,406.6000000,400.2000000,404.0000000,290
17067_090101_130416,D,20110712,000000,405.9900000,407.0000000,400.0600000,407.0000000,100
17067_090101_130416,D,20110713,000000,401.1200000,407.0100000,401.1200000,407.0000000,340
17067_090101_130416,D,20110714,000000,406.0000000,406.0000000,406.0000000,406.0000000,240
17067_090101_130416,D,20110715,000000,415.6700000,415.6700000,404.1200000,404.1200000,1.140
17067_090101_130416,D,20110718,000000,416.9100000,416.9100000,403.0000000,403.0000000,200
17067_090101_130416,D,20110719,000000,403.0000000,407.0000000,400.1000000,402.0300000,340
17067_090101_130416,D,20110720,000000,416.0900000,416.1100000,405.0000000,405.0000000,60
17067_090101_130416,D,20110721,000000,404.0000000,414.9900000,404.0000000,404.0000000,350
17067_090101_130416,D,20110722,000000,409.0000000,409.0500000,409.0000000,409.0000000,410
17067_090101_130416,D,20110725,000000,401.0000000,408.7000000,401.0000000,408.7000000,20
17067_090101_130416,D,20110726,000000,405.0000000,405.1400000,405.0000000,405.1400000,750
17067_090101_130416,D,20110727,000000,402.0300000,412.0000000,400.0000000,411.9900000,5.920
17067_090101_130416,D,20110728,000000,402.0700000,410.0000000,401.0000000,410.0000000,660
17067_090101_130416,D,20110729,000000,405.0000000,405.0000000,405.0000000,405.0000000,240
17067_090101_130416,D,20110801,000000,409.0000000,423.9300000,409.0000000,414.0000000,250
17067_090101_130416,D,20110802,000000,412.0000000,412.0000000,408.0000000,408.2000000,4.580
17067_090101_130416,D,20110803,000000,405.1600000,405.1600000,395.0000000,395.0000000,340
17067_090101_130416,D,20110804,000000,385.0100000,404.0000000,384.3600000,387.0000000,2.640
17067_090101_130416,D,20110805,000000,365.0600000,378.9900000,364.9900000,376.0000000,2.790
17067_090101_130416,D,20110808,000000,360.0600000,370.0000000,341.1200000,365.0200000,1.080
17067_090101_130416,D,20110809,000000,360.0000000,360.0000000,350.0000000,359.8700000,530
17067_090101_130416,D,20110810,000000,365.0000000,365.0000000,349.9900000,359.9900000,570
17067_090101_130416,D,20110811,000000,354.9900000,359.0000000,350.0000000,350.0000000,120
17067_090101_130416,D,20110812,000000,349.9600000,350.0000000,349.9600000,350.0000000,170
17067_090101_130416,D,20110815,000000,337.7000000,348.9900000,311.1500000,348.9900000,150
17067_090101_130416,D,20110816,000000,348.8900000,348.8900000,325.0300000,348.5900000,30
17067_090101_130416,D,20110817,000000,348.9000000,367.1000000,348.9000000,367.1000000,100
17067_090101_130416,D,20110818,000000,379.9900000,379.9900000,351.0100000,370.0000000,190
17067_090101_130416,D,20110819,000000,332.1000000,335.9900000,325.0000000,331.5000000,5.030
17067_090101_130416,D,20110822,000000,330.0000000,330.0000000,320.0000000,327.0000000,530
17067_090101_130416,D,20110823,000000,323.0100000,323.3300000,318.8000000,318.8000000,320
17067_090101_130416,D,20110824,000000,320.0000000,320.0000000,315.1100000,315.1100000,190
17067_090101_130416,D,20110825,000000,316.0000000,318.9900000,316.0000000,318.0000000,30
17067_090101_130416,D,20110826,000000,310.0100000,317.8500000,310.0000000,310.5900000,210
17067_090101_130416,D,20110829,000000,310.6100000,320.0000000,310.6100000,320.0000000,360
17067_090101_130416,D,20110830,000000,316.0000000,318.0100000,305.0000000,311.7000000,510
17067_090101_130416,D,20110831,000000,319.9300000,322.9700000,319.9300000,322.9700000,170
17067_090101_130416,D,20110901,000000,318.0000000,321.0000000,318.0000000,318.0000000,290
17067_090101_130416,D,20110902,000000,317.9900000,331.2800000,311.5800000,311.5800000,420
17067_090101_130416,D,20110905,000000,331.2700000,331.2700000,315.0000000,315.0000000,100
17067_090101_130416,D,20110906,000000,324.9900000,325.0000000,314.0000000,315.4900000,330
17067_090101_130416,D,20110907,000000,310.0000000,317.0000000,310.0000000,317.0000000,1.020
17067_090101_130416,D,20110908,000000,320.0000000,340.0000000,311.2200000,324.2100000,810
17067_090101_130416,D,20110909,000000,328.3000000,329.8000000,324.2000000,329.8000000,90
17067_090101_130416,D,20110912,000000,329.3000000,329.9700000,305.0400000,329.9700000,180
17067_090101_130416,D,20110913,000000,329.9800000,329.9800000,329.9800000,329.9800000,20
17067_090101_130416,D,20110914,000000,320.0000000,330.0000000,307.0300000,321.0000000,250
17067_090101_130416,D,20110915,000000,315.9900000,325.0000000,315.9800000,325.0000000,430
17067_090101_130416,D,20110916,000000,323.0000000,323.0000000,323.0000000,323.0000000,10
17067_090101_130416,D,20110919,000000,314.9900000,315.0000000,300.8000000,300.8000000,11.100
17067_090101_130416,D,20110920,000000,301.0200000,301.0200000,293.3000000,298.0000000,3.200
17067_090101_130416,D,20110921,000000,302.8900000,302.9800000,291.6000000,295.2800000,1.510
17067_090101_130416,D,20110922,000000,291.6700000,291.6700000,277.7700000,278.1200000,1.000
17067_090101_130416,D,20110923,000000,280.0300000,280.0300000,250.0100000,252.2000000,4.070
17067_090101_130416,D,20110926,000000,244.0300000,250.0000000,244.0300000,250.0000000,290
17067_090101_130416,D,20110927,000000,228.7200000,260.0000000,228.0100000,260.0000000,920
17067_090101_130416,D,20110928,000000,247.0000000,260.0000000,247.0000000,250.1000000,860
17067_090101_130416,D,20110929,000000,254.9900000,254.9900000,240.0100000,254.9900000,40
17067_090101_130416,D,20110930,000000,237.5300000,250.0000000,233.5000000,245.0000000,400
17067_090101_130416,D,20111003,000000,247.3300000,247.3600000,230.5900000,230.6400000,430
17067_090101_130416,D,20111004,000000,232.0000000,232.0000000,205.2100000,209.5700000,1.580
17067_090101_130416,D,20111005,000000,209.9900000,250.0000000,209.9900000,219.9100000,720
17067_090101_130416,D,20111006,000000,230.0000000,232.3300000,230.0000000,232.0000000,460
17067_090101_130416,D,20111007,000000,231.9900000,262.4000000,231.9900000,235.0000000,970
17067_090101_130416,D,20111010,000000,214.4700000,229.7100000,214.4600000,226.0000000,830
17067_090101_130416,D,20111011,000000,224.0000000,229.9900000,224.0000000,229.9900000,140
17067_090101_130416,D,20111012,000000,222.0000000,259.0000000,222.0000000,250.0000000,1.090
17067_090101_130416,D,20111013,000000,240.0100000,349.7700000,221.0600000,320.0100000,15.150
17067_090101_130416,D,20111014,000000,308.0100000,437.9900000,302.0000000,374.9500000,8.630
17067_090101_130416,D,20111017,000000,352.0900000,368.9700000,339.0000000,344.8500000,2.350
17067_090101_130416,D,20111018,000000,335.0500000,350.0000000,305.0500000,349.9900000,2.960
17067_090101_130416,D,20111019,000000,348.0000000,379.0000000,343.0000000,355.0000000,1.200
17067_090101_130416,D,20111020,000000,377.9900000,377.9900000,330.0000000,354.4900000,510
17067_090101_130416,D,20111021,000000,355.0000000,357.8000000,343.0000000,353.9900000,850
17067_090101_130416,D,20111024,000000,360.0000000,360.0100000,350.2300000,352.5000000,1.030
17067_090101_130416,D,20111025,000000,353.0000000,380.0000000,335.0000000,335.0000000,3.240
17067_090101_130416,D,20111026,000000,344.0000000,350.0000000,320.0000000,329.8000000,1.580
17067_090101_130416,D,20111027,000000,329.9800000,335.0000000,322.0100000,324.9900000,4.680
17067_090101_130416,D,20111028,000000,318.9900000,319.0000000,315.0000000,315.9900000,1.810
17067_090101_130416,D,20111031,000000,317.0000000,319.0000000,191.1500000,310.0000000,3.510
17067_090101_130416,D,20111101,000000,303.0100000,303.0100000,299.0000000,299.0000000,620
17067_090101_130416,D,20111102,000000,302.9900000,305.0000000,296.0000000,305.0000000,1.110
17067_090101_130416,D,20111103,000000,300.0000000,300.0000000,293.0000000,300.0000000,130
17067_090101_130416,D,20111107,000000,306.0000000,319.0000000,298.0000000,300.0300000,860
17067_090101_130416,D,20111108,000000,299.9900000,300.0000000,295.4100000,300.0000000,2.800
17067_090101_130416,D,20111109,000000,303.0000000,303.0000000,293.0900000,300.0000000,1.020
17067_090101_130416,D,20111110,000000,298.9700000,305.0000000,298.9700000,305.0000000,4.070
17067_090101_130416,D,20111111,000000,308.9900000,308.9900000,308.9900000,308.9900000,10
17067_090101_130416,D,20111114,000000,302.0000000,302.0000000,296.0000000,299.0000000,1.590
17067_090101_130416,D,20111115,000000,295.0000000,295.0000000,290.0400000,291.0700000,80
17067_090101_130416,D,20111116,000000,293.9900000,295.0000000,293.9900000,295.0000000,190
17067_090101_130416,D,20111117,000000,290.0000000,290.0000000,287.0800000,287.0800000,150
17067_090101_130416,D,20111118,000000,289.8800000,290.0000000,261.5000000,290.0000000,2.450
17067_090101_130416,D,20111121,000000,289.9900000,292.0000000,286.0100000,286.0300000,180
17067_090101_130416,D,20111122,000000,298.9900000,314.0000000,286.0300000,286.0300000,970
17067_090101_130416,D,20111123,000000,286.0400000,286.0400000,278.1000000,278.1000000,80
17067_090101_130416,D,20111125,000000,298.0200000,298.0200000,276.0100000,287.9900000,710
17067_090101_130416,D,20111128,000000,294.0000000,300.0000000,289.0100000,289.2700000,320
17067_090101_130416,D,20111129,000000,294.0000000,318.0000000,291.0000000,291.0000000,190
17067_090101_130416,D,20111130,000000,294.9600000,297.3600000,292.8900000,292.8900000,140
17067_090101_130416,D,20111201,000000,297.9800000,305.0800000,295.5100000,295.5100000,860
17067_090101_130416,D,20111202,000000,285.0500000,298.8700000,285.0500000,298.8700000,80
17067_090101_130416,D,20111205,000000,298.9800000,298.9800000,285.0000000,285.0000000,150
17067_090101_130416,D,20111206,000000,295.0000000,295.9100000,292.0000000,292.0000000,520
17067_090101_130416,D,20111208,000000,295.0000000,295.0000000,295.0000000,295.0000000,10
17067_090101_130416,D,20111209,000000,282.0000000,282.0000000,282.0000000,282.0000000,10
17067_090101_130416,D,20111212,000000,280.0500000,280.5400000,280.0500000,280.5100000,30
17067_090101_130416,D,20111213,000000,294.9700000,298.9900000,276.0500000,280.0000000,500
17067_090101_130416,D,20111214,000000,276.0300000,281.8800000,260.0000000,281.8800000,230
17067_090101_130416,D,20111215,000000,279.9500000,280.0000000,278.5000000,280.0000000,170
17067_090101_130416,D,20111216,000000,279.9900000,279.9900000,261.0800000,265.2100000,850
17067_090101_130416,D,20111219,000000,265.0000000,265.0000000,252.1200000,261.6000000,120
17067_090101_130416,D,20111220,000000,260.8800000,299.0000000,260.8100000,274.0000000,630
17067_090101_130416,D,20111221,000000,285.0000000,290.0000000,250.0400000,262.0000000,1.820
17067_090101_130416,D,20111222,000000,264.0000000,280.0000000,255.0800000,265.5100000,510
17067_090101_130416,D,20111223,000000,279.9500000,287.0000000,265.0800000,278.9700000,590
17067_090101_130416,D,20111226,000000,272.2500000,279.0000000,272.2500000,272.2500000,350
17067_090101_130416,D,20111227,000000,272.3000000,272.3000000,260.0000000,270.0000000,230
17067_090101_130416,D,20111228,000000,245.0300000,266.9900000,245.0300000,252.1000000,310
17067_090101_130416,D,20111229,000000,262.9600000,266.0000000,250.0000000,250.0000000,90
17067_090101_130416,D,20111230,000000,261.0000000,266.4900000,247.1300000,248.0000000,540
17067_090101_130416,D,20120103,000000,277.7400000,277.7400000,235.0000000,256.4800000,390
17067_090101_130416,D,20120104,000000,256.9900000,265.4900000,250.0300000,250.0300000,200
17067_090101_130416,D,20120105,000000,246.1100000,246.1100000,245.0000000,245.0000000,520
17067_090101_130416,D,20120106,000000,251.0000000,251.0000000,242.0000000,242.0000000,30
17067_090101_130416,D,20120109,000000,253.0000000,290.4000000,233.3300000,283.5000000,2.240
17067_090101_130416,D,20120110,000000,263.6100000,279.9300000,263.6100000,279.9300000,220
17067_090101_130416,D,20120111,000000,278.9800000,280.5000000,265.3100000,274.0000000,50
17067_090101_130416,D,20120112,000000,280.0000000,300.0000000,265.0300000,266.0500000,1.710
17067_090101_130416,D,20120113,000000,255.0200000,277.6500000,255.0200000,267.0100000,430
17067_090101_130416,D,20120116,000000,279.2000000,279.2500000,261.5000000,261.5000000,140
17067_090101_130416,D,20120117,000000,264.0600000,278.9900000,264.0600000,278.9900000,170
17067_090101_130416,D,20120118,000000,279.9900000,279.9900000,279.9900000,279.9900000,20
17067_090101_130416,D,20120119,000000,275.0000000,275.0000000,267.0000000,269.9900000,7.200
17067_090101_130416,D,20120120,000000,269.9900000,269.9900000,261.1100000,263.9900000,570
17067_090101_130416,D,20120123,000000,264.9300000,265.0000000,260.0000000,265.0000000,2.510
17067_090101_130416,D,20120124,000000,274.8800000,277.0000000,264.0700000,270.0000000,1.760
17067_090101_130416,D,20120125,000000,270.0000000,270.0000000,269.9900000,270.0000000,3.450
17067_090101_130416,D,20120126,000000,275.0000000,290.0000000,273.8200000,279.0000000,28.070
17067_090101_130416,D,20120127,000000,277.0000000,286.0000000,270.5200000,275.9400000,5.030
17067_090101_130416,D,20120130,000000,276.0000000,276.0000000,265.0000000,265.0500000,3.380
17067_090101_130416,D,20120131,000000,266.9900000,272.0000000,266.0000000,271.9800000,2.250
17067_090101_130416,D,20120201,000000,272.0000000,272.0000000,266.0800000,271.9800000,970
17067_090101_130416,D,20120202,000000,271.9600000,271.9700000,268.1000000,268.1000000,720
17067_090101_130416,D,20120203,000000,271.0000000,271.0000000,268.1000000,270.7400000,220
17067_090101_130416,D,20120206,000000,270.0500000,270.0500000,269.0000000,269.9900000,250
17067_090101_130416,D,20120207,000000,267.1000000,269.9800000,266.5700000,266.5900000,220
17067_090101_130416,D,20120208,000000,269.9800000,269.9900000,266.0600000,266.0600000,1.220
17067_090101_130416,D,20120209,000000,265.0000000,269.8000000,254.0200000,269.5600000,980
17067_090101_130416,D,20120210,000000,269.0000000,269.0000000,253.0000000,253.0000000,230
17067_090101_130416,D,20120213,000000,264.8900000,264.8900000,258.0200000,263.9900000,30
17067_090101_130416,D,20120214,000000,264.9900000,264.9900000,250.0000000,258.0000000,2.130
17067_090101_130416,D,20120215,000000,259.0000000,259.0000000,254.0000000,256.0000000,2.190
17067_090101_130416,D,20120216,000000,251.5000000,256.0000000,250.0000000,255.0000000,660
17067_090101_130416,D,20120217,000000,253.5100000,256.0000000,242.0100000,249.8500000,5.810
17067_090101_130416,D,20120220,000000,250.0000000,254.8000000,250.0000000,251.0000000,550
17067_090101_130416,D,20120221,000000,252.9900000,253.5000000,248.0000000,251.7000000,930
17067_090101_130416,D,20120222,000000,248.0000000,253.9000000,248.0000000,250.0000000,6.520
17067_090101_130416,D,20120224,000000,255.0000000,258.0000000,250.0000000,254.2700000,990
17067_090101_130416,D,20120227,000000,251.5500000,254.3500000,251.0000000,251.8700000,810
17067_090101_130416,D,20120228,000000,251.9900000,251.9900000,246.0000000,246.0000000,230
17067_090101_130416,D,20120229,000000,246.0100000,252.0000000,237.0000000,240.0000000,13.870
17067_090101_130416,D,20120301,000000,235.1300000,240.0000000,233.0000000,235.0000000,5.810
17067_090101_130416,D,20120302,000000,235.0000000,239.0000000,224.0000000,231.9900000,5.920
17067_090101_130416,D,20120305,000000,229.0100000,234.4400000,229.0000000,229.0100000,2.710
17067_090101_130416,D,20120306,000000,228.0000000,229.0000000,220.2600000,220.2700000,2.820
17067_090101_130416,D,20120307,000000,221.0000000,224.0000000,220.4900000,224.0000000,740
17067_090101_130416,D,20120311,000000,228.0000000,230.0000000,227.1300000,227.1300000,530
17067_090101_130416,D,20120312,000000,225.2600000,226.0000000,221.0000000,221.2000000,2.290
17067_090101_130416,D,20120313,000000,224.9500000,224.9800000,221.0100000,222.2000000,780
17067_090101_130416,D,20120314,000000,222.9900000,227.0000000,222.6000000,225.0000000,4.660
17067_090101_130416,D,20120315,000000,224.2100000,234.0000000,224.0000000,234.0000000,5.020
17067_090101_130416,D,20120316,000000,237.0000000,237.0000000,230.0000000,230.0000000,540
17067_090101_130416,D,20120319,000000,231.0000000,231.0000000,226.0000000,230.0000000,1.780
17067_090101_130416,D,20120320,000000,235.0000000,235.4000000,231.1000000,233.0100000,2.410
17067_090101_130416,D,20120321,000000,239.9800000,263.0000000,239.9800000,249.0000000,21.170
17067_090101_130416,D,20120322,000000,252.9900000,258.9600000,245.0000000,258.0000000,5.750
17067_090101_130416,D,20120323,000000,253.9500000,253.9500000,246.0200000,250.0000000,410
17067_090101_130416,D,20120326,000000,250.0300000,255.0000000,249.9900000,255.0000000,1.170
17067_090101_130416,D,20120327,000000,250.1500000,250.1500000,250.0000000,250.0000000,1.110
17067_090101_130416,D,20120328,000000,250.0000000,251.0000000,250.0000000,250.0000000,920
17067_090101_130416,D,20120329,000000,249.9600000,255.0000000,247.0000000,247.0000000,2.050
17067_090101_130416,D,20120330,000000,247.1000000,250.0000000,246.5000000,248.7400000,3.230
17067_090101_130416,D,20120402,000000,246.8400000,250.9700000,246.2500000,246.2500000,1.250
17067_090101_130416,D,20120403,000000,246.1000000,246.1000000,240.0200000,244.1000000,3.050
17067_090101_130416,D,20120404,000000,241.0500000,242.8800000,235.0100000,238.0000000,2.680
17067_090101_130416,D,20120405,000000,238.0600000,241.8800000,235.0000000,241.8800000,1.100
17067_090101_130416,D,20120406,000000,236.2500000,236.2500000,236.0000000,236.0000000,120
17067_090101_130416,D,20120409,000000,236.0200000,241.9300000,236.0200000,237.0300000,280
17067_090101_130416,D,20120410,000000,238.0000000,240.0000000,238.0000000,240.0000000,440
17067_090101_130416,D,20120411,000000,245.9900000,246.0000000,239.0000000,244.3900000,520
17067_090101_130416,D,20120412,000000,241.9900000,249.0000000,239.0000000,247.9800000,1.070
17067_090101_130416,D,20120413,000000,247.9800000,247.9800000,247.9800000,247.9800000,40
17067_090101_130416,D,20120416,000000,238.2200000,249.9600000,235.0800000,236.0000000,580
17067_090101_130416,D,20120417,000000,236.0500000,239.1800000,236.0000000,237.0200000,200
17067_090101_130416,D,20120418,000000,249.8700000,249.8700000,240.0000000,247.9200000,410
17067_090101_130416,D,20120419,000000,238.9600000,244.2900000,238.9600000,244.0000000,240
17067_090101_130416,D,20120420,000000,240.2100000,248.0000000,240.2000000,245.0000000,2.610
17067_090101_130416,D,20120423,000000,240.5600000,240.5600000,240.0000000,240.0000000,320
17067_090101_130416,D,20120424,000000,235.0100000,242.9100000,231.3300000,242.9100000,640
17067_090101_130416,D,20120425,000000,242.0000000,242.0000000,242.0000000,242.0000000,20
17067_090101_130416,D,20120426,000000,240.0100000,240.0100000,235.0000000,235.0000000,1.690
17067_090101_130416,D,20120427,000000,239.9900000,244.9000000,239.9900000,244.9000000,350
17067_090101_130416,D,20120428,000000,237.6100000,248.9800000,237.6000000,240.0300000,280
17067_090101_130416,D,20120502,000000,241.0200000,245.0000000,240.0300000,240.0300000,720
17067_090101_130416,D,20120503,000000,239.0000000,241.0000000,238.3300000,241.0000000,260
17067_090101_130416,D,20120504,000000,238.0100000,238.0200000,230.0000000,234.9900000,1.420
17067_090101_130416,D,20120505,000000,235.0000000,235.0000000,234.9900000,234.9900000,150
17067_090101_130416,D,20120507,000000,234.9900000,234.9900000,234.9900000,234.9900000,30
17067_090101_130416,D,20120510,000000,230.0100000,230.0100000,230.0100000,230.0100000,10
17067_090101_130416,D,20120511,000000,230.0200000,235.0000000,225.0100000,225.0100000,630
17067_090101_130416,D,20120512,000000,225.0200000,229.9900000,225.0000000,225.0100000,590
17067_090101_130416,D,20120514,000000,224.0000000,224.0000000,212.0000000,219.9400000,980
17067_090101_130416,D,20120515,000000,212.9900000,213.0000000,210.9000000,210.9000000,250
17067_090101_130416,D,20120516,000000,205.0200000,209.1100000,203.1100000,203.1100000,1.530
17067_090101_130416,D,20120517,000000,201.5000000,203.3800000,195.0000000,201.1000000,790
17067_090101_130416,D,20120518,000000,192.3600000,205.0000000,192.3600000,200.0400000,1.750
17067_090101_130416,D,20120521,000000,185.0100000,202.9900000,185.0100000,201.0000000,950
17067_090101_130416,D,20120522,000000,204.4200000,205.0000000,198.0700000,201.9700000,360
17067_090101_130416,D,20120523,000000,191.0100000,195.5300000,188.0100000,188.0100000,240
17067_090101_130416,D,20120524,000000,189.9900000,192.8400000,182.5700000,192.8400000,530
17067_090101_130416,D,20120525,000000,190.0000000,193.0000000,190.0000000,193.0000000,170
17067_090101_130416,D,20120528,000000,199.9800000,199.9900000,193.0000000,198.0000000,110
17067_090101_130416,D,20120529,000000,198.0000000,209.5900000,198.0000000,209.5900000,1.010
17067_090101_130416,D,20120530,000000,202.0300000,202.0300000,202.0300000,202.0300000,60
17067_090101_130416,D,20120601,000000,195.0300000,195.0300000,188.0500000,188.1200000,200
17067_090101_130416,D,20120607,000000,188.1500000,200.0000000,188.1500000,200.0000000,80
17067_090101_130416,D,20120608,000000,199.9500000,199.9500000,189.7800000,195.0000000,140
17067_090101_130416,D,20120614,000000,195.0000000,195.0000000,188.4400000,188.4400000,20
17067_090101_130416,D,20120615,000000,198.9500000,198.9500000,198.9500000,198.9500000,210
17067_090101_130416,D,20120618,000000,200.0000000,200.0000000,197.0000000,198.0000000,1.070
17067_090101_130416,D,20120620,000000,190.0300000,190.0300000,190.0300000,190.0300000,90
17067_090101_130416,D,20120621,000000,190.1000000,195.0000000,190.0500000,195.0000000,1.120
17067_090101_130416,D,20120622,000000,192.0000000,192.0000000,183.1000000,188.0100000,1.280
17067_090101_130416,D,20120625,000000,189.9800000,189.9800000,188.0200000,188.0400000,30
17067_090101_130416,D,20120626,000000,189.9900000,189.9900000,186.2200000,186.2200000,260
17067_090101_130416,D,20120627,000000,185.0000000,186.1000000,180.8100000,181.6900000,1.050
17067_090101_130416,D,20120628,000000,184.9900000,185.0000000,180.0400000,184.8900000,1.190
17067_090101_130416,D,20120629,000000,184.9900000,186.8900000,184.0000000,186.0000000,4.300
17067_090101_130416,D,20120702,000000,184.5000000,186.0000000,184.5000000,184.8000000,340
17067_090101_130416,D,20120703,000000,183.0000000,186.0000000,183.0000000,185.0000000,3.710
17067_090101_130416,D,20120704,000000,185.9800000,186.0000000,184.0000000,185.8800000,1.780
17067_090101_130416,D,20120705,000000,184.9700000,184.9700000,182.0300000,183.0000000,330
17067_090101_130416,D,20120706,000000,185.9500000,186.0000000,182.0000000,184.0000000,1.470
17067_090101_130416,D,20120709,000000,185.9700000,185.9700000,182.2800000,182.2800000,190
17067_090101_130416,D,20120711,000000,180.0600000,180.0600000,176.0700000,178.9900000,1.610
17067_090101_130416,D,20120712,000000,177.0000000,177.0000000,176.9900000,176.9900000,860
17067_090101_130416,D,20120713,000000,179.0000000,180.0000000,179.0000000,180.0000000,510
17067_090101_130416,D,20120716,000000,182.0100000,182.0100000,177.6400000,177.6400000,140
17067_090101_130416,D,20120717,000000,179.1400000,179.1400000,179.0300000,179.1400000,230
17067_090101_130416,D,20120718,000000,181.0000000,181.0000000,175.5800000,175.7700000,160
17067_090101_130416,D,20120719,000000,178.6100000,178.6700000,178.2000000,178.2000000,290
17067_090101_130416,D,20120720,000000,173.8400000,179.0000000,173.8400000,179.0000000,50
17067_090101_130416,D,20120723,000000,171.3300000,171.3300000,169.3000000,170.0000000,5.560
17067_090101_130416,D,20120724,000000,169.0000000,170.0000000,168.0700000,170.0000000,340
17067_090101_130416,D,20120725,000000,174.8900000,180.0000000,174.8900000,175.0000000,440
17067_090101_130416,D,20120726,000000,165.0200000,171.2700000,165.0100000,170.0000000,1.870
17067_090101_130416,D,20120727,000000,166.8000000,173.8900000,166.7700000,172.8300000,590
17067_090101_130416,D,20120730,000000,169.9900000,170.0000000,169.0000000,169.9700000,8.400
17067_090101_130416,D,20120731,000000,166.1200000,171.0000000,166.1200000,170.0000000,930
17067_090101_130416,D,20120802,000000,173.0000000,174.0000000,171.1100000,172.8700000,1.340
17067_090101_130416,D,20120803,000000,179.8500000,179.8500000,173.0500000,173.0500000,1.210
17067_090101_130416,D,20120806,000000,177.4100000,183.4500000,176.9900000,183.4500000,1.130
17067_090101_130416,D,20120807,000000,183.9000000,183.9600000,177.0000000,179.9800000,1.030
17067_090101_130416,D,20120808,000000,179.0000000,183.4800000,176.0000000,181.0000000,2.570
17067_090101_130416,D,20120809,000000,175.5200000,176.4500000,174.0000000,176.4500000,600
17067_090101_130416,D,20120810,000000,176.0000000,176.0000000,174.9800000,175.0000000,60
17067_090101_130416,D,20120813,000000,174.5000000,185.9800000,170.3400000,185.9800000,650
17067_090101_130416,D,20120814,000000,180.0000000,184.7900000,180.0000000,184.7900000,40
17067_090101_130416,D,20120815,000000,184.8600000,186.0000000,177.0000000,180.9700000,500
17067_090101_130416,D,20120816,000000,182.0000000,182.0000000,177.0000000,177.0000000,70
17067_090101_130416,D,20120817,000000,176.0200000,176.0200000,176.0000000,176.0100000,70
17067_090101_130416,D,20120820,000000,176.0000000,179.0000000,171.1700000,179.0000000,100
17067_090101_130416,D,20120821,000000,175.0100000,178.1800000,173.5500000,178.1800000,230
17067_090101_130416,D,20120822,000000,175.0000000,192.0000000,175.0000000,183.5000000,4.020
17067_090101_130416,D,20120823,000000,187.9900000,195.0000000,181.2400000,188.0000000,4.550
17067_090101_130416,D,20120824,000000,184.9900000,186.0000000,182.2000000,186.0000000,1.380
17067_090101_130416,D,20120827,000000,180.0300000,180.0300000,180.0000000,180.0000000,210
17067_090101_130416,D,20120828,000000,180.0000000,188.0000000,178.1100000,188.0000000,3.600
17067_090101_130416,D,20120831,000000,178.1600000,184.9900000,178.1600000,184.9900000,80
17067_090101_130416,D,20120903,000000,187.9900000,187.9900000,187.9900000,187.9900000,10
17067_090101_130416,D,20120905,000000,180.0100000,180.0100000,180.0000000,180.0000000,360
17067_090101_130416,D,20120906,000000,182.0100000,182.0100000,177.9900000,179.8800000,1.330
17067_090101_130416,D,20120907,000000,178.7100000,185.0000000,176.9900000,185.0000000,2.380
17067_090101_130416,D,20120910,000000,188.0000000,189.5000000,180.9100000,180.9100000,470
17067_090101_130416,D,20120911,000000,187.9900000,187.9900000,187.9900000,187.9900000,10
17067_090101_130416,D,20120912,000000,185.3900000,189.0000000,184.2000000,188.9300000,850
17067_090101_130416,D,20120913,000000,188.8700000,188.8700000,178.7000000,187.9500000,120
17067_090101_130416,D,20120914,000000,188.8600000,198.0000000,188.4500000,193.0000000,2.940
17067_090101_130416,D,20120917,000000,192.0000000,198.8000000,187.7100000,196.0000000,1.890
17067_090101_130416,D,20120918,000000,190.0300000,195.9900000,190.0000000,190.0200000,540
17067_090101_130416,D,20120919,000000,192.0000000,192.0000000,182.0600000,184.9900000,2.470
17067_090101_130416,D,20120920,000000,184.9900000,185.9400000,184.9900000,185.6400000,240
17067_090101_130416,D,20120921,000000,181.9200000,195.9200000,181.9100000,188.7900000,1.500
17067_090101_130416,D,20120924,000000,185.3600000,189.8400000,185.0000000,186.0000000,650
17067_090101_130416,D,20120925,000000,190.0000000,190.9800000,187.1100000,187.2600000,350
17067_090101_130416,D,20120926,000000,184.3600000,189.2200000,180.0000000,181.0000000,960
17067_090101_130416,D,20120927,000000,180.0400000,180.0400000,175.0400000,178.6300000,580
17067_090101_130416,D,20120928,000000,182.0000000,182.0700000,182.0000000,182.0700000,80
17067_090101_130416,D,20121002,000000,183.0100000,183.2000000,183.0000000,183.0300000,90
17067_090101_130416,D,20121003,000000,182.0000000,182.0000000,180.0000000,180.0000000,500
17067_090101_130416,D,20121004,000000,187.8700000,187.8700000,187.8700000,187.8700000,50
17067_090101_130416,D,20121005,000000,181.9000000,186.9300000,179.9500000,186.9300000,310
17067_090101_130416,D,20121008,000000,178.0100000,185.0000000,178.0100000,185.0000000,60
17067_090101_130416,D,20121009,000000,181.0500000,188.9600000,181.0000000,181.5900000,710
17067_090101_130416,D,20121010,000000,176.5100000,180.0000000,176.5100000,178.0000000,200
17067_090101_130416,D,20121011,000000,180.9900000,181.0000000,180.9900000,181.0000000,120
17067_090101_130416,D,20121012,000000,176.1100000,176.1100000,176.1100000,176.1100000,20
17067_090101_130416,D,20121017,000000,181.0000000,181.0000000,181.0000000,181.0000000,10
17067_090101_130416,D,20121018,000000,182.0000000,182.0000000,182.0000000,182.0000000,10
17067_090101_130416,D,20121019,000000,178.5400000,178.5500000,178.0000000,178.0000000,190
17067_090101_130416,D,20121023,000000,186.4400000,186.4400000,176.4400000,179.8700000,250
17067_090101_130416,D,20121024,000000,180.0000000,180.0000000,180.0000000,180.0000000,20
17067_090101_130416,D,20121026,000000,176.3600000,176.3600000,170.0000000,173.9800000,520
17067_090101_130416,D,20121029,000000,170.0600000,170.1400000,170.0500000,170.0700000,240
17067_090101_130416,D,20121030,000000,172.5400000,172.5400000,170.0100000,170.0100000,60
17067_090101_130416,D,20121031,000000,170.0000000,171.0000000,170.0000000,170.0000000,1.210
17067_090101_130416,D,20121101,000000,170.1000000,177.0500000,147.0300000,177.0500000,1.300
17067_090101_130416,D,20121102,000000,181.0000000,184.9000000,177.0100000,180.0000000,620
17067_090101_130416,D,20121107,000000,184.5000000,184.5000000,184.5000000,184.5000000,10
17067_090101_130416,D,20121108,000000,180.0000000,183.9800000,169.7500000,174.2900000,2.560
17067_090101_130416,D,20121109,000000,166.0400000,168.7600000,155.1000000,168.2000000,420
17067_090101_130416,D,20121112,000000,166.5000000,168.9800000,166.5000000,168.9800000,20
17067_090101_130416,D,20121113,000000,168.2000000,168.9700000,165.1100000,168.9700000,60
17067_090101_130416,D,20121114,000000,165.0300000,165.1000000,165.0200000,165.1000000,70
17067_090101_130416,D,20121115,000000,164.1200000,164.1200000,164.1200000,164.1200000,40
17067_090101_130416,D,20121116,000000,164.0100000,166.9900000,160.2000000,162.1000000,320
17067_090101_130416,D,20121119,000000,172.8200000,172.8200000,164.0000000,164.0000000,130
17067_090101_130416,D,20121120,000000,167.0000000,168.9700000,166.7600000,166.7600000,110
17067_090101_130416,D,20121121,000000,167.6700000,167.6700000,167.6300000,167.6300000,40
17067_090101_130416,D,20121123,000000,165.0000000,167.5900000,165.0000000,167.0000000,580
17067_090101_130416,D,20121126,000000,164.2600000,165.9700000,163.1100000,165.0000000,1.520
17067_090101_130416,D,20121127,000000,167.4800000,167.5000000,166.4000000,166.4000000,80
17067_090101_130416,D,20121128,000000,158.1800000,165.0000000,158.1800000,163.0000000,350
17067_090101_130416,D,20121129,000000,165.0000000,165.0000000,149.9900000,150.0000000,16.010
17067_090101_130416,D,20121130,000000,150.5000000,150.5000000,130.7000000,142.8900000,16.270
17067_090101_130416,D,20121203,000000,144.0000000,146.4900000,140.0300000,141.8000000,1.490
17067_090101_130416,D,20121204,000000,140.0900000,142.4200000,139.9000000,140.0000000,890
17067_090101_130416,D,20121205,000000,139.6000000,146.7400000,138.0000000,145.2000000,5.420
17067_090101_130416,D,20121206,000000,142.5700000,148.9700000,142.5400000,146.3300000,490
17067_090101_130416,D,20121207,000000,140.9500000,146.1900000,138.6700000,143.8500000,1.910
17067_090101_130416,D,20121210,000000,143.8300000,144.9900000,142.0000000,143.3800000,530
17067_090101_130416,D,20121211,000000,143.3600000,148.6400000,142.6800000,144.9800000,380
17067_090101_130416,D,20121212,000000,146.6600000,146.6600000,145.0000000,146.4200000,1.510
17067_090101_130416,D,20121213,000000,144.0000000,144.0000000,140.1400000,143.0000000,100
17067_090101_130416,D,20121214,000000,142.8300000,146.0000000,140.4100000,142.0800000,1.490
17067_090101_130416,D,20121217,000000,140.5100000,142.1900000,140.5000000,142.1900000,130
17067_090101_130416,D,20121218,000000,140.5300000,142.1500000,137.0000000,140.0000000,850
17067_090101_130416,D,20121219,000000,140.9600000,140.9600000,140.0000000,140.8700000,50
17067_090101_130416,D,20121220,000000,137.1300000,139.4400000,135.2100000,138.0000000,3.540
17067_090101_130416,D,20121221,000000,135.5000000,136.8600000,135.0000000,136.8600000,630
17067_090101_130416,D,20121224,000000,136.1000000,136.9900000,135.0000000,136.9900000,240
17067_090101_130416,D,20121225,000000,135.1300000,136.4700000,135.0000000,136.4700000,4.800
17067_090101_130416,D,20121226,000000,136.6900000,136.9500000,136.6900000,136.9500000,30
17067_090101_130416,D,20121227,000000,136.0500000,138.9400000,136.0500000,138.9400000,770
17067_090101_130416,D,20121228,000000,138.9000000,140.7500000,138.9000000,140.7500000,1.860
17067_090101_130416,D,20130108,000000,146.6100000,146.6200000,140.6200000,143.4900000,590
17067_090101_130416,D,20130109,000000,144.9900000,145.8700000,144.0000000,145.6200000,890
17067_090101_130416,D,20130110,000000,145.5900000,159.9600000,145.0000000,152.9700000,2.990
17067_090101_130416,D,20130111,000000,149.0300000,156.7900000,148.0100000,155.9700000,5.590
17067_090101_130416,D,20130114,000000,150.1700000,163.9800000,150.1700000,163.9000000,9.480
17067_090101_130416,D,20130115,000000,163.0000000,167.9700000,160.0000000,160.9900000,5.940
17067_090101_130416,D,20130116,000000,160.9800000,160.9800000,158.0300000,158.0300000,160
17067_090101_130416,D,20130117,000000,160.9900000,161.0000000,159.0100000,159.0100000,90
17067_090101_130416,D,20130118,000000,160.9900000,161.8100000,157.3100000,160.0000000,1.080
17067_090101_130416,D,20130121,000000,160.0000000,160.0000000,154.0600000,158.9900000,440
17067_090101_130416,D,20130122,000000,155.5900000,156.0000000,154.9900000,156.0000000,730
17067_090101_130416,D,20130123,000000,153.5000000,161.0000000,152.0500000,161.0000000,1.890
17067_090101_130416,D,20130124,000000,161.8000000,161.9700000,158.8700000,159.0100000,110
17067_090101_130416,D,20130125,000000,152.8000000,159.6100000,152.8000000,156.9500000,310
17067_090101_130416,D,20130128,000000,159.9600000,160.6800000,157.9900000,160.0500000,440
17067_090101_130416,D,20130129,000000,159.3600000,165.0000000,159.0000000,160.0100000,1.390
17067_090101_130416,D,20130130,000000,161.1800000,164.0000000,159.0100000,159.9900000,1.820
17067_090101_130416,D,20130131,000000,166.9800000,166.9800000,159.0100000,159.6000000,530
17067_090101_130416,D,20130201,000000,161.9900000,162.5000000,159.0600000,162.5000000,960
17067_090101_130416,D,20130204,000000,162.4900000,162.4900000,159.2600000,160.0000000,1.510
17067_090101_130416,D,20130205,000000,160.0000000,161.9200000,150.0000000,159.0000000,2.080
17067_090101_130416,D,20130206,000000,158.8400000,158.8400000,157.0000000,157.0000000,170
17067_090101_130416,D,20130207,000000,159.0000000,160.0000000,158.9800000,160.0000000,940
17067_090101_130416,D,20130208,000000,153.0600000,159.9900000,153.0300000,159.9900000,460
17067_090101_130416,D,20130211,000000,159.9900000,161.8400000,158.0200000,161.8400000,500
17067_090101_130416,D,20130212,000000,155.3300000,161.4900000,155.3300000,161.2900000,560
17067_090101_130416,D,20130213,000000,161.4900000,161.4900000,161.4900000,161.4900000,20
17067_090101_130416,D,20130214,000000,161.8900000,161.8900000,158.0000000,159.9900000,360
17067_090101_130416,D,20130215,000000,157.0100000,158.0000000,156.0000000,158.0000000,520
17067_090101_130416,D,20130218,000000,157.0100000,158.2500000,156.5000000,158.2500000,1.510
17067_090101_130416,D,20130219,000000,157.5000000,158.8900000,157.5000000,158.8900000,140
17067_090101_130416,D,20130220,000000,161.9500000,161.9500000,157.1100000,158.9700000,390
17067_090101_130416,D,20130221,000000,160.0000000,160.0000000,154.2000000,155.0700000,240
17067_090101_130416,D,20130222,000000,155.0100000,157.0000000,152.0000000,156.0000000,350
17067_090101_130416,D,20130225,000000,159.5900000,159.5900000,159.5900000,159.5900000,20
17067_090101_130416,D,20130226,000000,152.9700000,156.0000000,152.9700000,156.0000000,40
17067_090101_130416,D,20130227,000000,151.3800000,153.9900000,150.0000000,151.9300000,1.020
17067_090101_130416,D,20130304,000000,151.9300000,151.9300000,151.9300000,151.9300000,40
17067_090101_130416,D,20130305,000000,153.0000000,153.0000000,152.0000000,152.0000000,200
17067_090101_130416,D,20130306,000000,156.8900000,156.8900000,156.8900000,156.8900000,30
17067_090101_130416,D,20130307,000000,154.0000000,154.0000000,154.0000000,154.0000000,10
17067_090101_130416,D,20130311,000000,154.0100000,156.1900000,151.0000000,155.8400000,470
17067_090101_130416,D,20130312,000000,150.7200000,153.0100000,150.7200000,153.0000000,80
17067_090101_130416,D,20130313,000000,153.3500000,153.3500000,153.3500000,153.3500000,20
17067_090101_130416,D,20130314,000000,153.0000000,153.0000000,150.0000000,150.0000000,300
17067_090101_130416,D,20130315,000000,150.0200000,150.0500000,146.0300000,147.0000000,1.470
17067_090101_130416,D,20130318,000000,146.0300000,147.8900000,142.0200000,144.0800000,1.340
17067_090101_130416,D,20130319,000000,144.0100000,144.9100000,140.0000000,143.1400000,1.100
17067_090101_130416,D,20130320,000000,144.0500000,144.0500000,143.5000000,143.5000000,170
17067_090101_130416,D,20130321,000000,144.5000000,144.5000000,143.0100000,143.0100000,40
17067_090101_130416,D,20130322,000000,140.0000000,140.0000000,138.0000000,138.0400000,990
17067_090101_130416,D,20130325,000000,139.9900000,144.3600000,139.9900000,140.0000000,640
17067_090101_130416,D,20130326,000000,140.0300000,140.0300000,135.0100000,135.0100000,660
17067_090101_130416,D,20130327,000000,135.0800000,135.0800000,131.0000000,131.0000000,520
17067_090101_130416,D,20130328,000000,135.0000000,138.5600000,133.3400000,134.6800000,80
17067_090101_130416,D,20130329,000000,136.0100000,144.6700000,134.5500000,144.6700000,130
17067_090101_130416,D,20130401,000000,142.0000000,145.2000000,137.0500000,137.0500000,290
17067_090101_130416,D,20130402,000000,142.2900000,142.2900000,140.0100000,140.5000000,80
17067_090101_130416,D,20130403,000000,136.1300000,141.8500000,136.1200000,139.0100000,100
