<TICKER>,<PER>,<DATE>,<TIME>,<OPEN>,<HIGH>,<LOW>,<CLOSE>,<VOL>
17698_090101_130416,D,20090111,000000,210.0000000,265.0000000,210.0000000,245.0000000,4.612
17698_090101_130416,D,20090112,000000,250.0000000,259.9900000,230.0000000,240.0000000,1.460
17698_090101_130416,D,20090113,000000,231.0000000,235.4800000,225.0100000,229.5000000,809
17698_090101_130416,D,20090114,000000,235.0000000,249.9900000,225.0000000,225.0000000,2.656
17698_090101_130416,D,20090115,000000,216.0000000,227.0000000,215.0000000,215.0500000,427
17698_090101_130416,D,20090116,000000,221.0000000,230.0000000,220.0000000,230.0000000,239
17698_090101_130416,D,20090119,000000,220.0000000,220.0000000,186.0000000,197.0000000,2.081
17698_090101_130416,D,20090120,000000,208.9000000,208.9000000,180.0000000,182.0000000,1.325
17698_090101_130416,D,20090121,000000,190.0000000,199.9800000,180.0000000,180.0100000,644
17698_090101_130416,D,20090122,000000,185.0000000,185.0000000,173.0000000,175.0000000,619
17698_090101_130416,D,20090123,000000,175.0000000,175.0000000,168.0000000,170.0000000,780
17698_090101_130416,D,20090126,000000,174.9900000,185.0000000,174.9900000,180.0000000,1.132
17698_090101_130416,D,20090127,000000,179.9900000,181.0000000,172.0300000,179.9800000,290
17698_090101_130416,D,20090128,000000,180.8000000,181.0000000,170.7000000,175.5000000,112
17698_090101_130416,D,20090129,000000,170.0000000,175.4700000,170.0000000,175.4700000,5
17698_090101_130416,D,20090130,000000,175.3900000,176.0000000,170.0300000,171.1200000,177
17698_090101_130416,D,20090202,000000,175.5000000,175.5000000,170.0100000,175.5000000,48
17698_090101_130416,D,20090203,000000,172.0100000,175.4700000,172.0000000,173.0100000,30
17698_090101_130416,D,20090204,000000,174.9800000,220.0000000,174.0000000,190.0000000,8.989
17698_090101_130416,D,20090205,000000,180.0400000,228.0000000,180.0400000,193.0000000,9.284
17698_090101_130416,D,20090206,000000,200.0000000,247.7700000,196.0000000,230.0000000,20.277
17698_090101_130416,D,20090209,000000,230.0000000,235.0000000,210.0200000,217.5000000,1.635
17698_090101_130416,D,20090210,000000,203.0300000,248.5000000,203.0000000,237.9500000,30.239
17698_090101_130416,D,20090211,000000,237.9500000,250.0000000,220.0000000,230.0000000,8.200
17698_090101_130416,D,20090212,000000,235.0000000,240.0000000,223.0100000,231.0000000,1.359
17698_090101_130416,D,20090213,000000,236.5000000,236.5000000,221.0000000,225.3100000,1.032
17698_090101_130416,D,20090216,000000,229.9900000,230.0000000,229.0000000,230.0000000,118
17698_090101_130416,D,20090217,000000,225.0000000,295.0000000,220.0000000,251.0600000,24.484
17698_090101_130416,D,20090218,000000,252.0000000,275.0000000,205.0000000,249.9900000,1.315
17698_090101_130416,D,20090219,000000,290.0000000,290.0000000,230.0000000,233.0100000,105
17698_090101_130416,D,20090220,000000,288.8800000,288.8800000,215.0000000,234.9900000,99
17698_090101_130416,D,20090224,000000,250.0000000,250.0000000,235.0100000,239.5000000,166
17698_090101_130416,D,20090225,000000,284.9900000,284.9900000,230.0000000,232.1000000,1.964
17698_090101_130416,D,20090226,000000,258.0000000,259.9900000,222.0000000,225.0000000,3.186
17698_090101_130416,D,20090227,000000,222.0000000,222.0000000,205.0000000,212.0000000,2.502
17698_090101_130416,D,20090302,000000,205.0000000,210.0000000,190.0000000,195.0000000,1.038
17698_090101_130416,D,20090303,000000,195.0000000,195.9700000,192.0000000,192.0000000,885
17698_090101_130416,D,20090304,000000,190.0000000,200.0000000,190.0000000,195.0000000,1.972
17698_090101_130416,D,20090305,000000,199.9900000,220.0000000,195.0100000,195.0100000,34
17698_090101_130416,D,20090306,000000,195.0000000,205.0000000,195.0000000,200.0000000,385
17698_090101_130416,D,20090310,000000,204.9900000,205.0100000,200.0600000,201.0000000,435
17698_090101_130416,D,20090311,000000,204.4500000,210.0000000,181.0600000,202.0000000,1.124
17698_090101_130416,D,20090312,000000,207.9900000,209.9900000,190.3500000,200.0000000,117
17698_090101_130416,D,20090313,000000,195.0000000,198.4000000,181.5000000,198.4000000,4.589
17698_090101_130416,D,20090316,000000,190.0000000,200.0000000,190.0000000,194.0000000,839
17698_090101_130416,D,20090317,000000,193.0000000,196.9900000,190.1500000,192.0000000,253
17698_090101_130416,D,20090318,000000,192.0000000,199.0000000,182.0000000,199.0000000,3.106
17698_090101_130416,D,20090319,000000,199.9900000,203.9900000,190.0000000,199.9900000,3.947
17698_090101_130416,D,20090320,000000,191.0100000,217.0000000,191.0000000,202.0000000,8.003
17698_090101_130416,D,20090323,000000,203.0000000,255.5500000,203.0000000,250.0000000,12.847
17698_090101_130416,D,20090324,000000,264.9900000,311.1200000,237.0000000,299.4800000,7.237
17698_090101_130416,D,20090325,000000,289.9700000,361.6300000,275.0100000,361.6300000,5.776
17698_090101_130416,D,20090326,000000,379.9900000,418.0000000,320.0000000,380.0000000,3.590
17698_090101_130416,D,20090327,000000,409.4400000,483.6000000,390.0100000,453.9600000,10.764
17698_090101_130416,D,20090330,000000,392.9300000,415.0000000,350.0000000,376.0000000,5.516
17698_090101_130416,D,20090331,000000,350.9000000,410.0000000,350.9000000,377.0000000,2.265
17698_090101_130416,D,20090401,000000,389.0000000,389.0000000,349.9900000,369.4800000,2.071
17698_090101_130416,D,20090402,000000,364.0000000,390.0000000,350.0200000,379.9000000,2.833
17698_090101_130416,D,20090403,000000,360.0200000,390.0000000,356.0000000,362.0000000,2.364
17698_090101_130416,D,20090406,000000,399.0000000,399.0000000,322.0000000,337.0000000,3.196
17698_090101_130416,D,20090407,000000,340.0000000,342.0000000,296.0000000,315.0000000,6.051
17698_090101_130416,D,20090408,000000,316.0000000,352.0000000,305.0300000,340.0000000,9.807
17698_090101_130416,D,20090409,000000,340.0000000,357.9800000,335.0000000,342.2000000,6.775
17698_090101_130416,D,20090410,000000,360.0000000,389.9900000,342.3000000,381.0000000,3.717
17698_090101_130416,D,20090413,000000,391.0000000,410.0000000,380.0100000,400.0000000,3.693
17698_090101_130416,D,20090414,000000,410.0000000,464.9000000,380.0000000,429.9900000,10.664
17698_090101_130416,D,20090415,000000,430.0000000,454.0000000,401.0000000,405.0300000,5.982
17698_090101_130416,D,20090416,000000,431.0000000,492.0000000,285.0000000,427.0000000,73.739
17698_090101_130416,D,20090417,000000,430.0000000,440.0000000,395.0000000,413.8800000,7.794
17698_090101_130416,D,20090420,000000,402.9100000,425.0000000,382.0000000,399.7800000,3.856
17698_090101_130416,D,20090421,000000,400.0000000,405.0000000,325.0000000,384.9900000,2.451
17698_090101_130416,D,20090422,000000,394.9700000,394.9800000,380.0000000,392.0000000,661
17698_090101_130416,D,20090423,000000,394.0000000,439.0000000,392.5900000,406.0000000,7.689
17698_090101_130416,D,20090424,000000,406.0000000,419.9900000,381.0200000,392.0000000,6.673
17698_090101_130416,D,20090427,000000,395.0000000,398.7900000,330.0900000,335.0000000,18.398
17698_090101_130416,D,20090428,000000,336.0000000,341.0000000,316.0100000,334.9300000,11.138
17698_090101_130416,D,20090429,000000,322.2200000,370.0000000,322.2200000,346.8000000,21.712
17698_090101_130416,D,20090430,000000,355.0000000,372.0000000,342.0100000,354.0000000,29.838
17698_090101_130416,D,20090504,000000,364.0000000,365.0000000,333.0000000,354.0000000,29.560
17698_090101_130416,D,20090505,000000,355.0000000,355.0000000,340.0100000,340.0100000,11.128
17698_090101_130416,D,20090506,000000,340.0000000,364.5700000,326.0400000,356.0000000,19.969
17698_090101_130416,D,20090507,000000,364.9700000,418.8700000,330.0000000,389.5500000,79.020
17698_090101_130416,D,20090508,000000,388.9900000,436.0000000,382.1300000,412.0000000,41.441
17698_090101_130416,D,20090512,000000,412.0000000,450.0000000,391.0000000,425.0000000,29.084
17698_090101_130416,D,20090513,000000,414.0100000,440.0000000,370.0000000,390.0000000,14.503
17698_090101_130416,D,20090514,000000,380.0000000,380.0000000,337.0000000,346.1000000,39.576
17698_090101_130416,D,20090515,000000,348.0200000,374.8900000,346.0000000,362.9600000,48.715
17698_090101_130416,D,20090518,000000,359.0000000,368.0000000,340.1000000,360.0000000,15.854
17698_090101_130416,D,20090519,000000,361.0000000,400.0000000,360.0000000,377.7700000,29.875
17698_090101_130416,D,20090520,000000,380.0000000,382.0000000,368.0000000,382.0000000,22.784
17698_090101_130416,D,20090521,000000,377.0100000,377.0100000,356.0000000,363.9200000,11.402
17698_090101_130416,D,20090522,000000,364.0000000,375.0000000,358.0000000,374.9600000,18.506
17698_090101_130416,D,20090525,000000,375.0000000,375.9800000,358.0000000,375.9800000,6.455
17698_090101_130416,D,20090526,000000,369.0000000,375.0000000,361.0000000,368.0000000,9.785
17698_090101_130416,D,20090527,000000,375.0000000,377.0000000,363.4000000,372.9700000,10.650
17698_090101_130416,D,20090528,000000,363.4600000,370.0000000,360.0000000,367.9700000,10.508
17698_090101_130416,D,20090529,000000,372.9300000,377.0000000,360.0000000,364.9300000,14.595
17698_090101_130416,D,20090601,000000,374.9200000,374.9200000,350.0000000,360.0000000,26.295
17698_090101_130416,D,20090602,000000,360.0000000,365.0000000,343.5000000,358.4100000,16.575
17698_090101_130416,D,20090603,000000,350.0200000,358.0000000,335.0000000,346.1700000,19.787
17698_090101_130416,D,20090604,000000,346.1000000,399.0000000,343.5000000,388.9900000,41.429
17698_090101_130416,D,20090605,000000,381.0300000,383.1000000,361.0000000,374.8900000,13.004
17698_090101_130416,D,20090608,000000,375.0100000,384.9900000,350.0000000,355.1100000,10.841
17698_090101_130416,D,20090609,000000,358.0000000,373.9700000,352.1100000,369.0000000,7.964
17698_090101_130416,D,20090610,000000,372.9900000,382.9700000,357.0000000,357.0000000,18.997
17698_090101_130416,D,20090611,000000,362.9600000,367.2000000,356.2600000,366.9000000,5.851
17698_090101_130416,D,20090615,000000,360.0500000,365.0000000,345.1100000,345.1100000,5.634
17698_090101_130416,D,20090616,000000,345.6700000,363.0000000,345.6700000,361.0000000,7.988
17698_090101_130416,D,20090617,000000,367.0000000,367.0000000,345.1000000,345.1000000,2.743
17698_090101_130416,D,20090618,000000,347.0000000,357.9900000,317.1000000,332.9900000,9.786
17698_090101_130416,D,20090619,000000,334.0000000,344.9800000,323.0700000,339.5700000,1.825
17698_090101_130416,D,20090622,000000,330.5200000,330.5600000,291.9900000,297.0000000,7.329
17698_090101_130416,D,20090623,000000,290.0000000,290.0000000,245.0000000,273.0000000,21.300
17698_090101_130416,D,20090624,000000,273.0000000,310.0000000,273.0000000,302.0000000,15.803
17698_090101_130416,D,20090625,000000,307.9900000,307.9900000,279.9900000,296.5000000,6.297
17698_090101_130416,D,20090626,000000,307.9900000,308.0000000,294.0000000,299.9800000,4.278
17698_090101_130416,D,20090629,000000,299.9600000,305.0000000,281.2200000,303.9900000,1.973
17698_090101_130416,D,20090630,000000,308.0000000,308.0000000,285.0400000,294.9800000,1.892
17698_090101_130416,D,20090701,000000,295.0000000,298.7600000,281.7100000,294.2200000,4.077
17698_090101_130416,D,20090702,000000,294.9200000,294.9400000,281.0600000,288.8800000,1.234
17698_090101_130416,D,20090703,000000,288.0000000,288.8600000,270.0000000,277.5000000,2.687
17698_090101_130416,D,20090706,000000,279.6800000,279.6800000,256.0000000,256.0000000,2.089
17698_090101_130416,D,20090707,000000,264.9700000,269.0000000,258.0700000,259.1000000,4.361
17698_090101_130416,D,20090708,000000,259.9800000,269.0000000,245.2400000,248.0100000,7.237
17698_090101_130416,D,20090709,000000,261.9900000,261.9900000,246.0000000,246.0000000,1.334
17698_090101_130416,D,20090710,000000,245.0700000,247.5000000,225.0000000,225.0000000,5.050
17698_090101_130416,D,20090713,000000,221.1000000,246.9600000,220.3000000,246.9600000,3.036
17698_090101_130416,D,20090714,000000,250.0000000,289.0000000,250.0000000,266.2700000,4.734
17698_090101_130416,D,20090715,000000,268.9800000,277.8000000,260.1700000,270.0000000,235
17698_090101_130416,D,20090716,000000,271.0000000,271.0000000,250.3000000,262.7200000,4.887
17698_090101_130416,D,20090717,000000,262.5200000,282.3400000,250.0000000,280.0000000,1.936
17698_090101_130416,D,20090720,000000,288.6400000,294.1200000,272.0000000,284.0000000,1.729
17698_090101_130416,D,20090721,000000,292.9800000,292.9800000,265.0200000,279.4200000,2.429
17698_090101_130416,D,20090722,000000,284.9800000,284.9800000,265.1600000,265.1700000,1.411
17698_090101_130416,D,20090723,000000,265.2000000,274.9900000,260.1400000,274.9900000,1.905
17698_090101_130416,D,20090724,000000,255.0000000,282.0000000,225.0000000,282.0000000,5.897
17698_090101_130416,D,20090727,000000,261.0000000,299.9700000,261.0000000,295.9900000,5.543
17698_090101_130416,D,20090728,000000,298.9800000,311.9900000,275.1400000,283.4800000,4.544
17698_090101_130416,D,20090729,000000,275.3800000,286.4100000,260.0000000,270.0100000,2.068
17698_090101_130416,D,20090730,000000,283.2900000,304.5400000,272.0200000,303.9900000,9.829
17698_090101_130416,D,20090731,000000,302.0000000,309.8700000,286.0000000,294.9900000,8.995
17698_090101_130416,D,20090803,000000,300.0000000,320.0000000,290.0000000,315.3500000,8.481
17698_090101_130416,D,20090804,000000,315.3500000,315.3500000,285.8100000,308.0000000,7.284
17698_090101_130416,D,20090805,000000,308.0000000,316.2100000,300.0300000,308.4200000,8.800
17698_090101_130416,D,20090806,000000,308.4400000,316.0000000,301.0200000,312.0000000,5.198
17698_090101_130416,D,20090807,000000,312.6900000,312.6900000,290.0400000,308.9400000,989
17698_090101_130416,D,20090810,000000,304.5300000,312.5000000,296.0300000,298.5200000,6.012
17698_090101_130416,D,20090811,000000,301.0100000,307.9900000,294.0800000,298.4900000,5.246
17698_090101_130416,D,20090812,000000,291.0000000,304.0000000,281.0300000,301.9900000,3.161
17698_090101_130416,D,20090813,000000,302.0000000,313.9900000,285.3200000,299.9200000,1.197
17698_090101_130416,D,20090814,000000,300.0000000,302.9600000,285.0100000,290.0000000,2.077
17698_090101_130416,D,20090817,000000,285.0000000,293.0000000,271.4000000,278.0200000,8.652
17698_090101_130416,D,20090818,000000,288.9100000,289.9400000,278.4400000,287.4800000,3.603
17698_090101_130416,D,20090819,000000,283.6000000,287.0000000,279.0000000,287.0000000,677
17698_090101_130416,D,20090820,000000,289.9900000,299.0000000,283.0000000,287.1500000,3.486
17698_090101_130416,D,20090821,000000,290.0100000,338.0000000,290.0100000,306.4900000,6.498
17698_090101_130416,D,20090824,000000,311.9900000,316.0000000,307.0000000,316.0000000,14.757
17698_090101_130416,D,20090825,000000,311.0000000,314.9500000,306.0000000,308.9900000,4.711
17698_090101_130416,D,20090826,000000,314.0000000,315.9700000,300.0000000,304.9200000,10.069
17698_090101_130416,D,20090827,000000,309.9700000,315.0000000,303.0000000,311.0000000,9.324
17698_090101_130416,D,20090828,000000,311.0000000,316.0000000,307.0000000,316.0000000,5.690
17698_090101_130416,D,20090831,000000,315.9000000,345.0000000,307.0200000,339.0000000,13.391
17698_090101_130416,D,20090901,000000,340.0000000,355.0000000,325.0000000,328.9900000,8.773
17698_090101_130416,D,20090902,000000,333.0000000,333.0100000,315.1200000,321.9700000,7.845
17698_090101_130416,D,20090903,000000,329.0000000,329.0000000,322.2500000,328.8700000,2.814
17698_090101_130416,D,20090904,000000,328.8700000,343.9800000,320.0000000,334.9900000,4.951
17698_090101_130416,D,20090907,000000,337.0000000,345.0000000,330.0000000,344.3600000,2.738
17698_090101_130416,D,20090908,000000,338.0100000,349.9900000,337.0000000,348.8600000,6.202
17698_090101_130416,D,20090909,000000,340.1000000,368.0000000,337.2900000,368.0000000,14.228
17698_090101_130416,D,20090910,000000,368.5000000,420.0000000,367.8800000,395.0000000,25.109
17698_090101_130416,D,20090911,000000,400.0000000,405.9900000,371.0000000,380.0100000,13.805
17698_090101_130416,D,20090914,000000,380.0100000,395.9500000,365.0100000,395.9400000,11.333
17698_090101_130416,D,20090915,000000,390.9600000,408.9900000,376.7000000,400.0000000,14.627
17698_090101_130416,D,20090916,000000,400.0000000,409.0000000,383.3000000,404.5000000,22.654
17698_090101_130416,D,20090917,000000,405.0000000,479.0000000,393.1000000,470.9600000,45.602
17698_090101_130416,D,20090918,000000,471.0000000,519.0000000,450.0000000,509.9800000,50.160
17698_090101_130416,D,20090921,000000,510.4000000,658.4600000,482.1300000,604.8000000,80.833
17698_090101_130416,D,20090922,000000,610.0000000,644.9700000,561.0600000,600.9900000,43.865
17698_090101_130416,D,20090923,000000,590.0000000,610.2300000,540.9400000,559.0000000,29.506
17698_090101_130416,D,20090924,000000,549.0000000,569.0000000,530.0300000,545.0000000,10.323
17698_090101_130416,D,20090925,000000,535.0000000,600.0000000,535.0000000,577.9000000,21.741
17698_090101_130416,D,20090928,000000,570.0000000,620.0000000,540.1300000,609.9000000,25.680
17698_090101_130416,D,20090929,000000,610.0000000,635.0000000,601.3000000,618.7900000,24.233
17698_090101_130416,D,20090930,000000,623.9800000,644.8500000,598.9500000,600.0000000,20.601
17698_090101_130416,D,20091001,000000,600.0300000,637.9900000,600.0300000,624.8000000,16.854
17698_090101_130416,D,20091002,000000,607.0000000,619.0000000,573.0000000,604.9800000,23.062
17698_090101_130416,D,20091005,000000,614.7000000,651.0000000,588.0300000,632.9200000,81.662
17698_090101_130416,D,20091006,000000,625.0000000,698.9900000,625.0000000,691.0000000,65.784
17698_090101_130416,D,20091007,000000,699.9700000,898.0700000,699.9700000,898.0700000,108.528
17698_090101_130416,D,20091008,000000,987.0000000,1.075.0000000,924.0000000,1.030.0000000,166.372
17698_090101_130416,D,20091009,000000,1.055.0000000,1.055.0000000,937.0000000,953.0000000,41.958
17698_090101_130416,D,20091012,000000,956.9800000,1.003.0000000,885.0000000,903.9400000,47.064
17698_090101_130416,D,20091013,000000,904.0000000,930.0000000,840.0000000,864.9800000,24.271
17698_090101_130416,D,20091014,000000,886.9700000,989.3000000,820.9800000,950.0100000,65.364
17698_090101_130416,D,20091015,000000,955.0000000,1.035.0000000,900.0000000,955.9700000,48.264
17698_090101_130416,D,20091016,000000,955.0000000,985.0000000,890.0600000,903.0100000,20.753
17698_090101_130416,D,20091019,000000,902.0000000,975.0000000,880.7000000,975.0000000,21.183
17698_090101_130416,D,20091020,000000,975.0000000,983.0000000,938.0000000,950.0000000,18.450
17698_090101_130416,D,20091021,000000,950.0000000,981.1500000,931.0000000,970.0000000,25.396
17698_090101_130416,D,20091022,000000,960.0000000,1.000.0000000,940.3000000,999.9900000,23.621
17698_090101_130416,D,20091023,000000,1.015.0000000,1.060.0000000,990.0000000,1.029.2000000,45.024
17698_090101_130416,D,20091026,000000,1.030.0000000,1.193.9900000,1.002.0200000,1.153.9800000,122.648
17698_090101_130416,D,20091027,000000,1.160.0000000,1.160.0000000,1.030.0100000,1.059.0000000,42.172
17698_090101_130416,D,20091028,000000,1.030.0100000,1.058.0000000,935.2500000,965.0000000,62.999
17698_090101_130416,D,20091029,000000,926.1600000,1.029.9900000,901.0700000,1.005.0000000,30.544
17698_090101_130416,D,20091030,000000,1.025.0000000,1.046.0000000,930.0000000,947.0000000,23.924
17698_090101_130416,D,20091102,000000,920.0000000,947.0000000,890.0000000,933.0100000,11.271
17698_090101_130416,D,20091103,000000,933.0100000,933.0500000,867.0100000,900.0000000,8.925
17698_090101_130416,D,20091105,000000,919.8700000,997.9800000,880.0000000,977.9900000,23.996
17698_090101_130416,D,20091106,000000,955.0000000,996.9400000,933.3900000,948.0000000,5.876
17698_090101_130416,D,20091109,000000,972.0000000,1.025.1000000,962.0000000,990.0000000,18.095
17698_090101_130416,D,20091110,000000,1.000.0000000,1.020.0000000,960.1500000,998.9800000,8.562
17698_090101_130416,D,20091111,000000,995.0000000,1.015.0000000,965.1900000,972.0000000,5.085
17698_090101_130416,D,20091112,000000,973.0000000,976.0000000,941.0100000,963.9800000,10.048
17698_090101_130416,D,20091113,000000,955.0000000,960.0000000,900.0200000,917.9900000,31.530
17698_090101_130416,D,20091116,000000,921.0000000,930.0000000,907.1000000,924.1500000,17.202
17698_090101_130416,D,20091117,000000,922.2900000,929.9900000,910.2000000,926.5000000,6.887
17698_090101_130416,D,20091118,000000,929.9900000,974.9800000,921.0100000,932.0000000,11.101
17698_090101_130416,D,20091119,000000,915.0000000,944.0000000,911.1000000,925.9000000,14.038
17698_090101_130416,D,20091120,000000,932.0000000,933.0000000,900.0200000,915.9000000,15.190
17698_090101_130416,D,20091123,000000,919.0000000,930.0000000,910.0100000,928.9900000,3.981
17698_090101_130416,D,20091124,000000,920.0000000,929.8800000,915.0100000,923.9900000,3.914
17698_090101_130416,D,20091125,000000,929.8900000,931.0000000,920.0000000,929.4900000,8.608
17698_090101_130416,D,20091126,000000,920.9400000,920.9400000,876.1000000,879.0000000,5.360
17698_090101_130416,D,20091127,000000,866.0000000,933.0000000,800.0000000,920.0000000,15.444
17698_090101_130416,D,20091130,000000,931.6100000,940.0000000,909.9900000,920.9800000,4.374
17698_090101_130416,D,20091201,000000,910.0000000,919.7700000,900.0000000,918.0000000,2.115
17698_090101_130416,D,20091202,000000,919.9900000,930.0000000,896.9600000,920.0700000,6.151
17698_090101_130416,D,20091203,000000,929.9300000,975.0000000,915.0100000,954.9900000,14.614
17698_090101_130416,D,20091204,000000,945.0000000,959.9700000,929.0000000,949.0000000,2.817
17698_090101_130416,D,20091207,000000,950.0000000,950.0000000,920.0000000,935.0000000,4.056
17698_090101_130416,D,20091208,000000,955.0000000,955.0000000,923.0000000,923.0000000,923
17698_090101_130416,D,20091209,000000,925.0200000,938.8400000,902.0100000,914.9100000,2.812
17698_090101_130416,D,20091210,000000,901.6900000,920.0000000,890.2000000,914.9900000,1.423
17698_090101_130416,D,20091211,000000,926.9000000,926.9000000,884.0200000,902.8900000,2.066
17698_090101_130416,D,20091214,000000,904.0000000,919.9900000,870.0000000,912.2900000,13.663
17698_090101_130416,D,20091215,000000,909.0000000,940.0000000,882.0600000,909.0000000,10.481
17698_090101_130416,D,20091216,000000,900.0000000,929.0000000,899.0000000,920.0000000,11.021
17698_090101_130416,D,20091217,000000,907.0000000,927.2700000,894.0100000,907.9700000,4.177
17698_090101_130416,D,20091218,000000,907.0000000,917.0000000,897.2900000,913.9000000,2.270
17698_090101_130416,D,20091221,000000,913.9000000,915.0100000,901.0500000,908.9800000,3.715
17698_090101_130416,D,20091222,000000,906.2200000,920.8000000,900.0000000,904.9900000,4.902
17698_090101_130416,D,20091223,000000,890.0000000,912.9900000,885.1800000,899.2000000,5.300
17698_090101_130416,D,20091224,000000,902.2800000,912.9900000,886.0100000,900.0000000,1.703
17698_090101_130416,D,20091225,000000,890.0000000,904.9400000,885.0000000,886.0000000,940
17698_090101_130416,D,20091228,000000,881.1000000,895.0000000,881.0100000,891.0000000,658
17698_090101_130416,D,20091229,000000,885.0000000,886.3000000,825.5100000,840.0000000,10.502
17698_090101_130416,D,20091230,000000,830.0100000,850.0000000,825.5000000,849.0000000,5.489
17698_090101_130416,D,20091231,000000,838.0000000,851.9900000,834.0300000,851.9900000,5.028
17698_090101_130416,D,20100111,000000,853.0000000,916.0000000,838.0100000,895.0000000,5.175
17698_090101_130416,D,20100112,000000,899.0000000,899.0000000,880.0000000,898.6500000,1.498
17698_090101_130416,D,20100113,000000,880.0000000,905.0000000,851.1100000,899.0000000,2.278
17698_090101_130416,D,20100114,000000,910.0000000,940.0000000,905.0000000,940.0000000,4.209
17698_090101_130416,D,20100115,000000,940.0000000,977.0000000,931.0000000,956.4500000,11.903
17698_090101_130416,D,20100118,000000,935.0800000,949.8500000,933.5100000,941.9800000,963
17698_090101_130416,D,20100119,000000,947.0000000,954.2900000,915.0000000,950.0000000,2.815
17698_090101_130416,D,20100120,000000,949.3400000,1.039.0000000,941.9700000,1.015.0000000,49.913
17698_090101_130416,D,20100121,000000,1.024.9200000,1.145.0000000,1.004.9300000,1.100.0000000,80.426
17698_090101_130416,D,20100122,000000,1.056.0000000,1.127.0000000,1.015.7100000,1.084.9000000,34.900
17698_090101_130416,D,20100125,000000,1.070.0000000,1.070.0000000,1.011.0000000,1.036.9900000,12.692
17698_090101_130416,D,20100126,000000,1.021.7100000,1.021.7100000,964.0000000,980.1000000,10.145
17698_090101_130416,D,20100127,000000,980.0000000,999.7600000,962.6800000,990.0000000,3.192
17698_090101_130416,D,20100128,000000,991.0000000,1.130.0000000,990.0000000,1.098.0000000,22.829
17698_090101_130416,D,20100129,000000,1.090.0000000,1.194.9900000,1.070.0000000,1.130.0000000,29.427
17698_090101_130416,D,20100201,000000,1.121.0000000,1.132.0000000,1.075.0000000,1.132.0000000,6.006
17698_090101_130416,D,20100202,000000,1.140.0000000,1.140.0000000,1.086.0000000,1.106.9900000,6.806
17698_090101_130416,D,20100203,000000,1.107.0100000,1.328.9900000,1.107.0000000,1.291.0000000,59.254
17698_090101_130416,D,20100204,000000,1.290.0200000,1.360.2300000,1.205.0000000,1.210.0200000,40.976
17698_090101_130416,D,20100205,000000,1.155.0000000,1.188.9900000,1.120.1700000,1.154.0100000,20.235
17698_090101_130416,D,20100208,000000,1.099.0500000,1.175.0000000,1.080.0000000,1.116.9800000,20.108
17698_090101_130416,D,20100209,000000,1.137.0000000,1.142.7000000,1.097.0000000,1.134.8900000,3.139
17698_090101_130416,D,20100210,000000,1.120.0100000,1.177.0400000,1.090.0000000,1.125.0000000,11.725
17698_090101_130416,D,20100211,000000,1.158.9500000,1.158.9900000,1.101.6100000,1.120.0000000,4.214
17698_090101_130416,D,20100212,000000,1.120.0000000,1.148.8300000,1.075.0500000,1.119.8900000,8.435
17698_090101_130416,D,20100215,000000,1.100.0000000,1.115.0000000,1.077.0000000,1.091.9500000,1.091
17698_090101_130416,D,20100216,000000,1.100.0000000,1.129.9900000,1.087.9900000,1.122.0000000,6.965
17698_090101_130416,D,20100217,000000,1.146.0000000,1.159.9900000,1.100.0000000,1.120.9100000,13.508
17698_090101_130416,D,20100218,000000,1.106.0000000,1.119.0000000,1.060.0000000,1.100.0000000,7.194
17698_090101_130416,D,20100219,000000,1.104.9900000,1.115.0000000,1.060.0500000,1.108.9000000,1.359
17698_090101_130416,D,20100224,000000,1.114.9900000,1.115.0000000,1.065.2600000,1.074.0100000,2.682
17698_090101_130416,D,20100225,000000,1.085.3200000,1.094.0000000,1.040.0000000,1.050.0000000,3.246
17698_090101_130416,D,20100226,000000,1.050.0000000,1.071.2300000,1.047.0500000,1.064.9400000,1.077
17698_090101_130416,D,20100227,000000,1.060.0000000,1.132.9800000,1.060.0000000,1.129.9600000,6.951
17698_090101_130416,D,20100301,000000,1.145.0000000,1.156.0000000,1.110.0000000,1.120.0000000,5.939
17698_090101_130416,D,20100302,000000,1.120.0000000,1.122.0000000,1.076.0000000,1.088.0000000,5.253
17698_090101_130416,D,20100303,000000,1.084.1100000,1.099.9500000,1.055.0000000,1.099.0000000,3.140
17698_090101_130416,D,20100304,000000,1.080.0200000,1.098.5000000,1.063.0100000,1.069.9900000,4.433
17698_090101_130416,D,20100305,000000,1.089.9900000,1.100.0000000,1.049.6400000,1.079.9900000,14.151
17698_090101_130416,D,20100309,000000,1.080.0000000,1.105.0000000,1.070.0000000,1.083.9700000,17.873
17698_090101_130416,D,20100310,000000,1.084.0000000,1.085.0000000,1.049.1900000,1.064.8000000,10.383
17698_090101_130416,D,20100311,000000,1.050.0000000,1.070.0000000,1.009.7900000,1.056.0000000,5.695
17698_090101_130416,D,20100312,000000,1.052.0700000,1.088.3500000,1.052.0700000,1.060.0000000,27.428
17698_090101_130416,D,20100315,000000,1.060.1000000,1.070.0000000,1.042.0000000,1.051.3400000,3.374
17698_090101_130416,D,20100316,000000,1.051.5600000,1.067.9900000,1.042.0000000,1.050.0000000,3.039
17698_090101_130416,D,20100317,000000,1.059.9900000,1.060.0000000,1.032.0000000,1.035.0000000,13.448
17698_090101_130416,D,20100318,000000,1.039.8600000,1.076.0000000,1.029.9900000,1.051.9900000,20.717
17698_090101_130416,D,20100319,000000,1.069.9900000,1.071.0000000,1.035.0000000,1.043.0000000,6.638
17698_090101_130416,D,20100322,000000,1.044.0000000,1.054.2400000,1.015.3300000,1.034.7500000,7.609
17698_090101_130416,D,20100323,000000,1.042.1800000,1.052.0000000,1.030.6900000,1.046.0000000,14.478
17698_090101_130416,D,20100324,000000,1.045.0000000,1.047.9100000,1.021.0000000,1.036.6700000,5.247
17698_090101_130416,D,20100325,000000,1.036.0000000,1.036.0000000,1.020.0000000,1.028.0000000,5.187
17698_090101_130416,D,20100326,000000,1.029.3000000,1.034.0000000,1.010.2100000,1.019.0000000,7.908
17698_090101_130416,D,20100329,000000,1.010.0700000,1.022.0500000,994.7800000,1.009.9900000,17.343
17698_090101_130416,D,20100330,000000,1.000.0000000,1.045.5100000,999.4000000,1.026.0000000,12.404
17698_090101_130416,D,20100331,000000,1.036.9900000,1.036.9900000,1.000.0000000,1.011.7000000,9.230
17698_090101_130416,D,20100401,000000,1.001.0000000,1.026.9200000,990.5100000,998.0000000,18.055
17698_090101_130416,D,20100402,000000,990.1000000,997.4800000,964.0000000,987.9300000,15.802
17698_090101_130416,D,20100405,000000,987.7900000,987.7900000,961.8400000,974.9900000,7.732
17698_090101_130416,D,20100406,000000,979.7900000,984.9900000,940.3400000,951.9900000,14.831
17698_090101_130416,D,20100407,000000,950.3000000,995.0000000,930.0000000,949.9900000,18.368
17698_090101_130416,D,20100408,000000,949.9800000,950.0000000,925.0000000,938.8500000,7.391
17698_090101_130416,D,20100409,000000,940.0000000,974.8900000,927.0600000,960.0000000,17.030
17698_090101_130416,D,20100412,000000,960.0000000,986.2300000,951.3600000,964.9800000,12.194
17698_090101_130416,D,20100413,000000,969.3400000,1.140.0000000,969.3400000,1.088.0000000,100.990
17698_090101_130416,D,20100414,000000,1.090.0000000,1.157.0000000,1.050.0300000,1.074.9900000,50.116
17698_090101_130416,D,20100415,000000,1.077.0000000,1.080.0000000,1.012.1500000,1.062.6800000,28.274
17698_090101_130416,D,20100416,000000,1.054.9800000,1.059.0000000,1.022.0000000,1.025.0000000,13.124
17698_090101_130416,D,20100419,000000,1.017.5200000,1.017.5200000,961.1000000,975.0600000,17.578
17698_090101_130416,D,20100420,000000,975.2100000,1.025.0000000,975.2100000,1.006.9900000,14.384
17698_090101_130416,D,20100421,000000,1.015.0000000,1.040.0000000,985.0000000,995.0000000,8.744
17698_090101_130416,D,20100422,000000,992.9900000,1.023.1700000,964.1800000,970.0000000,8.988
17698_090101_130416,D,20100423,000000,984.3000000,994.0000000,960.0000000,994.0000000,3.951
17698_090101_130416,D,20100426,000000,995.0000000,1.069.9900000,994.0000000,1.051.3300000,20.272
17698_090101_130416,D,20100427,000000,1.042.7100000,1.050.0000000,1.008.0100000,1.027.6900000,8.514
17698_090101_130416,D,20100428,000000,995.2200000,999.0000000,970.0000000,982.0300000,15.967
17698_090101_130416,D,20100429,000000,994.0000000,1.004.0000000,972.0600000,1.004.0000000,3.296
17698_090101_130416,D,20100430,000000,1.014.9700000,1.014.9900000,980.0000000,992.3400000,1.436
17698_090101_130416,D,20100504,000000,994.9900000,994.9900000,955.0800000,963.0000000,5.566
17698_090101_130416,D,20100505,000000,961.0000000,965.0000000,920.0100000,926.0000000,7.834
17698_090101_130416,D,20100506,000000,917.0000000,936.8700000,915.0000000,920.5300000,2.191
17698_090101_130416,D,20100507,000000,910.0000000,910.0000000,700.0000000,812.0000000,20.217
17698_090101_130416,D,20100511,000000,859.9900000,880.0000000,782.0100000,804.9900000,7.828
17698_090101_130416,D,20100512,000000,800.0000000,834.9900000,785.0000000,834.9400000,15.552
17698_090101_130416,D,20100513,000000,835.0000000,865.0000000,816.0200000,836.9900000,8.842
17698_090101_130416,D,20100514,000000,835.0000000,864.9000000,795.6700000,814.7500000,6.148
17698_090101_130416,D,20100517,000000,785.0300000,810.0000000,754.6600000,802.9900000,8.548
17698_090101_130416,D,20100518,000000,800.0000000,859.8900000,799.0000000,830.5500000,8.287
17698_090101_130416,D,20100519,000000,805.1600000,833.9900000,780.0000000,790.0000000,2.869
17698_090101_130416,D,20100520,000000,800.0000000,809.8700000,680.0000000,709.8800000,19.513
17698_090101_130416,D,20100521,000000,709.8800000,709.9900000,649.9000000,695.2000000,21.201
17698_090101_130416,D,20100524,000000,712.8800000,731.0000000,683.4500000,713.9300000,6.629
17698_090101_130416,D,20100525,000000,678.3300000,682.0000000,625.0000000,648.4600000,10.802
17698_090101_130416,D,20100526,000000,666.6200000,690.0000000,653.0300000,683.9700000,7.387
17698_090101_130416,D,20100527,000000,687.0000000,730.0000000,656.1900000,722.0000000,16.075
17698_090101_130416,D,20100528,000000,730.0000000,731.0100000,700.0500000,725.0000000,5.443
17698_090101_130416,D,20100531,000000,720.0100000,742.7400000,710.1100000,740.0000000,6.891
17698_090101_130416,D,20100601,000000,739.9300000,740.0000000,705.3100000,730.0200000,3.363
17698_090101_130416,D,20100602,000000,710.7000000,741.0000000,708.9800000,724.0000000,6.212
17698_090101_130416,D,20100603,000000,740.0000000,760.0000000,709.9300000,710.0200000,6.314
17698_090101_130416,D,20100604,000000,739.9700000,743.3000000,701.0100000,717.9000000,5.476
17698_090101_130416,D,20100607,000000,681.0000000,714.0000000,675.0500000,703.8900000,3.309
17698_090101_130416,D,20100608,000000,707.9000000,723.6900000,681.0100000,700.9200000,2.732
17698_090101_130416,D,20100609,000000,691.0000000,714.0400000,686.0100000,696.0000000,2.070
17698_090101_130416,D,20100610,000000,690.0000000,708.9900000,690.0000000,707.5000000,792
17698_090101_130416,D,20100611,000000,704.9900000,704.9900000,692.0100000,699.9900000,1.703
17698_090101_130416,D,20100615,000000,699.9900000,710.0000000,692.9300000,709.9500000,2.672
17698_090101_130416,D,20100616,000000,710.0000000,710.0000000,687.5100000,704.6000000,2.391
17698_090101_130416,D,20100617,000000,707.0000000,707.5200000,690.4500000,699.4000000,1.548
17698_090101_130416,D,20100618,000000,699.9900000,703.9900000,691.3000000,703.9900000,674
17698_090101_130416,D,20100621,000000,711.7900000,749.0000000,700.0100000,728.0300000,6.708
17698_090101_130416,D,20100622,000000,720.1900000,731.0000000,708.0600000,710.0000000,4.093
17698_090101_130416,D,20100623,000000,715.9700000,728.9000000,692.0000000,700.9900000,1.699
17698_090101_130416,D,20100624,000000,702.0000000,709.9700000,691.0000000,697.0000000,1.197
17698_090101_130416,D,20100625,000000,692.9100000,698.9900000,660.1200000,684.9600000,3.782
17698_090101_130416,D,20100628,000000,685.5100000,718.9900000,670.1500000,708.9200000,3.302
17698_090101_130416,D,20100629,000000,700.6400000,700.6400000,679.0000000,687.6100000,2.167
17698_090101_130416,D,20100630,000000,674.8800000,689.9600000,660.3000000,689.9600000,1.508
17698_090101_130416,D,20100701,000000,670.1500000,674.8800000,656.1300000,658.8200000,2.305
17698_090101_130416,D,20100702,000000,680.3100000,680.3200000,651.3700000,679.3800000,1.512
17698_090101_130416,D,20100705,000000,680.0000000,680.3200000,674.9000000,679.5400000,1.850
17698_090101_130416,D,20100706,000000,675.7200000,687.9800000,675.7200000,687.5300000,3.195
17698_090101_130416,D,20100707,000000,682.0000000,684.2000000,665.6000000,682.9400000,13.413
17698_090101_130416,D,20100708,000000,684.9700000,715.0000000,684.9700000,705.6000000,9.131
17698_090101_130416,D,20100709,000000,711.4000000,716.0000000,675.1600000,693.0000000,6.249
17698_090101_130416,D,20100712,000000,693.0000000,714.9000000,677.9000000,705.0000000,8.041
17698_090101_130416,D,20100713,000000,705.4200000,719.9900000,705.4200000,719.0000000,4.802
17698_090101_130416,D,20100714,000000,719.0100000,725.0000000,705.0000000,723.8400000,4.347
17698_090101_130416,D,20100715,000000,720.9800000,780.0000000,719.9700000,749.0000000,19.132
17698_090101_130416,D,20100716,000000,759.9700000,763.0000000,735.0400000,743.0100000,8.043
17698_090101_130416,D,20100719,000000,731.0000000,748.9700000,725.0600000,740.0000000,1.384
17698_090101_130416,D,20100720,000000,745.0000000,750.6000000,730.0000000,730.5000000,8.108
17698_090101_130416,D,20100721,000000,742.9900000,810.0000000,732.8500000,794.0100000,14.587
17698_090101_130416,D,20100722,000000,782.0100000,820.0000000,780.0000000,820.0000000,16.103
17698_090101_130416,D,20100723,000000,819.9900000,844.4100000,807.1000000,826.7000000,8.588
17698_090101_130416,D,20100726,000000,839.9800000,848.0000000,819.0000000,829.0000000,2.958
17698_090101_130416,D,20100727,000000,828.0000000,844.0000000,820.0500000,838.9900000,10.439
17698_090101_130416,D,20100728,000000,838.9900000,844.8000000,807.0200000,815.0000000,7.734
17698_090101_130416,D,20100729,000000,819.1800000,820.0000000,800.3200000,808.9900000,2.824
17698_090101_130416,D,20100730,000000,802.5600000,810.0000000,775.0100000,810.0000000,6.692
17698_090101_130416,D,20100802,000000,810.0000000,835.7200000,810.0000000,825.0000000,11.586
17698_090101_130416,D,20100803,000000,833.9900000,834.0000000,811.6800000,815.0000000,8.437
17698_090101_130416,D,20100804,000000,827.4300000,833.9600000,815.0000000,823.3800000,20.296
17698_090101_130416,D,20100805,000000,821.2300000,825.0000000,815.0000000,824.8800000,16.494
17698_090101_130416,D,20100806,000000,825.0000000,834.9900000,816.7800000,820.4900000,2.321
17698_090101_130416,D,20100809,000000,818.0100000,835.0000000,818.0100000,832.9800000,2.606
17698_090101_130416,D,20100810,000000,820.2400000,830.0000000,810.0000000,823.1100000,14.465
17698_090101_130416,D,20100811,000000,819.9900000,825.0000000,810.0000000,810.0400000,3.169
17698_090101_130416,D,20100812,000000,809.9700000,821.0000000,795.0000000,806.0500000,5.414
17698_090101_130416,D,20100813,000000,802.0100000,821.9500000,802.0100000,821.9500000,6.526
17698_090101_130416,D,20100816,000000,825.0000000,825.0000000,808.0100000,812.0200000,6.499
17698_090101_130416,D,20100817,000000,815.0500000,825.0000000,815.0000000,825.0000000,2.887
17698_090101_130416,D,20100818,000000,828.0000000,829.0000000,817.0000000,824.6800000,4.530
17698_090101_130416,D,20100819,000000,827.4600000,830.0000000,818.0000000,818.0000000,3.166
17698_090101_130416,D,20100820,000000,805.0300000,820.0000000,805.0000000,815.5000000,1.500
17698_090101_130416,D,20100823,000000,806.1000000,813.9500000,797.0100000,813.8300000,1.548
17698_090101_130416,D,20100824,000000,801.0500000,814.6300000,770.2500000,813.9500000,2.565
17698_090101_130416,D,20100825,000000,824.9800000,824.9800000,797.0100000,810.0000000,1.133
17698_090101_130416,D,20100826,000000,812.1200000,812.1200000,780.0000000,801.0900000,3.796
17698_090101_130416,D,20100827,000000,795.0000000,798.7800000,777.7800000,796.9800000,1.715
17698_090101_130416,D,20100830,000000,801.0100000,810.0000000,792.6000000,792.6000000,1.019
17698_090101_130416,D,20100831,000000,792.5200000,793.2200000,777.7700000,781.6400000,1.961
17698_090101_130416,D,20100901,000000,780.0000000,799.9700000,763.9000000,783.0000000,13.837
17698_090101_130416,D,20100902,000000,785.0000000,800.0000000,771.0000000,780.0000000,3.523
17698_090101_130416,D,20100903,000000,771.0200000,790.9500000,771.0200000,789.0000000,4.952
17698_090101_130416,D,20100906,000000,789.0100000,875.0000000,777.8100000,860.0000000,50.747
17698_090101_130416,D,20100907,000000,856.9800000,860.0000000,830.0100000,848.0100000,4.912
17698_090101_130416,D,20100908,000000,840.0000000,850.0000000,830.2500000,849.9300000,1.196
17698_090101_130416,D,20100909,000000,853.6600000,856.4800000,839.2100000,856.4800000,2.362
17698_090101_130416,D,20100910,000000,843.0000000,855.8600000,843.0000000,845.0000000,1.652
17698_090101_130416,D,20100913,000000,850.8400000,860.0000000,840.0100000,850.0000000,3.711
17698_090101_130416,D,20100914,000000,845.0200000,870.0000000,835.0100000,857.0000000,24.295
17698_090101_130416,D,20100915,000000,859.9900000,860.0000000,842.0000000,842.1100000,2.680
17698_090101_130416,D,20100916,000000,842.2100000,848.9300000,835.0000000,836.0000000,1.649
17698_090101_130416,D,20100917,000000,850.6800000,850.6800000,832.1000000,837.9900000,1.166
17698_090101_130416,D,20100920,000000,833.3400000,838.5100000,811.7000000,832.9900000,3.553
17698_090101_130416,D,20100921,000000,825.0800000,858.6100000,825.0800000,843.7000000,4.610
17698_090101_130416,D,20100922,000000,840.0000000,849.4800000,838.0000000,846.8500000,4.812
17698_090101_130416,D,20100923,000000,840.7800000,845.0000000,815.3200000,825.0200000,4.563
17698_090101_130416,D,20100924,000000,812.1200000,829.0000000,812.1100000,828.9700000,424
17698_090101_130416,D,20100927,000000,829.8200000,860.0000000,828.0000000,831.5200000,8.030
17698_090101_130416,D,20100928,000000,855.0000000,855.0000000,816.0000000,823.2900000,4.725
17698_090101_130416,D,20100929,000000,825.3200000,833.0000000,808.5300000,813.9800000,3.488
17698_090101_130416,D,20100930,000000,818.1200000,832.9900000,805.0000000,819.0000000,2.921
17698_090101_130416,D,20101001,000000,832.9800000,836.9900000,818.2000000,824.9700000,883
17698_090101_130416,D,20101004,000000,833.0000000,836.9900000,815.0000000,824.9600000,1.518
17698_090101_130416,D,20101005,000000,825.3600000,833.5800000,806.0000000,811.5600000,3.666
17698_090101_130416,D,20101006,000000,812.1000000,828.9100000,806.0000000,819.9300000,2.727
17698_090101_130416,D,20101007,000000,819.9300000,837.9800000,805.1700000,837.9800000,2.622
17698_090101_130416,D,20101008,000000,834.8100000,834.8100000,812.0700000,825.7100000,821
17698_090101_130416,D,20101011,000000,829.8800000,850.0000000,825.0000000,830.0000000,1.146
17698_090101_130416,D,20101012,000000,825.5200000,825.5200000,810.0000000,820.0000000,1.348
17698_090101_130416,D,20101013,000000,815.3300000,819.9400000,811.0000000,817.8500000,5.539
17698_090101_130416,D,20101014,000000,814.1100000,819.9800000,808.0000000,814.0000000,2.841
17698_090101_130416,D,20101015,000000,819.4900000,819.5100000,807.0000000,810.0000000,2.538
17698_090101_130416,D,20101018,000000,804.8200000,843.0000000,802.0000000,823.6300000,22.203
17698_090101_130416,D,20101019,000000,819.8100000,826.6200000,798.9700000,802.9800000,6.069
17698_090101_130416,D,20101020,000000,804.9900000,805.0000000,798.0000000,805.0000000,6.297
17698_090101_130416,D,20101021,000000,804.9900000,809.9800000,797.2700000,807.5700000,6.413
17698_090101_130416,D,20101022,000000,808.0000000,808.0000000,795.0000000,800.0500000,2.607
17698_090101_130416,D,20101025,000000,804.6100000,809.3500000,803.0000000,803.0000000,1.150
17698_090101_130416,D,20101026,000000,797.6400000,807.0000000,797.6400000,804.5600000,1.549
17698_090101_130416,D,20101027,000000,790.0500000,810.0000000,790.0500000,803.0500000,1.593
17698_090101_130416,D,20101028,000000,801.4000000,810.0000000,799.9800000,809.7800000,1.786
17698_090101_130416,D,20101029,000000,801.3700000,828.9500000,790.0200000,825.5000000,2.061
17698_090101_130416,D,20101101,000000,830.0000000,849.9100000,830.0000000,835.7700000,3.336
17698_090101_130416,D,20101102,000000,827.1400000,835.0000000,827.0000000,833.9000000,317
17698_090101_130416,D,20101103,000000,824.0000000,826.4300000,819.5900000,824.5700000,661
17698_090101_130416,D,20101108,000000,833.9000000,835.0000000,824.9800000,824.9800000,2.270
17698_090101_130416,D,20101109,000000,827.5100000,835.0000000,822.5700000,830.0000000,1.501
17698_090101_130416,D,20101110,000000,826.0200000,833.9500000,810.0000000,830.0000000,1.779
17698_090101_130416,D,20101111,000000,825.6000000,842.2700000,820.1200000,826.0300000,4.109
17698_090101_130416,D,20101112,000000,825.8700000,844.9000000,820.0100000,836.1200000,952
17698_090101_130416,D,20101113,000000,834.4800000,841.2800000,834.0000000,838.7400000,1.360
17698_090101_130416,D,20101115,000000,849.0000000,858.8600000,832.5000000,837.8600000,319
17698_090101_130416,D,20101116,000000,840.2100000,840.2100000,817.9500000,817.9500000,653
17698_090101_130416,D,20101117,000000,819.7200000,848.9900000,810.0000000,843.0000000,1.779
17698_090101_130416,D,20101118,000000,822.0200000,869.8900000,816.0100000,847.0000000,10.296
17698_090101_130416,D,20101119,000000,851.0000000,940.0000000,834.3500000,905.0200000,13.143
17698_090101_130416,D,20101122,000000,923.9600000,944.0000000,890.0000000,931.8500000,19.326
17698_090101_130416,D,20101123,000000,899.0000000,938.0000000,894.0000000,906.0000000,3.125
17698_090101_130416,D,20101124,000000,901.1200000,910.0000000,894.0000000,905.0900000,818
17698_090101_130416,D,20101125,000000,905.0000000,977.0000000,905.0000000,950.0200000,20.143
17698_090101_130416,D,20101126,000000,980.0000000,1.000.0000000,945.0200000,976.9200000,8.166
17698_090101_130416,D,20101129,000000,961.0800000,994.0000000,920.0000000,965.0000000,5.791
17698_090101_130416,D,20101130,000000,974.9600000,975.0000000,955.0000000,962.1800000,2.358
17698_090101_130416,D,20101201,000000,973.9600000,973.9600000,950.4800000,971.9800000,1.736
17698_090101_130416,D,20101202,000000,966.4200000,970.0000000,950.0000000,950.0100000,3.605
17698_090101_130416,D,20101203,000000,951.0300000,1.025.0000000,899.9700000,998.9900000,18.965
17698_090101_130416,D,20101206,000000,1.000.0000000,1.040.0000000,970.0000000,979.8700000,4.420
17698_090101_130416,D,20101207,000000,969.6300000,991.9800000,944.5900000,964.0000000,5.883
17698_090101_130416,D,20101208,000000,958.8000000,963.0000000,946.0000000,955.9200000,2.904
17698_090101_130416,D,20101209,000000,962.4500000,964.7200000,930.0500000,947.9800000,2.675
17698_090101_130416,D,20101210,000000,931.2400000,949.0000000,931.0500000,948.3900000,1.042
17698_090101_130416,D,20101213,000000,948.0000000,968.0000000,942.0100000,965.0000000,4.647
17698_090101_130416,D,20101214,000000,966.0000000,985.5600000,966.0000000,982.9000000,15.474
17698_090101_130416,D,20101215,000000,977.0000000,990.0000000,950.0000000,969.1900000,2.776
17698_090101_130416,D,20101216,000000,973.2300000,974.9800000,950.0800000,967.3900000,1.432
17698_090101_130416,D,20101217,000000,971.1000000,973.5000000,952.0200000,964.3300000,12.053
17698_090101_130416,D,20101220,000000,968.6300000,997.9800000,958.0000000,982.2100000,13.318
17698_090101_130416,D,20101221,000000,990.0000000,990.0000000,973.9000000,979.9700000,4.330
17698_090101_130416,D,20101222,000000,980.0000000,983.0000000,970.5500000,979.9900000,528
17698_090101_130416,D,20101223,000000,981.0000000,995.0000000,975.0000000,984.4800000,11.711
17698_090101_130416,D,20101224,000000,975.0000000,982.9800000,971.0000000,975.0000000,2.997
17698_090101_130416,D,20101227,000000,975.0200000,1.013.3400000,975.0000000,1.004.9700000,7.281
17698_090101_130416,D,20101228,000000,1.001.0000000,1.019.9500000,1.000.0600000,1.003.2700000,1.648
17698_090101_130416,D,20101229,000000,1.002.5000000,1.009.9900000,985.0000000,1.006.6800000,6.049
17698_090101_130416,D,20101230,000000,1.005.0000000,1.021.0000000,985.1500000,1.017.0000000,9.191
17698_090101_130416,D,20110111,000000,1.008.2200000,1.050.0000000,1.008.2200000,1.050.0000000,6.256
17698_090101_130416,D,20110112,000000,1.049.9900000,1.069.8500000,1.040.0000000,1.053.9500000,4.718
17698_090101_130416,D,20110113,000000,1.049.0000000,1.049.0000000,1.025.0000000,1.029.7000000,14.342
17698_090101_130416,D,20110114,000000,1.024.9800000,1.030.0000000,1.011.7900000,1.030.0000000,3.418
17698_090101_130416,D,20110117,000000,1.026.0200000,1.039.9700000,1.015.5200000,1.039.9700000,2.617
17698_090101_130416,D,20110118,000000,1.044.3400000,1.044.3400000,1.010.0000000,1.025.3500000,3.967
17698_090101_130416,D,20110119,000000,1.027.0000000,1.038.0000000,1.001.2200000,1.005.9600000,3.746
17698_090101_130416,D,20110120,000000,1.001.5200000,1.005.0000000,991.0700000,1.000.0000000,3.118
17698_090101_130416,D,20110121,000000,988.5700000,1.010.0000000,971.0000000,1.009.9700000,5.986
17698_090101_130416,D,20110124,000000,1.011.3300000,1.011.3300000,966.0300000,977.0400000,2.956
17698_090101_130416,D,20110125,000000,985.5500000,1.005.2000000,960.0000000,999.9600000,10.826
17698_090101_130416,D,20110126,000000,1.005.0000000,1.010.0000000,990.0000000,1.002.4600000,5.021
17698_090101_130416,D,20110127,000000,995.0200000,1.024.9000000,981.0000000,1.009.4900000,5.269
17698_090101_130416,D,20110128,000000,1.009.4900000,1.020.0000000,987.7000000,999.1000000,2.497
17698_090101_130416,D,20110131,000000,987.0000000,987.0000000,961.0800000,986.7500000,1.085
17698_090101_130416,D,20110201,000000,979.0900000,986.9900000,979.0900000,986.9900000,336
17698_090101_130416,D,20110202,000000,995.0700000,999.7500000,960.0200000,960.0200000,5.270
17698_090101_130416,D,20110203,000000,963.0000000,965.0000000,940.0600000,950.0000000,2.719
17698_090101_130416,D,20110204,000000,950.0000000,963.7800000,926.1200000,939.9700000,7.323
17698_090101_130416,D,20110207,000000,945.0000000,966.0000000,925.0000000,956.0300000,4.432
17698_090101_130416,D,20110208,000000,955.0200000,978.9700000,930.0000000,949.9800000,11.389
17698_090101_130416,D,20110209,000000,954.9900000,955.0000000,925.0000000,938.8100000,4.414
17698_090101_130416,D,20110210,000000,940.0000000,940.0000000,902.0000000,935.0000000,3.328
17698_090101_130416,D,20110211,000000,934.9000000,949.9400000,925.0000000,949.9100000,3.602
17698_090101_130416,D,20110214,000000,950.0000000,980.1000000,949.9900000,980.1000000,2.320
17698_090101_130416,D,20110215,000000,975.0000000,975.0000000,955.0000000,955.0000000,1.862
17698_090101_130416,D,20110216,000000,965.0000000,965.0000000,955.0000000,957.0000000,1.061
17698_090101_130416,D,20110217,000000,964.7800000,998.9900000,956.2700000,979.8800000,5.283
17698_090101_130416,D,20110218,000000,969.9800000,997.0000000,969.9800000,976.0000000,1.051
17698_090101_130416,D,20110221,000000,989.9700000,1.015.9900000,980.0000000,989.7800000,5.789
17698_090101_130416,D,20110222,000000,981.0300000,989.9900000,960.0000000,976.9500000,2.426
17698_090101_130416,D,20110224,000000,965.0200000,965.0200000,941.0500000,950.0000000,3.853
17698_090101_130416,D,20110225,000000,953.8300000,968.0500000,953.5900000,959.9900000,732
17698_090101_130416,D,20110228,000000,957.8700000,979.9600000,957.8700000,960.0000000,3.392
17698_090101_130416,D,20110301,000000,969.8000000,969.8000000,950.5000000,959.8000000,6.020
17698_090101_130416,D,20110302,000000,955.3000000,969.9000000,930.5000000,960.0000000,5.104
17698_090101_130416,D,20110303,000000,968.8000000,985.0000000,952.3000000,957.0000000,3.019
17698_090101_130416,D,20110304,000000,959.0000000,964.7000000,933.4000000,945.0000000,4.230
17698_090101_130416,D,20110305,000000,944.4000000,960.1000000,935.0000000,960.0000000,1.008
17698_090101_130416,D,20110309,000000,950.1000000,956.5000000,937.1000000,940.0000000,1.288
17698_090101_130416,D,20110310,000000,937.2000000,939.1000000,925.0000000,925.0000000,2.826
17698_090101_130416,D,20110311,000000,920.6000000,930.0000000,890.1000000,896.6000000,3.014
17698_090101_130416,D,20110314,000000,888.0000000,888.0000000,850.0000000,875.0000000,4.429
17698_090101_130416,D,20110315,000000,850.0000000,855.0000000,614.5000000,840.0000000,12.571
17698_090101_130416,D,20110316,000000,830.0000000,878.0000000,829.6000000,842.7000000,1.395
17698_090101_130416,D,20110317,000000,815.0000000,839.8000000,810.2000000,835.0000000,4.583
17698_090101_130416,D,20110318,000000,831.9000000,841.9000000,805.4000000,836.5000000,3.741
17698_090101_130416,D,20110321,000000,836.5000000,836.5000000,823.7000000,831.0000000,243
17698_090101_130416,D,20110322,000000,831.4000000,834.9000000,828.4000000,834.9000000,350
17698_090101_130416,D,20110323,000000,825.6000000,838.1000000,810.0000000,831.8000000,2.640
17698_090101_130416,D,20110324,000000,839.9000000,868.4000000,826.1000000,849.9000000,5.832
17698_090101_130416,D,20110325,000000,845.0000000,854.7000000,843.1000000,852.4000000,1.564
17698_090101_130416,D,20110328,000000,852.0000000,852.0000000,838.0000000,839.8000000,2.467
17698_090101_130416,D,20110329,000000,840.0000000,842.0000000,835.0000000,839.9000000,2.250
17698_090101_130416,D,20110330,000000,831.9000000,844.2000000,831.1000000,840.0000000,2.333
17698_090101_130416,D,20110331,000000,840.0000000,875.0000000,832.0000000,839.3000000,3.609
17698_090101_130416,D,20110401,000000,833.0000000,840.8000000,831.1000000,839.9000000,1.050
17698_090101_130416,D,20110404,000000,831.2000000,840.0000000,831.2000000,837.0000000,915
17698_090101_130416,D,20110405,000000,831.1000000,837.6000000,824.0000000,833.5000000,728
17698_090101_130416,D,20110406,000000,832.2000000,850.0000000,829.9000000,837.0000000,3.762
17698_090101_130416,D,20110407,000000,830.1000000,845.0000000,800.1000000,830.0000000,5.545
17698_090101_130416,D,20110408,000000,835.0000000,840.0000000,828.0000000,831.0000000,2.521
17698_090101_130416,D,20110411,000000,833.9000000,840.0000000,821.1000000,829.7000000,4.070
17698_090101_130416,D,20110412,000000,820.0000000,824.0000000,803.5000000,803.5000000,2.820
17698_090101_130416,D,20110413,000000,810.0000000,818.0000000,805.1000000,815.0000000,637
17698_090101_130416,D,20110414,000000,810.0000000,820.0000000,784.1000000,792.9000000,4.303
17698_090101_130416,D,20110415,000000,799.8000000,799.9000000,790.0000000,790.5000000,589
17698_090101_130416,D,20110418,000000,796.6000000,796.6000000,751.0000000,751.0000000,6.286
17698_090101_130416,D,20110419,000000,750.0000000,761.9000000,738.6000000,753.0000000,1.926
17698_090101_130416,D,20110420,000000,759.9000000,759.9000000,742.7000000,747.9000000,2.681
17698_090101_130416,D,20110421,000000,749.3000000,760.0000000,740.4000000,744.8000000,3.487
17698_090101_130416,D,20110422,000000,744.9000000,750.0000000,740.5000000,745.0000000,4.239
17698_090101_130416,D,20110425,000000,741.0000000,749.9000000,737.0000000,739.8000000,4.806
17698_090101_130416,D,20110426,000000,733.2000000,740.8000000,728.9000000,740.8000000,943
17698_090101_130416,D,20110427,000000,739.7000000,740.0000000,720.2000000,724.9000000,2.584
17698_090101_130416,D,20110428,000000,725.1000000,788.5000000,717.0000000,728.0000000,19.134
17698_090101_130416,D,20110429,000000,720.1000000,740.0000000,720.1000000,725.2000000,2.679
17698_090101_130416,D,20110503,000000,725.7000000,725.7000000,699.9000000,700.0000000,3.590
17698_090101_130416,D,20110504,000000,699.4000000,703.1000000,684.4000000,698.0000000,1.577
17698_090101_130416,D,20110505,000000,702.7000000,710.0000000,692.5000000,708.1000000,857
17698_090101_130416,D,20110506,000000,700.7000000,710.0000000,697.0000000,709.9000000,1.410
17698_090101_130416,D,20110510,000000,714.9000000,715.0000000,703.0000000,703.0000000,1.602
17698_090101_130416,D,20110511,000000,714.9000000,714.9000000,681.3000000,700.4000000,4.409
17698_090101_130416,D,20110512,000000,695.7000000,700.1000000,683.0000000,700.0000000,1.454
17698_090101_130416,D,20110513,000000,703.0000000,704.9000000,697.3000000,702.6000000,643
17698_090101_130416,D,20110516,000000,695.1000000,699.9000000,694.3000000,699.9000000,381
17698_090101_130416,D,20110517,000000,699.8000000,700.0000000,694.5000000,700.0000000,333
17698_090101_130416,D,20110518,000000,700.0000000,719.9000000,698.0000000,704.1000000,12.715
17698_090101_130416,D,20110519,000000,705.0000000,705.0000000,695.0000000,701.8000000,1.150
17698_090101_130416,D,20110520,000000,700.3000000,707.3000000,700.0000000,702.8000000,1.102
17698_090101_130416,D,20110523,000000,695.7000000,707.0000000,686.8000000,690.0000000,1.690
17698_090101_130416,D,20110524,000000,714.9000000,714.9000000,697.0000000,701.0000000,3.238
17698_090101_130416,D,20110525,000000,699.9000000,700.0000000,686.9000000,695.0000000,707
17698_090101_130416,D,20110526,000000,694.8000000,698.4000000,690.5000000,694.9000000,532
17698_090101_130416,D,20110527,000000,693.0000000,701.4000000,692.9000000,697.0000000,1.963
17698_090101_130416,D,20110530,000000,705.0000000,705.0000000,696.0000000,701.0000000,920
17698_090101_130416,D,20110531,000000,704.9000000,705.2000000,692.8000000,701.0000000,5.915
17698_090101_130416,D,20110601,000000,705.0000000,711.9000000,697.6000000,697.6000000,5.858
17698_090101_130416,D,20110602,000000,697.4000000,708.0000000,685.3000000,708.0000000,321
17698_090101_130416,D,20110603,000000,705.0000000,707.5000000,695.8000000,700.0000000,904
17698_090101_130416,D,20110606,000000,692.0000000,699.9000000,685.4000000,695.0000000,442
17698_090101_130416,D,20110607,000000,699.0000000,705.0000000,697.0000000,703.9000000,4.754
17698_090101_130416,D,20110608,000000,692.0000000,760.0000000,692.0000000,729.9000000,6.744
17698_090101_130416,D,20110609,000000,745.9000000,757.9000000,718.0000000,720.2000000,704
17698_090101_130416,D,20110610,000000,730.4000000,745.0000000,720.6000000,733.1000000,657
17698_090101_130416,D,20110614,000000,749.0000000,759.9000000,747.2000000,751.9000000,373
17698_090101_130416,D,20110615,000000,754.9000000,755.0000000,726.0000000,749.9000000,10.439
17698_090101_130416,D,20110616,000000,733.3000000,747.0000000,726.0000000,746.7000000,1.497
17698_090101_130416,D,20110617,000000,739.9000000,740.0000000,725.0000000,738.4000000,92
17698_090101_130416,D,20110620,000000,749.7000000,749.7000000,726.5000000,726.7000000,48
17698_090101_130416,D,20110621,000000,744.4000000,757.5000000,726.7000000,757.5000000,8.098
17698_090101_130416,D,20110622,000000,752.3000000,752.5000000,742.7000000,750.5000000,269
17698_090101_130416,D,20110623,000000,733.2000000,750.0000000,732.9000000,733.0000000,2.338
17698_090101_130416,D,20110624,000000,739.2000000,744.6000000,732.9000000,744.0000000,1.295
17698_090101_130416,D,20110627,000000,739.9000000,750.3000000,730.1000000,745.0000000,1.147
17698_090101_130416,D,20110628,000000,745.0000000,747.0000000,734.2000000,746.5000000,37
17698_090101_130416,D,20110629,000000,740.4000000,747.0000000,738.9000000,740.0000000,1.604
17698_090101_130416,D,20110630,000000,735.6000000,751.0000000,735.6000000,747.9000000,412
17698_090101_130416,D,20110701,000000,748.0000000,752.6000000,742.0000000,750.0000000,996
17698_090101_130416,D,20110704,000000,750.0000000,750.0000000,736.2000000,749.8000000,314
17698_090101_130416,D,20110705,000000,749.8000000,760.0000000,745.2000000,745.2000000,1.827
17698_090101_130416,D,20110706,000000,749.0000000,749.0000000,732.0000000,740.0000000,953
17698_090101_130416,D,20110707,000000,740.0000000,770.0000000,739.6000000,749.8000000,5.067
17698_090101_130416,D,20110708,000000,744.4000000,752.8000000,738.4000000,744.3000000,667
17698_090101_130416,D,20110711,000000,744.9000000,744.9000000,726.1000000,729.9000000,1.272
17698_090101_130416,D,20110712,000000,726.0000000,726.0000000,711.5000000,722.0000000,888
17698_090101_130416,D,20110713,000000,735.0000000,735.0000000,705.0000000,705.0000000,2.359
17698_090101_130416,D,20110714,000000,704.9000000,710.0000000,690.1000000,705.0000000,5.458
17698_090101_130416,D,20110715,000000,705.0000000,710.0000000,703.0000000,705.0000000,1.008
17698_090101_130416,D,20110718,000000,705.0000000,710.7000000,698.0000000,698.1000000,3.726
17698_090101_130416,D,20110719,000000,698.0000000,703.9000000,698.0000000,703.2000000,2.743
17698_090101_130416,D,20110720,000000,707.5000000,719.9000000,707.5000000,714.9000000,511
17698_090101_130416,D,20110721,000000,715.0000000,727.0000000,705.0000000,705.0000000,3.091
17698_090101_130416,D,20110722,000000,713.8000000,730.0000000,700.0000000,715.0000000,4.614
17698_090101_130416,D,20110725,000000,714.9000000,719.9000000,711.1000000,715.0000000,1.136
17698_090101_130416,D,20110726,000000,714.9000000,735.0000000,704.6000000,715.0000000,1.717
17698_090101_130416,D,20110727,000000,719.9000000,725.0000000,700.0000000,720.0000000,3.696
17698_090101_130416,D,20110728,000000,710.9000000,716.2000000,700.0000000,712.8000000,2.164
17698_090101_130416,D,20110729,000000,711.0000000,750.0000000,705.5000000,725.0000000,1.209
17698_090101_130416,D,20110801,000000,724.9000000,730.0000000,723.5000000,728.9000000,1.518
17698_090101_130416,D,20110802,000000,721.1000000,727.0000000,721.0000000,726.9000000,1.385
17698_090101_130416,D,20110803,000000,722.1000000,725.9000000,716.0000000,716.0000000,512
17698_090101_130416,D,20110804,000000,720.0000000,725.6000000,705.0000000,705.0000000,765
17698_090101_130416,D,20110805,000000,660.0000000,679.9000000,650.1000000,674.9000000,5.719
17698_090101_130416,D,20110808,000000,655.2000000,655.2000000,580.0000000,592.0000000,3.602
17698_090101_130416,D,20110809,000000,572.3000000,588.8000000,500.0000000,560.0000000,13.517
17698_090101_130416,D,20110810,000000,594.0000000,594.0000000,550.0000000,553.0000000,3.357
17698_090101_130416,D,20110811,000000,593.9000000,598.1000000,510.8000000,550.0000000,1.099
17698_090101_130416,D,20110812,000000,560.0000000,569.9000000,539.0000000,569.9000000,1.919
17698_090101_130416,D,20110815,000000,575.0000000,597.0000000,549.9000000,560.0000000,3.677
17698_090101_130416,D,20110816,000000,550.2000000,564.6000000,535.2000000,559.6000000,373
17698_090101_130416,D,20110817,000000,559.5000000,574.7000000,549.2000000,571.9000000,1.458
17698_090101_130416,D,20110818,000000,562.0000000,562.0000000,505.5000000,535.9000000,1.652
17698_090101_130416,D,20110819,000000,520.0000000,534.9000000,507.9000000,533.0000000,1.603
17698_090101_130416,D,20110822,000000,520.9000000,543.7000000,517.2000000,534.4000000,1.379
17698_090101_130416,D,20110823,000000,539.7000000,542.0000000,505.0000000,510.2000000,2.764
17698_090101_130416,D,20110824,000000,521.9000000,536.9000000,516.2000000,518.5000000,1.542
17698_090101_130416,D,20110825,000000,516.7000000,527.5000000,513.7000000,521.6000000,897
17698_090101_130416,D,20110826,000000,523.9000000,530.9000000,510.0000000,518.0000000,1.913
17698_090101_130416,D,20110829,000000,529.9000000,545.0000000,523.4000000,540.0000000,2.356
17698_090101_130416,D,20110830,000000,540.0000000,545.0000000,527.7000000,540.0000000,2.962
17698_090101_130416,D,20110831,000000,540.0000000,585.0000000,526.9000000,556.3000000,5.626
17698_090101_130416,D,20110901,000000,553.3000000,553.3000000,534.0000000,545.0000000,967
17698_090101_130416,D,20110902,000000,530.0000000,544.0000000,530.0000000,540.0000000,2.109
17698_090101_130416,D,20110905,000000,535.0000000,536.0000000,529.3000000,535.0000000,1.583
17698_090101_130416,D,20110906,000000,513.5000000,535.0000000,510.2000000,535.0000000,974
17698_090101_130416,D,20110907,000000,534.9000000,537.1000000,523.9000000,525.0000000,6.298
17698_090101_130416,D,20110908,000000,524.3000000,525.0000000,513.3000000,520.0000000,7.978
17698_090101_130416,D,20110909,000000,519.9000000,525.0000000,505.1000000,519.4000000,3.951
17698_090101_130416,D,20110912,000000,502.1000000,508.5000000,499.5000000,508.5000000,1.799
17698_090101_130416,D,20110913,000000,509.9000000,511.9000000,501.3000000,506.5000000,1.430
17698_090101_130416,D,20110914,000000,509.8000000,509.8000000,500.0000000,500.0000000,1.860
17698_090101_130416,D,20110915,000000,499.8000000,507.0000000,495.1000000,495.1000000,2.366
17698_090101_130416,D,20110916,000000,494.9000000,500.0000000,477.6000000,488.9000000,1.634
17698_090101_130416,D,20110919,000000,484.9000000,500.0000000,480.0000000,499.9000000,2.918
17698_090101_130416,D,20110920,000000,497.3000000,507.5000000,492.1000000,497.2000000,3.181
17698_090101_130416,D,20110921,000000,498.3000000,500.1000000,493.5000000,493.8000000,1.683
17698_090101_130416,D,20110922,000000,490.1000000,494.9000000,422.3000000,423.0000000,5.026
17698_090101_130416,D,20110923,000000,427.8000000,429.9000000,389.7000000,394.0000000,3.238
17698_090101_130416,D,20110926,000000,394.0000000,413.8000000,381.8000000,394.1000000,3.504
17698_090101_130416,D,20110927,000000,419.7000000,424.9000000,402.0000000,420.9000000,2.020
17698_090101_130416,D,20110928,000000,393.8000000,449.0000000,391.9000000,395.0000000,5.866
17698_090101_130416,D,20110929,000000,395.0000000,418.7000000,395.0000000,401.2000000,4.528
17698_090101_130416,D,20110930,000000,409.9000000,409.9000000,373.0000000,395.7000000,4.657
17698_090101_130416,D,20111003,000000,377.7000000,385.9000000,336.0000000,364.0000000,2.852
17698_090101_130416,D,20111004,000000,366.9000000,380.0000000,313.2000000,331.9000000,5.126
17698_090101_130416,D,20111005,000000,321.8000000,338.3000000,301.7000000,320.4000000,2.615
17698_090101_130416,D,20111006,000000,320.3000000,347.4000000,310.0000000,323.0000000,9.527
17698_090101_130416,D,20111007,000000,327.1000000,338.0000000,315.6000000,336.8000000,4.462
17698_090101_130416,D,20111010,000000,336.0000000,337.0000000,320.0000000,330.0000000,2.537
17698_090101_130416,D,20111011,000000,330.0000000,334.9000000,315.0000000,324.7000000,2.332
17698_090101_130416,D,20111012,000000,321.9000000,337.0000000,320.1000000,333.5000000,3.766
17698_090101_130416,D,20111013,000000,333.4000000,335.0000000,328.0000000,332.3000000,2.850
17698_090101_130416,D,20111014,000000,325.1000000,336.7000000,302.2000000,333.0000000,10.351
17698_090101_130416,D,20111017,000000,323.4000000,335.0000000,314.4000000,327.3000000,3.383
17698_090101_130416,D,20111018,000000,329.9000000,333.0000000,320.0000000,327.0000000,2.705
17698_090101_130416,D,20111019,000000,330.0000000,330.0000000,320.0000000,329.9000000,1.074
17698_090101_130416,D,20111020,000000,323.0000000,333.0000000,323.0000000,333.0000000,4.040
17698_090101_130416,D,20111021,000000,334.8000000,342.5000000,326.6000000,333.2000000,2.953
17698_090101_130416,D,20111024,000000,333.2000000,335.0000000,327.9000000,332.9000000,9.430
17698_090101_130416,D,20111025,000000,332.9000000,332.9000000,322.2000000,323.9000000,12.695
17698_090101_130416,D,20111026,000000,326.0000000,339.5000000,325.6000000,332.5000000,14.187
17698_090101_130416,D,20111027,000000,332.5000000,374.8000000,332.5000000,358.0000000,39.143
17698_090101_130416,D,20111028,000000,359.7000000,366.9000000,349.9000000,359.8000000,10.246
17698_090101_130416,D,20111031,000000,350.1000000,373.0000000,350.0000000,360.0000000,10.785
17698_090101_130416,D,20111101,000000,353.2000000,359.7000000,345.0000000,350.0000000,4.522
17698_090101_130416,D,20111102,000000,349.9000000,360.0000000,330.1000000,353.9000000,7.707
17698_090101_130416,D,20111103,000000,352.9000000,353.0000000,331.2000000,345.0000000,6.661
17698_090101_130416,D,20111107,000000,350.1000000,359.6000000,337.1000000,342.9000000,3.235
17698_090101_130416,D,20111108,000000,341.1000000,347.1000000,337.0000000,337.1000000,4.637
17698_090101_130416,D,20111109,000000,337.3000000,349.9000000,321.5000000,325.0000000,8.151
17698_090101_130416,D,20111110,000000,320.1000000,326.8000000,313.0000000,317.3000000,6.512
17698_090101_130416,D,20111111,000000,315.3000000,322.0000000,315.3000000,317.5000000,2.464
17698_090101_130416,D,20111114,000000,320.9000000,323.0000000,315.0000000,317.0000000,2.531
17698_090101_130416,D,20111115,000000,316.9000000,317.3000000,304.0000000,309.4000000,4.859
17698_090101_130416,D,20111116,000000,308.5000000,313.3000000,300.1000000,301.5000000,3.882
17698_090101_130416,D,20111117,000000,303.7000000,306.9000000,275.5000000,290.0000000,23.547
17698_090101_130416,D,20111118,000000,288.8000000,291.8000000,280.0000000,287.0000000,6.892
17698_090101_130416,D,20111121,000000,285.0000000,289.1000000,280.0000000,280.0000000,4.180
17698_090101_130416,D,20111122,000000,280.0000000,288.4000000,270.0000000,284.9000000,6.948
17698_090101_130416,D,20111123,000000,276.0000000,290.1000000,276.0000000,288.0000000,2.654
17698_090101_130416,D,20111124,000000,289.8000000,289.8000000,283.6000000,284.2000000,223
17698_090101_130416,D,20111125,000000,289.6000000,289.6000000,252.6000000,285.0000000,3.771
17698_090101_130416,D,20111128,000000,284.9000000,289.1000000,281.0000000,288.9000000,2.138
17698_090101_130416,D,20111129,000000,289.9000000,294.6000000,286.0000000,289.9000000,3.220
17698_090101_130416,D,20111130,000000,290.0000000,293.5000000,276.0000000,292.7000000,2.018
17698_090101_130416,D,20111201,000000,293.0000000,295.0000000,287.8000000,289.8000000,4.505
17698_090101_130416,D,20111202,000000,290.0000000,314.5000000,280.9000000,300.5000000,21.392
17698_090101_130416,D,20111205,000000,306.2000000,319.7000000,302.2000000,319.0000000,5.597
17698_090101_130416,D,20111206,000000,315.1000000,321.5000000,305.0000000,320.0000000,11.522
17698_090101_130416,D,20111207,000000,312.0000000,318.6000000,305.4000000,305.8000000,2.132
17698_090101_130416,D,20111208,000000,306.9000000,310.1000000,297.3000000,305.9000000,4.439
17698_090101_130416,D,20111209,000000,303.0000000,310.1000000,294.8000000,300.8000000,2.972
17698_090101_130416,D,20111212,000000,297.4000000,308.6000000,296.5000000,296.5000000,3.120
17698_090101_130416,D,20111213,000000,295.7000000,303.0000000,290.1000000,293.0000000,293
17698_090101_130416,D,20111214,000000,301.8000000,301.8000000,295.5000000,301.2000000,16.468
17698_090101_130416,D,20111215,000000,297.8000000,305.2000000,290.1000000,305.2000000,1.528
17698_090101_130416,D,20111216,000000,304.7000000,304.7000000,293.4000000,294.9000000,856
17698_090101_130416,D,20111219,000000,293.4000000,298.0000000,293.0000000,294.8000000,5.282
17698_090101_130416,D,20111220,000000,297.0000000,297.0000000,283.6000000,288.4000000,19.223
17698_090101_130416,D,20111221,000000,294.6000000,294.6000000,288.0000000,290.0000000,6.435
17698_090101_130416,D,20111222,000000,295.9000000,304.9000000,286.6000000,289.1000000,9.054
17698_090101_130416,D,20111223,000000,289.1000000,290.0000000,285.1000000,285.5000000,4.109
17698_090101_130416,D,20111226,000000,294.5000000,294.6000000,287.0000000,291.8000000,446
17698_090101_130416,D,20111227,000000,288.6000000,288.7000000,286.5000000,286.6000000,577
17698_090101_130416,D,20111228,000000,285.7000000,286.7000000,265.2000000,282.0000000,1.128
17698_090101_130416,D,20111229,000000,278.6000000,282.0000000,277.0000000,280.9000000,1.026
17698_090101_130416,D,20111230,000000,285.5000000,285.7000000,275.2000000,278.5000000,2.391
17698_090101_130416,D,20120103,000000,285.8000000,285.8000000,280.0000000,282.5000000,27
17698_090101_130416,D,20120104,000000,281.5000000,281.5000000,278.2000000,279.7000000,4.402
17698_090101_130416,D,20120105,000000,284.4000000,285.8000000,282.5000000,283.0000000,2.965
17698_090101_130416,D,20120106,000000,282.0000000,282.0000000,275.1000000,279.5000000,1.537
17698_090101_130416,D,20120109,000000,276.4000000,280.0000000,276.4000000,280.0000000,217
17698_090101_130416,D,20120110,000000,283.8000000,292.9000000,282.0000000,287.3000000,2.067
17698_090101_130416,D,20120111,000000,293.4000000,293.4000000,283.7000000,285.0000000,886
17698_090101_130416,D,20120112,000000,287.7000000,288.0000000,283.7000000,287.0000000,1.703
17698_090101_130416,D,20120113,000000,290.0000000,290.0000000,271.6000000,280.0000000,6.040
17698_090101_130416,D,20120116,000000,277.1000000,280.0000000,268.9000000,273.0000000,9.979
17698_090101_130416,D,20120117,000000,274.6000000,285.0000000,274.6000000,285.0000000,5.583
17698_090101_130416,D,20120118,000000,283.0000000,288.8000000,282.0000000,286.4000000,1.770
17698_090101_130416,D,20120119,000000,285.5000000,295.0000000,280.4000000,293.9000000,2.316
17698_090101_130416,D,20120120,000000,290.0000000,295.0000000,286.3000000,288.4000000,3.530
17698_090101_130416,D,20120123,000000,286.1000000,294.5000000,286.1000000,291.7000000,8.431
17698_090101_130416,D,20120124,000000,290.0000000,300.0000000,288.0000000,298.5000000,16.835
17698_090101_130416,D,20120125,000000,298.5000000,299.0000000,288.5000000,295.7000000,6.593
17698_090101_130416,D,20120126,000000,298.7000000,304.0000000,291.3000000,303.7000000,10.041
17698_090101_130416,D,20120127,000000,303.7000000,303.7000000,288.5000000,289.1000000,9.979
17698_090101_130416,D,20120130,000000,289.9000000,290.0000000,284.5000000,285.6000000,2.993
17698_090101_130416,D,20120131,000000,285.5000000,289.3000000,285.5000000,289.3000000,2.296
17698_090101_130416,D,20120201,000000,284.0000000,289.9000000,283.7000000,287.5000000,5.091
17698_090101_130416,D,20120202,000000,287.5000000,288.0000000,283.0000000,288.0000000,5.939
17698_090101_130416,D,20120203,000000,287.0000000,295.0000000,285.0000000,289.0000000,7.462
17698_090101_130416,D,20120206,000000,285.0000000,295.8000000,285.0000000,294.0000000,6.913
17698_090101_130416,D,20120207,000000,295.0000000,319.0000000,292.2000000,307.0000000,27.746
17698_090101_130416,D,20120208,000000,308.9000000,329.6000000,308.9000000,325.0000000,39.285
17698_090101_130416,D,20120209,000000,326.0000000,353.8000000,326.0000000,344.1000000,25.095
17698_090101_130416,D,20120210,000000,354.7000000,354.7000000,322.2000000,331.3000000,13.735
17698_090101_130416,D,20120213,000000,334.8000000,370.2000000,331.6000000,347.0000000,29.413
17698_090101_130416,D,20120214,000000,345.3000000,368.4000000,339.2000000,350.0000000,27.030
17698_090101_130416,D,20120215,000000,356.9000000,357.8000000,345.8000000,351.8000000,7.262
17698_090101_130416,D,20120216,000000,348.7000000,352.0000000,341.0000000,351.0000000,2.240
17698_090101_130416,D,20120217,000000,355.0000000,356.8000000,344.0000000,348.9000000,8.128
17698_090101_130416,D,20120220,000000,349.1000000,353.3000000,324.9000000,326.1000000,24.438
17698_090101_130416,D,20120221,000000,327.0000000,331.0000000,320.1000000,323.0000000,7.426
17698_090101_130416,D,20120222,000000,324.7000000,330.0000000,318.0000000,321.5000000,51.248
17698_090101_130416,D,20120224,000000,322.0000000,340.0000000,321.1000000,331.0000000,7.162
17698_090101_130416,D,20120227,000000,333.0000000,335.9000000,326.1000000,328.5000000,1.891
17698_090101_130416,D,20120228,000000,329.3000000,329.4000000,313.1000000,315.0000000,13.335
17698_090101_130416,D,20120229,000000,314.9000000,321.0000000,311.6000000,318.9000000,11.933
17698_090101_130416,D,20120301,000000,315.3000000,322.5000000,314.9000000,318.0000000,45.847
17698_090101_130416,D,20120302,000000,318.9000000,354.4000000,318.0000000,334.9000000,66.041
17698_090101_130416,D,20120305,000000,339.2000000,352.6000000,326.2000000,342.3000000,9.514
17698_090101_130416,D,20120306,000000,341.5000000,342.3000000,325.3000000,325.4000000,9.231
17698_090101_130416,D,20120307,000000,325.4000000,329.0000000,320.2000000,325.6000000,3.337
17698_090101_130416,D,20120311,000000,333.0000000,334.3000000,325.0000000,330.6000000,4.933
17698_090101_130416,D,20120312,000000,329.9000000,339.7000000,328.0000000,339.7000000,4.207
17698_090101_130416,D,20120313,000000,333.0000000,336.4000000,331.8000000,334.0000000,2.874
17698_090101_130416,D,20120314,000000,334.1000000,338.8000000,326.1000000,338.7000000,2.705
17698_090101_130416,D,20120315,000000,339.0000000,339.0000000,331.1000000,333.7000000,866
17698_090101_130416,D,20120316,000000,333.0000000,351.0000000,332.0000000,345.1000000,7.088
17698_090101_130416,D,20120319,000000,343.1000000,358.0000000,337.6000000,342.0000000,8.136
17698_090101_130416,D,20120320,000000,338.8000000,341.5000000,333.0000000,334.9000000,2.641
17698_090101_130416,D,20120321,000000,338.4000000,344.4000000,334.0000000,337.0000000,4.789
17698_090101_130416,D,20120322,000000,342.5000000,342.5000000,326.8000000,328.2000000,2.333
17698_090101_130416,D,20120323,000000,337.0000000,337.0000000,323.7000000,329.7000000,2.339
17698_090101_130416,D,20120326,000000,334.3000000,343.0000000,327.4000000,336.1000000,2.027
17698_090101_130416,D,20120327,000000,340.0000000,343.4000000,336.4000000,339.0000000,2.853
17698_090101_130416,D,20120328,000000,336.1000000,337.0000000,330.0000000,331.1000000,807
17698_090101_130416,D,20120329,000000,330.1000000,331.1000000,323.7000000,324.0000000,1.345
17698_090101_130416,D,20120330,000000,323.8000000,337.0000000,320.5000000,332.5000000,1.730
17698_090101_130416,D,20120402,000000,333.9000000,334.0000000,323.2000000,329.9000000,996
17698_090101_130416,D,20120403,000000,330.1000000,337.5000000,326.7000000,335.0000000,2.919
17698_090101_130416,D,20120404,000000,332.3000000,337.0000000,325.7000000,332.1000000,1.361
17698_090101_130416,D,20120405,000000,325.7000000,335.9000000,325.0000000,332.0000000,1.038
17698_090101_130416,D,20120406,000000,333.0000000,345.0000000,329.1000000,329.1000000,6.568
17698_090101_130416,D,20120409,000000,326.8000000,338.9000000,325.0000000,335.9000000,1.646
17698_090101_130416,D,20120410,000000,330.5000000,336.0000000,330.0000000,333.0000000,1.051
17698_090101_130416,D,20120411,000000,333.0000000,335.9000000,320.0000000,329.5000000,1.979
17698_090101_130416,D,20120412,000000,327.0000000,336.7000000,326.1000000,328.7000000,614
17698_090101_130416,D,20120413,000000,331.7000000,336.0000000,327.7000000,332.9000000,3.102
17698_090101_130416,D,20120416,000000,331.0000000,344.0000000,331.0000000,337.7000000,997
17698_090101_130416,D,20120417,000000,333.7000000,338.8000000,332.5000000,335.0000000,1.869
17698_090101_130416,D,20120418,000000,335.0000000,335.0000000,333.0000000,333.0000000,544
17698_090101_130416,D,20120419,000000,331.5000000,337.6000000,330.1000000,335.6000000,316
17698_090101_130416,D,20120420,000000,335.0000000,336.3000000,325.0000000,329.7000000,3.420
17698_090101_130416,D,20120423,000000,329.5000000,330.0000000,320.0000000,324.6000000,2.216
17698_090101_130416,D,20120424,000000,328.0000000,330.0000000,320.0000000,324.4000000,508
17698_090101_130416,D,20120425,000000,323.0000000,326.9000000,319.6000000,323.7000000,867
17698_090101_130416,D,20120426,000000,323.0000000,323.0000000,296.5000000,313.4000000,1.670
17698_090101_130416,D,20120427,000000,306.8000000,316.5000000,300.4000000,313.7000000,550
17698_090101_130416,D,20120428,000000,316.0000000,318.0000000,310.3000000,310.3000000,4.365
17698_090101_130416,D,20120502,000000,306.1000000,322.4000000,306.1000000,308.1000000,2.079
17698_090101_130416,D,20120503,000000,307.0000000,308.0000000,295.8000000,302.3000000,602
17698_090101_130416,D,20120504,000000,300.6000000,300.9000000,290.0000000,294.4000000,1.574
17698_090101_130416,D,20120505,000000,287.4000000,300.0000000,258.7000000,290.5000000,2.408
17698_090101_130416,D,20120507,000000,298.1000000,299.4000000,272.0000000,278.8000000,1.396
17698_090101_130416,D,20120508,000000,287.3000000,287.3000000,277.7000000,283.2000000,409
17698_090101_130416,D,20120510,000000,282.9000000,288.9000000,278.4000000,284.5000000,658
17698_090101_130416,D,20120511,000000,287.0000000,287.0000000,275.1000000,281.3000000,400
17698_090101_130416,D,20120512,000000,285.5000000,286.4000000,282.8000000,284.1000000,191
17698_090101_130416,D,20120514,000000,272.9000000,285.6000000,269.5000000,269.6000000,133
17698_090101_130416,D,20120515,000000,269.3000000,284.7000000,265.7000000,270.7000000,478
17698_090101_130416,D,20120516,000000,271.2000000,276.6000000,270.8000000,276.0000000,343
17698_090101_130416,D,20120517,000000,270.0000000,274.7000000,251.0000000,261.9000000,2.506
17698_090101_130416,D,20120518,000000,254.8000000,274.9000000,250.0000000,264.1000000,5.086
17698_090101_130416,D,20120521,000000,275.0000000,275.0000000,264.0000000,274.3000000,910
17698_090101_130416,D,20120522,000000,260.4000000,278.4000000,260.4000000,277.5000000,976
17698_090101_130416,D,20120523,000000,270.0000000,274.0000000,263.0000000,265.0000000,990
17698_090101_130416,D,20120524,000000,268.8000000,268.8000000,251.6000000,259.6000000,1.941
17698_090101_130416,D,20120525,000000,260.0000000,262.6000000,259.0000000,259.1000000,870
17698_090101_130416,D,20120528,000000,260.0000000,262.4000000,258.8000000,259.5000000,13.947
17698_090101_130416,D,20120529,000000,265.4000000,269.4000000,258.5000000,264.6000000,8.696
17698_090101_130416,D,20120530,000000,262.9000000,262.9000000,257.5000000,257.7000000,1.195
17698_090101_130416,D,20120531,000000,255.0000000,268.6000000,255.0000000,260.8000000,2.782
17698_090101_130416,D,20120601,000000,259.5000000,259.5000000,253.1000000,253.5000000,608
17698_090101_130416,D,20120604,000000,250.3000000,255.5000000,250.0000000,253.0000000,2.265
17698_090101_130416,D,20120605,000000,265.3000000,265.5000000,255.0000000,260.8000000,5.842
17698_090101_130416,D,20120606,000000,264.9000000,264.9000000,255.2000000,261.7000000,1.211
17698_090101_130416,D,20120607,000000,260.0000000,263.5000000,259.0000000,259.0000000,716
17698_090101_130416,D,20120608,000000,255.5000000,257.4000000,255.5000000,257.0000000,101
17698_090101_130416,D,20120609,000000,263.0000000,263.0000000,258.7000000,262.3000000,89
17698_090101_130416,D,20120613,000000,265.1000000,265.7000000,258.4000000,261.0000000,673
17698_090101_130416,D,20120614,000000,263.0000000,263.0000000,259.1000000,260.4000000,1.172
17698_090101_130416,D,20120615,000000,258.5000000,270.1000000,256.6000000,262.0000000,35.294
17698_090101_130416,D,20120618,000000,261.9000000,267.6000000,257.5000000,262.5000000,1.754
17698_090101_130416,D,20120619,000000,260.0000000,263.0000000,260.0000000,262.5000000,4.016
17698_090101_130416,D,20120620,000000,262.5000000,300.0000000,260.4000000,282.0000000,7.341
17698_090101_130416,D,20120621,000000,279.9000000,288.5000000,267.8000000,273.9000000,540
17698_090101_130416,D,20120622,000000,279.2000000,279.2000000,266.0000000,276.0000000,183
17698_090101_130416,D,20120625,000000,283.9000000,291.7000000,275.4000000,277.9000000,468
17698_090101_130416,D,20120626,000000,276.0000000,280.0000000,262.8000000,269.5000000,8.246
17698_090101_130416,D,20120627,000000,268.6000000,275.0000000,268.5000000,273.0000000,1.108
17698_090101_130416,D,20120628,000000,270.0000000,272.1000000,266.7000000,267.5000000,100
17698_090101_130416,D,20120629,000000,269.0000000,275.0000000,268.8000000,274.7000000,487
17698_090101_130416,D,20120702,000000,274.7000000,280.0000000,268.9000000,274.9000000,9.424
17698_090101_130416,D,20120703,000000,279.7000000,279.8000000,272.9000000,278.0000000,12.830
17698_090101_130416,D,20120704,000000,277.9000000,280.0000000,277.0000000,279.4000000,355
17698_090101_130416,D,20120705,000000,279.9000000,279.9000000,275.3000000,279.0000000,5.545
17698_090101_130416,D,20120706,000000,289.1000000,289.1000000,276.0000000,276.0000000,1.805
17698_090101_130416,D,20120709,000000,289.9000000,293.8000000,273.5000000,273.6000000,768
17698_090101_130416,D,20120710,000000,275.0000000,283.9000000,274.0000000,278.5000000,314
17698_090101_130416,D,20120711,000000,280.0000000,280.0000000,279.9000000,279.9000000,3
17698_090101_130416,D,20120712,000000,279.9000000,280.0000000,271.5000000,279.5000000,1.195
17698_090101_130416,D,20120713,000000,291.0000000,291.0000000,270.5000000,275.4000000,761
17698_090101_130416,D,20120716,000000,275.0000000,278.7000000,275.0000000,278.7000000,137
17698_090101_130416,D,20120717,000000,280.0000000,280.1000000,277.5000000,277.8000000,32
17698_090101_130416,D,20120718,000000,279.9000000,279.9000000,276.0000000,276.0000000,19
17698_090101_130416,D,20120719,000000,287.7000000,287.7000000,274.0000000,274.5000000,1.038
17698_090101_130416,D,20120720,000000,275.0000000,275.0000000,272.3000000,273.6000000,366
17698_090101_130416,D,20120723,000000,275.0000000,275.0000000,251.4000000,264.7000000,902
17698_090101_130416,D,20120724,000000,267.7000000,267.7000000,262.1000000,262.1000000,211
17698_090101_130416,D,20120725,000000,266.4000000,266.4000000,257.0000000,257.0000000,448
17698_090101_130416,D,20120726,000000,260.1000000,268.9000000,260.0000000,263.1000000,2.245
17698_090101_130416,D,20120727,000000,264.5000000,266.9000000,264.3000000,265.1000000,71
17698_090101_130416,D,20120730,000000,264.4000000,269.7000000,264.4000000,269.1000000,334
17698_090101_130416,D,20120731,000000,263.0000000,267.9000000,260.1000000,262.6000000,1.059
17698_090101_130416,D,20120801,000000,268.0000000,268.8000000,263.7000000,266.5000000,379
17698_090101_130416,D,20120802,000000,266.7000000,268.6000000,262.1000000,263.3000000,654
17698_090101_130416,D,20120803,000000,261.5000000,264.1000000,259.5000000,260.8000000,1.022
17698_090101_130416,D,20120806,000000,264.8000000,265.9000000,263.0000000,263.0000000,1.981
17698_090101_130416,D,20120807,000000,262.9000000,274.9000000,262.0000000,264.5000000,1.671
17698_090101_130416,D,20120808,000000,265.0000000,273.8000000,264.2000000,268.5000000,749
17698_090101_130416,D,20120809,000000,269.5000000,279.0000000,264.2000000,266.9000000,396
17698_090101_130416,D,20120810,000000,265.3000000,267.5000000,261.3000000,261.3000000,1.393
17698_090101_130416,D,20120813,000000,267.8000000,269.9000000,261.9000000,264.0000000,655
17698_090101_130416,D,20120814,000000,263.9000000,271.0000000,262.5000000,266.2000000,9.027
17698_090101_130416,D,20120815,000000,269.9000000,269.9000000,264.0000000,266.2000000,172
17698_090101_130416,D,20120816,000000,269.9000000,270.0000000,267.0000000,268.0000000,1.795
17698_090101_130416,D,20120817,000000,270.9000000,270.9000000,267.9000000,268.0000000,432
17698_090101_130416,D,20120820,000000,269.9000000,269.9000000,265.0000000,265.1000000,898
17698_090101_130416,D,20120821,000000,269.9000000,270.0000000,267.3000000,267.3000000,461
17698_090101_130416,D,20120822,000000,269.5000000,269.5000000,265.6000000,268.5000000,14
17698_090101_130416,D,20120823,000000,269.9000000,270.0000000,264.2000000,264.4000000,280
17698_090101_130416,D,20120824,000000,264.6000000,265.8000000,261.0000000,265.8000000,7.656
17698_090101_130416,D,20120827,000000,261.0000000,267.5000000,261.0000000,267.5000000,4.576
17698_090101_130416,D,20120828,000000,266.6000000,266.9000000,250.6000000,257.5000000,4.777
17698_090101_130416,D,20120829,000000,255.0000000,263.2000000,255.0000000,262.0000000,10.927
17698_090101_130416,D,20120830,000000,262.5000000,264.5000000,255.7000000,263.5000000,4.487
17698_090101_130416,D,20120831,000000,267.0000000,267.0000000,263.2000000,263.2000000,324
17698_090101_130416,D,20120903,000000,266.9000000,266.9000000,260.0000000,265.0000000,12.818
17698_090101_130416,D,20120904,000000,264.9000000,265.0000000,262.1000000,264.5000000,40
17698_090101_130416,D,20120905,000000,267.3000000,267.5000000,261.5000000,266.9000000,5.016
17698_090101_130416,D,20120906,000000,266.0000000,266.9000000,249.0000000,254.9000000,9.506
17698_090101_130416,D,20120907,000000,254.8000000,263.5000000,251.8000000,262.0000000,4.874
17698_090101_130416,D,20120910,000000,259.2000000,264.9000000,256.5000000,262.0000000,2.333
17698_090101_130416,D,20120911,000000,267.0000000,269.0000000,260.6000000,263.1000000,3.130
17698_090101_130416,D,20120912,000000,267.9000000,267.9000000,260.7000000,265.3000000,1.077
17698_090101_130416,D,20120913,000000,260.0000000,263.8000000,258.1000000,258.6000000,1.066
17698_090101_130416,D,20120914,000000,268.7000000,268.7000000,260.8000000,263.0000000,4.074
17698_090101_130416,D,20120917,000000,263.2000000,294.9000000,263.0000000,276.0000000,15.455
17698_090101_130416,D,20120918,000000,276.0000000,282.8000000,269.5000000,270.0000000,1.507
17698_090101_130416,D,20120919,000000,270.0000000,270.9000000,263.6000000,266.6000000,907
17698_090101_130416,D,20120920,000000,264.1000000,266.0000000,263.2000000,263.3000000,582
17698_090101_130416,D,20120921,000000,269.0000000,272.8000000,264.1000000,266.2000000,717
17698_090101_130416,D,20120924,000000,269.0000000,269.0000000,257.1000000,257.5000000,5.789
17698_090101_130416,D,20120925,000000,261.3000000,262.8000000,257.8000000,257.8000000,2.143
17698_090101_130416,D,20120926,000000,257.7000000,259.8000000,256.9000000,257.6000000,292
17698_090101_130416,D,20120927,000000,258.0000000,264.5000000,257.6000000,263.1000000,7.097
17698_090101_130416,D,20120928,000000,263.4000000,266.5000000,259.2000000,261.0000000,5.136
17698_090101_130416,D,20121001,000000,258.1000000,260.5000000,252.7000000,255.4000000,17.637
17698_090101_130416,D,20121002,000000,255.1000000,257.9000000,251.1000000,254.7000000,2.482
17698_090101_130416,D,20121003,000000,254.0000000,255.0000000,250.5000000,254.8000000,376
17698_090101_130416,D,20121004,000000,250.3000000,253.7000000,248.0000000,251.0000000,2.792
17698_090101_130416,D,20121005,000000,254.9000000,254.9000000,248.2000000,251.4000000,891
17698_090101_130416,D,20121008,000000,250.0000000,251.2000000,246.0000000,248.0000000,1.115
17698_090101_130416,D,20121009,000000,250.0000000,250.7000000,247.2000000,247.5000000,539
17698_090101_130416,D,20121010,000000,243.0000000,246.1000000,241.1000000,242.4000000,2.439
17698_090101_130416,D,20121011,000000,241.5000000,241.6000000,218.3000000,236.7000000,10.517
17698_090101_130416,D,20121012,000000,234.8000000,236.5000000,228.0000000,231.2000000,2.060
17698_090101_130416,D,20121015,000000,228.1000000,232.0000000,226.5000000,229.5000000,1.215
17698_090101_130416,D,20121016,000000,230.0000000,231.6000000,211.2000000,226.7000000,887
17698_090101_130416,D,20121017,000000,230.6000000,230.7000000,227.9000000,228.7000000,444
17698_090101_130416,D,20121018,000000,232.8000000,232.8000000,230.0000000,230.0000000,283
17698_090101_130416,D,20121019,000000,232.7000000,232.7000000,227.9000000,229.0000000,1.650
17698_090101_130416,D,20121022,000000,231.0000000,233.0000000,227.3000000,230.3000000,819
17698_090101_130416,D,20121023,000000,228.4000000,230.5000000,228.4000000,229.6000000,3.117
17698_090101_130416,D,20121024,000000,230.0000000,230.0000000,222.1000000,228.0000000,1.396
17698_090101_130416,D,20121025,000000,225.2000000,227.7000000,225.2000000,226.8000000,481
17698_090101_130416,D,20121026,000000,219.1000000,230.0000000,219.1000000,227.1000000,1.403
17698_090101_130416,D,20121029,000000,228.0000000,228.0000000,220.5000000,222.2000000,678
17698_090101_130416,D,20121030,000000,216.5000000,224.5000000,215.1000000,215.1000000,1.522
17698_090101_130416,D,20121031,000000,215.4000000,218.2000000,215.4000000,215.5000000,626
17698_090101_130416,D,20121101,000000,213.7000000,217.2000000,212.5000000,214.4000000,834
17698_090101_130416,D,20121102,000000,216.7000000,220.5000000,216.1000000,218.7000000,350
17698_090101_130416,D,20121106,000000,214.5000000,220.2000000,214.5000000,220.0000000,559
17698_090101_130416,D,20121107,000000,216.0000000,222.5000000,215.7000000,216.0000000,457
17698_090101_130416,D,20121108,000000,218.4000000,221.0000000,215.0000000,216.2000000,272
17698_090101_130416,D,20121109,000000,219.4000000,219.4000000,213.0000000,215.2000000,1.103
17698_090101_130416,D,20121112,000000,215.0000000,215.9000000,212.8000000,214.1000000,86
17698_090101_130416,D,20121113,000000,211.5000000,213.5000000,207.0000000,211.4000000,2.097
17698_090101_130416,D,20121114,000000,216.5000000,222.5000000,210.0000000,217.9000000,2.238
17698_090101_130416,D,20121115,000000,218.0000000,220.0000000,217.0000000,219.7000000,773
17698_090101_130416,D,20121116,000000,219.9000000,221.0000000,217.1000000,219.0000000,1.139
17698_090101_130416,D,20121119,000000,215.4000000,224.3000000,215.0000000,223.0000000,1.378
17698_090101_130416,D,20121120,000000,222.6000000,222.6000000,216.5000000,218.5000000,285
17698_090101_130416,D,20121121,000000,224.0000000,224.0000000,217.2000000,217.2000000,22
17698_090101_130416,D,20121122,000000,220.2000000,223.3000000,218.2000000,219.0000000,221
17698_090101_130416,D,20121123,000000,219.8000000,224.0000000,219.8000000,222.9000000,123
17698_090101_130416,D,20121126,000000,221.1000000,222.8000000,220.3000000,222.3000000,467
17698_090101_130416,D,20121127,000000,222.8000000,223.0000000,210.2000000,210.2000000,15.826
17698_090101_130416,D,20121128,000000,212.0000000,212.5000000,209.0000000,211.7000000,1.185
17698_090101_130416,D,20121129,000000,212.0000000,214.6000000,211.1000000,214.2000000,18
17698_090101_130416,D,20121130,000000,214.0000000,214.0000000,209.0000000,212.9000000,277
17698_090101_130416,D,20121203,000000,214.9000000,218.0000000,213.0000000,214.7000000,262
17698_090101_130416,D,20121204,000000,215.6000000,215.6000000,213.0000000,213.0000000,230
17698_090101_130416,D,20121205,000000,210.1000000,214.8000000,210.0000000,214.0000000,299
17698_090101_130416,D,20121206,000000,212.0000000,214.4000000,210.7000000,213.8000000,110
17698_090101_130416,D,20121207,000000,214.0000000,215.5000000,211.2000000,214.0000000,1.388
17698_090101_130416,D,20121210,000000,211.0000000,212.0000000,210.0000000,211.3000000,162
17698_090101_130416,D,20121211,000000,212.9000000,213.0000000,208.1000000,209.9000000,1.270
17698_090101_130416,D,20121212,000000,210.7000000,211.8000000,208.0000000,210.7000000,954
17698_090101_130416,D,20121213,000000,210.2000000,210.2000000,204.1000000,207.8000000,576
17698_090101_130416,D,20121214,000000,207.8000000,212.0000000,200.1000000,209.2000000,863
17698_090101_130416,D,20121217,000000,210.0000000,211.0000000,208.0000000,210.8000000,232
17698_090101_130416,D,20121218,000000,208.8000000,210.5000000,207.2000000,210.5000000,74
17698_090101_130416,D,20121219,000000,210.5000000,210.5000000,206.9000000,210.0000000,120
17698_090101_130416,D,20121220,000000,209.9000000,210.0000000,200.0000000,201.8000000,9.756
17698_090101_130416,D,20121221,000000,202.7000000,202.7000000,190.0000000,192.8000000,9.168
17698_090101_130416,D,20121224,000000,193.0000000,195.7000000,190.0000000,190.0000000,2.760
17698_090101_130416,D,20121225,000000,189.0000000,194.7000000,184.0000000,188.2000000,1.535
17698_090101_130416,D,20121226,000000,185.7000000,189.3000000,180.0000000,180.0000000,4.109
17698_090101_130416,D,20121227,000000,180.3000000,186.0000000,156.3000000,161.0000000,153.716
17698_090101_130416,D,20121228,000000,164.6000000,164.6000000,144.0000000,145.0000000,78.919
17698_090101_130416,D,20130108,000000,153.7000000,153.7000000,135.3000000,140.5000000,8.348
17698_090101_130416,D,20130109,000000,146.5000000,149.9000000,141.0000000,145.5000000,81.943
17698_090101_130416,D,20130110,000000,148.0000000,152.6000000,144.1000000,149.0000000,7.162
17698_090101_130416,D,20130111,000000,148.0000000,172.0000000,148.0000000,160.0000000,24.351
17698_090101_130416,D,20130114,000000,163.9000000,164.8000000,154.5000000,162.3000000,18.137
17698_090101_130416,D,20130115,000000,163.5000000,187.4000000,157.2000000,174.0000000,18.785
17698_090101_130416,D,20130116,000000,174.5000000,183.9000000,171.3000000,177.7000000,4.725
17698_090101_130416,D,20130117,000000,174.6000000,181.7000000,173.4000000,176.5000000,1.812
17698_090101_130416,D,20130118,000000,175.0000000,181.3000000,172.0000000,181.0000000,1.201
17698_090101_130416,D,20130121,000000,180.0000000,182.0000000,174.2000000,178.6000000,1.596
17698_090101_130416,D,20130122,000000,179.1000000,198.0000000,172.2000000,185.0000000,25.103
17698_090101_130416,D,20130123,000000,188.1000000,188.1000000,182.2000000,183.8000000,724
17698_090101_130416,D,20130124,000000,183.8000000,198.5000000,181.2000000,191.9000000,5.788
17698_090101_130416,D,20130125,000000,188.3000000,191.6000000,182.0000000,189.5000000,4.714
17698_090101_130416,D,20130128,000000,191.2000000,191.2000000,176.2000000,182.8000000,2.837
17698_090101_130416,D,20130129,000000,183.3000000,191.8000000,182.8000000,185.5000000,1.712
17698_090101_130416,D,20130130,000000,185.5000000,197.1000000,185.5000000,188.5000000,3.368
17698_090101_130416,D,20130131,000000,189.0000000,190.8000000,177.5000000,186.0000000,1.906
17698_090101_130416,D,20130201,000000,188.8000000,191.3000000,186.3000000,189.6000000,2.531
17698_090101_130416,D,20130204,000000,187.2000000,191.0000000,186.0000000,186.3000000,997
17698_090101_130416,D,20130205,000000,188.8000000,233.0000000,188.7000000,225.4000000,107.134
17698_090101_130416,D,20130206,000000,220.0000000,243.8000000,205.6000000,214.8000000,10.362
17698_090101_130416,D,20130207,000000,215.0000000,219.6000000,206.0000000,212.3000000,4.633
17698_090101_130416,D,20130208,000000,208.8000000,235.0000000,208.2000000,228.8000000,10.361
17698_090101_130416,D,20130211,000000,232.8000000,236.5000000,221.3000000,232.9000000,1.680
17698_090101_130416,D,20130212,000000,230.6000000,239.6000000,221.3000000,230.0000000,2.540
17698_090101_130416,D,20130213,000000,233.1000000,245.6000000,232.0000000,240.0000000,16.760
17698_090101_130416,D,20130214,000000,240.0000000,244.5000000,235.0000000,239.9000000,3.858
17698_090101_130416,D,20130215,000000,239.3000000,240.0000000,236.5000000,237.0000000,656
17698_090101_130416,D,20130218,000000,236.5000000,239.7000000,236.5000000,237.2000000,701
17698_090101_130416,D,20130219,000000,236.4000000,266.5000000,235.1000000,256.8000000,7.815
17698_090101_130416,D,20130220,000000,256.8000000,264.0000000,251.6000000,260.0000000,4.371
17698_090101_130416,D,20130221,000000,254.0000000,266.4000000,252.4000000,262.0000000,4.960
17698_090101_130416,D,20130222,000000,262.0000000,265.8000000,255.5000000,262.0000000,212
17698_090101_130416,D,20130225,000000,264.5000000,275.1000000,264.5000000,265.0000000,6.288
17698_090101_130416,D,20130226,000000,260.0000000,261.2000000,253.2000000,260.2000000,223
17698_090101_130416,D,20130227,000000,263.1000000,263.1000000,242.6000000,256.8000000,963
17698_090101_130416,D,20130228,000000,257.8000000,263.0000000,256.4000000,257.0000000,612
17698_090101_130416,D,20130301,000000,255.5000000,257.5000000,205.1000000,240.0000000,12.839
17698_090101_130416,D,20130304,000000,234.6000000,236.0000000,227.3000000,230.0000000,1.143
17698_090101_130416,D,20130305,000000,232.7000000,232.7000000,229.6000000,231.0000000,609
17698_090101_130416,D,20130306,000000,233.3000000,241.8000000,233.3000000,241.0000000,733
17698_090101_130416,D,20130307,000000,242.0000000,247.8000000,237.0000000,247.6000000,532
17698_090101_130416,D,20130311,000000,248.0000000,266.6000000,248.0000000,257.7000000,4.503
17698_090101_130416,D,20130312,000000,260.0000000,300.0000000,245.8000000,272.0000000,10.362
17698_090101_130416,D,20130313,000000,269.8000000,280.0000000,263.2000000,272.0000000,3.824
17698_090101_130416,D,20130314,000000,265.4000000,274.9000000,256.2000000,271.0000000,1.656
17698_090101_130416,D,20130315,000000,274.8000000,274.8000000,266.5000000,269.1000000,1.155
17698_090101_130416,D,20130318,000000,269.1000000,273.0000000,255.0000000,257.4000000,1.406
17698_090101_130416,D,20130319,000000,266.0000000,268.0000000,236.9000000,260.0000000,1.412
17698_090101_130416,D,20130320,000000,253.0000000,267.0000000,241.2000000,258.6000000,831
17698_090101_130416,D,20130321,000000,258.1000000,266.1000000,248.0000000,263.0000000,857
17698_090101_130416,D,20130322,000000,252.0000000,266.8000000,252.0000000,260.0000000,3.782
17698_090101_130416,D,20130325,000000,260.0000000,268.2000000,260.0000000,260.0000000,1.660
17698_090101_130416,D,20130326,000000,260.0000000,266.9000000,260.0000000,260.0000000,6.848
17698_090101_130416,D,20130327,000000,261.7000000,262.7000000,260.0000000,260.0000000,2.038
17698_090101_130416,D,20130328,000000,260.0000000,270.0000000,260.0000000,262.5000000,3.027
17698_090101_130416,D,20130329,000000,263.0000000,277.0000000,263.0000000,265.1000000,644
17698_090101_130416,D,20130401,000000,264.2000000,269.9000000,261.6000000,266.0000000,1.479
17698_090101_130416,D,20130402,000000,269.9000000,277.9000000,265.6000000,269.0000000,1.191
17698_090101_130416,D,20130403,000000,265.0000000,268.7000000,265.0000000,265.0000000,3.322
