<TICKER>,<PER>,<DATE>,<TIME>,<OPEN>,<HIGH>,<LOW>,<CLOSE>,<VOL>
17850_090101_130416,D,20090111,000000,5.7770000,5.7770000,5.7770000,5.7770000,100
17850_090101_130416,D,20090112,000000,5.0000000,5.0000000,5.0000000,5.0000000,300
17850_090101_130416,D,20090113,000000,4.4000000,4.9990000,4.4000000,4.9990000,200
17850_090101_130416,D,20090114,000000,4.9970000,4.9980000,4.9960000,4.9960000,300
17850_090101_130416,D,20090116,000000,4.9980000,4.9980000,4.9980000,4.9980000,100
17850_090101_130416,D,20090119,000000,5.0000000,5.0000000,5.0000000,5.0000000,100
17850_090101_130416,D,20090121,000000,4.1510000,4.1510000,4.1510000,4.1510000,100
17850_090101_130416,D,20090122,000000,5.0000000,5.0000000,4.1510000,4.7000000,2.200
17850_090101_130416,D,20090123,000000,4.8990000,4.9990000,4.8990000,4.9990000,1.100
17850_090101_130416,D,20090126,000000,4.1540000,5.0000000,4.1540000,4.8400000,2.400
17850_090101_130416,D,20090127,000000,4.2500000,4.2500000,4.2500000,4.2500000,500
17850_090101_130416,D,20090128,000000,4.9990000,4.9990000,4.9990000,4.9990000,100
17850_090101_130416,D,20090130,000000,6.2000000,6.2000000,6.2000000,6.2000000,100
17850_090101_130416,D,20090202,000000,5.9970000,5.9970000,5.9970000,5.9970000,300
17850_090101_130416,D,20090204,000000,6.2500000,6.2500000,6.2500000,6.2500000,100
17850_090101_130416,D,20090205,000000,6.1990000,6.1990000,5.0000000,5.0000000,200
17850_090101_130416,D,20090206,000000,7.0000000,7.0000000,4.0000000,4.2030000,14.500
17850_090101_130416,D,20090209,000000,5.8840000,5.8840000,4.9100000,5.8840000,3.500
17850_090101_130416,D,20090210,000000,4.9550000,5.0000000,4.5000000,5.0000000,10.700
17850_090101_130416,D,20090211,000000,5.0000000,5.0000000,4.9990000,4.9990000,34.000
17850_090101_130416,D,20090212,000000,4.5510000,4.5510000,4.5500000,4.5500000,900
17850_090101_130416,D,20090213,000000,4.9900000,5.0000000,4.5000000,4.5000000,1.100
17850_090101_130416,D,20090216,000000,5.0000000,5.0000000,4.7500000,4.7500000,200
17850_090101_130416,D,20090217,000000,4.5300000,5.0980000,4.2000000,5.0980000,700
17850_090101_130416,D,20090218,000000,4.7000000,4.7000000,4.0000000,4.5000000,12.300
17850_090101_130416,D,20090219,000000,4.7900000,4.9990000,4.3330000,4.9990000,8.600
17850_090101_130416,D,20090220,000000,4.0040000,4.2500000,4.0040000,4.2500000,400
17850_090101_130416,D,20090224,000000,4.0000000,4.0500000,4.0000000,4.0500000,200
17850_090101_130416,D,20090225,000000,4.7000000,4.7000000,4.2000000,4.2000000,500
17850_090101_130416,D,20090227,000000,4.1000000,4.8980000,4.1000000,4.8980000,2.200
17850_090101_130416,D,20090302,000000,4.9000000,4.9990000,4.9000000,4.9990000,300
17850_090101_130416,D,20090304,000000,4.1500000,5.2500000,4.1500000,4.6000000,1.400
17850_090101_130416,D,20090305,000000,4.1550000,5.1500000,3.8880000,5.1500000,1.900
17850_090101_130416,D,20090310,000000,5.0000000,5.0000000,4.9990000,4.9990000,300
17850_090101_130416,D,20090311,000000,5.1500000,5.2000000,5.1500000,5.2000000,400
17850_090101_130416,D,20090316,000000,4.3000000,4.3000000,4.3000000,4.3000000,100
17850_090101_130416,D,20090318,000000,5.1500000,5.1500000,5.1500000,5.1500000,100
17850_090101_130416,D,20090319,000000,5.1500000,5.1500000,5.0000000,5.0000000,600
17850_090101_130416,D,20090320,000000,5.3000000,5.3000000,5.0000000,5.0000000,800
17850_090101_130416,D,20090323,000000,4.9900000,4.9900000,4.9900000,4.9900000,100
17850_090101_130416,D,20090324,000000,4.9900000,4.9900000,4.9900000,4.9900000,200
17850_090101_130416,D,20090325,000000,4.4410000,4.9990000,4.4400000,4.9990000,1.000
17850_090101_130416,D,20090327,000000,4.4410000,4.4410000,4.0190000,4.2500000,8.800
17850_090101_130416,D,20090330,000000,4.2500000,5.2100000,4.2500000,5.2000000,6.100
17850_090101_130416,D,20090331,000000,5.1800000,5.1900000,5.1800000,5.1900000,200
17850_090101_130416,D,20090402,000000,4.1500000,4.4500000,4.0510000,4.2810000,10.500
17850_090101_130416,D,20090403,000000,4.0800000,4.7470000,4.0700000,4.2500000,34.600
17850_090101_130416,D,20090406,000000,4.3000000,4.6000000,4.2500000,4.2500000,1.300
17850_090101_130416,D,20090407,000000,4.8320000,4.8320000,4.5380000,4.5390000,600
17850_090101_130416,D,20090409,000000,4.5990000,4.6490000,4.5990000,4.6490000,1.300
17850_090101_130416,D,20090410,000000,4.3000000,4.7500000,4.3000000,4.7500000,1.100
17850_090101_130416,D,20090413,000000,4.5000000,4.7780000,4.3000000,4.5000000,428.200
17850_090101_130416,D,20090414,000000,4.7880000,4.9970000,4.7000000,4.7000000,3.600
17850_090101_130416,D,20090415,000000,4.7770000,4.9970000,4.5000000,4.5000000,3.900
17850_090101_130416,D,20090416,000000,4.5510000,4.5510000,4.5510000,4.5510000,100
17850_090101_130416,D,20090417,000000,5.4000000,5.6000000,5.0000000,5.0000000,1.500
17850_090101_130416,D,20090420,000000,4.1510000,5.1000000,4.0700000,4.7420000,6.900
17850_090101_130416,D,20090421,000000,4.6000000,4.7000000,4.3050000,4.3050000,1.900
17850_090101_130416,D,20090422,000000,4.4000000,4.7490000,4.4000000,4.6990000,925.400
17850_090101_130416,D,20090423,000000,4.6990000,5.5000000,4.6990000,4.8000000,12.400
17850_090101_130416,D,20090424,000000,5.4900000,5.4900000,4.8210000,4.8210000,700
17850_090101_130416,D,20090427,000000,5.3490000,5.4500000,4.6000000,4.6000000,7.900
17850_090101_130416,D,20090428,000000,5.4490000,5.4490000,4.5500000,4.5500000,2.000
17850_090101_130416,D,20090429,000000,4.6700000,4.8050000,4.6700000,4.8050000,300
17850_090101_130416,D,20090430,000000,5.4490000,6.7200000,4.8000000,5.0000000,575.000
17850_090101_130416,D,20090504,000000,6.1000000,7.0000000,5.5550000,6.8800000,830.100
17850_090101_130416,D,20090505,000000,6.9000000,6.9000000,6.0000000,6.8990000,11.100
17850_090101_130416,D,20090506,000000,6.2380000,6.2380000,5.8860000,6.1000000,8.800
17850_090101_130416,D,20090507,000000,6.1000000,6.9990000,6.1000000,6.2500000,17.600
17850_090101_130416,D,20090508,000000,5.9980000,6.8830000,5.9970000,6.0010000,2.200
17850_090101_130416,D,20090512,000000,6.0250000,7.2450000,6.0240000,6.9010000,18.200
17850_090101_130416,D,20090513,000000,8.3940000,8.3940000,6.3500000,6.3500000,10.300
17850_090101_130416,D,20090514,000000,6.0010000,6.9890000,6.0000000,6.9890000,6.500
17850_090101_130416,D,20090515,000000,6.9900000,6.9900000,6.9900000,6.9900000,500
17850_090101_130416,D,20090518,000000,6.2650000,7.0000000,6.2500000,6.7500000,7.800
17850_090101_130416,D,20090520,000000,6.9990000,7.0000000,6.5560000,6.5560000,1.900
17850_090101_130416,D,20090521,000000,6.8850000,6.8850000,6.8850000,6.8850000,100
17850_090101_130416,D,20090522,000000,6.5550000,6.5550000,6.5550000,6.5550000,1.000
17850_090101_130416,D,20090525,000000,6.5550000,6.5550000,6.1010000,6.1010000,2.600
17850_090101_130416,D,20090527,000000,6.1000000,6.1000000,6.1000000,6.1000000,100
17850_090101_130416,D,20090528,000000,6.6230000,7.0000000,6.5000000,6.5000000,12.100
17850_090101_130416,D,20090529,000000,6.5000000,6.5000000,6.0500000,6.4970000,3.100
17850_090101_130416,D,20090602,000000,6.1010000,6.5450000,6.0000000,6.0000000,4.000
17850_090101_130416,D,20090603,000000,6.0000000,6.0010000,6.0000000,6.0000000,15.400
17850_090101_130416,D,20090604,000000,5.8000000,5.8500000,4.7500000,5.5010000,18.900
17850_090101_130416,D,20090605,000000,5.5110000,6.2870000,5.5000000,6.2870000,3.600
17850_090101_130416,D,20090608,000000,6.0000000,6.0000000,6.0000000,6.0000000,100
17850_090101_130416,D,20090609,000000,5.5020000,5.5480000,5.0000000,5.5480000,7.500
17850_090101_130416,D,20090610,000000,6.0990000,6.1000000,6.0990000,6.1000000,1.000
17850_090101_130416,D,20090615,000000,5.5500000,5.5500000,5.0110000,5.1500000,40.600
17850_090101_130416,D,20090616,000000,5.2000000,5.3980000,5.1100000,5.1100000,16.400
17850_090101_130416,D,20090617,000000,5.6000000,5.6000000,5.2000000,5.3000000,1.900
17850_090101_130416,D,20090618,000000,5.1000000,5.4890000,5.0000000,5.4890000,3.400
17850_090101_130416,D,20090619,000000,5.0110000,5.1000000,5.0110000,5.1000000,300
17850_090101_130416,D,20090622,000000,5.5880000,5.5880000,5.0100000,5.0120000,19.400
17850_090101_130416,D,20090623,000000,4.9000000,5.2390000,4.8200000,5.2350000,1.100
17850_090101_130416,D,20090624,000000,5.2600000,5.2600000,5.2600000,5.2600000,100
17850_090101_130416,D,20090625,000000,5.2600000,5.2600000,5.2600000,5.2600000,100
17850_090101_130416,D,20090626,000000,5.0000000,5.0150000,5.0000000,5.0000000,11.300
17850_090101_130416,D,20090630,000000,4.9500000,5.4000000,4.9010000,4.9180000,3.100
17850_090101_130416,D,20090701,000000,5.3850000,5.3850000,5.3850000,5.3850000,100
17850_090101_130416,D,20090702,000000,5.2000000,5.2000000,4.9080000,4.9200000,400
17850_090101_130416,D,20090703,000000,5.1460000,5.1460000,5.1460000,5.1460000,100
17850_090101_130416,D,20090706,000000,5.3790000,5.3790000,4.9020000,4.9060000,9.000
17850_090101_130416,D,20090707,000000,5.2990000,5.2990000,4.9070000,4.9070000,700
17850_090101_130416,D,20090708,000000,4.8570000,5.2950000,4.8570000,5.2950000,200
17850_090101_130416,D,20090709,000000,5.3050000,5.3050000,5.1450000,5.1450000,200
17850_090101_130416,D,20090713,000000,5.4000000,5.4000000,5.2800000,5.2800000,200
17850_090101_130416,D,20090714,000000,4.8250000,5.1570000,4.6330000,4.8000000,8.400
17850_090101_130416,D,20090715,000000,5.0000000,5.0000000,4.6220000,5.0000000,7.100
17850_090101_130416,D,20090716,000000,4.6500000,4.8990000,4.6410000,4.8990000,1.200
17850_090101_130416,D,20090717,000000,5.2000000,5.2000000,4.6810000,4.6810000,700
17850_090101_130416,D,20090720,000000,5.2800000,5.2800000,4.6970000,4.9850000,2.400
17850_090101_130416,D,20090721,000000,4.7230000,5.0500000,4.5000000,5.0000000,6.500
17850_090101_130416,D,20090722,000000,5.3000000,5.3000000,5.3000000,5.3000000,100
17850_090101_130416,D,20090723,000000,5.2920000,5.2920000,5.2920000,5.2920000,200
17850_090101_130416,D,20090724,000000,4.6300000,4.8300000,4.6300000,4.8300000,500
17850_090101_130416,D,20090727,000000,5.4850000,5.4850000,5.4850000,5.4850000,100
17850_090101_130416,D,20090728,000000,5.4500000,5.4900000,5.4500000,5.4900000,10.100
17850_090101_130416,D,20090730,000000,4.8000000,5.2000000,4.8000000,4.9000000,8.500
17850_090101_130416,D,20090731,000000,4.9100000,4.9100000,4.9100000,4.9100000,12.000
17850_090101_130416,D,20090803,000000,5.1800000,5.1800000,4.7760000,4.7770000,41.900
17850_090101_130416,D,20090804,000000,5.0000000,5.2000000,5.0000000,5.2000000,24.300
17850_090101_130416,D,20090805,000000,5.2000000,5.2000000,5.0000000,5.0000000,29.400
17850_090101_130416,D,20090806,000000,5.1800000,5.1800000,4.8210000,4.8210000,500
17850_090101_130416,D,20090807,000000,5.1480000,5.1480000,4.8200000,4.8200000,11.500
17850_090101_130416,D,20090810,000000,4.9340000,4.9340000,4.7610000,4.7610000,300
17850_090101_130416,D,20090812,000000,4.7950000,4.7950000,4.7950000,4.7950000,11.000
17850_090101_130416,D,20090813,000000,4.8110000,4.8110000,4.8000000,4.8000000,2.300
17850_090101_130416,D,20090817,000000,4.7600000,4.9870000,4.1310000,4.5500000,15.300
17850_090101_130416,D,20090818,000000,4.7860000,4.7860000,4.7860000,4.7860000,500
17850_090101_130416,D,20090819,000000,4.5600000,4.5600000,4.5590000,4.5600000,6.500
17850_090101_130416,D,20090821,000000,4.9050000,4.9100000,4.4200000,4.9000000,3.500
17850_090101_130416,D,20090824,000000,4.6100000,4.7000000,4.6100000,4.6500000,3.800
17850_090101_130416,D,20090825,000000,4.6510000,4.8900000,4.6510000,4.8900000,2.500
17850_090101_130416,D,20090828,000000,4.5050000,4.8000000,4.5050000,4.8000000,1.700
17850_090101_130416,D,20090901,000000,4.5300000,4.5300000,4.5300000,4.5300000,1.000
17850_090101_130416,D,20090902,000000,4.6890000,4.6890000,4.5000000,4.5100000,2.700
17850_090101_130416,D,20090903,000000,4.4000000,4.4100000,4.4000000,4.4100000,800
17850_090101_130416,D,20090904,000000,4.4990000,4.7950000,4.4990000,4.7950000,5.700
17850_090101_130416,D,20090907,000000,4.5380000,4.5380000,4.5380000,4.5380000,800
17850_090101_130416,D,20090908,000000,4.7250000,4.7250000,4.7200000,4.7200000,1.700
17850_090101_130416,D,20090910,000000,5.0980000,5.3000000,5.0440000,5.2690000,32.500
17850_090101_130416,D,20090911,000000,5.0390000,5.2000000,5.0390000,5.2000000,1.100
17850_090101_130416,D,20090915,000000,5.1490000,5.2000000,5.1490000,5.2000000,2.900
17850_090101_130416,D,20090916,000000,5.1900000,5.2000000,5.1900000,5.1900000,2.700
17850_090101_130416,D,20090917,000000,4.9500000,4.9500000,4.9500000,4.9500000,8.600
17850_090101_130416,D,20090918,000000,4.9070000,4.9070000,4.9070000,4.9070000,400
17850_090101_130416,D,20090921,000000,4.7720000,4.7720000,4.7720000,4.7720000,6.500
17850_090101_130416,D,20090922,000000,4.7910000,5.1860000,4.7700000,5.1860000,3.300
17850_090101_130416,D,20090923,000000,4.8190000,4.9860000,4.8190000,4.8300000,3.000
17850_090101_130416,D,20090924,000000,5.1000000,6.2000000,4.7600000,4.7600000,56.200
17850_090101_130416,D,20090925,000000,4.9990000,4.9990000,4.9990000,4.9990000,1.000
17850_090101_130416,D,20090930,000000,4.9990000,5.4000000,4.9990000,5.0200000,30.900
17850_090101_130416,D,20091001,000000,5.0410000,5.1500000,4.9990000,5.1500000,18.000
17850_090101_130416,D,20091002,000000,4.9990000,5.1390000,4.7600000,5.1390000,3.400
17850_090101_130416,D,20091005,000000,5.1450000,5.1450000,4.7780000,4.8110000,4.700
17850_090101_130416,D,20091006,000000,4.7520000,5.2000000,4.6800000,5.2000000,39.200
17850_090101_130416,D,20091007,000000,5.3900000,5.5000000,5.0120000,5.3500000,22.500
17850_090101_130416,D,20091008,000000,5.4300000,6.0000000,5.3900000,5.8710000,52.100
17850_090101_130416,D,20091009,000000,5.9990000,6.0980000,5.8730000,5.9970000,42.500
17850_090101_130416,D,20091012,000000,6.0000000,6.0500000,5.9000000,6.0500000,50.600
17850_090101_130416,D,20091013,000000,6.0490000,6.0490000,5.8060000,6.0100000,13.700
17850_090101_130416,D,20091014,000000,6.0100000,6.3000000,5.9100000,6.1920000,40.700
17850_090101_130416,D,20091015,000000,6.1000000,6.2990000,5.8000000,5.8000000,64.100
17850_090101_130416,D,20091016,000000,5.9970000,5.9970000,5.4500000,5.4990000,25.400
17850_090101_130416,D,20091019,000000,5.5000000,5.5500000,5.4990000,5.5500000,26.300
17850_090101_130416,D,20091020,000000,5.6000000,5.6000000,5.4420000,5.4510000,6.000
17850_090101_130416,D,20091021,000000,5.4310000,5.5980000,5.4100000,5.5200000,8.100
17850_090101_130416,D,20091022,000000,5.0120000,5.5900000,5.0120000,5.5540000,1.700
17850_090101_130416,D,20091023,000000,5.5500000,5.5990000,5.4300000,5.5990000,5.700
17850_090101_130416,D,20091026,000000,5.5960000,5.6200000,5.5960000,5.5990000,7.200
17850_090101_130416,D,20091027,000000,5.6170000,5.6170000,5.0300000,5.4890000,13.800
17850_090101_130416,D,20091028,000000,5.1060000,5.4980000,4.9840000,5.0430000,60.000
17850_090101_130416,D,20091029,000000,5.0000000,5.0990000,5.0000000,5.0990000,7.200
17850_090101_130416,D,20091030,000000,5.0110000,5.1900000,4.9000000,5.0000000,7.600
17850_090101_130416,D,20091102,000000,5.0290000,5.3100000,4.9020000,4.9100000,47.500
17850_090101_130416,D,20091103,000000,5.0990000,5.0990000,5.0800000,5.0980000,1.300
17850_090101_130416,D,20091105,000000,5.0000000,5.0900000,5.0000000,5.0000000,13.200
17850_090101_130416,D,20091106,000000,4.9770000,5.1000000,4.9600000,5.1000000,2.700
17850_090101_130416,D,20091109,000000,5.0200000,5.0970000,5.0000000,5.0970000,4.800
17850_090101_130416,D,20091110,000000,5.2370000,5.2500000,5.0000000,5.1000000,42.800
17850_090101_130416,D,20091111,000000,5.2570000,5.3900000,5.0300000,5.1490000,8.200
17850_090101_130416,D,20091112,000000,5.2480000,5.7500000,5.0110000,5.5000000,64.900
17850_090101_130416,D,20091113,000000,5.6790000,5.7000000,5.2700000,5.5000000,15.300
17850_090101_130416,D,20091116,000000,5.7480000,5.7490000,5.7210000,5.7210000,4.300
17850_090101_130416,D,20091117,000000,5.6560000,5.7950000,5.6560000,5.7950000,200
17850_090101_130416,D,20091118,000000,5.7900000,5.7950000,5.3680000,5.6970000,12.300
17850_090101_130416,D,20091119,000000,5.3300000,5.7920000,5.3260000,5.4260000,2.300
17850_090101_130416,D,20091120,000000,5.7500000,5.7660000,5.2400000,5.4490000,30.200
17850_090101_130416,D,20091123,000000,5.3050000,5.4590000,5.1870000,5.4590000,19.300
17850_090101_130416,D,20091124,000000,5.4490000,5.7970000,5.4000000,5.5900000,17.600
17850_090101_130416,D,20091125,000000,5.5900000,5.6700000,5.5000000,5.6490000,5.700
17850_090101_130416,D,20091126,000000,5.4500000,5.6490000,5.3330000,5.4890000,21.200
17850_090101_130416,D,20091127,000000,5.6480000,5.6480000,5.4490000,5.4870000,700
17850_090101_130416,D,20091130,000000,5.6000000,5.6000000,5.3000000,5.3000000,18.500
17850_090101_130416,D,20091201,000000,5.3000000,5.6290000,5.0300000,5.6290000,24.900
17850_090101_130416,D,20091202,000000,5.7470000,5.7470000,5.4510000,5.6320000,6.700
17850_090101_130416,D,20091203,000000,5.7000000,5.7000000,5.4700000,5.6600000,1.800
17850_090101_130416,D,20091204,000000,5.6990000,5.6990000,5.4440000,5.4440000,1.600
17850_090101_130416,D,20091207,000000,5.7000000,5.7000000,5.1110000,5.3100000,4.900
17850_090101_130416,D,20091208,000000,5.3790000,5.4990000,5.1510000,5.3970000,7.400
17850_090101_130416,D,20091209,000000,5.3960000,5.3960000,5.1150000,5.1150000,2.200
17850_090101_130416,D,20091210,000000,5.3990000,5.3990000,5.2000000,5.3890000,800
17850_090101_130416,D,20091211,000000,5.2990000,5.3890000,5.2500000,5.3890000,4.000
17850_090101_130416,D,20091214,000000,5.2970000,5.2980000,5.2000000,5.2970000,15.700
17850_090101_130416,D,20091215,000000,5.4000000,5.4000000,5.1410000,5.2700000,9.000
17850_090101_130416,D,20091216,000000,5.4000000,5.6980000,5.2500000,5.6700000,16.800
17850_090101_130416,D,20091217,000000,5.6990000,5.7330000,5.4010000,5.5000000,53.500
17850_090101_130416,D,20091218,000000,4.3000000,5.7000000,4.3000000,5.6900000,118.500
17850_090101_130416,D,20091221,000000,5.4800000,5.6880000,5.4800000,5.6000000,33.400
17850_090101_130416,D,20091222,000000,5.5000000,5.5250000,5.3510000,5.4700000,64.900
17850_090101_130416,D,20091223,000000,5.6900000,5.8000000,5.6490000,5.8000000,13.000
17850_090101_130416,D,20091224,000000,5.7990000,5.8000000,5.7000000,5.7600000,1.100
17850_090101_130416,D,20091225,000000,5.6100000,5.6100000,5.5000000,5.5000000,300
17850_090101_130416,D,20091228,000000,5.7770000,5.8000000,5.6000000,5.8000000,29.700
17850_090101_130416,D,20091229,000000,5.8000000,5.8000000,5.8000000,5.8000000,100
17850_090101_130416,D,20091230,000000,5.6100000,5.8500000,5.6000000,5.8500000,11.800
17850_090101_130416,D,20100111,000000,5.8500000,5.9500000,5.5150000,5.9500000,49.100
17850_090101_130416,D,20100112,000000,5.6510000,5.6510000,5.6500000,5.6500000,9.700
17850_090101_130416,D,20100113,000000,5.8000000,5.9000000,5.8000000,5.9000000,18.100
17850_090101_130416,D,20100114,000000,5.9000000,5.9500000,5.9000000,5.9490000,16.300
17850_090101_130416,D,20100115,000000,5.9500000,6.0000000,5.9000000,5.9000000,36.000
17850_090101_130416,D,20100118,000000,5.8000000,6.0500000,5.8000000,6.0000000,30.900
17850_090101_130416,D,20100119,000000,6.0000000,6.1000000,5.9990000,6.1000000,75.700
17850_090101_130416,D,20100120,000000,6.1000000,6.3000000,6.1000000,6.2000000,267.500
17850_090101_130416,D,20100121,000000,6.0200000,6.2750000,6.0000000,6.2700000,19.100
17850_090101_130416,D,20100122,000000,6.2700000,6.2740000,5.9000000,6.0900000,4.400
17850_090101_130416,D,20100125,000000,5.9110000,6.1200000,5.8000000,5.9000000,36.900
17850_090101_130416,D,20100126,000000,5.7200000,5.8000000,5.7200000,5.8000000,17.900
17850_090101_130416,D,20100127,000000,5.7100000,6.2000000,5.7100000,6.1990000,7.800
17850_090101_130416,D,20100128,000000,6.2700000,6.2700000,5.8160000,6.2000000,127.000
17850_090101_130416,D,20100129,000000,5.7120000,6.2110000,5.7120000,6.2000000,615.800
17850_090101_130416,D,20100201,000000,6.2700000,6.2750000,6.2500000,6.2500000,10.100
17850_090101_130416,D,20100202,000000,6.2750000,6.3000000,6.0600000,6.3000000,157.600
17850_090101_130416,D,20100203,000000,6.6750000,6.6750000,5.8330000,6.1500000,268.900
17850_090101_130416,D,20100204,000000,6.0110000,6.3130000,6.0000000,6.0000000,3.400
17850_090101_130416,D,20100205,000000,6.1890000,6.2470000,5.9000000,5.9000000,183.600
17850_090101_130416,D,20100208,000000,6.1990000,6.1990000,5.7600000,5.7600000,500
17850_090101_130416,D,20100209,000000,6.1110000,6.1110000,6.0070000,6.0070000,1.100
17850_090101_130416,D,20100210,000000,6.0670000,6.3000000,6.0670000,6.2450000,151.600
17850_090101_130416,D,20100211,000000,6.2500000,6.2500000,6.2500000,6.2500000,200
17850_090101_130416,D,20100212,000000,6.2800000,6.2800000,5.8230000,6.1430000,51.700
17850_090101_130416,D,20100215,000000,6.1990000,6.2900000,5.9000000,6.0990000,225.000
17850_090101_130416,D,20100216,000000,6.2000000,6.2000000,5.9700000,6.0000000,113.200
17850_090101_130416,D,20100217,000000,6.2000000,6.2000000,6.1970000,6.1970000,2.100
17850_090101_130416,D,20100218,000000,6.2900000,6.2900000,5.9000000,6.0000000,51.800
17850_090101_130416,D,20100219,000000,5.8150000,6.0000000,5.8150000,5.9990000,50.900
17850_090101_130416,D,20100224,000000,5.8700000,6.1000000,5.8500000,6.0990000,2.200
17850_090101_130416,D,20100225,000000,5.8220000,5.9990000,5.8120000,5.9950000,27.800
17850_090101_130416,D,20100226,000000,5.9980000,5.9990000,5.9980000,5.9990000,1.800
17850_090101_130416,D,20100227,000000,6.1990000,6.1990000,6.0000000,6.0100000,1.400
17850_090101_130416,D,20100301,000000,6.1990000,6.1990000,5.9000000,6.0000000,600
17850_090101_130416,D,20100302,000000,6.1890000,6.1890000,5.8120000,6.1790000,119.900
17850_090101_130416,D,20100303,000000,6.1710000,6.1710000,6.0200000,6.0500000,55.500
17850_090101_130416,D,20100304,000000,6.1500000,6.2000000,6.0800000,6.1120000,78.300
17850_090101_130416,D,20100305,000000,6.1090000,6.1580000,6.0000000,6.1000000,114.700
17850_090101_130416,D,20100309,000000,6.1090000,6.2300000,5.8570000,6.1870000,21.800
17850_090101_130416,D,20100310,000000,6.1090000,6.1400000,6.0610000,6.1400000,6.900
17850_090101_130416,D,20100311,000000,6.1580000,6.1580000,5.9000000,6.1360000,27.400
17850_090101_130416,D,20100312,000000,6.0620000,6.0990000,6.0610000,6.0990000,5.300
17850_090101_130416,D,20100315,000000,6.1090000,6.1480000,6.0850000,6.1400000,23.200
17850_090101_130416,D,20100316,000000,6.1500000,6.2600000,6.1480000,6.2600000,71.800
17850_090101_130416,D,20100317,000000,6.2670000,6.3200000,6.1500000,6.3090000,73.900
17850_090101_130416,D,20100318,000000,6.1500000,6.3180000,6.0110000,6.2000000,37.900
17850_090101_130416,D,20100319,000000,6.2140000,6.2600000,6.1000000,6.2600000,147.700
17850_090101_130416,D,20100322,000000,6.1610000,6.2660000,6.0000000,6.1990000,18.400
17850_090101_130416,D,20100323,000000,6.1920000,6.2500000,6.1090000,6.2500000,32.700
17850_090101_130416,D,20100324,000000,6.2500000,6.2500000,6.1700000,6.2490000,6.100
17850_090101_130416,D,20100325,000000,6.2670000,6.3000000,6.0580000,6.3000000,7.200
17850_090101_130416,D,20100326,000000,6.3000000,6.3000000,6.1500000,6.2990000,30.700
17850_090101_130416,D,20100329,000000,6.2990000,6.4700000,6.2800000,6.4000000,1.264.300
17850_090101_130416,D,20100330,000000,6.3230000,6.3500000,6.0030000,6.2670000,61.700
17850_090101_130416,D,20100331,000000,6.2110000,6.2500000,6.0620000,6.1000000,66.600
17850_090101_130416,D,20100401,000000,6.1550000,6.5000000,6.1550000,6.3500000,77.700
17850_090101_130416,D,20100402,000000,6.3800000,6.6900000,6.2150000,6.5820000,472.600
17850_090101_130416,D,20100405,000000,6.6120000,6.6800000,6.3020000,6.5990000,42.200
17850_090101_130416,D,20100406,000000,6.5990000,6.6000000,6.3700000,6.4930000,157.500
17850_090101_130416,D,20100407,000000,6.4930000,6.4930000,6.3700000,6.3800000,10.500
17850_090101_130416,D,20100408,000000,6.4900000,6.4900000,6.2030000,6.4770000,45.700
17850_090101_130416,D,20100409,000000,6.4360000,6.4440000,6.2190000,6.4390000,17.600
17850_090101_130416,D,20100412,000000,6.4390000,6.4890000,6.3600000,6.4400000,17.800
17850_090101_130416,D,20100413,000000,6.3570000,6.5960000,6.2060000,6.4990000,67.400
17850_090101_130416,D,20100414,000000,6.5020000,6.7660000,6.5000000,6.6100000,174.400
17850_090101_130416,D,20100415,000000,6.6360000,6.8950000,6.5350000,6.6000000,38.500
17850_090101_130416,D,20100416,000000,6.4870000,6.6650000,6.2000000,6.4900000,17.200
17850_090101_130416,D,20100419,000000,6.4640000,6.4640000,6.2020000,6.4640000,8.100
17850_090101_130416,D,20100420,000000,6.4640000,6.4980000,6.3530000,6.4980000,5.100
17850_090101_130416,D,20100421,000000,6.5900000,6.6000000,6.4500000,6.5350000,9.200
17850_090101_130416,D,20100422,000000,6.5300000,6.5300000,6.2010000,6.4970000,26.000
17850_090101_130416,D,20100423,000000,6.4300000,6.4300000,6.2510000,6.4300000,11.400
17850_090101_130416,D,20100426,000000,6.4280000,6.5340000,6.2100000,6.5340000,25.000
17850_090101_130416,D,20100427,000000,6.4280000,6.5350000,6.3000000,6.5340000,113.600
17850_090101_130416,D,20100428,000000,6.4000000,6.5200000,6.2500000,6.4990000,13.400
17850_090101_130416,D,20100429,000000,6.5280000,6.5330000,6.3070000,6.5330000,162.600
17850_090101_130416,D,20100430,000000,6.5350000,6.5350000,6.4400000,6.5220000,60.500
17850_090101_130416,D,20100504,000000,6.5350000,6.5350000,6.2200000,6.4890000,6.600
17850_090101_130416,D,20100505,000000,6.4790000,6.4800000,6.2900000,6.4800000,17.900
17850_090101_130416,D,20100506,000000,6.4990000,6.4990000,6.3730000,6.4700000,3.400
17850_090101_130416,D,20100507,000000,6.4000000,6.4000000,5.7000000,6.1000000,9.400
17850_090101_130416,D,20100511,000000,6.3790000,6.3790000,6.0500000,6.0500000,15.600
17850_090101_130416,D,20100512,000000,6.2880000,6.2890000,6.0110000,6.1860000,37.600
17850_090101_130416,D,20100513,000000,6.3330000,6.3330000,6.2010000,6.2500000,6.900
17850_090101_130416,D,20100514,000000,6.2610000,6.6600000,6.0000000,6.6600000,61.200
17850_090101_130416,D,20100517,000000,6.0100000,6.6000000,6.0100000,6.4900000,6.500
17850_090101_130416,D,20100518,000000,6.5370000,6.5990000,6.3490000,6.4130000,2.900
17850_090101_130416,D,20100519,000000,6.5000000,6.5950000,5.6000000,6.4820000,226.500
17850_090101_130416,D,20100520,000000,6.5560000,6.5560000,5.9480000,6.1970000,23.500
17850_090101_130416,D,20100521,000000,6.3500000,6.3500000,5.6200000,6.1280000,34.200
17850_090101_130416,D,20100524,000000,6.3000000,6.3000000,6.3000000,6.3000000,200
17850_090101_130416,D,20100525,000000,5.8000000,6.2500000,5.6550000,6.1200000,21.100
17850_090101_130416,D,20100526,000000,6.2000000,6.2700000,6.2000000,6.2500000,1.400
17850_090101_130416,D,20100527,000000,6.2990000,6.3600000,5.7500000,6.3210000,50.700
17850_090101_130416,D,20100528,000000,6.1090000,6.3600000,6.1090000,6.3600000,4.700
17850_090101_130416,D,20100531,000000,6.3610000,6.3610000,5.9050000,6.3250000,7.700
17850_090101_130416,D,20100601,000000,6.3500000,6.3500000,5.9000000,5.9910000,19.900
17850_090101_130416,D,20100602,000000,5.9500000,6.2210000,5.9500000,6.1840000,8.200
17850_090101_130416,D,20100603,000000,6.1970000,6.1990000,5.9620000,6.1210000,4.900
17850_090101_130416,D,20100604,000000,6.1230000,6.2900000,5.8610000,6.0730000,87.500
17850_090101_130416,D,20100607,000000,5.9990000,6.1970000,5.9990000,6.1970000,2.200
17850_090101_130416,D,20100608,000000,6.1990000,6.1990000,6.0740000,6.1000000,3.900
17850_090101_130416,D,20100609,000000,6.1000000,6.1000000,6.1000000,6.1000000,100
17850_090101_130416,D,20100610,000000,6.1000000,6.1000000,6.1000000,6.1000000,100
17850_090101_130416,D,20100611,000000,6.1000000,6.1000000,5.9100000,6.0900000,6.000
17850_090101_130416,D,20100615,000000,6.1000000,6.1000000,5.8570000,6.0000000,26.100
17850_090101_130416,D,20100616,000000,6.1890000,6.1890000,5.9750000,6.1540000,8.100
17850_090101_130416,D,20100617,000000,5.8500000,6.1500000,5.8000000,6.0570000,3.600
17850_090101_130416,D,20100618,000000,6.1220000,6.1220000,5.7020000,5.9950000,10.600
17850_090101_130416,D,20100621,000000,6.0020000,6.1980000,5.8430000,6.0160000,30.300
17850_090101_130416,D,20100622,000000,5.9990000,5.9990000,5.8630000,5.8630000,500
17850_090101_130416,D,20100623,000000,5.9510000,5.9510000,5.8370000,5.8940000,500
17850_090101_130416,D,20100624,000000,5.8950000,5.9470000,5.7770000,5.8950000,1.600
17850_090101_130416,D,20100625,000000,5.8970000,5.9940000,5.7550000,5.8970000,2.300
17850_090101_130416,D,20100628,000000,5.8970000,5.8970000,5.7990000,5.8000000,3.800
17850_090101_130416,D,20100629,000000,5.7820000,6.0190000,5.5110000,5.8490000,18.300
17850_090101_130416,D,20100630,000000,5.8490000,5.8940000,5.1120000,5.6950000,72.800
17850_090101_130416,D,20100701,000000,5.6370000,5.6490000,4.9000000,5.5990000,2.000
17850_090101_130416,D,20100702,000000,5.6970000,5.6970000,5.4690000,5.5440000,4.000
17850_090101_130416,D,20100705,000000,5.7600000,5.7600000,4.8810000,5.6900000,39.100
17850_090101_130416,D,20100706,000000,5.7440000,5.7440000,5.6980000,5.7000000,1.400
17850_090101_130416,D,20100707,000000,5.6890000,5.6900000,5.6890000,5.6900000,200
17850_090101_130416,D,20100708,000000,5.7000000,5.8700000,5.4040000,5.6450000,17.500
17850_090101_130416,D,20100709,000000,5.6480000,5.6700000,5.6000000,5.6700000,5.300
17850_090101_130416,D,20100712,000000,5.7000000,5.7190000,5.0540000,5.4470000,19.200
17850_090101_130416,D,20100713,000000,5.4000000,5.5980000,5.1040000,5.2970000,22.700
17850_090101_130416,D,20100714,000000,5.4490000,5.5000000,5.1010000,5.2940000,30.600
17850_090101_130416,D,20100715,000000,5.2500000,5.4140000,5.2440000,5.2940000,1.800
17850_090101_130416,D,20100716,000000,5.1400000,5.2740000,5.0020000,5.2290000,18.900
17850_090101_130416,D,20100719,000000,5.2090000,5.2480000,5.0500000,5.2470000,23.400
17850_090101_130416,D,20100720,000000,5.2370000,5.2370000,5.0500000,5.0990000,2.900
17850_090101_130416,D,20100721,000000,5.2000000,5.2000000,5.1000000,5.1700000,400
17850_090101_130416,D,20100722,000000,5.0990000,5.1790000,5.0990000,5.1770000,5.000
17850_090101_130416,D,20100723,000000,5.0560000,5.2230000,5.0560000,5.1410000,20.600
17850_090101_130416,D,20100726,000000,5.2220000,5.3970000,5.0110000,5.1290000,22.500
17850_090101_130416,D,20100727,000000,5.0870000,5.1400000,5.0870000,5.1000000,4.500
17850_090101_130416,D,20100728,000000,5.1410000,5.1510000,5.0400000,5.0400000,8.900
17850_090101_130416,D,20100729,000000,5.0900000,5.7000000,5.0000000,5.5150000,380.200
17850_090101_130416,D,20100730,000000,5.4710000,6.3330000,5.1900000,5.8990000,509.700
17850_090101_130416,D,20100802,000000,5.7200000,6.2000000,5.7200000,6.0000000,97.100
17850_090101_130416,D,20100803,000000,5.9990000,5.9990000,5.7000000,5.8900000,8.100
17850_090101_130416,D,20100804,000000,5.9870000,5.9870000,5.8250000,5.8750000,400
17850_090101_130416,D,20100805,000000,5.8830000,5.9400000,5.5740000,5.5750000,16.300
17850_090101_130416,D,20100806,000000,5.6080000,5.7440000,5.6080000,5.6900000,11.200
17850_090101_130416,D,20100809,000000,5.7100000,5.7100000,5.5000000,5.6990000,3.800
17850_090101_130416,D,20100810,000000,5.5980000,5.6490000,5.5980000,5.6490000,200
17850_090101_130416,D,20100811,000000,5.6480000,5.6480000,5.4470000,5.5410000,122.900
17850_090101_130416,D,20100812,000000,5.5300000,5.6000000,5.4880000,5.5900000,125.300
17850_090101_130416,D,20100813,000000,5.5980000,5.5980000,5.2200000,5.5000000,2.200
17850_090101_130416,D,20100816,000000,5.5950000,5.5950000,5.5550000,5.5750000,700
17850_090101_130416,D,20100817,000000,5.5710000,5.5890000,5.4890000,5.5890000,800
17850_090101_130416,D,20100818,000000,5.5890000,5.6970000,5.5890000,5.6970000,2.100
17850_090101_130416,D,20100819,000000,5.7110000,5.7610000,5.5900000,5.6490000,4.300
17850_090101_130416,D,20100820,000000,5.6540000,5.7110000,5.5000000,5.5000000,1.600
17850_090101_130416,D,20100823,000000,5.6490000,5.6490000,5.5000000,5.5000000,900
17850_090101_130416,D,20100824,000000,5.6360000,5.6360000,5.2880000,5.4980000,2.000
17850_090101_130416,D,20100825,000000,5.5660000,5.5660000,5.2890000,5.4840000,3.200
17850_090101_130416,D,20100826,000000,5.5100000,5.5100000,5.3350000,5.4980000,1.100
17850_090101_130416,D,20100827,000000,5.4990000,5.6420000,5.4000000,5.6420000,1.500
17850_090101_130416,D,20100830,000000,5.6480000,5.6590000,5.5430000,5.5430000,2.200
17850_090101_130416,D,20100831,000000,5.5000000,5.5430000,5.4880000,5.5430000,400
17850_090101_130416,D,20100901,000000,5.5990000,5.6550000,5.5000000,5.5990000,2.200
17850_090101_130416,D,20100902,000000,5.5440000,5.5440000,5.3700000,5.4440000,5.400
17850_090101_130416,D,20100903,000000,5.5360000,5.5360000,5.5240000,5.5290000,1.700
17850_090101_130416,D,20100906,000000,5.5440000,5.7000000,5.2090000,5.4800000,19.400
17850_090101_130416,D,20100907,000000,5.5450000,5.6560000,5.4900000,5.5200000,2.300
17850_090101_130416,D,20100908,000000,5.5300000,5.5970000,5.4900000,5.5550000,800
17850_090101_130416,D,20100909,000000,5.6000000,5.6000000,5.5990000,5.6000000,500
17850_090101_130416,D,20100910,000000,5.6000000,5.6450000,5.5450000,5.5500000,1.700
17850_090101_130416,D,20100913,000000,5.6010000,5.9000000,5.3040000,5.8290000,848.600
17850_090101_130416,D,20100914,000000,5.8300000,5.8300000,5.7150000,5.8000000,11.400
17850_090101_130416,D,20100915,000000,5.8740000,6.4900000,5.5760000,5.8300000,265.100
17850_090101_130416,D,20100916,000000,5.8300000,5.8850000,5.7730000,5.8460000,10.900
17850_090101_130416,D,20100917,000000,5.9970000,6.0000000,5.8500000,5.8500000,4.300
17850_090101_130416,D,20100920,000000,5.8310000,5.8790000,5.8310000,5.8790000,200
17850_090101_130416,D,20100921,000000,5.7730000,5.7730000,5.5380000,5.7550000,15.300
17850_090101_130416,D,20100922,000000,5.6590000,5.6970000,5.6030000,5.6590000,1.400
17850_090101_130416,D,20100923,000000,5.7160000,5.7690000,5.5050000,5.6590000,14.200
17850_090101_130416,D,20100924,000000,5.6940000,5.6940000,5.6940000,5.6940000,100
17850_090101_130416,D,20100927,000000,5.6030000,5.8990000,5.5480000,5.6590000,3.100
17850_090101_130416,D,20100928,000000,5.7150000,5.7370000,5.2500000,5.4790000,133.900
17850_090101_130416,D,20100929,000000,5.4900000,5.8500000,5.2000000,5.3330000,93.700
17850_090101_130416,D,20100930,000000,5.3870000,5.4290000,5.3000000,5.4280000,26.300
17850_090101_130416,D,20101001,000000,5.2810000,5.4310000,4.9500000,5.0450000,1.531.800
17850_090101_130416,D,20101004,000000,5.0740000,5.0990000,5.0100000,5.0990000,87.200
17850_090101_130416,D,20101005,000000,5.1100000,5.1190000,4.9520000,5.0430000,122.300
17850_090101_130416,D,20101006,000000,5.0750000,5.0840000,5.0000000,5.0490000,105.200
17850_090101_130416,D,20101007,000000,5.0300000,5.0570000,5.0100000,5.0490000,15.500
17850_090101_130416,D,20101008,000000,5.0440000,5.0450000,4.9870000,4.9990000,46.300
17850_090101_130416,D,20101011,000000,5.0330000,5.0700000,5.0020000,5.0700000,13.400
17850_090101_130416,D,20101012,000000,5.0240000,5.0250000,4.9990000,5.0250000,4.000
17850_090101_130416,D,20101013,000000,5.0250000,5.0750000,5.0030000,5.0500000,68.200
17850_090101_130416,D,20101014,000000,5.0500000,5.0550000,4.8050000,4.9930000,129.100
17850_090101_130416,D,20101015,000000,4.9990000,4.9990000,4.8550000,4.9870000,36.400
17850_090101_130416,D,20101018,000000,4.9390000,4.9910000,4.8530000,4.9910000,60.100
17850_090101_130416,D,20101019,000000,4.9900000,5.0530000,4.9500000,5.0450000,39.000
17850_090101_130416,D,20101020,000000,5.0750000,5.0750000,4.9270000,5.0250000,7.400
17850_090101_130416,D,20101021,000000,5.0380000,5.0440000,4.6880000,4.9990000,350.200
17850_090101_130416,D,20101022,000000,4.8070000,5.0600000,4.8070000,4.9880000,315.800
17850_090101_130416,D,20101025,000000,5.0000000,5.0490000,4.8760000,4.9790000,3.000
17850_090101_130416,D,20101026,000000,4.9620000,5.0300000,4.8500000,4.9380000,10.700
17850_090101_130416,D,20101027,000000,4.9180000,4.9770000,4.8350000,4.8940000,3.000
17850_090101_130416,D,20101028,000000,4.9700000,4.9870000,4.8130000,4.8580000,61.600
17850_090101_130416,D,20101029,000000,4.8950000,4.8950000,4.8110000,4.8730000,4.400
17850_090101_130416,D,20101101,000000,4.8790000,4.9690000,4.8500000,4.8870000,17.400
17850_090101_130416,D,20101102,000000,4.8950000,4.8950000,4.8920000,4.8930000,1.100
17850_090101_130416,D,20101103,000000,4.8990000,4.8990000,4.8020000,4.8880000,6.300
17850_090101_130416,D,20101108,000000,4.9190000,4.9190000,4.8130000,4.9100000,212.700
17850_090101_130416,D,20101109,000000,4.9510000,4.9510000,4.8340000,4.9000000,133.200
17850_090101_130416,D,20101110,000000,4.9320000,4.9320000,4.8000000,4.8910000,14.800
17850_090101_130416,D,20101111,000000,4.9000000,4.9100000,4.8980000,4.9040000,13.900
17850_090101_130416,D,20101112,000000,4.8350000,4.9690000,4.8000000,4.9590000,59.000
17850_090101_130416,D,20101113,000000,4.9870000,4.9870000,4.8290000,4.9690000,14.500
17850_090101_130416,D,20101115,000000,5.0000000,5.0000000,4.9000000,4.9700000,4.600
17850_090101_130416,D,20101116,000000,5.0490000,5.0490000,4.8700000,4.9700000,5.300
17850_090101_130416,D,20101117,000000,4.9700000,4.9700000,4.8020000,4.9080000,27.300
17850_090101_130416,D,20101118,000000,4.9290000,4.9290000,4.8100000,4.8990000,20.800
17850_090101_130416,D,20101119,000000,4.9340000,4.9340000,4.8250000,4.9160000,17.400
17850_090101_130416,D,20101122,000000,4.9000000,4.9140000,4.8560000,4.8560000,12.900
17850_090101_130416,D,20101123,000000,4.8270000,4.9270000,4.8000000,4.9000000,27.200
17850_090101_130416,D,20101124,000000,4.8310000,4.9200000,4.8000000,4.9200000,41.000
17850_090101_130416,D,20101125,000000,4.8060000,4.9180000,4.8000000,4.8840000,73.500
17850_090101_130416,D,20101126,000000,4.8800000,4.8800000,4.8000000,4.8300000,39.200
17850_090101_130416,D,20101129,000000,4.8740000,4.8740000,4.7550000,4.8000000,12.700
17850_090101_130416,D,20101130,000000,4.8000000,4.8000000,4.7310000,4.7500000,35.100
17850_090101_130416,D,20101201,000000,4.8100000,4.8100000,4.7480000,4.7580000,37.900
17850_090101_130416,D,20101202,000000,4.8190000,4.8400000,4.7040000,4.8200000,101.300
17850_090101_130416,D,20101203,000000,4.8100000,4.8550000,4.7610000,4.8200000,56.500
17850_090101_130416,D,20101206,000000,4.8380000,4.8390000,4.8000000,4.8200000,6.900
17850_090101_130416,D,20101207,000000,4.7820000,4.8300000,4.6000000,4.7890000,246.900
17850_090101_130416,D,20101208,000000,4.7180000,4.7630000,4.3000000,4.6530000,408.600
17850_090101_130416,D,20101209,000000,4.7500000,6.1000000,4.7500000,5.0500000,4.535.000
17850_090101_130416,D,20101210,000000,5.0380000,5.4800000,5.0000000,5.0270000,797.000
17850_090101_130416,D,20101213,000000,5.1970000,5.1990000,4.8700000,4.9400000,433.900
17850_090101_130416,D,20101214,000000,4.9500000,5.0240000,4.8210000,4.8890000,508.600
17850_090101_130416,D,20101215,000000,4.9500000,5.0860000,4.8500000,4.9530000,322.100
17850_090101_130416,D,20101216,000000,4.9200000,5.0500000,4.8520000,4.9600000,89.100
17850_090101_130416,D,20101217,000000,4.9990000,5.0000000,4.8200000,4.9480000,176.500
17850_090101_130416,D,20101220,000000,4.8530000,4.9800000,4.8520000,4.9300000,160.900
17850_090101_130416,D,20101221,000000,4.9750000,5.4000000,4.9200000,5.3020000,1.114.200
17850_090101_130416,D,20101222,000000,5.4500000,5.5870000,5.1630000,5.2500000,427.000
17850_090101_130416,D,20101223,000000,5.3400000,5.3400000,5.1750000,5.3190000,125.700
17850_090101_130416,D,20101224,000000,5.2700000,5.3180000,4.9200000,5.1900000,644.400
17850_090101_130416,D,20101227,000000,5.1890000,5.1900000,5.1000000,5.1000000,187.400
17850_090101_130416,D,20101228,000000,5.1000000,5.2320000,5.1000000,5.1370000,117.800
17850_090101_130416,D,20101229,000000,5.1220000,5.3300000,5.1210000,5.2150000,288.300
17850_090101_130416,D,20101230,000000,5.2500000,5.4000000,5.2500000,5.4000000,553.300
17850_090101_130416,D,20110111,000000,5.3000000,5.5440000,5.3000000,5.4540000,61.600
17850_090101_130416,D,20110112,000000,5.4000000,5.5990000,5.3590000,5.5500000,240.000
17850_090101_130416,D,20110113,000000,5.6000000,6.3990000,5.3100000,6.1770000,2.110.300
17850_090101_130416,D,20110114,000000,6.1010000,6.3000000,5.7600000,5.9700000,635.000
17850_090101_130416,D,20110117,000000,5.9700000,6.0380000,5.7530000,5.9100000,216.500
17850_090101_130416,D,20110118,000000,5.8570000,5.8970000,5.7000000,5.8430000,163.100
17850_090101_130416,D,20110119,000000,5.8020000,5.8980000,5.6910000,5.7460000,110.500
17850_090101_130416,D,20110120,000000,5.7420000,6.0950000,5.6000000,5.9050000,278.700
17850_090101_130416,D,20110121,000000,5.9000000,6.3970000,5.8000000,6.2000000,674.600
17850_090101_130416,D,20110124,000000,6.2000000,6.2310000,5.9320000,6.0990000,216.400
17850_090101_130416,D,20110125,000000,6.1490000,6.1490000,5.9000000,5.9880000,49.000
17850_090101_130416,D,20110126,000000,5.9880000,6.0010000,5.9000000,5.9940000,39.300
17850_090101_130416,D,20110127,000000,5.9500000,5.9500000,5.6710000,5.7150000,347.300
17850_090101_130416,D,20110128,000000,5.7020000,5.7420000,5.5430000,5.6480000,173.200
17850_090101_130416,D,20110131,000000,5.6440000,5.6710000,5.4500000,5.6000000,48.100
17850_090101_130416,D,20110201,000000,5.6150000,5.7090000,5.6000000,5.6840000,69.000
17850_090101_130416,D,20110202,000000,5.6100000,5.7140000,5.6000000,5.6000000,24.300
17850_090101_130416,D,20110203,000000,5.6000000,5.6930000,5.5650000,5.6580000,23.800
17850_090101_130416,D,20110204,000000,5.6000000,5.6690000,5.5650000,5.6250000,13.600
17850_090101_130416,D,20110207,000000,5.6760000,5.6760000,5.5000000,5.5880000,90.100
17850_090101_130416,D,20110208,000000,5.5970000,5.5970000,5.3120000,5.3510000,190.100
17850_090101_130416,D,20110209,000000,5.3900000,5.4870000,5.3000000,5.3020000,76.800
17850_090101_130416,D,20110210,000000,5.3010000,6.9810000,4.8000000,5.7470000,3.016.900
17850_090101_130416,D,20110211,000000,5.7910000,5.9200000,5.5150000,5.5210000,213.500
17850_090101_130416,D,20110214,000000,5.6450000,7.4600000,5.5110000,6.6980000,5.099.800
17850_090101_130416,D,20110215,000000,6.5120000,7.3390000,6.2520000,6.4950000,2.154.400
17850_090101_130416,D,20110216,000000,6.5000000,6.9640000,6.2000000,6.3620000,1.624.700
17850_090101_130416,D,20110217,000000,6.2110000,6.9400000,6.2070000,6.2070000,1.386.800
17850_090101_130416,D,20110218,000000,6.3000000,6.4890000,6.1130000,6.2490000,403.500
17850_090101_130416,D,20110221,000000,6.2900000,6.3060000,6.0080000,6.0510000,160.300
17850_090101_130416,D,20110222,000000,6.0010000,6.0410000,5.8260000,5.9930000,261.300
17850_090101_130416,D,20110224,000000,5.8620000,5.9980000,5.6680000,5.7990000,335.200
17850_090101_130416,D,20110225,000000,5.7010000,5.9830000,5.6520000,5.8500000,204.000
17850_090101_130416,D,20110228,000000,5.8500000,5.9880000,5.7350000,5.8080000,125.200
17850_090101_130416,D,20110301,000000,5.9900000,6.1400000,5.8420000,5.8420000,33.000
17850_090101_130416,D,20110302,000000,5.9000000,5.9500000,5.7010000,5.7320000,235.000
17850_090101_130416,D,20110303,000000,5.8950000,5.8950000,5.7000000,5.7000000,14.000
17850_090101_130416,D,20110304,000000,5.7020000,5.8000000,5.6000000,5.6500000,79.000
17850_090101_130416,D,20110305,000000,5.7780000,5.7780000,5.5700000,5.7070000,11.000
17850_090101_130416,D,20110309,000000,5.7270000,5.7810000,5.5590000,5.6000000,87.000
17850_090101_130416,D,20110310,000000,5.5110000,5.6430000,5.4510000,5.4980000,83.000
17850_090101_130416,D,20110311,000000,5.5980000,6.0000000,5.3600000,5.4000000,252.000
17850_090101_130416,D,20110314,000000,5.4200000,5.6540000,5.4000000,5.4520000,110.000
17850_090101_130416,D,20110315,000000,5.3500000,5.4000000,5.1120000,5.2300000,208.000
17850_090101_130416,D,20110316,000000,5.2000000,5.3100000,5.0500000,5.0710000,56.000
17850_090101_130416,D,20110317,000000,5.0970000,5.3920000,5.0970000,5.2700000,581.000
17850_090101_130416,D,20110318,000000,5.2000000,5.2010000,5.0800000,5.1800000,20.000
17850_090101_130416,D,20110321,000000,5.1800000,5.4500000,5.1000000,5.2870000,303.000
17850_090101_130416,D,20110322,000000,5.2030000,5.3200000,5.2030000,5.3200000,19.000
17850_090101_130416,D,20110323,000000,5.3960000,5.3970000,5.2400000,5.2500000,52.000
17850_090101_130416,D,20110324,000000,5.2920000,5.3000000,5.0120000,5.1830000,213.000
17850_090101_130416,D,20110325,000000,5.1020000,5.2360000,5.0810000,5.1800000,52.000
17850_090101_130416,D,20110328,000000,5.1980000,5.2390000,5.1600000,5.1600000,13.000
17850_090101_130416,D,20110329,000000,5.1050000,5.1200000,5.0900000,5.1200000,12.000
17850_090101_130416,D,20110330,000000,5.0860000,5.1330000,4.5060000,5.0010000,164.000
17850_090101_130416,D,20110331,000000,5.0300000,5.0980000,4.9990000,5.0200000,88.000
17850_090101_130416,D,20110401,000000,5.0980000,5.4430000,5.0980000,5.2940000,217.000
17850_090101_130416,D,20110404,000000,5.3620000,5.4000000,5.1000000,5.1100000,201.000
17850_090101_130416,D,20110405,000000,5.1900000,5.2260000,5.1000000,5.2260000,40.000
17850_090101_130416,D,20110406,000000,5.1070000,5.1800000,4.9120000,5.0850000,195.000
17850_090101_130416,D,20110407,000000,5.0850000,5.1690000,5.0100000,5.0870000,51.000
17850_090101_130416,D,20110408,000000,5.0500000,5.0970000,5.0300000,5.0900000,42.000
17850_090101_130416,D,20110411,000000,5.1000000,5.1000000,5.0650000,5.0650000,9.000
17850_090101_130416,D,20110412,000000,5.0360000,5.0360000,4.9250000,4.9260000,171.000
17850_090101_130416,D,20110413,000000,5.0100000,5.0940000,4.9110000,5.0900000,42.000
17850_090101_130416,D,20110414,000000,5.0900000,5.0900000,5.0000000,5.0500000,30.000
17850_090101_130416,D,20110415,000000,5.0010000,5.0780000,5.0010000,5.0020000,7.000
17850_090101_130416,D,20110418,000000,4.9900000,5.0210000,4.8800000,4.8800000,48.000
17850_090101_130416,D,20110419,000000,5.0490000,5.0490000,4.8010000,4.9020000,118.000
17850_090101_130416,D,20110420,000000,4.9990000,5.0000000,4.9220000,4.9500000,38.000
17850_090101_130416,D,20110421,000000,5.0440000,5.0490000,4.8990000,4.9970000,9.000
17850_090101_130416,D,20110422,000000,4.8600000,5.0640000,4.8580000,5.0260000,38.000
17850_090101_130416,D,20110425,000000,5.0100000,5.0450000,4.9990000,4.9990000,23.000
17850_090101_130416,D,20110426,000000,4.9110000,5.3500000,4.9000000,5.1000000,727.000
17850_090101_130416,D,20110427,000000,4.9550000,5.1500000,4.9100000,5.0800000,65.000
17850_090101_130416,D,20110428,000000,5.2280000,5.2280000,4.9000000,5.0400000,53.000
17850_090101_130416,D,20110429,000000,4.9800000,5.2860000,4.9000000,5.0010000,36.000
17850_090101_130416,D,20110503,000000,5.0500000,5.0800000,5.0500000,5.0800000,19.000
17850_090101_130416,D,20110504,000000,4.8000000,5.0300000,4.8000000,5.0090000,19.000
17850_090101_130416,D,20110505,000000,4.7240000,4.9990000,4.7240000,4.9500000,46.000
17850_090101_130416,D,20110506,000000,4.8510000,5.0940000,4.8500000,5.0940000,53.000
17850_090101_130416,D,20110510,000000,4.9320000,4.9790000,4.8070000,4.8080000,14.000
17850_090101_130416,D,20110511,000000,4.9130000,5.0490000,4.9000000,4.9320000,71.000
17850_090101_130416,D,20110512,000000,4.9310000,4.9800000,4.9000000,4.9310000,62.000
17850_090101_130416,D,20110513,000000,4.8820000,5.2440000,4.8820000,5.0310000,232.000
17850_090101_130416,D,20110516,000000,4.9340000,5.0290000,4.9340000,5.0000000,13.000
17850_090101_130416,D,20110517,000000,4.9350000,4.9350000,4.7120000,4.8200000,80.000
17850_090101_130416,D,20110518,000000,4.8350000,4.8830000,4.6940000,4.7000000,167.000
17850_090101_130416,D,20110519,000000,4.7120000,4.8840000,4.7120000,4.8840000,39.000
17850_090101_130416,D,20110520,000000,4.8360000,4.8850000,4.7880000,4.7880000,7.000
17850_090101_130416,D,20110523,000000,4.6190000,4.7990000,4.6190000,4.7390000,16.000
17850_090101_130416,D,20110524,000000,4.6420000,4.8260000,4.6420000,4.8260000,4.000
17850_090101_130416,D,20110525,000000,4.8350000,4.8350000,4.8350000,4.8350000,2.000
17850_090101_130416,D,20110526,000000,4.8920000,4.8920000,4.7280000,4.8840000,15.000
17850_090101_130416,D,20110527,000000,4.7030000,4.9320000,4.7020000,4.9320000,62.000
17850_090101_130416,D,20110530,000000,4.6510000,4.9400000,4.5200000,4.9320000,33.000
17850_090101_130416,D,20110531,000000,4.8900000,5.5000000,4.8400000,5.0000000,713.000
17850_090101_130416,D,20110601,000000,4.9870000,4.9870000,4.7280000,4.8910000,28.000
17850_090101_130416,D,20110602,000000,4.9000000,5.0820000,4.8910000,5.0820000,4.000
17850_090101_130416,D,20110603,000000,5.0800000,5.1360000,4.9530000,4.9530000,19.000
17850_090101_130416,D,20110606,000000,4.7390000,4.9900000,4.7380000,4.8500000,18.000
17850_090101_130416,D,20110607,000000,4.9990000,4.9990000,4.9950000,4.9950000,3.000
17850_090101_130416,D,20110608,000000,4.8570000,4.8570000,4.8570000,4.8570000,2.000
17850_090101_130416,D,20110609,000000,4.8520000,4.8880000,4.7700000,4.8510000,41.000
17850_090101_130416,D,20110610,000000,4.8190000,5.0000000,4.8190000,4.8530000,19.000
17850_090101_130416,D,20110614,000000,5.0010000,5.0640000,5.0010000,5.0640000,6.000
17850_090101_130416,D,20110615,000000,4.9000000,4.9000000,4.8510000,4.8510000,9.000
17850_090101_130416,D,20110616,000000,4.7530000,4.8510000,4.7530000,4.7590000,6.000
17850_090101_130416,D,20110617,000000,4.7780000,4.7780000,4.7590000,4.7710000,22.000
17850_090101_130416,D,20110620,000000,4.7800000,4.9700000,4.7800000,4.7830000,10.000
17850_090101_130416,D,20110621,000000,4.8460000,4.8460000,4.8460000,4.8460000,5.000
17850_090101_130416,D,20110622,000000,4.8460000,4.8460000,4.8460000,4.8460000,1.000
17850_090101_130416,D,20110623,000000,4.7510000,4.7510000,4.7510000,4.7510000,4.000
17850_090101_130416,D,20110624,000000,4.7500000,4.7960000,4.7000000,4.7960000,120.000
17850_090101_130416,D,20110627,000000,4.7140000,4.7150000,4.7020000,4.7020000,13.000
17850_090101_130416,D,20110628,000000,4.7230000,4.7230000,4.7230000,4.7230000,2.000
17850_090101_130416,D,20110629,000000,4.7300000,4.7500000,4.7220000,4.7220000,3.000
17850_090101_130416,D,20110630,000000,4.7550000,4.8170000,4.7300000,4.7300000,5.000
17850_090101_130416,D,20110701,000000,4.7040000,4.7160000,4.7010000,4.7160000,13.000
17850_090101_130416,D,20110704,000000,4.7200000,4.7500000,4.6330000,4.7500000,25.000
17850_090101_130416,D,20110705,000000,4.7050000,4.8000000,4.7000000,4.8000000,61.000
17850_090101_130416,D,20110706,000000,4.7010000,4.8300000,4.7010000,4.8300000,341.000
17850_090101_130416,D,20110707,000000,4.8300000,4.8500000,4.8300000,4.8500000,24.000
17850_090101_130416,D,20110711,000000,4.7020000,4.8000000,4.7010000,4.8000000,27.000
17850_090101_130416,D,20110712,000000,4.7250000,5.1990000,4.6800000,5.0000000,289.000
17850_090101_130416,D,20110713,000000,4.8110000,4.9160000,4.8010000,4.9160000,4.000
17850_090101_130416,D,20110714,000000,4.9090000,4.9090000,4.8000000,4.8000000,6.000
17850_090101_130416,D,20110715,000000,4.7130000,4.8930000,4.7110000,4.8930000,12.000
17850_090101_130416,D,20110719,000000,4.7200000,4.7300000,4.7200000,4.7300000,5.000
17850_090101_130416,D,20110720,000000,4.7230000,4.7230000,4.7230000,4.7230000,1.000
17850_090101_130416,D,20110721,000000,4.7620000,4.7920000,4.7500000,4.7920000,19.000
17850_090101_130416,D,20110722,000000,4.7930000,4.7930000,4.7920000,4.7920000,5.000
17850_090101_130416,D,20110725,000000,4.7890000,5.0810000,4.7890000,5.0810000,14.000
17850_090101_130416,D,20110726,000000,4.9960000,4.9990000,4.8300000,4.8500000,42.000
17850_090101_130416,D,20110727,000000,4.9050000,4.9060000,4.7700000,4.7700000,6.000
17850_090101_130416,D,20110728,000000,4.7530000,4.7530000,4.7530000,4.7530000,1.000
17850_090101_130416,D,20110801,000000,4.8370000,4.8500000,4.7900000,4.7900000,14.000
17850_090101_130416,D,20110802,000000,4.7570000,4.7870000,4.6000000,4.7870000,48.000
17850_090101_130416,D,20110803,000000,4.6560000,4.7000000,4.6200000,4.6200000,31.000
17850_090101_130416,D,20110804,000000,4.5780000,4.5990000,4.5000000,4.5000000,112.000
17850_090101_130416,D,20110805,000000,4.5000000,4.5000000,4.3130000,4.5000000,128.000
17850_090101_130416,D,20110808,000000,4.4000000,4.4500000,4.2500000,4.2500000,212.000
17850_090101_130416,D,20110809,000000,4.0710000,4.4470000,3.7510000,4.2000000,199.000
17850_090101_130416,D,20110810,000000,4.2640000,4.2650000,3.8180000,3.8180000,11.000
17850_090101_130416,D,20110811,000000,3.5580000,3.9880000,3.2010000,3.7500000,37.000
17850_090101_130416,D,20110812,000000,3.7500000,3.7600000,3.7500000,3.7600000,7.000
17850_090101_130416,D,20110815,000000,4.1000000,4.1800000,4.0040000,4.1790000,17.000
17850_090101_130416,D,20110816,000000,4.2990000,4.3000000,3.9000000,4.0990000,33.000
17850_090101_130416,D,20110817,000000,4.2440000,4.2440000,4.2440000,4.2440000,1.000
17850_090101_130416,D,20110818,000000,4.0030000,4.2760000,3.9000000,4.2760000,31.000
17850_090101_130416,D,20110819,000000,3.9990000,4.0000000,3.8410000,3.8500000,6.000
17850_090101_130416,D,20110822,000000,3.8100000,4.0470000,3.8000000,4.0470000,9.000
17850_090101_130416,D,20110823,000000,4.0770000,4.0770000,4.0770000,4.0770000,2.000
17850_090101_130416,D,20110824,000000,3.9300000,4.3800000,3.9300000,4.0000000,331.000
17850_090101_130416,D,20110825,000000,4.1890000,4.1890000,3.9550000,3.9550000,4.000
17850_090101_130416,D,20110826,000000,3.8660000,3.9000000,3.8600000,3.9000000,32.000
17850_090101_130416,D,20110830,000000,4.0000000,4.0000000,3.8700000,3.8700000,6.000
17850_090101_130416,D,20110831,000000,4.0000000,4.1380000,4.0000000,4.0000000,7.000
17850_090101_130416,D,20110901,000000,4.1970000,4.1980000,4.1400000,4.1400000,7.000
17850_090101_130416,D,20110902,000000,4.0500000,4.0500000,3.8620000,3.8620000,2.000
17850_090101_130416,D,20110905,000000,3.8760000,3.9450000,3.7000000,3.9000000,43.000
17850_090101_130416,D,20110907,000000,4.0890000,4.0950000,4.0890000,4.0950000,6.000
17850_090101_130416,D,20110908,000000,4.0390000,4.0390000,3.8010000,3.8010000,11.000
17850_090101_130416,D,20110909,000000,3.8000000,3.8000000,3.7510000,3.7510000,2.000
17850_090101_130416,D,20110912,000000,3.7000000,3.7000000,3.6860000,3.7000000,10.000
17850_090101_130416,D,20110914,000000,3.7000000,3.7000000,3.6050000,3.6050000,5.000
17850_090101_130416,D,20110915,000000,3.6560000,3.7500000,3.6050000,3.7500000,22.000
17850_090101_130416,D,20110916,000000,3.6030000,3.9000000,3.6020000,3.9000000,276.000
17850_090101_130416,D,20110919,000000,3.7600000,3.9400000,3.7600000,3.9400000,205.000
17850_090101_130416,D,20110920,000000,3.8130000,3.8130000,3.7500000,3.7500000,176.000
17850_090101_130416,D,20110921,000000,3.7490000,3.8000000,3.7000000,3.7500000,133.000
17850_090101_130416,D,20110922,000000,3.6700000,3.9000000,3.5000000,3.9000000,255.000
17850_090101_130416,D,20110923,000000,3.5130000,3.7850000,3.5000000,3.7000000,34.000
17850_090101_130416,D,20110926,000000,3.7990000,3.7990000,3.7990000,3.7990000,3.000
17850_090101_130416,D,20110927,000000,3.5800000,3.5800000,3.5800000,3.5800000,1.000
17850_090101_130416,D,20110928,000000,3.6000000,3.6030000,3.4020000,3.4500000,26.000
17850_090101_130416,D,20110929,000000,3.5960000,3.6000000,3.5960000,3.6000000,8.000
17850_090101_130416,D,20110930,000000,3.4020000,3.6000000,3.3000000,3.5500000,95.000
17850_090101_130416,D,20111003,000000,3.3240000,3.5590000,3.3240000,3.5590000,42.000
17850_090101_130416,D,20111004,000000,3.3600000,3.3600000,3.3600000,3.3600000,1.000
17850_090101_130416,D,20111005,000000,3.5000000,3.5000000,3.3330000,3.3330000,5.000
17850_090101_130416,D,20111007,000000,3.3580000,3.5970000,3.3580000,3.4500000,6.000
17850_090101_130416,D,20111010,000000,3.3510000,3.5880000,3.3510000,3.3660000,5.000
17850_090101_130416,D,20111011,000000,3.5990000,3.5990000,3.5000000,3.5000000,3.000
17850_090101_130416,D,20111012,000000,3.5990000,3.6000000,3.5990000,3.6000000,46.000
17850_090101_130416,D,20111013,000000,3.6000000,3.6000000,3.6000000,3.6000000,1.000
17850_090101_130416,D,20111014,000000,3.3800000,3.6000000,3.3800000,3.6000000,10.000
17850_090101_130416,D,20111017,000000,3.5990000,3.6500000,3.5000000,3.5100000,64.000
17850_090101_130416,D,20111018,000000,3.5000000,3.5100000,3.5000000,3.5000000,11.000
17850_090101_130416,D,20111020,000000,3.6000000,3.6000000,3.6000000,3.6000000,5.000
17850_090101_130416,D,20111021,000000,3.5990000,4.0000000,3.5000000,3.7770000,465.000
17850_090101_130416,D,20111024,000000,3.7500000,3.7500000,3.6320000,3.6370000,10.000
17850_090101_130416,D,20111025,000000,3.7720000,3.7720000,3.5210000,3.5310000,22.000
17850_090101_130416,D,20111026,000000,3.5310000,3.5500000,3.5310000,3.5500000,13.000
17850_090101_130416,D,20111027,000000,3.7240000,3.7240000,3.5020000,3.6960000,7.000
17850_090101_130416,D,20111028,000000,3.7000000,3.7000000,3.5580000,3.5580000,4.000
17850_090101_130416,D,20111031,000000,3.6860000,3.7500000,3.6100000,3.7090000,20.000
17850_090101_130416,D,20111101,000000,3.5510000,3.8000000,3.5030000,3.6970000,105.000
17850_090101_130416,D,20111102,000000,3.6510000,3.6510000,3.5200000,3.6490000,12.000
17850_090101_130416,D,20111103,000000,3.5840000,3.6600000,3.5500000,3.5500000,67.000
17850_090101_130416,D,20111107,000000,3.5010000,3.5510000,3.5010000,3.5510000,4.000
17850_090101_130416,D,20111108,000000,3.6990000,3.7500000,3.5900000,3.6110000,30.000
17850_090101_130416,D,20111109,000000,3.6100000,3.6200000,3.5400000,3.5400000,222.000
17850_090101_130416,D,20111110,000000,3.5650000,3.5680000,3.5650000,3.5680000,7.000
17850_090101_130416,D,20111114,000000,3.5510000,3.5510000,3.5500000,3.5500000,10.000
17850_090101_130416,D,20111115,000000,3.6460000,3.6470000,3.6460000,3.6470000,10.000
17850_090101_130416,D,20111117,000000,3.5110000,3.6480000,3.0270000,3.6480000,42.000
17850_090101_130416,D,20111118,000000,3.5500000,3.7100000,3.5500000,3.6500000,19.000
17850_090101_130416,D,20111121,000000,3.6010000,3.6600000,3.6010000,3.6010000,23.000
17850_090101_130416,D,20111122,000000,3.6010000,3.7500000,3.6010000,3.6010000,100.000
17850_090101_130416,D,20111123,000000,3.7490000,3.7490000,3.7490000,3.7490000,1.000
17850_090101_130416,D,20111125,000000,3.3410000,3.6510000,3.3410000,3.6510000,3.000
17850_090101_130416,D,20111128,000000,3.6890000,3.7390000,3.6890000,3.7390000,27.000
17850_090101_130416,D,20111129,000000,3.5070000,3.6000000,3.3100000,3.4040000,35.000
17850_090101_130416,D,20111130,000000,3.5900000,3.5900000,3.5900000,3.5900000,1.000
17850_090101_130416,D,20111201,000000,3.5850000,3.5850000,3.5850000,3.5850000,12.000
17850_090101_130416,D,20111206,000000,3.5010000,3.5010000,3.5000000,3.5000000,4.000
17850_090101_130416,D,20111208,000000,3.5570000,3.5570000,3.5570000,3.5570000,1.000
17850_090101_130416,D,20111209,000000,3.5000000,3.6850000,3.4000000,3.5000000,218.000
17850_090101_130416,D,20111212,000000,3.5970000,3.5970000,3.5000000,3.5010000,21.000
17850_090101_130416,D,20111214,000000,3.5000000,3.5000000,3.5000000,3.5000000,16.000
17850_090101_130416,D,20111215,000000,3.2860000,3.5000000,3.2860000,3.5000000,30.000
17850_090101_130416,D,20111216,000000,3.5940000,3.5990000,3.5490000,3.5500000,10.000
17850_090101_130416,D,20111219,000000,3.5000000,3.5800000,3.5000000,3.5800000,18.000
17850_090101_130416,D,20111221,000000,3.5800000,3.6000000,3.5000000,3.5500000,90.000
17850_090101_130416,D,20111222,000000,3.5000000,3.5000000,3.5000000,3.5000000,10.000
17850_090101_130416,D,20111223,000000,3.5000000,3.5000000,3.5000000,3.5000000,27.000
17850_090101_130416,D,20111226,000000,3.5010000,3.5010000,3.5010000,3.5010000,4.000
17850_090101_130416,D,20111227,000000,3.5010000,3.5990000,3.5000000,3.5030000,26.000
17850_090101_130416,D,20111228,000000,3.5990000,3.5990000,3.5990000,3.5990000,3.000
17850_090101_130416,D,20111229,000000,3.5990000,3.5990000,3.5100000,3.5990000,13.000
17850_090101_130416,D,20111230,000000,3.5050000,3.5600000,3.5040000,3.5050000,179.000
17850_090101_130416,D,20120103,000000,3.5160000,3.5160000,3.5160000,3.5160000,1.000
17850_090101_130416,D,20120104,000000,3.5110000,3.5110000,3.5110000,3.5110000,1.000
17850_090101_130416,D,20120106,000000,3.5110000,3.5110000,3.5050000,3.5050000,5.000
17850_090101_130416,D,20120110,000000,3.6760000,3.6760000,3.5350000,3.5790000,5.000
17850_090101_130416,D,20120112,000000,3.5700000,3.5700000,3.5700000,3.5700000,1.000
17850_090101_130416,D,20120113,000000,3.5300000,3.5300000,3.5300000,3.5300000,1.000
17850_090101_130416,D,20120117,000000,3.5160000,3.5160000,3.5150000,3.5150000,2.000
17850_090101_130416,D,20120119,000000,3.6100000,3.6100000,3.5160000,3.5160000,21.000
17850_090101_130416,D,20120120,000000,3.5250000,3.5250000,3.5200000,3.5200000,2.000
17850_090101_130416,D,20120123,000000,3.5300000,3.5300000,3.5300000,3.5300000,6.000
17850_090101_130416,D,20120124,000000,3.5390000,3.5390000,3.5390000,3.5390000,2.000
17850_090101_130416,D,20120126,000000,3.5990000,3.5990000,3.5990000,3.5990000,2.000
17850_090101_130416,D,20120127,000000,3.5310000,3.5390000,3.5300000,3.5390000,4.000
17850_090101_130416,D,20120130,000000,3.5300000,3.5300000,3.5150000,3.5160000,42.000
17850_090101_130416,D,20120131,000000,3.5150000,3.5150000,3.5150000,3.5150000,3.000
17850_090101_130416,D,20120201,000000,3.5150000,3.6490000,3.5150000,3.6490000,13.000
17850_090101_130416,D,20120203,000000,3.5300000,3.5360000,3.4110000,3.5000000,17.000
17850_090101_130416,D,20120206,000000,3.5000000,3.5000000,3.5000000,3.5000000,4.000
17850_090101_130416,D,20120207,000000,3.6010000,3.7000000,3.5720000,3.5720000,45.000
17850_090101_130416,D,20120208,000000,3.6980000,3.9290000,3.6200000,3.6330000,402.000
17850_090101_130416,D,20120209,000000,3.6980000,3.6980000,3.5600000,3.5600000,50.000
17850_090101_130416,D,20120210,000000,3.6330000,3.6960000,3.5620000,3.5620000,8.000
17850_090101_130416,D,20120213,000000,3.6310000,3.6920000,3.6310000,3.6920000,4.000
17850_090101_130416,D,20120214,000000,3.6590000,3.6590000,3.5500000,3.5530000,52.000
17850_090101_130416,D,20120215,000000,3.6500000,3.6780000,3.5240000,3.5240000,11.000
17850_090101_130416,D,20120216,000000,3.5500000,3.5500000,3.5500000,3.5500000,1.000
17850_090101_130416,D,20120220,000000,3.6500000,3.6740000,3.6500000,3.6740000,5.000
17850_090101_130416,D,20120221,000000,3.6200000,3.6200000,3.5890000,3.5890000,38.000
17850_090101_130416,D,20120222,000000,3.5290000,3.5290000,3.5100000,3.5100000,46.000
17850_090101_130416,D,20120227,000000,3.6240000,3.6240000,3.6240000,3.6240000,11.000
17850_090101_130416,D,20120228,000000,3.6450000,3.6450000,3.6000000,3.6000000,2.000
17850_090101_130416,D,20120229,000000,3.5200000,3.5200000,3.5200000,3.5200000,3.000
17850_090101_130416,D,20120302,000000,3.5200000,3.5200000,3.3500000,3.3500000,12.000
17850_090101_130416,D,20120305,000000,3.4010000,3.4010000,3.1000000,3.1640000,285.000
17850_090101_130416,D,20120306,000000,3.2430000,3.2430000,3.1300000,3.1300000,41.000
17850_090101_130416,D,20120307,000000,3.1050000,3.1500000,3.1050000,3.1500000,10.000
17850_090101_130416,D,20120311,000000,3.1500000,3.1720000,3.0200000,3.0710000,33.000
17850_090101_130416,D,20120312,000000,3.1690000,3.1730000,3.1000000,3.1000000,5.000
17850_090101_130416,D,20120313,000000,3.1010000,3.1010000,3.1000000,3.1000000,10.000
17850_090101_130416,D,20120314,000000,3.1010000,3.1010000,3.1000000,3.1000000,6.000
17850_090101_130416,D,20120315,000000,3.0610000,3.1370000,3.0010000,3.0010000,60.000
17850_090101_130416,D,20120316,000000,3.1440000,3.1500000,3.0350000,3.0350000,17.000
17850_090101_130416,D,20120319,000000,3.1370000,3.1370000,3.0350000,3.0350000,2.000
17850_090101_130416,D,20120320,000000,3.0060000,3.0060000,3.0000000,3.0000000,22.000
17850_090101_130416,D,20120321,000000,3.0010000,3.0010000,3.0010000,3.0010000,1.000
17850_090101_130416,D,20120322,000000,3.0490000,3.2970000,2.8080000,2.8990000,117.000
17850_090101_130416,D,20120323,000000,2.9000000,2.9480000,2.8510000,2.9180000,39.000
17850_090101_130416,D,20120326,000000,2.9440000,2.9500000,2.9320000,2.9500000,7.000
17850_090101_130416,D,20120327,000000,3.0400000,3.0400000,2.9340000,2.9340000,3.000
17850_090101_130416,D,20120328,000000,3.0260000,3.0300000,3.0260000,3.0300000,9.000
17850_090101_130416,D,20120329,000000,2.9270000,2.9270000,2.9270000,2.9270000,1.000
17850_090101_130416,D,20120402,000000,3.0960000,3.0960000,2.8280000,2.9000000,8.000
17850_090101_130416,D,20120403,000000,2.9300000,2.9300000,2.8300000,2.8960000,21.000
17850_090101_130416,D,20120404,000000,2.8270000,3.0000000,2.8260000,3.0000000,22.000
17850_090101_130416,D,20120405,000000,3.0000000,3.0000000,3.0000000,3.0000000,5.000
17850_090101_130416,D,20120406,000000,3.0200000,3.0200000,3.0000000,3.0000000,31.000
17850_090101_130416,D,20120409,000000,3.0800000,3.1610000,3.0800000,3.1590000,26.000
17850_090101_130416,D,20120410,000000,3.0140000,3.1000000,2.9700000,3.1000000,5.000
17850_090101_130416,D,20120412,000000,3.0510000,3.0510000,2.9810000,3.0450000,22.000
17850_090101_130416,D,20120413,000000,3.1410000,3.1450000,3.1410000,3.1450000,11.000
17850_090101_130416,D,20120416,000000,3.2310000,3.2310000,3.2310000,3.2310000,2.000
17850_090101_130416,D,20120418,000000,3.0030000,3.0030000,3.0030000,3.0030000,1.000
17850_090101_130416,D,20120420,000000,3.0150000,3.0150000,3.0150000,3.0150000,1.000
17850_090101_130416,D,20120423,000000,2.8390000,3.0970000,2.8380000,3.0080000,6.000
17850_090101_130416,D,20120424,000000,2.9740000,2.9740000,2.8000000,2.8000000,28.000
17850_090101_130416,D,20120425,000000,2.7120000,2.8080000,2.7120000,2.8080000,3.000
17850_090101_130416,D,20120426,000000,2.8000000,2.8200000,2.7000000,2.8200000,7.000
17850_090101_130416,D,20120502,000000,2.7820000,2.7820000,2.7820000,2.7820000,1.000
17850_090101_130416,D,20120507,000000,2.7000000,2.7000000,2.6070000,2.6070000,8.000
17850_090101_130416,D,20120508,000000,2.6100000,2.6100000,2.6080000,2.6090000,7.000
17850_090101_130416,D,20120511,000000,2.9400000,2.9400000,2.9400000,2.9400000,1.000
17850_090101_130416,D,20120512,000000,2.6080000,2.6080000,2.6080000,2.6080000,10.000
17850_090101_130416,D,20120514,000000,2.6180000,2.6180000,2.6080000,2.6080000,14.000
17850_090101_130416,D,20120515,000000,2.6020000,2.6020000,2.5000000,2.5000000,48.000
17850_090101_130416,D,20120516,000000,2.4100000,2.6950000,2.4000000,2.6950000,15.000
17850_090101_130416,D,20120518,000000,2.3500000,2.3500000,2.3500000,2.3500000,5.000
17850_090101_130416,D,20120523,000000,2.3510000,2.3510000,2.2270000,2.2270000,12.000
17850_090101_130416,D,20120524,000000,2.2000000,2.2000000,2.2000000,2.2000000,8.000
17850_090101_130416,D,20120531,000000,2.2000000,2.2000000,2.2000000,2.2000000,2.000
17850_090101_130416,D,20120607,000000,2.1510000,2.1510000,2.1500000,2.1500000,2.000
17850_090101_130416,D,20120614,000000,2.1510000,2.1510000,2.1500000,2.1500000,5.000
17850_090101_130416,D,20120618,000000,2.5000000,2.5000000,2.5000000,2.5000000,14.000
17850_090101_130416,D,20120619,000000,2.8560000,2.8560000,2.8560000,2.8560000,2.000
17850_090101_130416,D,20120620,000000,2.8570000,2.8570000,2.5420000,2.8300000,12.000
17850_090101_130416,D,20120622,000000,2.4070000,2.6040000,2.4070000,2.6040000,3.000
17850_090101_130416,D,20120625,000000,2.3150000,2.3160000,2.3150000,2.3160000,3.000
17850_090101_130416,D,20120629,000000,2.3010000,2.6990000,2.3010000,2.6790000,6.000
17850_090101_130416,D,20120702,000000,2.3010000,2.8080000,2.3010000,2.6500000,7.000
17850_090101_130416,D,20120703,000000,2.4090000,2.7440000,2.4090000,2.7440000,7.000
17850_090101_130416,D,20120704,000000,2.8070000,2.8070000,2.8070000,2.8070000,1.000
17850_090101_130416,D,20120705,000000,2.8130000,2.8130000,2.5000000,2.7990000,14.000
17850_090101_130416,D,20120710,000000,2.7000000,2.7000000,2.7000000,2.7000000,1.000
17850_090101_130416,D,20120712,000000,2.4480000,2.4480000,2.4480000,2.4480000,1.000
17850_090101_130416,D,20120713,000000,2.6000000,2.6000000,2.6000000,2.6000000,2.000
17850_090101_130416,D,20120717,000000,2.6140000,2.6140000,2.6100000,2.6100000,3.000
17850_090101_130416,D,20120718,000000,2.4500000,2.4500000,2.4500000,2.4500000,3.000
17850_090101_130416,D,20120724,000000,2.5000000,2.5000000,2.5000000,2.5000000,43.000
17850_090101_130416,D,20120725,000000,2.5000000,2.5000000,2.5000000,2.5000000,10.000
17850_090101_130416,D,20120726,000000,2.1530000,2.2500000,2.1500000,2.2500000,121.000
17850_090101_130416,D,20120727,000000,2.2220000,2.3000000,2.1020000,2.1600000,84.000
17850_090101_130416,D,20120730,000000,2.4500000,2.4500000,2.1780000,2.2630000,16.000
17850_090101_130416,D,20120731,000000,2.2000000,2.2000000,2.1110000,2.1110000,8.000
17850_090101_130416,D,20120801,000000,2.1200000,2.1200000,2.0700000,2.1000000,95.000
17850_090101_130416,D,20120802,000000,2.0210000,2.1750000,2.0210000,2.1000000,80.000
17850_090101_130416,D,20120803,000000,2.0500000,2.0500000,2.0500000,2.0500000,17.000
17850_090101_130416,D,20120806,000000,2.1980000,2.1980000,2.1740000,2.1750000,26.000
17850_090101_130416,D,20120807,000000,2.1750000,2.1750000,2.1750000,2.1750000,1.000
17850_090101_130416,D,20120808,000000,2.0410000,2.1790000,2.0410000,2.1790000,45.000
17850_090101_130416,D,20120810,000000,2.1010000,2.1010000,2.1010000,2.1010000,7.000
17850_090101_130416,D,20120813,000000,2.1010000,2.1010000,2.1010000,2.1010000,1.000
17850_090101_130416,D,20120814,000000,2.0130000,2.1970000,2.0130000,2.0500000,39.000
17850_090101_130416,D,20120815,000000,2.0540000,2.0540000,2.0540000,2.0540000,1.000
17850_090101_130416,D,20120817,000000,2.1200000,2.1200000,2.1200000,2.1200000,2.000
17850_090101_130416,D,20120820,000000,2.0160000,2.0160000,2.0160000,2.0160000,1.000
17850_090101_130416,D,20120821,000000,2.0500000,2.0500000,2.0500000,2.0500000,2.000
17850_090101_130416,D,20120822,000000,2.0500000,2.1000000,2.0500000,2.1000000,25.000
17850_090101_130416,D,20120823,000000,2.0310000,2.1000000,2.0300000,2.0400000,35.000
17850_090101_130416,D,20120824,000000,2.0970000,2.0970000,2.0200000,2.0200000,15.000
17850_090101_130416,D,20120827,000000,2.0980000,2.1000000,2.0970000,2.0970000,9.000
17850_090101_130416,D,20120828,000000,2.0210000,2.0210000,2.0180000,2.0180000,18.000
17850_090101_130416,D,20120830,000000,2.0150000,2.0990000,2.0000000,2.0000000,15.000
17850_090101_130416,D,20120831,000000,1.8210000,1.9000000,1.6000000,1.8020000,538.000
17850_090101_130416,D,20120903,000000,1.8490000,1.8990000,1.7290000,1.8990000,22.000
17850_090101_130416,D,20120904,000000,1.7500000,1.8960000,1.7070000,1.8960000,31.000
17850_090101_130416,D,20120905,000000,1.8930000,1.8930000,1.8930000,1.8930000,17.000
17850_090101_130416,D,20120907,000000,1.7770000,1.7770000,1.7770000,1.7770000,9.000
17850_090101_130416,D,20120910,000000,1.8990000,1.8990000,1.8990000,1.8990000,1.000
17850_090101_130416,D,20120912,000000,1.8000000,1.8060000,1.8000000,1.8000000,37.000
17850_090101_130416,D,20120913,000000,1.6520000,1.8000000,1.6510000,1.8000000,3.000
17850_090101_130416,D,20120914,000000,1.7990000,1.9000000,1.7990000,1.9000000,78.000
17850_090101_130416,D,20120917,000000,1.7110000,1.8500000,1.7110000,1.8500000,5.000
17850_090101_130416,D,20120918,000000,1.8940000,1.8950000,1.7450000,1.8000000,40.000
17850_090101_130416,D,20120919,000000,1.8990000,1.9000000,1.8980000,1.9000000,29.000
17850_090101_130416,D,20120920,000000,1.9600000,1.9600000,1.8000000,1.8000000,3.000
17850_090101_130416,D,20120921,000000,1.8100000,1.9390000,1.8100000,1.8100000,35.000
17850_090101_130416,D,20120924,000000,1.7510000,1.9770000,1.7500000,1.9160000,34.000
17850_090101_130416,D,20120925,000000,1.7530000,1.8470000,1.7530000,1.7950000,23.000
17850_090101_130416,D,20120926,000000,1.7530000,1.7530000,1.7520000,1.7520000,8.000
17850_090101_130416,D,20120928,000000,1.7290000,1.7290000,1.7280000,1.7280000,2.000
17850_090101_130416,D,20121001,000000,1.7000000,1.8300000,1.7000000,1.8000000,9.000
17850_090101_130416,D,20121003,000000,1.7800000,1.7900000,1.7800000,1.7900000,20.000
17850_090101_130416,D,20121004,000000,1.7080000,1.7080000,1.6900000,1.6900000,29.000
17850_090101_130416,D,20121008,000000,1.6920000,1.6920000,1.6920000,1.6920000,1.000
17850_090101_130416,D,20121009,000000,1.6920000,1.6920000,1.6900000,1.6900000,7.000
17850_090101_130416,D,20121010,000000,1.6320000,1.6860000,1.5580000,1.6860000,10.000
17850_090101_130416,D,20121017,000000,1.6860000,1.6860000,1.6860000,1.6860000,5.000
17850_090101_130416,D,20121018,000000,1.7430000,1.7430000,1.7430000,1.7430000,7.000
17850_090101_130416,D,20121022,000000,1.7000000,1.7400000,1.6800000,1.7400000,10.000
17850_090101_130416,D,20121026,000000,1.6870000,1.6870000,1.5740000,1.5740000,30.000
17850_090101_130416,D,20121030,000000,1.5840000,1.5840000,1.5840000,1.5840000,1.000
17850_090101_130416,D,20121031,000000,1.5810000,1.5810000,1.5810000,1.5810000,2.000
17850_090101_130416,D,20121101,000000,1.7670000,1.7680000,1.6460000,1.6470000,37.000
17850_090101_130416,D,20121106,000000,1.5710000,1.5710000,1.5710000,1.5710000,3.000
17850_090101_130416,D,20121107,000000,1.6800000,1.6810000,1.6800000,1.6810000,5.000
17850_090101_130416,D,20121109,000000,1.5740000,1.5810000,1.5700000,1.5810000,5.000
17850_090101_130416,D,20121112,000000,1.5620000,1.5620000,1.5620000,1.5620000,1.000
17850_090101_130416,D,20121113,000000,1.6710000,1.6710000,1.6710000,1.6710000,1.000
17850_090101_130416,D,20121114,000000,1.7100000,1.7470000,1.5750000,1.6090000,17.000
17850_090101_130416,D,20121115,000000,1.6160000,1.6160000,1.5370000,1.5370000,9.000
17850_090101_130416,D,20121116,000000,1.5980000,1.5980000,1.5980000,1.5980000,10.000
17850_090101_130416,D,20121119,000000,1.5350000,1.5350000,1.5350000,1.5350000,4.000
17850_090101_130416,D,20121120,000000,1.5970000,1.6000000,1.5970000,1.6000000,13.000
17850_090101_130416,D,20121121,000000,1.6300000,1.9000000,1.6300000,1.8970000,72.000
17850_090101_130416,D,20121122,000000,1.6700000,1.7510000,1.6130000,1.6130000,73.000
17850_090101_130416,D,20121123,000000,1.6790000,1.8510000,1.6790000,1.8460000,5.000
17850_090101_130416,D,20121126,000000,1.9660000,1.9660000,1.9660000,1.9660000,6.000
17850_090101_130416,D,20121127,000000,1.6140000,1.9500000,1.6140000,1.6500000,102.000
17850_090101_130416,D,20121129,000000,1.5510000,1.8900000,1.5510000,1.7200000,60.000
17850_090101_130416,D,20121130,000000,1.6450000,1.8700000,1.6450000,1.8600000,23.000
17850_090101_130416,D,20121203,000000,1.7200000,1.8770000,1.6000000,1.6030000,190.000
17850_090101_130416,D,20121204,000000,1.5510000,1.6000000,1.4550000,1.5000000,211.000
17850_090101_130416,D,20121205,000000,1.5050000,1.5780000,1.4620000,1.5780000,69.000
17850_090101_130416,D,20121206,000000,1.5770000,1.6400000,1.4900000,1.4900000,20.000
17850_090101_130416,D,20121207,000000,1.5500000,1.5500000,1.3900000,1.4990000,212.000
17850_090101_130416,D,20121210,000000,1.4830000,1.6380000,1.4830000,1.5700000,31.000
17850_090101_130416,D,20121211,000000,1.5330000,1.5330000,1.3900000,1.4200000,287.000
17850_090101_130416,D,20121212,000000,1.4300000,1.4450000,1.3330000,1.3770000,299.000
17850_090101_130416,D,20121213,000000,1.3400000,1.3700000,1.3050000,1.3580000,77.000
17850_090101_130416,D,20121214,000000,1.3580000,1.3710000,1.3400000,1.3700000,39.000
17850_090101_130416,D,20121217,000000,1.3410000,1.3620000,1.3000000,1.3370000,140.000
17850_090101_130416,D,20121218,000000,1.3330000,1.3360000,1.2310000,1.2900000,145.000
17850_090101_130416,D,20121219,000000,1.3310000,1.3310000,1.2220000,1.2600000,122.000
17850_090101_130416,D,20121220,000000,1.2550000,1.2590000,1.1500000,1.2000000,81.000
17850_090101_130416,D,20121221,000000,1.2090000,1.4480000,1.1000000,1.3510000,227.000
17850_090101_130416,D,20121224,000000,1.3770000,1.4890000,1.2330000,1.2330000,188.000
17850_090101_130416,D,20121225,000000,1.2650000,1.2660000,1.1500000,1.1840000,124.000
17850_090101_130416,D,20121226,000000,1.1550000,1.1800000,1.1000000,1.1760000,103.000
17850_090101_130416,D,20121227,000000,1.1560000,1.1900000,1.0500000,1.1620000,299.000
17850_090101_130416,D,20121228,000000,1.1010000,1.1790000,1.0800000,1.0830000,333.000
17850_090101_130416,D,20130108,000000,1.1490000,1.1930000,1.0500000,1.1200000,13.000
17850_090101_130416,D,20130109,000000,1.1100000,1.1100000,1.0700000,1.0930000,199.000
17850_090101_130416,D,20130110,000000,1.1010000,1.2790000,1.1000000,1.1700000,221.000
17850_090101_130416,D,20130111,000000,1.1320000,1.2130000,1.1320000,1.2130000,108.000
17850_090101_130416,D,20130114,000000,1.1760000,1.2300000,1.1520000,1.1990000,102.000
17850_090101_130416,D,20130116,000000,1.1960000,1.2280000,1.1950000,1.1950000,50.000
17850_090101_130416,D,20130117,000000,1.1910000,1.4600000,1.1900000,1.2610000,498.000
17850_090101_130416,D,20130118,000000,1.2320000,1.2800000,1.2100000,1.2600000,134.000
17850_090101_130416,D,20130121,000000,1.2560000,1.2900000,1.2400000,1.2900000,47.000
17850_090101_130416,D,20130122,000000,1.2830000,1.4070000,1.2510000,1.3480000,300.000
17850_090101_130416,D,20130123,000000,1.3310000,1.3780000,1.3300000,1.3500000,58.000
17850_090101_130416,D,20130124,000000,1.3500000,1.3500000,1.3040000,1.3500000,31.000
17850_090101_130416,D,20130125,000000,1.3280000,1.3790000,1.3270000,1.3760000,179.000
17850_090101_130416,D,20130128,000000,1.3700000,1.3700000,1.2210000,1.3300000,94.000
17850_090101_130416,D,20130129,000000,1.3650000,1.3710000,1.3020000,1.3410000,98.000
17850_090101_130416,D,20130130,000000,1.3410000,1.4330000,1.3400000,1.3910000,73.000
17850_090101_130416,D,20130131,000000,1.4200000,1.4200000,1.3000000,1.3670000,85.000
17850_090101_130416,D,20130201,000000,1.3630000,1.3640000,1.2850000,1.3090000,123.000
17850_090101_130416,D,20130204,000000,1.3090000,1.3400000,1.2990000,1.3400000,10.000
17850_090101_130416,D,20130205,000000,1.3060000,1.3660000,1.2400000,1.3150000,113.000
17850_090101_130416,D,20130206,000000,1.3080000,1.3570000,1.2900000,1.3380000,64.000
17850_090101_130416,D,20130207,000000,1.3320000,1.3450000,1.2510000,1.3030000,47.000
17850_090101_130416,D,20130208,000000,1.2900000,1.3430000,1.2450000,1.3430000,68.000
17850_090101_130416,D,20130211,000000,1.3280000,1.3520000,1.2820000,1.3380000,90.000
17850_090101_130416,D,20130212,000000,1.3490000,1.4520000,1.3210000,1.3670000,100.000
17850_090101_130416,D,20130213,000000,1.4370000,1.4370000,1.3540000,1.3670000,61.000
17850_090101_130416,D,20130214,000000,1.3820000,1.3820000,1.3270000,1.3310000,50.000
17850_090101_130416,D,20130215,000000,1.3420000,1.4430000,1.3420000,1.3730000,14.000
17850_090101_130416,D,20130218,000000,1.3540000,1.4060000,1.3320000,1.3710000,57.000
17850_090101_130416,D,20130219,000000,1.3670000,1.3800000,1.3350000,1.3660000,77.000
17850_090101_130416,D,20130220,000000,1.3700000,1.3700000,1.2520000,1.3300000,126.000
17850_090101_130416,D,20130221,000000,1.3250000,1.3250000,1.2400000,1.2860000,34.000
17850_090101_130416,D,20130225,000000,1.2970000,1.2970000,1.2970000,1.2970000,5.000
17850_090101_130416,D,20130226,000000,1.3050000,1.3050000,1.2900000,1.2900000,2.000
17850_090101_130416,D,20130227,000000,1.3760000,1.3760000,1.2630000,1.2940000,33.000
17850_090101_130416,D,20130228,000000,1.3120000,1.3120000,1.2600000,1.2600000,26.000
17850_090101_130416,D,20130301,000000,1.2860000,1.2860000,1.2000000,1.2360000,36.000
17850_090101_130416,D,20130304,000000,1.2680000,1.3070000,1.2380000,1.2620000,8.000
17850_090101_130416,D,20130305,000000,1.2730000,1.3450000,1.2730000,1.2860000,13.000
17850_090101_130416,D,20130306,000000,1.2980000,1.3860000,1.2030000,1.3290000,369.000
17850_090101_130416,D,20130307,000000,1.3020000,1.3260000,1.2600000,1.2650000,43.000
17850_090101_130416,D,20130311,000000,1.2990000,1.3000000,1.2930000,1.3000000,28.000
17850_090101_130416,D,20130312,000000,1.3040000,1.3260000,1.2960000,1.3100000,27.000
17850_090101_130416,D,20130313,000000,1.3040000,1.3040000,1.2900000,1.2910000,33.000
17850_090101_130416,D,20130314,000000,1.3040000,1.3250000,1.2920000,1.3250000,26.000
17850_090101_130416,D,20130315,000000,1.3030000,1.3170000,1.3030000,1.3070000,11.000
17850_090101_130416,D,20130318,000000,1.3040000,1.3040000,1.2740000,1.2760000,19.000
17850_090101_130416,D,20130319,000000,1.2830000,1.2830000,1.2700000,1.2800000,16.000
17850_090101_130416,D,20130320,000000,1.2800000,1.2800000,1.2800000,1.2800000,5.000
17850_090101_130416,D,20130321,000000,1.2990000,1.2990000,1.2990000,1.2990000,11.000
17850_090101_130416,D,20130325,000000,1.2730000,1.2990000,1.2730000,1.2730000,13.000
17850_090101_130416,D,20130326,000000,1.3290000,1.3290000,1.2100000,1.2100000,4.000
17850_090101_130416,D,20130327,000000,1.2410000,1.2710000,1.2350000,1.2350000,4.000
17850_090101_130416,D,20130328,000000,1.2610000,1.3000000,1.2610000,1.2610000,14.000
17850_090101_130416,D,20130401,000000,1.2510000,1.2510000,1.2500000,1.2500000,17.000
17850_090101_130416,D,20130402,000000,1.2100000,1.2580000,1.2100000,1.2580000,3.000
17850_090101_130416,D,20130403,000000,1.2950000,1.2950000,1.2950000,1.2950000,1.000
