<TICKER>,<PER>,<DATE>,<TIME>,<OPEN>,<HIGH>,<LOW>,<CLOSE>,<VOL>
17919_090101_130416,D,20090111,000000,6.5010000,6.5010000,6.4500000,6.4940000,35.400
17919_090101_130416,D,20090112,000000,6.5570000,6.5570000,6.0120000,6.2900000,3.700
17919_090101_130416,D,20090113,000000,6.2280000,6.6220000,6.2200000,6.4890000,60.700
17919_090101_130416,D,20090114,000000,6.5000000,6.9930000,6.3000000,6.3000000,180.700
17919_090101_130416,D,20090115,000000,6.4890000,6.4900000,6.2520000,6.2520000,700
17919_090101_130416,D,20090116,000000,6.4030000,6.4030000,6.2220000,6.3700000,26.700
17919_090101_130416,D,20090119,000000,6.0110000,6.0110000,5.5000000,5.6000000,120.000
17919_090101_130416,D,20090120,000000,5.5000000,5.6500000,5.0500000,5.2500000,40.100
17919_090101_130416,D,20090121,000000,5.1490000,5.1950000,4.8880000,5.0800000,18.200
17919_090101_130416,D,20090122,000000,5.1320000,5.1350000,4.9120000,4.9200000,9.700
17919_090101_130416,D,20090123,000000,4.7500000,4.7500000,4.4500000,4.6000000,61.200
17919_090101_130416,D,20090126,000000,4.6500000,5.1000000,4.5050000,5.0000000,28.100
17919_090101_130416,D,20090127,000000,5.1000000,5.1000000,4.8050000,5.0400000,100.000
17919_090101_130416,D,20090128,000000,5.0400000,5.5000000,5.0400000,5.2040000,72.800
17919_090101_130416,D,20090129,000000,5.0610000,5.2980000,5.0000000,5.2000000,44.300
17919_090101_130416,D,20090130,000000,5.1000000,5.2850000,5.0050000,5.0500000,12.200
17919_090101_130416,D,20090202,000000,5.2980000,5.5000000,5.2000000,5.3500000,27.100
17919_090101_130416,D,20090203,000000,5.4000000,5.7800000,5.2520000,5.7500000,51.100
17919_090101_130416,D,20090204,000000,5.7000000,5.8000000,5.5150000,5.6950000,39.900
17919_090101_130416,D,20090205,000000,5.5160000,5.5430000,5.3500000,5.3500000,14.100
17919_090101_130416,D,20090206,000000,5.3000000,5.3990000,4.9990000,5.3560000,46.800
17919_090101_130416,D,20090209,000000,5.4470000,5.6960000,5.4470000,5.6300000,38.800
17919_090101_130416,D,20090210,000000,5.6300000,5.6500000,5.3600000,5.6000000,82.100
17919_090101_130416,D,20090211,000000,5.5600000,5.5600000,5.2000000,5.5200000,54.100
17919_090101_130416,D,20090212,000000,5.5190000,5.6500000,5.0750000,5.3900000,108.000
17919_090101_130416,D,20090213,000000,5.3800000,6.2790000,5.2410000,6.2000000,392.000
17919_090101_130416,D,20090216,000000,6.2500000,6.8480000,6.0700000,6.7300000,186.300
17919_090101_130416,D,20090217,000000,6.3560000,6.9480000,6.0000000,6.2910000,98.300
17919_090101_130416,D,20090218,000000,5.7000000,6.2850000,5.5100000,5.9990000,66.900
17919_090101_130416,D,20090219,000000,6.0000000,6.1750000,5.9000000,5.9010000,166.500
17919_090101_130416,D,20090220,000000,5.8500000,5.9990000,5.3060000,5.7540000,170.400
17919_090101_130416,D,20090224,000000,5.8900000,6.0510000,5.7100000,6.0500000,184.800
17919_090101_130416,D,20090225,000000,6.1790000,6.4020000,6.0000000,6.1400000,20.200
17919_090101_130416,D,20090226,000000,6.0230000,6.2570000,5.8010000,6.0940000,2.000
17919_090101_130416,D,20090227,000000,5.8990000,6.0000000,5.7220000,6.0000000,111.800
17919_090101_130416,D,20090302,000000,5.8000000,5.8900000,5.7100000,5.8900000,4.000
17919_090101_130416,D,20090303,000000,5.8000000,5.9000000,5.8000000,5.9000000,13.000
17919_090101_130416,D,20090304,000000,5.9010000,6.2830000,5.9000000,6.2640000,46.600
17919_090101_130416,D,20090305,000000,6.2900000,6.2900000,6.0200000,6.0600000,14.400
17919_090101_130416,D,20090306,000000,6.0200000,7.8500000,6.0200000,7.5000000,270.600
17919_090101_130416,D,20090310,000000,7.8000000,10.0000000,7.8000000,9.5000000,753.900
17919_090101_130416,D,20090311,000000,9.6250000,9.9700000,8.5000000,8.7320000,332.100
17919_090101_130416,D,20090312,000000,9.0000000,10.0000000,9.0000000,9.7700000,816.400
17919_090101_130416,D,20090313,000000,9.8510000,10.8480000,9.6500000,9.9940000,459.400
17919_090101_130416,D,20090316,000000,9.9900000,9.9900000,9.3120000,9.6000000,62.600
17919_090101_130416,D,20090317,000000,9.6000000,9.6000000,9.0000000,9.2000000,139.500
17919_090101_130416,D,20090318,000000,9.1100000,9.4500000,8.5410000,9.0000000,285.100
17919_090101_130416,D,20090319,000000,8.7100000,8.8690000,8.4000000,8.6500000,247.400
17919_090101_130416,D,20090320,000000,8.5800000,8.8500000,8.1000000,8.3500000,56.500
17919_090101_130416,D,20090323,000000,8.8500000,9.1950000,8.6000000,8.8600000,132.700
17919_090101_130416,D,20090324,000000,8.9010000,9.1970000,8.2500000,8.5100000,91.400
17919_090101_130416,D,20090325,000000,8.9500000,9.3980000,8.9000000,9.1970000,154.600
17919_090101_130416,D,20090326,000000,9.3330000,9.4440000,9.0000000,9.1300000,115.600
17919_090101_130416,D,20090327,000000,9.0000000,9.2000000,8.7250000,8.8000000,23.800
17919_090101_130416,D,20090330,000000,8.4010000,8.9500000,8.2100000,8.7960000,21.100
17919_090101_130416,D,20090331,000000,8.8870000,8.8870000,8.3510000,8.7900000,19.100
17919_090101_130416,D,20090401,000000,9.0000000,9.0000000,8.4000000,8.5110000,55.700
17919_090101_130416,D,20090402,000000,8.6690000,8.9610000,8.6500000,8.7970000,32.300
17919_090101_130416,D,20090403,000000,8.8120000,9.1160000,8.7000000,8.8000000,157.900
17919_090101_130416,D,20090406,000000,8.8000000,8.8000000,8.3310000,8.3320000,104.800
17919_090101_130416,D,20090407,000000,8.3700000,8.5400000,8.2710000,8.3670000,11.900
17919_090101_130416,D,20090408,000000,8.2050000,8.4290000,8.0320000,8.4280000,57.800
17919_090101_130416,D,20090409,000000,8.5000000,8.7000000,8.3010000,8.4860000,91.400
17919_090101_130416,D,20090410,000000,8.4870000,8.7100000,8.4870000,8.7000000,47.400
17919_090101_130416,D,20090413,000000,8.6990000,8.6990000,8.4000000,8.4800000,27.200
17919_090101_130416,D,20090414,000000,8.4130000,8.9000000,8.3440000,8.7800000,240.900
17919_090101_130416,D,20090415,000000,8.7200000,8.7970000,8.3000000,8.6800000,67.400
17919_090101_130416,D,20090416,000000,8.5500000,8.8000000,8.5030000,8.7900000,24.700
17919_090101_130416,D,20090417,000000,8.8000000,8.8400000,8.6020000,8.8200000,223.400
17919_090101_130416,D,20090420,000000,8.6010000,8.8100000,8.3500000,8.3500000,128.600
17919_090101_130416,D,20090421,000000,8.3970000,8.4800000,8.0000000,8.2200000,42.000
17919_090101_130416,D,20090422,000000,8.2500000,8.4500000,8.2500000,8.3890000,8.300
17919_090101_130416,D,20090423,000000,8.7500000,8.7500000,8.4050000,8.5000000,18.900
17919_090101_130416,D,20090424,000000,8.5000000,9.1400000,8.4000000,8.9960000,740.600
17919_090101_130416,D,20090427,000000,8.9990000,9.1500000,8.7500000,8.8490000,82.400
17919_090101_130416,D,20090428,000000,8.7110000,8.7110000,8.2060000,8.6950000,534.100
17919_090101_130416,D,20090429,000000,8.8400000,9.0500000,8.6000000,8.9300000,372.900
17919_090101_130416,D,20090430,000000,8.8070000,9.5000000,8.6430000,9.3750000,536.300
17919_090101_130416,D,20090504,000000,9.6000000,9.9350000,9.2100000,9.9000000,240.000
17919_090101_130416,D,20090505,000000,10.0000000,10.0000000,9.3760000,9.8500000,60.500
17919_090101_130416,D,20090506,000000,9.9000000,10.5000000,9.5200000,10.0490000,513.900
17919_090101_130416,D,20090507,000000,10.3700000,10.3900000,9.8000000,9.8000000,388.500
17919_090101_130416,D,20090508,000000,9.8500000,9.8500000,9.1550000,9.5790000,269.500
17919_090101_130416,D,20090512,000000,9.5800000,10.0000000,9.2000000,9.6480000,362.900
17919_090101_130416,D,20090513,000000,9.5990000,10.6670000,9.5990000,10.1500000,1.079.100
17919_090101_130416,D,20090514,000000,10.0000000,10.3910000,9.9000000,10.1880000,193.000
17919_090101_130416,D,20090515,000000,10.4990000,10.6900000,10.2050000,10.5000000,225.700
17919_090101_130416,D,20090518,000000,10.2290000,10.4750000,10.1050000,10.4750000,72.700
17919_090101_130416,D,20090519,000000,10.7790000,11.1100000,10.5000000,10.8500000,189.300
17919_090101_130416,D,20090520,000000,10.9900000,11.4000000,10.7620000,11.2000000,243.300
17919_090101_130416,D,20090521,000000,10.9000000,11.1500000,10.2000000,10.6300000,166.900
17919_090101_130416,D,20090522,000000,10.8890000,11.0000000,10.3200000,10.8200000,94.400
17919_090101_130416,D,20090525,000000,11.0000000,11.0000000,10.2200000,10.6500000,146.800
17919_090101_130416,D,20090526,000000,10.7990000,10.8900000,10.0550000,10.4490000,214.500
17919_090101_130416,D,20090527,000000,10.7800000,10.8900000,10.4950000,10.8900000,87.100
17919_090101_130416,D,20090528,000000,10.6000000,10.7980000,10.5000000,10.7050000,88.700
17919_090101_130416,D,20090529,000000,10.3030000,11.0500000,10.3020000,11.0100000,176.800
17919_090101_130416,D,20090601,000000,11.0000000,11.9000000,11.0000000,11.9000000,486.600
17919_090101_130416,D,20090602,000000,12.1000000,12.8950000,11.2100000,11.6500000,542.900
17919_090101_130416,D,20090603,000000,11.5510000,11.5950000,11.1500000,11.2500000,400.200
17919_090101_130416,D,20090604,000000,11.5000000,11.5000000,10.7000000,10.9500000,127.000
17919_090101_130416,D,20090605,000000,11.0070000,11.5000000,10.9000000,11.2000000,178.100
17919_090101_130416,D,20090608,000000,11.0010000,11.3500000,11.0000000,11.2010000,122.700
17919_090101_130416,D,20090609,000000,11.0670000,11.4000000,11.0500000,11.3000000,121.100
17919_090101_130416,D,20090610,000000,11.5000000,11.6500000,11.3000000,11.5000000,263.200
17919_090101_130416,D,20090611,000000,11.6480000,11.8650000,11.5000000,11.6110000,90.300
17919_090101_130416,D,20090615,000000,11.5990000,11.5990000,10.7010000,11.1990000,54.700
17919_090101_130416,D,20090616,000000,11.0000000,11.3970000,10.7900000,11.0060000,144.100
17919_090101_130416,D,20090617,000000,11.0040000,11.2990000,10.1020000,10.1020000,226.600
17919_090101_130416,D,20090618,000000,10.4980000,11.3700000,9.1600000,10.2990000,206.400
17919_090101_130416,D,20090619,000000,10.1800000,10.4760000,10.0260000,10.4750000,43.700
17919_090101_130416,D,20090622,000000,10.5300000,10.6000000,9.6000000,9.8000000,168.100
17919_090101_130416,D,20090623,000000,9.5990000,9.9980000,9.0290000,9.7500000,223.000
17919_090101_130416,D,20090624,000000,9.9500000,10.2000000,9.7510000,10.2000000,62.400
17919_090101_130416,D,20090625,000000,10.2510000,10.2510000,9.7000000,9.9000000,36.000
17919_090101_130416,D,20090626,000000,9.9200000,10.1990000,9.9000000,9.9500000,36.500
17919_090101_130416,D,20090629,000000,10.0000000,10.1500000,10.0000000,10.1000000,9.100
17919_090101_130416,D,20090630,000000,10.2690000,10.6880000,10.0020000,10.2540000,24.100
17919_090101_130416,D,20090701,000000,10.2550000,10.6900000,10.2550000,10.6900000,423.700
17919_090101_130416,D,20090702,000000,10.6900000,10.7400000,10.5000000,10.5010000,40.200
17919_090101_130416,D,20090703,000000,10.5500000,10.5500000,10.0010000,10.4890000,22.400
17919_090101_130416,D,20090706,000000,10.2000000,10.2490000,10.0050000,10.0050000,3.300
17919_090101_130416,D,20090707,000000,10.1010000,10.4000000,10.1010000,10.1100000,5.600
17919_090101_130416,D,20090708,000000,10.0000000,10.2000000,10.0000000,10.0000000,13.100
17919_090101_130416,D,20090709,000000,10.0000000,10.0010000,9.5000000,9.8000000,46.700
17919_090101_130416,D,20090710,000000,9.7000000,9.8950000,9.3990000,9.5500000,123.800
17919_090101_130416,D,20090713,000000,9.5980000,9.7000000,9.5980000,9.6000000,8.200
17919_090101_130416,D,20090714,000000,9.9740000,10.2200000,9.7200000,9.9140000,9.700
17919_090101_130416,D,20090715,000000,9.9010000,10.3500000,9.9000000,10.3500000,21.800
17919_090101_130416,D,20090716,000000,10.3000000,10.4980000,10.1100000,10.1110000,2.900
17919_090101_130416,D,20090717,000000,10.4690000,10.5990000,10.3800000,10.4800000,10.700
17919_090101_130416,D,20090720,000000,10.4850000,10.5770000,10.3810000,10.4000000,6.800
17919_090101_130416,D,20090721,000000,10.4500000,11.0000000,10.4500000,10.9660000,37.500
17919_090101_130416,D,20090722,000000,10.7670000,11.1800000,10.7600000,10.7760000,17.000
17919_090101_130416,D,20090723,000000,10.8000000,11.0000000,10.6010000,11.0000000,6.300
17919_090101_130416,D,20090724,000000,10.6000000,11.2700000,10.3990000,10.9880000,60.200
17919_090101_130416,D,20090727,000000,10.7990000,11.1970000,10.5240000,10.8000000,37.200
17919_090101_130416,D,20090728,000000,10.6210000,10.8000000,10.3120000,10.3120000,22.200
17919_090101_130416,D,20090729,000000,10.1100000,10.6960000,10.0000000,10.6000000,27.100
17919_090101_130416,D,20090730,000000,10.5990000,10.7000000,10.5900000,10.5900000,16.100
17919_090101_130416,D,20090731,000000,10.8000000,10.8000000,10.5900000,10.8000000,24.000
17919_090101_130416,D,20090803,000000,10.8500000,10.9990000,10.8000000,10.9990000,21.000
17919_090101_130416,D,20090804,000000,11.0010000,11.1600000,10.8000000,11.0000000,9.000
17919_090101_130416,D,20090805,000000,10.8100000,11.0000000,10.6000000,10.8000000,26.000
17919_090101_130416,D,20090806,000000,10.9800000,11.0000000,10.9000000,10.9990000,5.200
17919_090101_130416,D,20090807,000000,11.0000000,11.0000000,10.9990000,10.9990000,200
17919_090101_130416,D,20090810,000000,11.0000000,11.0000000,10.8100000,10.9910000,20.600
17919_090101_130416,D,20090811,000000,11.0000000,11.0000000,10.2510000,10.2510000,31.700
17919_090101_130416,D,20090812,000000,10.2510000,10.8570000,10.2510000,10.8000000,21.400
17919_090101_130416,D,20090813,000000,11.0000000,11.0000000,10.8500000,11.0000000,182.700
17919_090101_130416,D,20090814,000000,10.9900000,11.0000000,10.7500000,10.7500000,159.700
17919_090101_130416,D,20090817,000000,10.7500000,10.7500000,10.1000000,10.2700000,30.000
17919_090101_130416,D,20090818,000000,10.8700000,10.8700000,10.2700000,10.5920000,13.100
17919_090101_130416,D,20090819,000000,10.3200000,10.5000000,10.3200000,10.4500000,18.800
17919_090101_130416,D,20090820,000000,10.7990000,10.8000000,10.4470000,10.6490000,5.400
17919_090101_130416,D,20090821,000000,10.5500000,10.9000000,10.5000000,10.9000000,65.100
17919_090101_130416,D,20090824,000000,10.8500000,11.2000000,10.7300000,11.0000000,217.900
17919_090101_130416,D,20090825,000000,11.2000000,12.4200000,11.2000000,11.5000000,264.000
17919_090101_130416,D,20090826,000000,11.4000000,11.8000000,11.3110000,11.5550000,139.700
17919_090101_130416,D,20090827,000000,11.5440000,12.2200000,11.3210000,12.2200000,227.200
17919_090101_130416,D,20090828,000000,12.3300000,13.2300000,12.2550000,13.2300000,240.100
17919_090101_130416,D,20090831,000000,13.1800000,13.1800000,12.5000000,12.8790000,426.800
17919_090101_130416,D,20090901,000000,12.8070000,12.9860000,12.4010000,12.5010000,54.700
17919_090101_130416,D,20090902,000000,12.7800000,12.7800000,12.0000000,12.2030000,25.000
17919_090101_130416,D,20090903,000000,12.7800000,12.7800000,11.9000000,12.4050000,17.600
17919_090101_130416,D,20090904,000000,12.1700000,12.7800000,12.0210000,12.2030000,39.400
17919_090101_130416,D,20090907,000000,12.4060000,12.7700000,12.4050000,12.7670000,30.000
17919_090101_130416,D,20090908,000000,12.9800000,13.2300000,12.9800000,13.2200000,81.800
17919_090101_130416,D,20090909,000000,13.1300000,13.1300000,12.7000000,13.1000000,83.700
17919_090101_130416,D,20090910,000000,13.2000000,13.4000000,12.9000000,12.9000000,40.600
17919_090101_130416,D,20090911,000000,13.1550000,13.4600000,12.7070000,13.2000000,234.800
17919_090101_130416,D,20090914,000000,13.4000000,13.4000000,13.1060000,13.1330000,200.500
17919_090101_130416,D,20090915,000000,13.2890000,13.7400000,12.2200000,13.4900000,113.600
17919_090101_130416,D,20090916,000000,13.4900000,13.8800000,13.4900000,13.6010000,259.800
17919_090101_130416,D,20090917,000000,13.9000000,13.9000000,13.0000000,13.5000000,33.000
17919_090101_130416,D,20090918,000000,13.6000000,13.6000000,13.1030000,13.3000000,14.300
17919_090101_130416,D,20090921,000000,13.3060000,13.4000000,12.8520000,13.1000000,22.100
17919_090101_130416,D,20090922,000000,13.3000000,13.8000000,13.3000000,13.4810000,60.400
17919_090101_130416,D,20090923,000000,13.5990000,13.6000000,13.1000000,13.4330000,9.500
17919_090101_130416,D,20090924,000000,13.3990000,13.6000000,13.0010000,13.3610000,22.100
17919_090101_130416,D,20090925,000000,13.2000000,13.3900000,13.1200000,13.2000000,8.100
17919_090101_130416,D,20090928,000000,13.4700000,13.9000000,13.2310000,13.5850000,34.900
17919_090101_130416,D,20090929,000000,13.4970000,13.5510000,13.1970000,13.4990000,282.300
17919_090101_130416,D,20090930,000000,13.5000000,13.5000000,13.2010000,13.2010000,163.400
17919_090101_130416,D,20091001,000000,13.3000000,13.4900000,13.1150000,13.4900000,35.800
17919_090101_130416,D,20091002,000000,13.2610000,13.5000000,13.0000000,13.5000000,200.900
17919_090101_130416,D,20091005,000000,13.5000000,13.5000000,13.0000000,13.2740000,109.900
17919_090101_130416,D,20091006,000000,13.5000000,13.5000000,13.2310000,13.3000000,35.100
17919_090101_130416,D,20091007,000000,13.3990000,13.4000000,13.0900000,13.2800000,34.000
17919_090101_130416,D,20091008,000000,13.5000000,13.5890000,13.1550000,13.5680000,48.100
17919_090101_130416,D,20091009,000000,13.6700000,13.6700000,13.1560000,13.4700000,343.200
17919_090101_130416,D,20091012,000000,13.4700000,13.5300000,13.3250000,13.4990000,650.900
17919_090101_130416,D,20091013,000000,13.3000000,13.5600000,13.1010000,13.5500000,519.900
17919_090101_130416,D,20091014,000000,13.7960000,14.4400000,13.5000000,14.4400000,383.700
17919_090101_130416,D,20091015,000000,13.4990000,14.6800000,13.4990000,13.9050000,516.100
17919_090101_130416,D,20091016,000000,14.3980000,14.3980000,13.9000000,14.0000000,41.700
17919_090101_130416,D,20091019,000000,14.0000000,14.2500000,13.9000000,14.0000000,80.200
17919_090101_130416,D,20091020,000000,13.9500000,13.9900000,13.8000000,13.9500000,50.200
17919_090101_130416,D,20091021,000000,13.9980000,14.1000000,13.7840000,14.1000000,236.700
17919_090101_130416,D,20091022,000000,13.8010000,14.0770000,13.8000000,13.9000000,89.500
17919_090101_130416,D,20091023,000000,14.1100000,14.9300000,14.1100000,14.8800000,520.500
17919_090101_130416,D,20091026,000000,14.5700000,16.0000000,14.5700000,15.1250000,504.500
17919_090101_130416,D,20091027,000000,14.8500000,14.9200000,14.4990000,14.7500000,165.400
17919_090101_130416,D,20091028,000000,14.5200000,14.5200000,13.7700000,14.0000000,298.600
17919_090101_130416,D,20091029,000000,14.2960000,14.4000000,12.8530000,14.2000000,291.800
17919_090101_130416,D,20091030,000000,14.5850000,14.5850000,13.7500000,13.7500000,98.900
17919_090101_130416,D,20091102,000000,13.7630000,14.1000000,13.7620000,14.0500000,11.000
17919_090101_130416,D,20091103,000000,13.6010000,14.2400000,13.6000000,14.2200000,37.600
17919_090101_130416,D,20091105,000000,13.9840000,15.0000000,13.9400000,15.0000000,323.000
17919_090101_130416,D,20091106,000000,15.0000000,15.0000000,14.2520000,14.8010000,36.800
17919_090101_130416,D,20091109,000000,14.9000000,15.3950000,14.9000000,15.1300000,98.500
17919_090101_130416,D,20091110,000000,15.1300000,15.4700000,15.0990000,15.4000000,60.600
17919_090101_130416,D,20091111,000000,15.0030000,15.8890000,15.0030000,15.4000000,64.200
17919_090101_130416,D,20091112,000000,15.2100000,15.4000000,14.9990000,15.3000000,132.000
17919_090101_130416,D,20091113,000000,15.0320000,15.8890000,15.0320000,15.8890000,86.000
17919_090101_130416,D,20091116,000000,16.2200000,16.9790000,15.5020000,16.7990000,331.000
17919_090101_130416,D,20091117,000000,16.8440000,17.1000000,16.5000000,17.1000000,94.600
17919_090101_130416,D,20091118,000000,17.1000000,17.4900000,16.8000000,17.0000000,85.100
17919_090101_130416,D,20091119,000000,17.0000000,17.2000000,16.7000000,17.1780000,158.800
17919_090101_130416,D,20091120,000000,17.1020000,17.2000000,16.7470000,16.8800000,55.900
17919_090101_130416,D,20091123,000000,17.3990000,17.6000000,16.9900000,17.2500000,41.300
17919_090101_130416,D,20091124,000000,17.2510000,17.5980000,17.0000000,17.5000000,21.300
17919_090101_130416,D,20091125,000000,17.5800000,17.5800000,16.4990000,17.3290000,11.900
17919_090101_130416,D,20091126,000000,17.2500000,17.3000000,16.6030000,17.3000000,37.800
17919_090101_130416,D,20091127,000000,16.0110000,17.2400000,16.0110000,17.2380000,117.900
17919_090101_130416,D,20091130,000000,17.3270000,17.5000000,16.3340000,17.0000000,75.400
17919_090101_130416,D,20091201,000000,17.1400000,17.1400000,16.9000000,17.1400000,36.400
17919_090101_130416,D,20091202,000000,16.9280000,17.0000000,16.6240000,16.6240000,9.300
17919_090101_130416,D,20091203,000000,16.9850000,17.2000000,16.8000000,17.1500000,134.200
17919_090101_130416,D,20091204,000000,17.2000000,17.2340000,16.9850000,17.2290000,5.100
17919_090101_130416,D,20091207,000000,16.9850000,16.9850000,16.2330000,16.5600000,131.600
17919_090101_130416,D,20091208,000000,16.4860000,16.7000000,16.0680000,16.6790000,20.600
17919_090101_130416,D,20091209,000000,16.4970000,16.6870000,15.5670000,16.0200000,21.600
17919_090101_130416,D,20091210,000000,15.9000000,16.6000000,15.6850000,16.6000000,130.500
17919_090101_130416,D,20091211,000000,16.6510000,16.9000000,16.6510000,16.8000000,37.500
17919_090101_130416,D,20091214,000000,16.8500000,17.6900000,16.1000000,16.8570000,271.900
17919_090101_130416,D,20091215,000000,16.8170000,17.0000000,16.6000000,16.8000000,7.700
17919_090101_130416,D,20091216,000000,16.6220000,17.3000000,16.5580000,17.0000000,30.100
17919_090101_130416,D,20091217,000000,17.1090000,17.1390000,16.8500000,16.9830000,9.100
17919_090101_130416,D,20091218,000000,17.1000000,17.5000000,16.8550000,17.3000000,32.700
17919_090101_130416,D,20091221,000000,17.3230000,17.3240000,16.7550000,16.8500000,46.500
17919_090101_130416,D,20091222,000000,16.8500000,16.8500000,16.6510000,16.8500000,4.700
17919_090101_130416,D,20091223,000000,16.8880000,16.8880000,15.6670000,16.5010000,65.200
17919_090101_130416,D,20091224,000000,16.6510000,16.7950000,16.0000000,16.3000000,109.200
17919_090101_130416,D,20091225,000000,16.2000000,16.2000000,16.0000000,16.0000000,32.100
17919_090101_130416,D,20091228,000000,15.9650000,16.1990000,15.7100000,16.0000000,18.100
17919_090101_130416,D,20091229,000000,16.1610000,16.1610000,15.7200000,16.0000000,27.400
17919_090101_130416,D,20091230,000000,16.0000000,22.0000000,14.6500000,16.3400000,2.318.300
17919_090101_130416,D,20091231,000000,16.4860000,16.5000000,16.0000000,16.1000000,53.800
17919_090101_130416,D,20100111,000000,16.1610000,18.9960000,16.1000000,16.6500000,224.100
17919_090101_130416,D,20100112,000000,16.6170000,16.7530000,16.4500000,16.4530000,43.900
17919_090101_130416,D,20100113,000000,16.6000000,17.2000000,16.5630000,17.0000000,118.200
17919_090101_130416,D,20100114,000000,17.9900000,17.9900000,17.0940000,17.4500000,235.400
17919_090101_130416,D,20100115,000000,18.0000000,18.0000000,17.3520000,17.6920000,66.100
17919_090101_130416,D,20100118,000000,17.6000000,17.9990000,16.9500000,17.4510000,68.000
17919_090101_130416,D,20100119,000000,17.5000000,17.9500000,17.0000000,17.2770000,159.500
17919_090101_130416,D,20100120,000000,17.3490000,17.7800000,17.1880000,17.6230000,119.700
17919_090101_130416,D,20100121,000000,18.0000000,18.6490000,17.5240000,17.9200000,153.900
17919_090101_130416,D,20100122,000000,17.8000000,17.8000000,17.0010000,17.4510000,86.900
17919_090101_130416,D,20100125,000000,17.5000000,17.5000000,16.8000000,17.1000000,58.200
17919_090101_130416,D,20100126,000000,16.8390000,17.0000000,16.5100000,16.9500000,131.400
17919_090101_130416,D,20100127,000000,17.0070000,17.5220000,16.9100000,17.0000000,75.300
17919_090101_130416,D,20100128,000000,17.1770000,17.3490000,16.8000000,17.0110000,64.200
17919_090101_130416,D,20100129,000000,17.0800000,17.3490000,16.9990000,17.1990000,58.000
17919_090101_130416,D,20100201,000000,17.0070000,17.0070000,16.5100000,16.9990000,23.800
17919_090101_130416,D,20100202,000000,16.8390000,17.3000000,15.3200000,17.3000000,376.600
17919_090101_130416,D,20100203,000000,17.3000000,17.3490000,17.0000000,17.1100000,234.300
17919_090101_130416,D,20100204,000000,17.0000000,17.0010000,16.6000000,16.6990000,55.400
17919_090101_130416,D,20100205,000000,16.6500000,16.8900000,15.5760000,16.2490000,303.300
17919_090101_130416,D,20100208,000000,16.4700000,16.5000000,15.6720000,15.8910000,168.600
17919_090101_130416,D,20100209,000000,16.3440000,16.4970000,15.7090000,15.8200000,136.000
17919_090101_130416,D,20100210,000000,15.9560000,16.3040000,15.8500000,16.1240000,31.300
17919_090101_130416,D,20100211,000000,16.1240000,16.2260000,15.8510000,15.8800000,86.800
17919_090101_130416,D,20100212,000000,16.1820000,16.1820000,15.8500000,15.8530000,38.400
17919_090101_130416,D,20100215,000000,16.1500000,16.4490000,16.0120000,16.0530000,11.900
17919_090101_130416,D,20100216,000000,16.3430000,16.7500000,16.2670000,16.6500000,351.200
17919_090101_130416,D,20100217,000000,16.6500000,19.3100000,16.5820000,18.6800000,2.575.600
17919_090101_130416,D,20100218,000000,18.6800000,18.6800000,17.3540000,18.1000000,559.300
17919_090101_130416,D,20100219,000000,17.8000000,18.0400000,16.7340000,17.8470000,103.700
17919_090101_130416,D,20100224,000000,17.7000000,17.8180000,17.6910000,17.7280000,53.200
17919_090101_130416,D,20100225,000000,17.8740000,18.2490000,17.5220000,17.8360000,60.800
17919_090101_130416,D,20100226,000000,17.9940000,18.9270000,17.9470000,18.6940000,30.600
17919_090101_130416,D,20100227,000000,18.6000000,18.6990000,18.4220000,18.5000000,23.200
17919_090101_130416,D,20100301,000000,18.6000000,18.9650000,18.2270000,18.4990000,96.500
17919_090101_130416,D,20100302,000000,18.7700000,18.7790000,18.0420000,18.4000000,80.500
17919_090101_130416,D,20100303,000000,18.4950000,18.6290000,18.0000000,18.3560000,76.700
17919_090101_130416,D,20100304,000000,18.3010000,18.6490000,18.0000000,18.3610000,88.900
17919_090101_130416,D,20100305,000000,18.0000000,19.2950000,18.0000000,19.1990000,145.600
17919_090101_130416,D,20100309,000000,19.4990000,19.5250000,19.1290000,19.4990000,182.600
17919_090101_130416,D,20100310,000000,19.3110000,19.6200000,18.6030000,19.2510000,51.700
17919_090101_130416,D,20100311,000000,19.6280000,20.6300000,19.6260000,20.0860000,244.200
17919_090101_130416,D,20100312,000000,20.1980000,21.2770000,19.7700000,20.2690000,200.800
17919_090101_130416,D,20100315,000000,20.2680000,20.7840000,20.2000000,20.2000000,84.300
17919_090101_130416,D,20100316,000000,20.7590000,20.7590000,19.9220000,20.0000000,98.600
17919_090101_130416,D,20100317,000000,20.4790000,21.7000000,19.9990000,20.0000000,69.300
17919_090101_130416,D,20100318,000000,20.1010000,21.4890000,20.0000000,20.7080000,157.200
17919_090101_130416,D,20100319,000000,21.1500000,21.4900000,20.3000000,20.3020000,64.200
17919_090101_130416,D,20100322,000000,20.2710000,20.3830000,20.0000000,20.3820000,50.300
17919_090101_130416,D,20100323,000000,20.4260000,20.5890000,19.9990000,20.0000000,79.500
17919_090101_130416,D,20100324,000000,20.0010000,20.2000000,19.5000000,19.6020000,222.500
17919_090101_130416,D,20100325,000000,19.5790000,19.5790000,19.3030000,19.3100000,14.500
17919_090101_130416,D,20100326,000000,19.3100000,19.5990000,19.3100000,19.4310000,31.300
17919_090101_130416,D,20100329,000000,19.3020000,19.5500000,19.3020000,19.5500000,126.300
17919_090101_130416,D,20100330,000000,19.4990000,19.5000000,19.0000000,19.1000000,143.900
17919_090101_130416,D,20100331,000000,19.1050000,20.4970000,19.0000000,20.1000000,389.200
17919_090101_130416,D,20100401,000000,20.1000000,20.4990000,19.5000000,20.2300000,167.500
17919_090101_130416,D,20100402,000000,20.2220000,20.8000000,19.8000000,20.3460000,141.800
17919_090101_130416,D,20100405,000000,20.0000000,20.1830000,19.3860000,19.5660000,261.900
17919_090101_130416,D,20100406,000000,19.4370000,19.5000000,19.0350000,19.0350000,87.600
17919_090101_130416,D,20100407,000000,19.2630000,19.2630000,18.7510000,18.9950000,67.700
17919_090101_130416,D,20100408,000000,18.9290000,19.1990000,18.7200000,19.1990000,34.500
17919_090101_130416,D,20100409,000000,19.2000000,19.5840000,18.2500000,19.2000000,499.300
17919_090101_130416,D,20100412,000000,19.1480000,19.4950000,19.0000000,19.3990000,53.200
17919_090101_130416,D,20100413,000000,19.4880000,19.9890000,19.3060000,19.8000000,44.900
17919_090101_130416,D,20100414,000000,19.9860000,20.0500000,19.5500000,19.7980000,32.100
17919_090101_130416,D,20100415,000000,19.7000000,19.7000000,19.0990000,19.1000000,48.300
17919_090101_130416,D,20100416,000000,19.0500000,19.3970000,18.7000000,18.7000000,207.400
17919_090101_130416,D,20100419,000000,18.6880000,18.6880000,17.9710000,18.0000000,58.500
17919_090101_130416,D,20100420,000000,18.1420000,18.7990000,18.0810000,18.1600000,91.200
17919_090101_130416,D,20100421,000000,18.3420000,18.7500000,18.3420000,18.4140000,62.500
17919_090101_130416,D,20100422,000000,18.2610000,18.4120000,17.9220000,18.0000000,30.000
17919_090101_130416,D,20100423,000000,17.5200000,18.4000000,17.5200000,18.1090000,20.900
17919_090101_130416,D,20100426,000000,18.1100000,18.5000000,18.1100000,18.2200000,33.500
17919_090101_130416,D,20100427,000000,18.4000000,18.4000000,18.0000000,18.2000000,35.300
17919_090101_130416,D,20100428,000000,17.7130000,17.9000000,17.5000000,17.6990000,65.100
17919_090101_130416,D,20100429,000000,17.6990000,18.0000000,17.6990000,18.0000000,18.600
17919_090101_130416,D,20100430,000000,18.4980000,18.4980000,18.0000000,18.0000000,11.800
17919_090101_130416,D,20100504,000000,18.0690000,18.5000000,17.5220000,17.7190000,16.100
17919_090101_130416,D,20100505,000000,17.5150000,17.6340000,16.6200000,17.1010000,20.500
17919_090101_130416,D,20100506,000000,16.6450000,16.9990000,16.0020000,16.6890000,77.500
17919_090101_130416,D,20100507,000000,16.2420000,16.9670000,15.0300000,15.0350000,82.800
17919_090101_130416,D,20100511,000000,15.7930000,15.7930000,14.8020000,14.8620000,53.000
17919_090101_130416,D,20100512,000000,14.9840000,15.6270000,14.9840000,15.5000000,103.300
17919_090101_130416,D,20100513,000000,15.4500000,16.5000000,15.4500000,16.0100000,164.300
17919_090101_130416,D,20100514,000000,16.3200000,16.3200000,15.3990000,15.9840000,59.300
17919_090101_130416,D,20100517,000000,14.9830000,16.3100000,14.8000000,15.8110000,32.800
17919_090101_130416,D,20100518,000000,17.0260000,17.0260000,16.1440000,16.4560000,127.500
17919_090101_130416,D,20100519,000000,16.1600000,16.3090000,15.6600000,15.6710000,51.600
17919_090101_130416,D,20100520,000000,16.0060000,16.2000000,15.0040000,15.0990000,100.600
17919_090101_130416,D,20100521,000000,15.0020000,15.0030000,14.7000000,15.0000000,34.700
17919_090101_130416,D,20100524,000000,16.1900000,16.1990000,15.0010000,16.1990000,22.300
17919_090101_130416,D,20100525,000000,15.2310000,15.8950000,14.2780000,14.2830000,92.100
17919_090101_130416,D,20100526,000000,14.3060000,15.1230000,14.3060000,15.1230000,112.700
17919_090101_130416,D,20100527,000000,15.0030000,15.5000000,15.0030000,15.0430000,25.400
17919_090101_130416,D,20100528,000000,15.8970000,16.0000000,15.0550000,16.0000000,200.600
17919_090101_130416,D,20100531,000000,15.4020000,15.8700000,15.4020000,15.7990000,31.100
17919_090101_130416,D,20100601,000000,15.4900000,15.7210000,15.3910000,15.5000000,194.900
17919_090101_130416,D,20100602,000000,15.6000000,16.0000000,15.3990000,16.0000000,111.500
17919_090101_130416,D,20100603,000000,16.8150000,16.9000000,16.0440000,16.2020000,54.800
17919_090101_130416,D,20100604,000000,16.5260000,16.8500000,16.1000000,16.6800000,24.800
17919_090101_130416,D,20100607,000000,15.1000000,16.9000000,15.0070000,16.5500000,22.700
17919_090101_130416,D,20100608,000000,16.3920000,16.3920000,16.0000000,16.0040000,12.800
17919_090101_130416,D,20100609,000000,15.8100000,16.2730000,15.8100000,16.2730000,900
17919_090101_130416,D,20100610,000000,15.7930000,15.8480000,15.4510000,15.8480000,74.100
17919_090101_130416,D,20100611,000000,16.0000000,16.0000000,15.5100000,15.5100000,13.000
17919_090101_130416,D,20100615,000000,15.1200000,15.8990000,15.1200000,15.8990000,4.400
17919_090101_130416,D,20100616,000000,15.5510000,16.8000000,15.4500000,16.3400000,129.300
17919_090101_130416,D,20100617,000000,15.8050000,16.8490000,15.8050000,16.4020000,17.700
17919_090101_130416,D,20100618,000000,16.2310000,16.7090000,16.2310000,16.7060000,6.200
17919_090101_130416,D,20100621,000000,16.7000000,17.7770000,16.4600000,17.7000000,30.300
17919_090101_130416,D,20100622,000000,17.0000000,17.5000000,17.0000000,17.4990000,4.700
17919_090101_130416,D,20100623,000000,16.8000000,17.4800000,16.7000000,16.7000000,18.600
17919_090101_130416,D,20100624,000000,16.6980000,16.6980000,16.1110000,16.5930000,1.800
17919_090101_130416,D,20100625,000000,16.3000000,16.6990000,16.3000000,16.3000000,7.900
17919_090101_130416,D,20100628,000000,16.0000000,16.5000000,16.0000000,16.1370000,1.000
17919_090101_130416,D,20100629,000000,16.0000000,16.0000000,15.2010000,15.4980000,19.800
17919_090101_130416,D,20100630,000000,15.6100000,15.6100000,15.0220000,15.0500000,21.900
17919_090101_130416,D,20100701,000000,15.0510000,15.0510000,14.4200000,14.4200000,8.600
17919_090101_130416,D,20100702,000000,14.3010000,14.9890000,14.3000000,14.4100000,17.400
17919_090101_130416,D,20100705,000000,14.6500000,14.7000000,14.3000000,14.6210000,17.600
17919_090101_130416,D,20100706,000000,14.3010000,15.0000000,14.3000000,14.9000000,36.400
17919_090101_130416,D,20100707,000000,14.8000000,14.9890000,14.2000000,14.9890000,24.800
17919_090101_130416,D,20100708,000000,14.9900000,14.9900000,14.3270000,14.3270000,1.400
17919_090101_130416,D,20100709,000000,14.3540000,14.3540000,14.3130000,14.3130000,6.700
17919_090101_130416,D,20100712,000000,14.4000000,15.0000000,14.3020000,14.9000000,23.200
17919_090101_130416,D,20100713,000000,14.9480000,15.0000000,14.7500000,14.8000000,10.100
17919_090101_130416,D,20100714,000000,15.0000000,15.0000000,14.7000000,15.0000000,16.700
17919_090101_130416,D,20100715,000000,14.8100000,14.9900000,14.7210000,14.9000000,35.600
17919_090101_130416,D,20100716,000000,14.6400000,14.9300000,14.3000000,14.3000000,10.800
17919_090101_130416,D,20100719,000000,14.6970000,14.9450000,14.6970000,14.9450000,200
17919_090101_130416,D,20100720,000000,14.7430000,14.9500000,14.7300000,14.9500000,4.900
17919_090101_130416,D,20100721,000000,14.9890000,14.9890000,14.6210000,14.6210000,21.100
17919_090101_130416,D,20100722,000000,14.6650000,14.9150000,14.3030000,14.9040000,2.300
17919_090101_130416,D,20100723,000000,14.8000000,14.9150000,14.8000000,14.8000000,9.900
17919_090101_130416,D,20100726,000000,14.9150000,15.4830000,14.8000000,14.9000000,162.400
17919_090101_130416,D,20100727,000000,14.9870000,14.9870000,14.7800000,14.8500000,3.000
17919_090101_130416,D,20100728,000000,14.9900000,15.0500000,14.5020000,14.9140000,54.700
17919_090101_130416,D,20100729,000000,14.7010000,15.0000000,14.3330000,14.9680000,39.500
17919_090101_130416,D,20100730,000000,14.6370000,14.6700000,14.6370000,14.6500000,1.700
17919_090101_130416,D,20100802,000000,14.7260000,15.2000000,14.7260000,15.1100000,172.700
17919_090101_130416,D,20100803,000000,15.0700000,15.0700000,14.8000000,14.9900000,25.900
17919_090101_130416,D,20100804,000000,14.9890000,14.9890000,14.5000000,14.7500000,109.300
17919_090101_130416,D,20100805,000000,14.8000000,14.8000000,14.5000000,14.5990000,18.500
17919_090101_130416,D,20100806,000000,14.7690000,14.8000000,14.6010000,14.7740000,9.000
17919_090101_130416,D,20100809,000000,14.7750000,16.3000000,14.5100000,16.1000000,406.800
17919_090101_130416,D,20100810,000000,16.1000000,16.1000000,15.3000000,15.4000000,192.500
17919_090101_130416,D,20100811,000000,15.3000000,15.4900000,15.1000000,15.2990000,66.500
17919_090101_130416,D,20100812,000000,15.2980000,15.5990000,15.0000000,15.2490000,44.400
17919_090101_130416,D,20100813,000000,15.6000000,15.6000000,15.0000000,15.4880000,11.100
17919_090101_130416,D,20100816,000000,15.2140000,15.2140000,14.5750000,15.1690000,48.300
17919_090101_130416,D,20100817,000000,15.2120000,15.5500000,14.9840000,15.4990000,70.200
17919_090101_130416,D,20100818,000000,15.5500000,15.8400000,15.5000000,15.7990000,100.400
17919_090101_130416,D,20100819,000000,15.9000000,15.9000000,15.6500000,15.6500000,73.000
17919_090101_130416,D,20100820,000000,15.6730000,16.0000000,15.5000000,15.5000000,625.300
17919_090101_130416,D,20100823,000000,15.6560000,15.7000000,15.1560000,15.7000000,5.200
17919_090101_130416,D,20100824,000000,15.1040000,15.4940000,14.8400000,14.9990000,113.300
17919_090101_130416,D,20100825,000000,14.9990000,15.0000000,14.7700000,14.9990000,3.500
17919_090101_130416,D,20100826,000000,15.0980000,15.2950000,15.0980000,15.2450000,13.000
17919_090101_130416,D,20100827,000000,15.0000000,15.1940000,14.9050000,15.1810000,9.300
17919_090101_130416,D,20100830,000000,15.2950000,15.3290000,15.1020000,15.1500000,40.100
17919_090101_130416,D,20100831,000000,15.1450000,15.1980000,14.7090000,15.1500000,27.200
17919_090101_130416,D,20100901,000000,15.1500000,15.2500000,14.9220000,15.2500000,15.700
17919_090101_130416,D,20100902,000000,15.2960000,15.8000000,15.2960000,15.4700000,7.900
17919_090101_130416,D,20100903,000000,15.2960000,15.5000000,15.1020000,15.5000000,22.300
17919_090101_130416,D,20100906,000000,15.2960000,15.9400000,15.2610000,15.2960000,40.900
17919_090101_130416,D,20100907,000000,15.1450000,15.4490000,15.0310000,15.3010000,44.000
17919_090101_130416,D,20100908,000000,15.5750000,15.5790000,15.3280000,15.5500000,17.400
17919_090101_130416,D,20100909,000000,15.6040000,15.7450000,15.5300000,15.7450000,12.800
17919_090101_130416,D,20100910,000000,15.7000000,16.0000000,15.6000000,16.0000000,40.900
17919_090101_130416,D,20100913,000000,16.3000000,16.5000000,15.7500000,16.2990000,213.000
17919_090101_130416,D,20100914,000000,15.8990000,16.2990000,15.7580000,16.2990000,98.600
17919_090101_130416,D,20100915,000000,16.3400000,16.3400000,15.8010000,16.1500000,13.700
17919_090101_130416,D,20100916,000000,15.7700000,16.2900000,15.7500000,16.2500000,23.500
17919_090101_130416,D,20100917,000000,16.4970000,16.4970000,16.1510000,16.2500000,34.800
17919_090101_130416,D,20100920,000000,16.3530000,16.4950000,16.1000000,16.2000000,53.300
17919_090101_130416,D,20100921,000000,16.3000000,16.3970000,16.2610000,16.3900000,33.500
17919_090101_130416,D,20100922,000000,16.4210000,16.4210000,15.5660000,16.1000000,20.700
17919_090101_130416,D,20100923,000000,16.0000000,16.4000000,15.8030000,16.1000000,58.800
17919_090101_130416,D,20100924,000000,16.0000000,16.3800000,16.0000000,16.0310000,15.300
17919_090101_130416,D,20100927,000000,16.3330000,16.3500000,16.1070000,16.1070000,10.900
17919_090101_130416,D,20100928,000000,16.0000000,16.0000000,15.8000000,15.8000000,1.600
17919_090101_130416,D,20100929,000000,15.7010000,16.0000000,15.6000000,16.0000000,104.500
17919_090101_130416,D,20100930,000000,16.0000000,16.0390000,15.9990000,16.0000000,5.700
17919_090101_130416,D,20101001,000000,16.0000000,16.0100000,15.7100000,16.0010000,21.900
17919_090101_130416,D,20101004,000000,16.0000000,16.0100000,15.6020000,15.9000000,107.800
17919_090101_130416,D,20101005,000000,15.9000000,16.0000000,15.7040000,15.7040000,2.100
17919_090101_130416,D,20101006,000000,15.8000000,16.0000000,15.7010000,15.7500000,29.000
17919_090101_130416,D,20101007,000000,15.7010000,16.0990000,15.6530000,15.8650000,69.600
17919_090101_130416,D,20101008,000000,16.0690000,16.2470000,15.7080000,15.9620000,5.500
17919_090101_130416,D,20101011,000000,16.1610000,16.1610000,15.8430000,15.9990000,3.900
17919_090101_130416,D,20101012,000000,15.7130000,15.7130000,15.4000000,15.5000000,326.700
17919_090101_130416,D,20101013,000000,15.5000000,15.6460000,15.4220000,15.5000000,153.500
17919_090101_130416,D,20101014,000000,15.5000000,15.5000000,15.1500000,15.2500000,135.100
17919_090101_130416,D,20101015,000000,15.4980000,15.5000000,15.4000000,15.4000000,99.300
17919_090101_130416,D,20101018,000000,15.5300000,15.6000000,15.1120000,15.2500000,118.500
17919_090101_130416,D,20101019,000000,15.2500000,15.5000000,14.8000000,15.0200000,244.000
17919_090101_130416,D,20101020,000000,15.1800000,15.1800000,15.0100000,15.0100000,11.500
17919_090101_130416,D,20101021,000000,15.1790000,15.4480000,15.0200000,15.2000000,93.000
17919_090101_130416,D,20101022,000000,15.2250000,15.3800000,15.0000000,15.1000000,37.300
17919_090101_130416,D,20101025,000000,15.1500000,15.3000000,15.1020000,15.1100000,44.500
17919_090101_130416,D,20101026,000000,15.2500000,15.2500000,15.0110000,15.1550000,23.200
17919_090101_130416,D,20101027,000000,15.0500000,15.2000000,15.0120000,15.0130000,15.300
17919_090101_130416,D,20101028,000000,15.0160000,15.6400000,15.0160000,15.3580000,222.100
17919_090101_130416,D,20101029,000000,15.4600000,15.4720000,15.3230000,15.4000000,9.900
17919_090101_130416,D,20101101,000000,15.3240000,15.4960000,15.3000000,15.3000000,30.800
17919_090101_130416,D,20101102,000000,15.2270000,15.3500000,15.0990000,15.2000000,30.100
17919_090101_130416,D,20101103,000000,15.2460000,15.7880000,15.1120000,15.6100000,155.900
17919_090101_130416,D,20101108,000000,15.7100000,16.3900000,15.5360000,16.0000000,315.000
17919_090101_130416,D,20101109,000000,16.0010000,16.4400000,15.7500000,16.3270000,448.400
17919_090101_130416,D,20101110,000000,16.0130000,16.2950000,15.7700000,15.8800000,51.400
17919_090101_130416,D,20101111,000000,15.9980000,15.9990000,15.6700000,15.8600000,98.500
17919_090101_130416,D,20101112,000000,15.6910000,15.7100000,15.4040000,15.5930000,45.000
17919_090101_130416,D,20101113,000000,15.5000000,15.6950000,15.4110000,15.6000000,42.500
17919_090101_130416,D,20101115,000000,15.6000000,15.7000000,15.5970000,15.6980000,27.200
17919_090101_130416,D,20101116,000000,15.6400000,15.6970000,15.2160000,15.4650000,21.100
17919_090101_130416,D,20101117,000000,15.5080000,15.8100000,15.3000000,15.6860000,24.600
17919_090101_130416,D,20101118,000000,15.6920000,16.0000000,15.5010000,15.6870000,32.700
17919_090101_130416,D,20101119,000000,15.5430000,15.9450000,15.5000000,15.9450000,116.100
17919_090101_130416,D,20101122,000000,15.9980000,16.1000000,15.7110000,15.8650000,40.100
17919_090101_130416,D,20101123,000000,15.9820000,16.0990000,15.5000000,15.6900000,103.100
17919_090101_130416,D,20101124,000000,15.5000000,15.6930000,15.4000000,15.6550000,36.100
17919_090101_130416,D,20101125,000000,15.6690000,15.7670000,15.6000000,15.6510000,17.300
17919_090101_130416,D,20101126,000000,15.5600000,15.9960000,15.5600000,15.6600000,10.500
17919_090101_130416,D,20101129,000000,15.8500000,16.2000000,15.8080000,15.8210000,160.300
17919_090101_130416,D,20101130,000000,15.9000000,16.1900000,15.8350000,16.0980000,370.300
17919_090101_130416,D,20101201,000000,16.1000000,16.2610000,15.9080000,16.1920000,129.400
17919_090101_130416,D,20101202,000000,16.3000000,16.4890000,16.1710000,16.3400000,74.200
17919_090101_130416,D,20101203,000000,16.3990000,16.4000000,16.1020000,16.3700000,82.100
17919_090101_130416,D,20101206,000000,16.3970000,16.3990000,16.1140000,16.2700000,42.000
17919_090101_130416,D,20101207,000000,16.2000000,16.2000000,15.8130000,16.1670000,139.300
17919_090101_130416,D,20101208,000000,15.9910000,16.8800000,15.9910000,16.6950000,413.300
17919_090101_130416,D,20101209,000000,16.8190000,16.9500000,16.5700000,16.8000000,219.200
17919_090101_130416,D,20101210,000000,16.4010000,16.9900000,16.3000000,16.9890000,249.100
17919_090101_130416,D,20101213,000000,16.9930000,17.3330000,16.9800000,16.9800000,76.700
17919_090101_130416,D,20101214,000000,16.9790000,16.9800000,16.6270000,16.9000000,55.000
17919_090101_130416,D,20101215,000000,16.7520000,17.5400000,16.7520000,17.2990000,494.700
17919_090101_130416,D,20101216,000000,17.2990000,17.3000000,16.9100000,17.1110000,229.300
17919_090101_130416,D,20101217,000000,17.2500000,17.2500000,17.0510000,17.1200000,114.600
17919_090101_130416,D,20101220,000000,17.2500000,17.2500000,16.5000000,16.8320000,159.000
17919_090101_130416,D,20101221,000000,16.8320000,17.1000000,16.6190000,17.0000000,281.900
17919_090101_130416,D,20101222,000000,17.1400000,17.4000000,16.7750000,17.2800000,488.600
17919_090101_130416,D,20101223,000000,17.0150000,17.2990000,16.7010000,17.1000000,95.400
17919_090101_130416,D,20101224,000000,17.0900000,17.4300000,17.0900000,17.4000000,185.400
17919_090101_130416,D,20101227,000000,17.4000000,17.4000000,17.0300000,17.2400000,30.400
17919_090101_130416,D,20101228,000000,17.3200000,17.3200000,17.0440000,17.2470000,18.700
17919_090101_130416,D,20101229,000000,17.3600000,17.4990000,16.8000000,17.0030000,207.200
17919_090101_130416,D,20101230,000000,17.3270000,17.9770000,17.0700000,17.5000000,387.100
17919_090101_130416,D,20110111,000000,17.4020000,18.3990000,16.8960000,18.2100000,391.900
17919_090101_130416,D,20110112,000000,17.9920000,18.8100000,17.9920000,18.3800000,284.200
17919_090101_130416,D,20110113,000000,18.5000000,18.9400000,17.5000000,17.9900000,238.900
17919_090101_130416,D,20110114,000000,17.6270000,18.4990000,17.6270000,18.4100000,147.100
17919_090101_130416,D,20110117,000000,18.5000000,18.9900000,18.5000000,18.8450000,118.200
17919_090101_130416,D,20110118,000000,19.0000000,19.0840000,18.5100000,18.6990000,91.000
17919_090101_130416,D,20110119,000000,18.7990000,19.1930000,18.5520000,19.1100000,305.000
17919_090101_130416,D,20110120,000000,18.4810000,19.0540000,18.3500000,18.7250000,182.600
17919_090101_130416,D,20110121,000000,18.7250000,19.5000000,18.6110000,19.4890000,464.800
17919_090101_130416,D,20110124,000000,19.5000000,20.0000000,18.6700000,19.3920000,495.400
17919_090101_130416,D,20110125,000000,19.4900000,19.4900000,18.6700000,19.4000000,130.800
17919_090101_130416,D,20110126,000000,19.3980000,19.7000000,19.1000000,19.3950000,88.200
17919_090101_130416,D,20110127,000000,19.4500000,19.5000000,19.1010000,19.1010000,52.400
17919_090101_130416,D,20110128,000000,19.2980000,19.2980000,18.9010000,18.9500000,22.400
17919_090101_130416,D,20110131,000000,18.6000000,18.7790000,18.0100000,18.4500000,233.700
17919_090101_130416,D,20110201,000000,18.2650000,18.7490000,18.2650000,18.4890000,76.800
17919_090101_130416,D,20110202,000000,18.5920000,18.5920000,18.1800000,18.3540000,205.600
17919_090101_130416,D,20110203,000000,18.3990000,18.3990000,18.1000000,18.2980000,32.700
17919_090101_130416,D,20110204,000000,18.4620000,18.4620000,18.0010000,18.2390000,63.300
17919_090101_130416,D,20110207,000000,18.0000000,18.4210000,17.8500000,18.2940000,170.300
17919_090101_130416,D,20110208,000000,18.2850000,18.2990000,17.6820000,18.1820000,99.600
17919_090101_130416,D,20110209,000000,18.2000000,18.4990000,18.1000000,18.2490000,35.900
17919_090101_130416,D,20110210,000000,18.5800000,18.6000000,17.7110000,17.9450000,30.000
17919_090101_130416,D,20110211,000000,18.0080000,18.2300000,17.6000000,18.1000000,95.600
17919_090101_130416,D,20110214,000000,18.2140000,18.5870000,18.1900000,18.4190000,65.600
17919_090101_130416,D,20110215,000000,18.4590000,18.7450000,18.3010000,18.5500000,42.300
17919_090101_130416,D,20110216,000000,18.3500000,18.5490000,18.0100000,18.2900000,108.200
17919_090101_130416,D,20110217,000000,18.2900000,18.3490000,17.7450000,17.8000000,128.700
17919_090101_130416,D,20110218,000000,17.9930000,17.9930000,17.2000000,17.4400000,136.200
17919_090101_130416,D,20110221,000000,17.6700000,17.6700000,17.1600000,17.2100000,50.100
17919_090101_130416,D,20110222,000000,17.6200000,17.6200000,16.8000000,17.0950000,71.500
17919_090101_130416,D,20110224,000000,17.0000000,17.1420000,16.2970000,16.8590000,91.700
17919_090101_130416,D,20110225,000000,16.5700000,17.3000000,16.5700000,17.1300000,66.000
17919_090101_130416,D,20110228,000000,17.5000000,17.9800000,17.2010000,17.9130000,158.800
17919_090101_130416,D,20110301,000000,17.9800000,17.9800000,17.3420000,17.7700000,31.700
17919_090101_130416,D,20110302,000000,17.2020000,17.5400000,16.7840000,17.2100000,97.300
17919_090101_130416,D,20110303,000000,17.2100000,17.3990000,17.1500000,17.2520000,49.100
17919_090101_130416,D,20110304,000000,17.0210000,17.3790000,17.0200000,17.3300000,10.100
17919_090101_130416,D,20110305,000000,17.3000000,17.3770000,17.2000000,17.3400000,8.400
17919_090101_130416,D,20110309,000000,17.8900000,17.8900000,17.3000000,17.7740000,84.700
17919_090101_130416,D,20110310,000000,17.8000000,17.8000000,17.0000000,17.1640000,97.500
17919_090101_130416,D,20110311,000000,17.4000000,17.4000000,16.5000000,16.7780000,113.900
17919_090101_130416,D,20110314,000000,17.2000000,17.2000000,16.7000000,17.1000000,41.000
17919_090101_130416,D,20110315,000000,16.5320000,17.1080000,15.9000000,16.5410000,103.400
17919_090101_130416,D,20110316,000000,16.0000000,16.5400000,16.0000000,16.4000000,70.000
17919_090101_130416,D,20110317,000000,17.1080000,17.1080000,16.3230000,16.6970000,8.600
17919_090101_130416,D,20110318,000000,16.8960000,17.8200000,16.8900000,17.1000000,53.600
17919_090101_130416,D,20110321,000000,17.1200000,17.6700000,17.0000000,17.3850000,30.900
17919_090101_130416,D,20110322,000000,17.2010000,17.4170000,16.8000000,17.1490000,29.100
17919_090101_130416,D,20110323,000000,17.4880000,17.4880000,16.9000000,17.2120000,51.400
17919_090101_130416,D,20110324,000000,17.2990000,17.4990000,17.0300000,17.2040000,24.700
17919_090101_130416,D,20110325,000000,17.2970000,17.2970000,16.9700000,17.1500000,8.900
17919_090101_130416,D,20110328,000000,17.1500000,17.1500000,16.5000000,17.1320000,36.700
17919_090101_130416,D,20110329,000000,17.1500000,17.6300000,16.8130000,17.1180000,19.200
17919_090101_130416,D,20110330,000000,17.0980000,17.5000000,17.0000000,17.4990000,127.300
17919_090101_130416,D,20110331,000000,17.5000000,17.8430000,17.2050000,17.3990000,139.900
17919_090101_130416,D,20110401,000000,17.3010000,17.4000000,17.1000000,17.3800000,201.000
17919_090101_130416,D,20110404,000000,17.1140000,17.2480000,16.2500000,16.5210000,184.600
17919_090101_130416,D,20110405,000000,16.7930000,16.7930000,16.2000000,16.6000000,29.200
17919_090101_130416,D,20110406,000000,16.5220000,16.6750000,16.3200000,16.6400000,47.000
17919_090101_130416,D,20110407,000000,16.5100000,16.6740000,16.5100000,16.5170000,4.900
17919_090101_130416,D,20110408,000000,16.5160000,16.8670000,16.4430000,16.4500000,42.900
17919_090101_130416,D,20110411,000000,16.9620000,16.9620000,16.4430000,16.4430000,16.600
17919_090101_130416,D,20110412,000000,16.0130000,16.3280000,16.0000000,16.1980000,43.100
17919_090101_130416,D,20110413,000000,16.1870000,16.2000000,16.0110000,16.0200000,21.400
17919_090101_130416,D,20110414,000000,16.0100000,16.0570000,15.9000000,15.9000000,14.000
17919_090101_130416,D,20110415,000000,15.7000000,16.1960000,15.7000000,16.1960000,33.000
17919_090101_130416,D,20110418,000000,16.1960000,16.2000000,14.6500000,15.0120000,60.200
17919_090101_130416,D,20110419,000000,15.1030000,15.4990000,15.1030000,15.2250000,22.700
17919_090101_130416,D,20110420,000000,15.8500000,16.1000000,15.1170000,15.2380000,39.100
17919_090101_130416,D,20110421,000000,15.4870000,15.7840000,15.0800000,15.0800000,32.100
17919_090101_130416,D,20110422,000000,15.3130000,15.7840000,15.1890000,15.1890000,17.400
17919_090101_130416,D,20110425,000000,15.1890000,15.6180000,15.1460000,15.1500000,10.400
17919_090101_130416,D,20110426,000000,15.2150000,15.3000000,15.0010000,15.2000000,16.900
17919_090101_130416,D,20110427,000000,15.0150000,15.1200000,14.7080000,14.9090000,9.900
17919_090101_130416,D,20110428,000000,14.9930000,15.0000000,14.8010000,15.0000000,4.300
17919_090101_130416,D,20110429,000000,15.0000000,15.3990000,15.0000000,15.2000000,22.000
17919_090101_130416,D,20110503,000000,15.1530000,15.3500000,14.4010000,14.5200000,73.800
17919_090101_130416,D,20110504,000000,14.7000000,14.7000000,14.4000000,14.4010000,41.300
17919_090101_130416,D,20110505,000000,14.4900000,14.4990000,13.8570000,14.1190000,20.300
17919_090101_130416,D,20110506,000000,13.9890000,14.3100000,13.1610000,14.1000000,190.900
17919_090101_130416,D,20110510,000000,14.0120000,14.3050000,14.0020000,14.3000000,3.900
17919_090101_130416,D,20110511,000000,14.3020000,14.4420000,13.8500000,13.9000000,54.300
17919_090101_130416,D,20110512,000000,13.8520000,13.9990000,13.6700000,13.8020000,155.400
17919_090101_130416,D,20110513,000000,13.9990000,14.3300000,13.9990000,14.3300000,79.400
17919_090101_130416,D,20110516,000000,14.3300000,14.5690000,14.3000000,14.5690000,73.100
17919_090101_130416,D,20110517,000000,14.5080000,14.5990000,14.3000000,14.5790000,58.500
17919_090101_130416,D,20110518,000000,14.9000000,17.5000000,14.6780000,16.3500000,478.400
17919_090101_130416,D,20110519,000000,16.5000000,17.0000000,16.2000000,16.4480000,60.600
17919_090101_130416,D,20110520,000000,16.4500000,16.6500000,15.4010000,15.7830000,68.700
17919_090101_130416,D,20110523,000000,15.7500000,15.7500000,14.7000000,14.9240000,149.700
17919_090101_130416,D,20110524,000000,15.0700000,15.4700000,14.7500000,15.4700000,92.300
17919_090101_130416,D,20110525,000000,15.4690000,15.5690000,15.0370000,15.4540000,46.700
17919_090101_130416,D,20110526,000000,15.5200000,15.7370000,15.4500000,15.5000000,23.900
17919_090101_130416,D,20110527,000000,15.6970000,16.2000000,15.5960000,15.8500000,56.300
17919_090101_130416,D,20110530,000000,15.9100000,15.9860000,15.5090000,15.6500000,19.700
17919_090101_130416,D,20110531,000000,15.6620000,16.2350000,15.6620000,16.0000000,73.700
17919_090101_130416,D,20110601,000000,15.9270000,16.2870000,15.8000000,15.8500000,37.800
17919_090101_130416,D,20110602,000000,15.8300000,15.8300000,15.5010000,15.7000000,28.300
17919_090101_130416,D,20110603,000000,15.7010000,15.7010000,15.5000000,15.6350000,41.400
17919_090101_130416,D,20110606,000000,15.6950000,15.7010000,15.5000000,15.7010000,37.200
17919_090101_130416,D,20110607,000000,15.6990000,16.2000000,15.6990000,15.9980000,109.700
17919_090101_130416,D,20110608,000000,15.7000000,16.4930000,15.7000000,16.2450000,89.500
17919_090101_130416,D,20110609,000000,16.2760000,16.5500000,16.2300000,16.5500000,79.200
17919_090101_130416,D,20110610,000000,16.5560000,16.5960000,16.4050000,16.5000000,9.600
17919_090101_130416,D,20110614,000000,16.5930000,16.9900000,16.5930000,16.7510000,104.800
17919_090101_130416,D,20110615,000000,16.9990000,17.2750000,16.7900000,17.2360000,122.700
17919_090101_130416,D,20110616,000000,16.9440000,17.3990000,16.9440000,17.2810000,90.100
17919_090101_130416,D,20110617,000000,17.0300000,17.3990000,16.9990000,17.2500000,64.600
17919_090101_130416,D,20110620,000000,17.2500000,17.2990000,17.0430000,17.2000000,90.300
17919_090101_130416,D,20110621,000000,17.2290000,17.2400000,17.1880000,17.2000000,28.000
17919_090101_130416,D,20110622,000000,17.1990000,17.4000000,17.1990000,17.3520000,41.100
17919_090101_130416,D,20110623,000000,17.4990000,17.4990000,16.7040000,16.7710000,354.400
17919_090101_130416,D,20110624,000000,16.9030000,17.3770000,16.8110000,17.0050000,34.400
17919_090101_130416,D,20110627,000000,17.0000000,17.0000000,16.7110000,16.8870000,15.100
17919_090101_130416,D,20110628,000000,17.3430000,17.3430000,16.8570000,17.0000000,98.000
17919_090101_130416,D,20110629,000000,17.1200000,17.3470000,17.0020000,17.2160000,29.400
17919_090101_130416,D,20110630,000000,17.3990000,17.3990000,17.0000000,17.2000000,65.900
17919_090101_130416,D,20110701,000000,17.4210000,17.5900000,17.3000000,17.5870000,147.400
17919_090101_130416,D,20110704,000000,17.5870000,18.0000000,17.5870000,17.7900000,74.400
17919_090101_130416,D,20110705,000000,17.8700000,18.0000000,17.7000000,17.8780000,31.100
17919_090101_130416,D,20110706,000000,17.9040000,18.0990000,17.6220000,17.8470000,115.000
17919_090101_130416,D,20110707,000000,17.6980000,18.0000000,17.6940000,18.0000000,28.300
17919_090101_130416,D,20110708,000000,18.0000000,18.1800000,17.8180000,17.8890000,15.200
17919_090101_130416,D,20110711,000000,17.6220000,17.8000000,17.2230000,17.7360000,47.200
17919_090101_130416,D,20110712,000000,17.2500000,17.6120000,17.1800000,17.6000000,12.700
17919_090101_130416,D,20110713,000000,17.4790000,17.7630000,17.4480000,17.7270000,13.500
17919_090101_130416,D,20110714,000000,17.6020000,17.9660000,17.4510000,17.6870000,144.200
17919_090101_130416,D,20110715,000000,17.6870000,17.9980000,17.6770000,17.9690000,34.300
17919_090101_130416,D,20110718,000000,18.0180000,18.2500000,17.7650000,18.1130000,95.600
17919_090101_130416,D,20110719,000000,18.0000000,18.1190000,17.6610000,18.0500000,131.800
17919_090101_130416,D,20110720,000000,17.7120000,18.1890000,17.6550000,17.9790000,37.600
17919_090101_130416,D,20110721,000000,18.0000000,18.2150000,17.6560000,17.9980000,88.200
17919_090101_130416,D,20110722,000000,17.9940000,18.1570000,17.9030000,17.9900000,20.700
17919_090101_130416,D,20110725,000000,17.9730000,17.9780000,17.6450000,17.7990000,46.800
17919_090101_130416,D,20110726,000000,17.8890000,17.9360000,17.3600000,17.7000000,69.800
17919_090101_130416,D,20110727,000000,17.6400000,17.7980000,17.4000000,17.6760000,68.600
17919_090101_130416,D,20110728,000000,17.5010000,18.0000000,17.5010000,17.8970000,97.400
17919_090101_130416,D,20110729,000000,17.9370000,17.9900000,17.1150000,17.2000000,187.500
17919_090101_130416,D,20110801,000000,17.8710000,17.9950000,17.4460000,17.7250000,238.300
17919_090101_130416,D,20110802,000000,17.7000000,17.7260000,17.5500000,17.7140000,25.600
17919_090101_130416,D,20110803,000000,17.6090000,17.6090000,17.1050000,17.2200000,79.300
17919_090101_130416,D,20110804,000000,17.2870000,17.3750000,16.8000000,16.8000000,24.300
17919_090101_130416,D,20110805,000000,16.6320000,16.6320000,15.0230000,16.0990000,162.600
17919_090101_130416,D,20110808,000000,15.1520000,15.6040000,15.0000000,15.5930000,302.200
17919_090101_130416,D,20110809,000000,14.4470000,15.8000000,14.3000000,15.7000000,341.700
17919_090101_130416,D,20110810,000000,16.0000000,16.7550000,15.0020000,15.1990000,96.800
17919_090101_130416,D,20110811,000000,16.4620000,16.4620000,15.0000000,15.8500000,175.400
17919_090101_130416,D,20110812,000000,15.9450000,16.4000000,15.8000000,16.3890000,38.800
17919_090101_130416,D,20110815,000000,16.4000000,16.8500000,15.8200000,16.8500000,103.500
17919_090101_130416,D,20110816,000000,16.8000000,16.8000000,16.3500000,16.4000000,302.500
17919_090101_130416,D,20110817,000000,16.2610000,16.8900000,16.2600000,16.8900000,70.100
17919_090101_130416,D,20110818,000000,16.3520000,16.8000000,16.3520000,16.4000000,185.700
17919_090101_130416,D,20110819,000000,16.3540000,16.3540000,15.3300000,16.0770000,78.100
17919_090101_130416,D,20110822,000000,16.0010000,16.3760000,15.6020000,16.0030000,19.900
17919_090101_130416,D,20110823,000000,16.3000000,16.3000000,16.0000000,16.0000000,7.400
17919_090101_130416,D,20110824,000000,16.1000000,16.4500000,15.7050000,16.1580000,36.100
17919_090101_130416,D,20110825,000000,16.1910000,16.5000000,16.0000000,16.1020000,13.400
17919_090101_130416,D,20110826,000000,16.4790000,16.7000000,16.2000000,16.3960000,51.100
17919_090101_130416,D,20110829,000000,16.6940000,17.3980000,16.0140000,17.3980000,119.800
17919_090101_130416,D,20110830,000000,17.3890000,17.6980000,16.7180000,17.2990000,74.100
17919_090101_130416,D,20110831,000000,17.6970000,17.7000000,17.2000000,17.5930000,56.700
17919_090101_130416,D,20110901,000000,17.6000000,17.6990000,17.1000000,17.4880000,26.600
17919_090101_130416,D,20110902,000000,17.2020000,17.5000000,16.8370000,17.5000000,10.700
17919_090101_130416,D,20110905,000000,17.0250000,18.1990000,16.9990000,17.9900000,462.600
17919_090101_130416,D,20110906,000000,18.1400000,18.1400000,17.2200000,17.7300000,147.900
17919_090101_130416,D,20110907,000000,18.0800000,18.1000000,17.8000000,18.0000000,54.500
17919_090101_130416,D,20110908,000000,18.0010000,18.0010000,17.6300000,17.7990000,24.700
17919_090101_130416,D,20110909,000000,17.8890000,17.8890000,17.0000000,17.0050000,23.300
17919_090101_130416,D,20110912,000000,16.8890000,17.5000000,16.2000000,16.4070000,109.400
17919_090101_130416,D,20110913,000000,16.4080000,17.0000000,16.4080000,16.6690000,22.800
17919_090101_130416,D,20110914,000000,16.3170000,16.6880000,16.2500000,16.4510000,22.300
17919_090101_130416,D,20110915,000000,16.5500000,16.7500000,16.4710000,16.4750000,12.400
17919_090101_130416,D,20110916,000000,16.6830000,16.7000000,16.4990000,16.6300000,19.200
17919_090101_130416,D,20110919,000000,16.2000000,16.5000000,16.1600000,16.1600000,36.400
17919_090101_130416,D,20110920,000000,16.4500000,16.6000000,16.3010000,16.4900000,17.800
17919_090101_130416,D,20110921,000000,16.6730000,16.6730000,16.4540000,16.5010000,1.500
17919_090101_130416,D,20110922,000000,16.7010000,16.7010000,15.5000000,15.6000000,184.100
17919_090101_130416,D,20110923,000000,15.4500000,15.9980000,14.7000000,15.2510000,295.200
17919_090101_130416,D,20110926,000000,14.7100000,15.4000000,14.7000000,15.0830000,36.700
17919_090101_130416,D,20110927,000000,15.9170000,15.9170000,15.0560000,15.8690000,36.000
17919_090101_130416,D,20110928,000000,15.8500000,15.8500000,15.7500000,15.8500000,39.700
17919_090101_130416,D,20110929,000000,16.0090000,16.7900000,15.6200000,16.5000000,145.300
17919_090101_130416,D,20110930,000000,16.7000000,16.8300000,16.1020000,16.2850000,81.600
17919_090101_130416,D,20111003,000000,16.0010000,16.0010000,15.2000000,15.8020000,86.600
17919_090101_130416,D,20111004,000000,15.5030000,15.8570000,14.9000000,14.9000000,108.700
17919_090101_130416,D,20111005,000000,15.0120000,15.3930000,15.0000000,15.1340000,54.600
17919_090101_130416,D,20111006,000000,15.6220000,15.9090000,15.4000000,15.9090000,46.100
17919_090101_130416,D,20111007,000000,16.3600000,16.3600000,15.5020000,15.7500000,30.900
17919_090101_130416,D,20111010,000000,15.7000000,16.2000000,15.5150000,15.7400000,43.200
17919_090101_130416,D,20111011,000000,15.8000000,15.8000000,15.5130000,15.5170000,42.300
17919_090101_130416,D,20111012,000000,15.5020000,15.9990000,15.5020000,15.9990000,7.300
17919_090101_130416,D,20111013,000000,15.8990000,16.0000000,15.7010000,15.7010000,31.600
17919_090101_130416,D,20111014,000000,15.8390000,16.2000000,15.8390000,15.9230000,33.600
17919_090101_130416,D,20111017,000000,16.3640000,16.3640000,15.4260000,15.7500000,14.300
17919_090101_130416,D,20111018,000000,15.6300000,15.7440000,15.5600000,15.7440000,27.300
17919_090101_130416,D,20111019,000000,15.8600000,15.8600000,15.8600000,15.8600000,100
17919_090101_130416,D,20111020,000000,15.9960000,16.1000000,15.8300000,15.8300000,36.700
17919_090101_130416,D,20111021,000000,15.6240000,16.5460000,15.6240000,16.2740000,46.400
17919_090101_130416,D,20111024,000000,16.7000000,16.9730000,16.4680000,16.9730000,74.800
17919_090101_130416,D,20111025,000000,17.0000000,17.3490000,16.8860000,17.0000000,4.200
17919_090101_130416,D,20111026,000000,17.0000000,17.1980000,17.0000000,17.1200000,192.600
17919_090101_130416,D,20111027,000000,17.1980000,17.6500000,17.1980000,17.3700000,293.600
17919_090101_130416,D,20111028,000000,17.5500000,17.7970000,17.4260000,17.5490000,3.900
17919_090101_130416,D,20111031,000000,17.9500000,17.9500000,17.3260000,17.6850000,13.100
17919_090101_130416,D,20111101,000000,17.4990000,17.6490000,16.7000000,16.9790000,14.900
17919_090101_130416,D,20111102,000000,17.2320000,17.4870000,16.8600000,17.4870000,42.300
17919_090101_130416,D,20111103,000000,16.7500000,17.5990000,16.6530000,17.4970000,34.100
17919_090101_130416,D,20111107,000000,17.5000000,18.3900000,17.1010000,17.9820000,58.600
17919_090101_130416,D,20111108,000000,18.7500000,18.7500000,17.8230000,18.0000000,28.000
17919_090101_130416,D,20111109,000000,18.1400000,18.3300000,17.4990000,17.4990000,11.400
17919_090101_130416,D,20111110,000000,17.5690000,17.7990000,17.5000000,17.5040000,3.000
17919_090101_130416,D,20111111,000000,18.3290000,18.3290000,17.5000000,17.8200000,18.600
17919_090101_130416,D,20111114,000000,18.2790000,18.2790000,17.7020000,17.9970000,18.200
17919_090101_130416,D,20111115,000000,18.1770000,18.2750000,17.6000000,17.9890000,27.200
17919_090101_130416,D,20111116,000000,18.0990000,18.1000000,17.5020000,17.7890000,58.300
17919_090101_130416,D,20111117,000000,17.9830000,18.2970000,17.6010000,18.2410000,104.600
17919_090101_130416,D,20111118,000000,18.1900000,18.1970000,18.0000000,18.1400000,14.800
17919_090101_130416,D,20111121,000000,17.9010000,18.1400000,17.0110000,17.8570000,59.800
17919_090101_130416,D,20111122,000000,17.8410000,18.5000000,17.8000000,18.0970000,161.000
17919_090101_130416,D,20111123,000000,18.1840000,18.3500000,17.9900000,18.2000000,178.000
17919_090101_130416,D,20111124,000000,18.3790000,18.4990000,18.0100000,18.2990000,83.200
17919_090101_130416,D,20111125,000000,18.3500000,18.3500000,17.6220000,18.1180000,74.200
17919_090101_130416,D,20111128,000000,18.1190000,18.3460000,18.0500000,18.2160000,106.100
17919_090101_130416,D,20111129,000000,18.2320000,18.3000000,18.0010000,18.2500000,71.100
17919_090101_130416,D,20111130,000000,18.3500000,18.3500000,18.1200000,18.2590000,133.600
17919_090101_130416,D,20111201,000000,18.3500000,18.5000000,18.0260000,18.0260000,77.500
17919_090101_130416,D,20111202,000000,18.1010000,18.3000000,17.6110000,17.8000000,28.500
17919_090101_130416,D,20111205,000000,17.7490000,17.7490000,17.5040000,17.5050000,4.500
17919_090101_130416,D,20111206,000000,17.9460000,18.2000000,17.5260000,18.0220000,93.100
17919_090101_130416,D,20111207,000000,18.0390000,18.0390000,17.8990000,17.9770000,40.800
17919_090101_130416,D,20111208,000000,18.0000000,18.7400000,18.0000000,18.3000000,107.400
17919_090101_130416,D,20111209,000000,18.0010000,18.3340000,17.2020000,18.1150000,10.400
17919_090101_130416,D,20111212,000000,18.3080000,18.3340000,18.0270000,18.0270000,2.400
17919_090101_130416,D,20111213,000000,17.8730000,17.9890000,17.5000000,17.9400000,23.400
17919_090101_130416,D,20111214,000000,17.7400000,17.8670000,17.3170000,17.8540000,8.400
17919_090101_130416,D,20111215,000000,16.5030000,17.8000000,16.5030000,17.6740000,22.200
17919_090101_130416,D,20111216,000000,17.3010000,17.4990000,16.7100000,17.1830000,25.400
17919_090101_130416,D,20111219,000000,16.9850000,17.4000000,16.9850000,17.4000000,40.000
17919_090101_130416,D,20111220,000000,17.7990000,17.8000000,17.0000000,17.4900000,18.100
17919_090101_130416,D,20111221,000000,17.4800000,17.7990000,17.2500000,17.5000000,16.900
17919_090101_130416,D,20111222,000000,17.2990000,17.5000000,17.2200000,17.4900000,47.100
17919_090101_130416,D,20111223,000000,17.4500000,17.4910000,17.0060000,17.2000000,4.900
17919_090101_130416,D,20111226,000000,17.4990000,17.4990000,17.0050000,17.1280000,53.500
17919_090101_130416,D,20111227,000000,17.4990000,17.4990000,17.0100000,17.1940000,1.600
17919_090101_130416,D,20111228,000000,17.2660000,17.3900000,16.9010000,17.3500000,62.000
17919_090101_130416,D,20111229,000000,17.1010000,17.3000000,16.8500000,17.0890000,42.800
17919_090101_130416,D,20111230,000000,17.0100000,17.2000000,16.8500000,17.1890000,84.300
17919_090101_130416,D,20120103,000000,17.1890000,17.3000000,17.1010000,17.3000000,3.700
17919_090101_130416,D,20120104,000000,17.3000000,17.4000000,17.2000000,17.2990000,18.300
17919_090101_130416,D,20120105,000000,17.2010000,17.3000000,17.2010000,17.2990000,1.500
17919_090101_130416,D,20120106,000000,17.3000000,17.3000000,17.1020000,17.2990000,700
17919_090101_130416,D,20120110,000000,17.0380000,17.3980000,17.0000000,17.1920000,49.200
17919_090101_130416,D,20120111,000000,17.3500000,17.3500000,16.5300000,17.2310000,10.700
17919_090101_130416,D,20120112,000000,17.1500000,17.2870000,17.0010000,17.0010000,48.500
17919_090101_130416,D,20120113,000000,17.2980000,17.2980000,17.0950000,17.2300000,36.900
17919_090101_130416,D,20120116,000000,17.1000000,17.2980000,16.9510000,17.2980000,51.800
17919_090101_130416,D,20120117,000000,17.4000000,18.2500000,17.2000000,18.2000000,119.300
17919_090101_130416,D,20120118,000000,18.3340000,18.5200000,17.3000000,18.5200000,73.100
17919_090101_130416,D,20120119,000000,18.7400000,18.9100000,18.3500000,18.6580000,54.100
17919_090101_130416,D,20120120,000000,18.9000000,18.9990000,18.6020000,18.7010000,56.400
17919_090101_130416,D,20120123,000000,18.9920000,19.3590000,18.7500000,18.8990000,18.200
17919_090101_130416,D,20120124,000000,18.8930000,19.0780000,18.4000000,18.9490000,14.400
17919_090101_130416,D,20120125,000000,19.0000000,19.0780000,18.4000000,18.6470000,113.600
17919_090101_130416,D,20120126,000000,18.8470000,18.8470000,18.1240000,18.6770000,99.400
17919_090101_130416,D,20120127,000000,18.4990000,18.6610000,18.4990000,18.6600000,4.500
17919_090101_130416,D,20120130,000000,18.6580000,18.6990000,17.7830000,18.2480000,60.600
17919_090101_130416,D,20120131,000000,18.3970000,18.6800000,18.0000000,18.3420000,99.500
17919_090101_130416,D,20120201,000000,18.6580000,18.6580000,18.0110000,18.3210000,56.800
17919_090101_130416,D,20120202,000000,18.0210000,18.3090000,18.0200000,18.0990000,3.400
17919_090101_130416,D,20120203,000000,18.2690000,18.5170000,18.0990000,18.4720000,47.500
17919_090101_130416,D,20120206,000000,18.6780000,18.7690000,18.4610000,18.7410000,73.100
17919_090101_130416,D,20120207,000000,18.7550000,18.7550000,18.4030000,18.4980000,53.900
17919_090101_130416,D,20120208,000000,18.4500000,18.6870000,18.3800000,18.4500000,148.500
17919_090101_130416,D,20120209,000000,18.4440000,18.4500000,18.1000000,18.3490000,15.600
17919_090101_130416,D,20120210,000000,18.2010000,18.2010000,18.0230000,18.0830000,4.600
17919_090101_130416,D,20120213,000000,18.3480000,18.6000000,18.2000000,18.6000000,61.500
17919_090101_130416,D,20120214,000000,18.2030000,18.2810000,18.0730000,18.1000000,15.700
17919_090101_130416,D,20120215,000000,18.1990000,18.3370000,18.0000000,18.0000000,6.100
17919_090101_130416,D,20120216,000000,18.1970000,18.2840000,18.1000000,18.2780000,8.400
17919_090101_130416,D,20120217,000000,18.3790000,18.4000000,18.1500000,18.2400000,30.800
17919_090101_130416,D,20120220,000000,18.1010000,18.3170000,18.0010000,18.2000000,12.100
17919_090101_130416,D,20120221,000000,18.2490000,18.2500000,17.8300000,18.0000000,14.800
17919_090101_130416,D,20120222,000000,18.0000000,18.1000000,17.8500000,17.9990000,14.700
17919_090101_130416,D,20120224,000000,17.9010000,18.0010000,17.8130000,18.0000000,22.200
17919_090101_130416,D,20120227,000000,18.0000000,18.0000000,17.7510000,17.8000000,15.800
17919_090101_130416,D,20120228,000000,17.9000000,18.1000000,17.5010000,17.6990000,22.000
17919_090101_130416,D,20120229,000000,17.8990000,17.9500000,17.5600000,17.9290000,73.100
17919_090101_130416,D,20120301,000000,17.7000000,17.9440000,17.7000000,17.9440000,400
17919_090101_130416,D,20120302,000000,17.8990000,17.9000000,17.5500000,17.8400000,28.700
17919_090101_130416,D,20120305,000000,17.9500000,17.9900000,17.8010000,17.9350000,4.600
17919_090101_130416,D,20120306,000000,17.8500000,17.9000000,17.2000000,17.2000000,21.000
17919_090101_130416,D,20120307,000000,17.2010000,17.6280000,17.1170000,17.5690000,16.700
17919_090101_130416,D,20120311,000000,17.3990000,17.9000000,17.3990000,17.8910000,22.600
17919_090101_130416,D,20120312,000000,17.8490000,17.8970000,17.6000000,17.8400000,29.300
17919_090101_130416,D,20120313,000000,17.7700000,17.8500000,17.4000000,17.8290000,17.600
17919_090101_130416,D,20120314,000000,17.9980000,17.9980000,17.0100000,17.1510000,451.600
17919_090101_130416,D,20120315,000000,17.2990000,17.3000000,17.1500000,17.2880000,59.600
17919_090101_130416,D,20120316,000000,17.7840000,17.7870000,17.2000000,17.2010000,11.400
17919_090101_130416,D,20120319,000000,17.3700000,17.3700000,16.9700000,17.0000000,65.100
17919_090101_130416,D,20120320,000000,17.0020000,17.0020000,16.7800000,16.7800000,25.300
17919_090101_130416,D,20120321,000000,17.0190000,17.0190000,16.8500000,17.0180000,10.200
17919_090101_130416,D,20120322,000000,16.7620000,17.0000000,16.7620000,17.0000000,800
17919_090101_130416,D,20120323,000000,16.6570000,17.2890000,16.6570000,17.2890000,14.000
17919_090101_130416,D,20120326,000000,16.8950000,17.4490000,16.8950000,17.0000000,13.500
17919_090101_130416,D,20120327,000000,17.4980000,17.4980000,17.0300000,17.1000000,11.600
17919_090101_130416,D,20120328,000000,16.9990000,16.9990000,16.9990000,16.9990000,1.300
17919_090101_130416,D,20120329,000000,17.1500000,17.1500000,16.2610000,16.3110000,8.600
17919_090101_130416,D,20120330,000000,16.9280000,17.1500000,16.7590000,17.0100000,28.200
17919_090101_130416,D,20120402,000000,17.0000000,17.4390000,16.6630000,16.7260000,64.900
17919_090101_130416,D,20120403,000000,17.2540000,17.5500000,17.2540000,17.2540000,131.100
17919_090101_130416,D,20120404,000000,16.9240000,17.5430000,16.9170000,17.5000000,44.200
17919_090101_130416,D,20120405,000000,17.5000000,17.5470000,17.2000000,17.5450000,51.100
17919_090101_130416,D,20120406,000000,17.1990000,17.5500000,17.1990000,17.5360000,67.300
17919_090101_130416,D,20120409,000000,17.5470000,17.5470000,17.2000000,17.4000000,10.400
17919_090101_130416,D,20120410,000000,17.4880000,17.5470000,17.4880000,17.5470000,15.500
17919_090101_130416,D,20120411,000000,17.5480000,17.5480000,17.3110000,17.3110000,2.600
17919_090101_130416,D,20120412,000000,17.1040000,17.5480000,16.2010000,17.1000000,44.900
17919_090101_130416,D,20120413,000000,17.3000000,17.3000000,17.0000000,17.2490000,30.600
17919_090101_130416,D,20120416,000000,17.3990000,17.3990000,16.9910000,17.1610000,11.300
17919_090101_130416,D,20120417,000000,17.4910000,17.5000000,17.3000000,17.5000000,331.400
17919_090101_130416,D,20120418,000000,17.4990000,17.5000000,17.1500000,17.1500000,119.300
17919_090101_130416,D,20120419,000000,17.1530000,18.6440000,17.1500000,17.6000000,47.800
17919_090101_130416,D,20120420,000000,17.9230000,17.9230000,17.5000000,17.6000000,18.400
17919_090101_130416,D,20120423,000000,17.9940000,17.9940000,17.2290000,17.4800000,23.000
17919_090101_130416,D,20120424,000000,17.5010000,17.5010000,16.9990000,17.1500000,54.500
17919_090101_130416,D,20120425,000000,17.4450000,17.4450000,17.0000000,17.0000000,71.000
17919_090101_130416,D,20120426,000000,17.6110000,17.6110000,16.5170000,16.6690000,103.800
17919_090101_130416,D,20120427,000000,16.7980000,16.7980000,16.6510000,16.6790000,28.400
17919_090101_130416,D,20120428,000000,16.9980000,17.0000000,16.7030000,16.9980000,22.500
17919_090101_130416,D,20120502,000000,16.7160000,17.3550000,16.6010000,16.7000000,24.300
17919_090101_130416,D,20120503,000000,16.6000000,17.1730000,16.6000000,16.8520000,106.100
17919_090101_130416,D,20120504,000000,16.8600000,16.8600000,16.2000000,16.2000000,88.600
17919_090101_130416,D,20120505,000000,16.1010000,16.2000000,15.3000000,15.5000000,66.200
17919_090101_130416,D,20120507,000000,16.4000000,16.4000000,15.3180000,15.9230000,29.200
17919_090101_130416,D,20120508,000000,15.5010000,15.9730000,15.0000000,15.9730000,11.400
17919_090101_130416,D,20120510,000000,15.6150000,15.8630000,15.5500000,15.5500000,1.700
17919_090101_130416,D,20120511,000000,15.5060000,15.5500000,15.4050000,15.4500000,16.400
17919_090101_130416,D,20120512,000000,15.4440000,15.6910000,15.4010000,15.6910000,2.900
17919_090101_130416,D,20120514,000000,15.6320000,15.6320000,14.9990000,15.0100000,66.500
17919_090101_130416,D,20120515,000000,15.2270000,15.3640000,14.8300000,15.1550000,70.800
17919_090101_130416,D,20120517,000000,15.0030000,15.5000000,14.9020000,14.9020000,28.700
17919_090101_130416,D,20120518,000000,14.7570000,14.8500000,14.0040000,14.1400000,52.700
17919_090101_130416,D,20120521,000000,15.0000000,15.0000000,14.1400000,14.6000000,28.400
17919_090101_130416,D,20120522,000000,15.4320000,15.4320000,14.2990000,14.3000000,20.300
17919_090101_130416,D,20120523,000000,14.5020000,14.5020000,13.4000000,13.9990000,132.800
17919_090101_130416,D,20120524,000000,14.0000000,14.0000000,14.0000000,14.0000000,600
17919_090101_130416,D,20120525,000000,13.9010000,14.0750000,13.5110000,13.9340000,13.500
17919_090101_130416,D,20120528,000000,14.4990000,14.8000000,13.6390000,14.4990000,20.900
17919_090101_130416,D,20120529,000000,14.9990000,15.1280000,14.9990000,15.1280000,28.900
17919_090101_130416,D,20120530,000000,15.2460000,15.2460000,14.9000000,14.9610000,9.200
17919_090101_130416,D,20120531,000000,14.9570000,15.4500000,14.9570000,15.0000000,32.700
17919_090101_130416,D,20120601,000000,15.2000000,15.2000000,14.1150000,14.1150000,62.500
17919_090101_130416,D,20120604,000000,15.0220000,15.0220000,14.5000000,14.7920000,19.200
17919_090101_130416,D,20120605,000000,14.9030000,15.1300000,14.9000000,15.1300000,15.500
17919_090101_130416,D,20120606,000000,15.1990000,15.2000000,14.9000000,14.9000000,23.300
17919_090101_130416,D,20120607,000000,14.8000000,14.9000000,14.8000000,14.8000000,74.000
17919_090101_130416,D,20120608,000000,14.8980000,14.9000000,14.8980000,14.9000000,7.700
17919_090101_130416,D,20120609,000000,15.0000000,15.0000000,15.0000000,15.0000000,200
17919_090101_130416,D,20120613,000000,15.0990000,15.7200000,14.8740000,14.9580000,33.000
17919_090101_130416,D,20120614,000000,15.0250000,15.0250000,14.9990000,15.0000000,27.400
17919_090101_130416,D,20120615,000000,15.4830000,15.4830000,15.0000000,15.3000000,3.600
17919_090101_130416,D,20120618,000000,15.9510000,15.9800000,14.9310000,15.0990000,47.100
17919_090101_130416,D,20120619,000000,14.9500000,15.1000000,14.8400000,14.8620000,14.000
17919_090101_130416,D,20120620,000000,14.9990000,15.1000000,14.8000000,14.8000000,44.900
17919_090101_130416,D,20120621,000000,14.9490000,15.2000000,14.7050000,15.1000000,26.900
17919_090101_130416,D,20120622,000000,15.1000000,15.1000000,14.8010000,14.8010000,51.700
17919_090101_130416,D,20120625,000000,14.9620000,14.9620000,14.6500000,14.6500000,4.600
17919_090101_130416,D,20120626,000000,14.9980000,15.0500000,14.6010000,14.6010000,37.400
17919_090101_130416,D,20120627,000000,14.8840000,14.8870000,14.8500000,14.8500000,12.700
17919_090101_130416,D,20120628,000000,14.9000000,15.0000000,14.8530000,14.8610000,11.400
17919_090101_130416,D,20120629,000000,14.9500000,14.9500000,14.7000000,14.8880000,45.800
17919_090101_130416,D,20120702,000000,14.8230000,15.0500000,14.8230000,15.0500000,30.200
17919_090101_130416,D,20120703,000000,15.0500000,15.0990000,14.8920000,15.0000000,13.300
17919_090101_130416,D,20120704,000000,15.0500000,15.1970000,14.9990000,15.0000000,32.400
17919_090101_130416,D,20120705,000000,14.9150000,15.1500000,14.8990000,15.0500000,37.100
17919_090101_130416,D,20120706,000000,15.0500000,15.1500000,14.9010000,14.9990000,23.100
17919_090101_130416,D,20120709,000000,15.0000000,15.2000000,14.9450000,14.9450000,19.700
17919_090101_130416,D,20120710,000000,14.9040000,15.0240000,14.8010000,14.9500000,24.300
17919_090101_130416,D,20120711,000000,14.9500000,14.9500000,14.8300000,14.8300000,6.800
17919_090101_130416,D,20120712,000000,14.8270000,15.0240000,14.7510000,14.7700000,22.900
17919_090101_130416,D,20120713,000000,14.9310000,14.9500000,14.9300000,14.9490000,3.400
17919_090101_130416,D,20120716,000000,14.9420000,14.9500000,14.9000000,14.9500000,33.100
17919_090101_130416,D,20120717,000000,14.9770000,14.9770000,14.7770000,14.9470000,33.800
17919_090101_130416,D,20120718,000000,14.9000000,14.9390000,14.9000000,14.9390000,10.100
17919_090101_130416,D,20120719,000000,14.8660000,14.8660000,14.7600000,14.7810000,84.800
17919_090101_130416,D,20120720,000000,14.8000000,14.9990000,14.7680000,14.8510000,16.600
17919_090101_130416,D,20120723,000000,14.9940000,14.9950000,14.6200000,14.7620000,17.400
17919_090101_130416,D,20120724,000000,14.6230000,14.8940000,14.6220000,14.8940000,4.000
17919_090101_130416,D,20120725,000000,14.7140000,14.8820000,14.7000000,14.8000000,4.300
17919_090101_130416,D,20120726,000000,14.8000000,14.8510000,14.7600000,14.8000000,839.600
17919_090101_130416,D,20120727,000000,14.8500000,14.9000000,14.8110000,14.8230000,63.100
17919_090101_130416,D,20120730,000000,14.8500000,15.2000000,14.8490000,15.0010000,49.500
17919_090101_130416,D,20120731,000000,15.0010000,15.0010000,14.9990000,15.0000000,24.300
17919_090101_130416,D,20120801,000000,15.2200000,15.4000000,15.0380000,15.1000000,5.400
17919_090101_130416,D,20120802,000000,15.2620000,15.4100000,15.2620000,15.4100000,9.100
17919_090101_130416,D,20120803,000000,15.3950000,15.9900000,15.3950000,15.9890000,84.200
17919_090101_130416,D,20120806,000000,15.9770000,16.2990000,15.7500000,16.2990000,26.500
17919_090101_130416,D,20120807,000000,16.0000000,16.3500000,16.0000000,16.1030000,31.100
17919_090101_130416,D,20120808,000000,16.0000000,16.2500000,15.9990000,16.1100000,184.000
17919_090101_130416,D,20120809,000000,16.1500000,16.1750000,16.0000000,16.1500000,50.300
17919_090101_130416,D,20120810,000000,16.1000000,16.1500000,15.7990000,16.1470000,21.600
17919_090101_130416,D,20120813,000000,16.1010000,16.4000000,15.7110000,16.2000000,31.300
17919_090101_130416,D,20120814,000000,16.2000000,16.4980000,16.2000000,16.4880000,72.400
17919_090101_130416,D,20120815,000000,16.2990000,16.8000000,16.2050000,16.4500000,57.600
17919_090101_130416,D,20120816,000000,16.4500000,16.6490000,16.4500000,16.4500000,51.300
17919_090101_130416,D,20120817,000000,16.6000000,16.9860000,16.4810000,16.7110000,12.000
17919_090101_130416,D,20120820,000000,16.8420000,16.8770000,13.5070000,16.4020000,99.800
17919_090101_130416,D,20120821,000000,16.7390000,16.8630000,16.4030000,16.6380000,52.200
17919_090101_130416,D,20120822,000000,16.1120000,16.8960000,15.1080000,16.6000000,19.700
17919_090101_130416,D,20120823,000000,16.6420000,16.7080000,16.6370000,16.6370000,7.800
17919_090101_130416,D,20120824,000000,16.5500000,16.8000000,16.1070000,16.7470000,10.100
17919_090101_130416,D,20120827,000000,16.8720000,16.8720000,16.3720000,16.3720000,400
17919_090101_130416,D,20120828,000000,16.8720000,16.8720000,16.2500000,16.7700000,7.800
17919_090101_130416,D,20120829,000000,16.7990000,16.8300000,16.7990000,16.8000000,3.300
17919_090101_130416,D,20120830,000000,16.8710000,16.9000000,16.2670000,16.2670000,14.700
17919_090101_130416,D,20120831,000000,16.4450000,16.9000000,16.4450000,16.5480000,4.500
17919_090101_130416,D,20120903,000000,16.3710000,17.2390000,16.3590000,17.2390000,22.200
17919_090101_130416,D,20120904,000000,17.0010000,17.5000000,17.0000000,17.4000000,48.000
17919_090101_130416,D,20120905,000000,17.2800000,18.0000000,17.2800000,18.0000000,28.000
17919_090101_130416,D,20120906,000000,18.2370000,18.4780000,17.9200000,18.0000000,42.900
17919_090101_130416,D,20120907,000000,18.1760000,18.4220000,17.8420000,18.0720000,48.700
17919_090101_130416,D,20120910,000000,17.8040000,18.4880000,17.8040000,18.1640000,35.400
17919_090101_130416,D,20120911,000000,18.4840000,18.4890000,18.1990000,18.2230000,46.100
17919_090101_130416,D,20120912,000000,18.1990000,18.3940000,18.1130000,18.3040000,35.200
17919_090101_130416,D,20120913,000000,18.1000000,18.1000000,17.5630000,17.5670000,9.500
17919_090101_130416,D,20120914,000000,17.9260000,18.4940000,17.3000000,18.3950000,73.200
17919_090101_130416,D,20120917,000000,17.9680000,18.2000000,17.8800000,18.1970000,63.300
17919_090101_130416,D,20120918,000000,18.2960000,18.3160000,18.0010000,18.3160000,9.900
17919_090101_130416,D,20120919,000000,18.3490000,18.4800000,18.0200000,18.0200000,72.500
17919_090101_130416,D,20120920,000000,17.8070000,18.4700000,17.5000000,18.4700000,33.500
17919_090101_130416,D,20120921,000000,18.0310000,18.4650000,18.0270000,18.4650000,2.200
17919_090101_130416,D,20120924,000000,18.2050000,18.3500000,18.0060000,18.1000000,19.900
17919_090101_130416,D,20120925,000000,18.0990000,18.1000000,18.0990000,18.1000000,1.200
17919_090101_130416,D,20120926,000000,17.8440000,18.0500000,17.6010000,18.0000000,14.000
17919_090101_130416,D,20120927,000000,18.1520000,18.3000000,18.1520000,18.3000000,78.900
17919_090101_130416,D,20120928,000000,18.4000000,18.7850000,18.2720000,18.2720000,18.600
17919_090101_130416,D,20121001,000000,18.2500000,18.6000000,18.1000000,18.2910000,48.500
17919_090101_130416,D,20121002,000000,18.2500000,18.6960000,18.2500000,18.6950000,30.800
17919_090101_130416,D,20121003,000000,18.7940000,18.7940000,18.5410000,18.5410000,1.900
17919_090101_130416,D,20121004,000000,18.5400000,18.5400000,18.1740000,18.2000000,1.200
17919_090101_130416,D,20121005,000000,18.0700000,18.5000000,18.0590000,18.2500000,8.100
17919_090101_130416,D,20121008,000000,18.2990000,18.3000000,18.0720000,18.2250000,113.000
17919_090101_130416,D,20121009,000000,18.3000000,18.5950000,18.3000000,18.5000000,118.600
17919_090101_130416,D,20121010,000000,18.2550000,18.5950000,18.0800000,18.2500000,219.300
17919_090101_130416,D,20121011,000000,18.2990000,18.6950000,18.2990000,18.3940000,81.400
17919_090101_130416,D,20121012,000000,18.2500000,18.3400000,18.2000000,18.2000000,73.400
17919_090101_130416,D,20121015,000000,18.3200000,18.4220000,18.2500000,18.3020000,88.600
17919_090101_130416,D,20121016,000000,18.3000000,18.5000000,18.3000000,18.5000000,21.400
17919_090101_130416,D,20121017,000000,18.4980000,19.3300000,18.4000000,19.0000000,99.400
17919_090101_130416,D,20121018,000000,19.4980000,19.5000000,18.0000000,18.0500000,317.800
17919_090101_130416,D,20121019,000000,18.1000000,18.3000000,17.9000000,18.3000000,340.900
17919_090101_130416,D,20121022,000000,18.4000000,18.4990000,18.3800000,18.4000000,359.400
17919_090101_130416,D,20121023,000000,18.6990000,18.6990000,18.3500000,18.3500000,66.300
17919_090101_130416,D,20121024,000000,18.4000000,18.4890000,18.3500000,18.4890000,84.600
17919_090101_130416,D,20121025,000000,18.4010000,18.4010000,18.3500000,18.3500000,12.500
17919_090101_130416,D,20121026,000000,18.3500000,18.3500000,18.3500000,18.3500000,22.000
17919_090101_130416,D,20121029,000000,18.2010000,18.3700000,18.2000000,18.2000000,27.400
17919_090101_130416,D,20121030,000000,18.2010000,18.2010000,18.0000000,18.1520000,106.200
17919_090101_130416,D,20121031,000000,18.2000000,18.2490000,18.1000000,18.1500000,134.100
17919_090101_130416,D,20121102,000000,18.2790000,18.2980000,18.1500000,18.2980000,12.300
17919_090101_130416,D,20121107,000000,18.1550000,18.3000000,18.1500000,18.1500000,101.500
17919_090101_130416,D,20121108,000000,18.4000000,18.4790000,18.2000000,18.3000000,236.800
17919_090101_130416,D,20121109,000000,18.2100000,18.3500000,18.2000000,18.2940000,227.300
17919_090101_130416,D,20121112,000000,18.3390000,18.5000000,18.2000000,18.5000000,956.200
17919_090101_130416,D,20121113,000000,18.4990000,18.6000000,18.3000000,18.3000000,347.700
17919_090101_130416,D,20121114,000000,18.2510000,18.2510000,18.2500000,18.2500000,23.000
17919_090101_130416,D,20121115,000000,18.2500000,18.2500000,18.2500000,18.2500000,1.000
17919_090101_130416,D,20121116,000000,18.3970000,18.3970000,18.3970000,18.3970000,200
17919_090101_130416,D,20121119,000000,18.2510000,18.2730000,18.2510000,18.2510000,3.900
17919_090101_130416,D,20121120,000000,18.4950000,18.5000000,18.4950000,18.5000000,10.000
17919_090101_130416,D,20121121,000000,18.5990000,18.6000000,18.5000000,18.6000000,1.000
17919_090101_130416,D,20121122,000000,18.5990000,18.5990000,18.5990000,18.5990000,200
17919_090101_130416,D,20121123,000000,18.6000000,18.6000000,18.6000000,18.6000000,600
17919_090101_130416,D,20121127,000000,18.4500000,18.6490000,18.4500000,18.4500000,4.400
17919_090101_130416,D,20121128,000000,18.4500000,18.5450000,18.4500000,18.5450000,8.100
17919_090101_130416,D,20121129,000000,18.1530000,18.1530000,18.1530000,18.1530000,400
17919_090101_130416,D,20121130,000000,18.4980000,18.4990000,18.4980000,18.4990000,900
17919_090101_130416,D,20121203,000000,18.1510000,18.1510000,17.1080000,17.4080000,6.700
17919_090101_130416,D,20121204,000000,18.0990000,18.1000000,18.0000000,18.1000000,3.200
17919_090101_130416,D,20121205,000000,18.2000000,18.2970000,18.2000000,18.2970000,200
17919_090101_130416,D,20121206,000000,18.0010000,18.0030000,18.0000000,18.0000000,5.100
17919_090101_130416,D,20121207,000000,18.1500000,18.1500000,17.9000000,17.9000000,1.000
17919_090101_130416,D,20121210,000000,17.0080000,17.8980000,17.0080000,17.8650000,400
17919_090101_130416,D,20121211,000000,17.5000000,17.5000000,17.0410000,17.4890000,4.500
17919_090101_130416,D,20121212,000000,17.1530000,17.5000000,16.9010000,17.1000000,3.800
17919_090101_130416,D,20121213,000000,17.0990000,17.1000000,17.0000000,17.0000000,3.700
17919_090101_130416,D,20121214,000000,18.2650000,18.2650000,16.9500000,16.9500000,8.200
17919_090101_130416,D,20121217,000000,16.9110000,16.9110000,16.5850000,16.7500000,4.400
17919_090101_130416,D,20121218,000000,17.0000000,17.3480000,17.0000000,17.3480000,1.700
17919_090101_130416,D,20121220,000000,16.7550000,17.1670000,16.4810000,17.1670000,1.700
17919_090101_130416,D,20121221,000000,17.0000000,17.0000000,16.7530000,17.0000000,4.000
17919_090101_130416,D,20121224,000000,17.2390000,17.2500000,16.6110000,17.2000000,194.200
17919_090101_130416,D,20121225,000000,17.0010000,17.0010000,16.9990000,17.0000000,50.700
17919_090101_130416,D,20121226,000000,17.2500000,17.2500000,17.0660000,17.0660000,800
17919_090101_130416,D,20121227,000000,17.2470000,17.2500000,17.0000000,17.0000000,15.800
17919_090101_130416,D,20121228,000000,17.0000000,17.4000000,17.0000000,17.2500000,13.200
17919_090101_130416,D,20130108,000000,17.2000000,17.2000000,16.5850000,17.1000000,88.200
17919_090101_130416,D,20130109,000000,17.2400000,17.2400000,17.2400000,17.2400000,6.800
17919_090101_130416,D,20130110,000000,17.1000000,17.5000000,17.0000000,17.3000000,240.000
17919_090101_130416,D,20130111,000000,17.2490000,17.5000000,17.2490000,17.4990000,172.700
17919_090101_130416,D,20130114,000000,17.4850000,17.4850000,17.1020000,17.3000000,110.800
17919_090101_130416,D,20130115,000000,17.0260000,17.2000000,17.0000000,17.1000000,27.500
17919_090101_130416,D,20130116,000000,17.2000000,17.4000000,17.2000000,17.3500000,9.200
17919_090101_130416,D,20130117,000000,17.3500000,17.3500000,17.1750000,17.3500000,800
17919_090101_130416,D,20130118,000000,17.3490000,17.5000000,17.3000000,17.5000000,479.200
17919_090101_130416,D,20130121,000000,17.3610000,17.4000000,17.2240000,17.2870000,9.900
17919_090101_130416,D,20130122,000000,17.3220000,17.3530000,17.3020000,17.3020000,900
17919_090101_130416,D,20130123,000000,17.4990000,17.4990000,17.3360000,17.3360000,52.800
17919_090101_130416,D,20130124,000000,17.3100000,17.3370000,17.2000000,17.2980000,6.400
17919_090101_130416,D,20130125,000000,17.2540000,17.5000000,17.2540000,17.5000000,3.200
17919_090101_130416,D,20130128,000000,17.4900000,17.5000000,17.4020000,17.5000000,34.300
17919_090101_130416,D,20130129,000000,17.5000000,17.5010000,17.5000000,17.5010000,7.500
17919_090101_130416,D,20130130,000000,17.4110000,17.5020000,17.4100000,17.4100000,4.100
17919_090101_130416,D,20130131,000000,17.4500000,17.4980000,17.3510000,17.4500000,21.700
17919_090101_130416,D,20130201,000000,17.3090000,17.4200000,17.2510000,17.4200000,5.800
17919_090101_130416,D,20130204,000000,17.4000000,17.4500000,17.3650000,17.4500000,186.400
17919_090101_130416,D,20130205,000000,17.3510000,17.3510000,17.2500000,17.2500000,113.600
17919_090101_130416,D,20130206,000000,17.5490000,17.5980000,17.3990000,17.4000000,209.000
17919_090101_130416,D,20130207,000000,17.4000000,17.4000000,17.3000000,17.4000000,72.600
17919_090101_130416,D,20130208,000000,17.4510000,17.7000000,17.4510000,17.7000000,2.300
17919_090101_130416,D,20130211,000000,17.7300000,17.7300000,17.7300000,17.7300000,600
17919_090101_130416,D,20130212,000000,17.7090000,17.7500000,17.6270000,17.6270000,6.000
17919_090101_130416,D,20130213,000000,17.7250000,17.7500000,17.6000000,17.7000000,147.800
17919_090101_130416,D,20130214,000000,17.7000000,17.7000000,17.5910000,17.5910000,3.900
17919_090101_130416,D,20130215,000000,17.4010000,17.4730000,17.2020000,17.3270000,34.100
17919_090101_130416,D,20130218,000000,17.3500000,17.3600000,17.3500000,17.3600000,22.000
17919_090101_130416,D,20130219,000000,17.3650000,17.3650000,17.3650000,17.3650000,500
17919_090101_130416,D,20130220,000000,17.4400000,17.6450000,17.4400000,17.5000000,19.100
17919_090101_130416,D,20130221,000000,17.4010000,17.4010000,17.4000000,17.4000000,4.000
17919_090101_130416,D,20130225,000000,17.3800000,17.3800000,17.3800000,17.3800000,700
17919_090101_130416,D,20130226,000000,17.3700000,17.3710000,17.3700000,17.3700000,8.200
17919_090101_130416,D,20130227,000000,17.4290000,17.4290000,17.3000000,17.3000000,61.000
17919_090101_130416,D,20130228,000000,17.4990000,17.5100000,17.2000000,17.2000000,39.400
17919_090101_130416,D,20130301,000000,17.2980000,17.2990000,17.2980000,17.2990000,700
17919_090101_130416,D,20130304,000000,17.2010000,17.3970000,17.2000000,17.3000000,2.500
17919_090101_130416,D,20130305,000000,17.2000000,17.2000000,17.2000000,17.2000000,100
17919_090101_130416,D,20130306,000000,17.2000000,17.2000000,17.2000000,17.2000000,1.100
17919_090101_130416,D,20130307,000000,17.2000000,17.2180000,17.0000000,17.2180000,11.900
17919_090101_130416,D,20130311,000000,17.2000000,17.2000000,17.0000000,17.1010000,1.700
17919_090101_130416,D,20130312,000000,17.3980000,17.5000000,17.3980000,17.4000000,14.000
17919_090101_130416,D,20130314,000000,17.4470000,17.4500000,17.4290000,17.4300000,7.000
17919_090101_130416,D,20130318,000000,17.1030000,17.1480000,17.1000000,17.1480000,800
17919_090101_130416,D,20130319,000000,17.1510000,17.1510000,17.1500000,17.1500000,1.000
17919_090101_130416,D,20130320,000000,17.1000000,17.1000000,17.1000000,17.1000000,100
17919_090101_130416,D,20130321,000000,17.2440000,17.2460000,17.2250000,17.2250000,11.700
17919_090101_130416,D,20130322,000000,17.1550000,17.2500000,17.1500000,17.1550000,26.700
17919_090101_130416,D,20130325,000000,17.1380000,17.1380000,17.1380000,17.1380000,1.000
17919_090101_130416,D,20130326,000000,16.8030000,17.1000000,16.0220000,17.1000000,44.600
17919_090101_130416,D,20130328,000000,15.8010000,16.7170000,15.8010000,16.3010000,1.000
17919_090101_130416,D,20130329,000000,16.8990000,17.2070000,16.7210000,16.7210000,12.800
17919_090101_130416,D,20130401,000000,16.7000000,16.7000000,16.7000000,16.7000000,200
17919_090101_130416,D,20130402,000000,16.9330000,16.9330000,16.2010000,16.8520000,41.800
17919_090101_130416,D,20130403,000000,15.0260000,16.5310000,14.6620000,16.2200000,4.500
