<TICKER>,<PER>,<DATE>,<TIME>,<OPEN>,<HIGH>,<LOW>,<CLOSE>,<VOL>
17920_090101_130416,D,20090111,000000,5.0000000,5.1400000,4.9910000,5.1400000,15.300
17920_090101_130416,D,20090112,000000,5.1400000,5.1900000,4.9900000,5.1900000,88.000
17920_090101_130416,D,20090113,000000,5.1690000,5.1900000,5.1400000,5.1500000,17.400
17920_090101_130416,D,20090114,000000,5.1600000,5.4900000,5.0500000,5.1950000,72.400
17920_090101_130416,D,20090115,000000,5.2390000,5.2400000,5.0000000,5.1990000,22.300
17920_090101_130416,D,20090116,000000,5.2380000,5.2380000,5.0010000,5.1270000,11.600
17920_090101_130416,D,20090119,000000,5.1000000,5.2130000,4.8100000,4.8990000,120.000
17920_090101_130416,D,20090120,000000,4.7500000,4.8980000,3.9970000,4.1000000,620.500
17920_090101_130416,D,20090121,000000,4.1000000,4.2800000,4.0250000,4.1180000,225.800
17920_090101_130416,D,20090122,000000,4.2890000,4.3010000,3.9200000,3.9200000,161.500
17920_090101_130416,D,20090123,000000,4.0000000,4.1000000,3.8750000,3.9760000,22.900
17920_090101_130416,D,20090126,000000,3.9760000,4.0190000,3.8750000,4.0000000,74.600
17920_090101_130416,D,20090127,000000,4.0970000,4.1000000,3.9700000,4.0000000,119.200
17920_090101_130416,D,20090128,000000,3.9990000,4.0900000,3.9500000,3.9500000,104.000
17920_090101_130416,D,20090129,000000,4.0000000,4.0000000,3.8200000,3.9490000,13.500
17920_090101_130416,D,20090130,000000,4.0980000,4.0980000,3.8500000,3.9500000,243.500
17920_090101_130416,D,20090202,000000,3.9000000,4.1000000,3.9000000,4.0300000,270.000
17920_090101_130416,D,20090203,000000,4.0990000,4.0990000,3.9900000,4.0400000,228.900
17920_090101_130416,D,20090204,000000,4.0400000,4.2000000,4.0250000,4.2000000,305.900
17920_090101_130416,D,20090205,000000,4.2380000,4.2500000,4.1000000,4.1990000,117.800
17920_090101_130416,D,20090206,000000,4.2100000,4.2500000,4.1000000,4.2390000,92.000
17920_090101_130416,D,20090209,000000,4.2000000,4.7790000,3.9500000,4.6460000,342.000
17920_090101_130416,D,20090210,000000,4.5100000,4.7000000,4.3020000,4.6000000,338.900
17920_090101_130416,D,20090211,000000,4.4000000,4.5500000,4.1200000,4.5100000,542.600
17920_090101_130416,D,20090212,000000,4.5000000,4.6500000,4.4800000,4.5500000,526.400
17920_090101_130416,D,20090213,000000,4.6090000,5.2590000,4.5500000,5.0840000,1.436.500
17920_090101_130416,D,20090216,000000,5.0990000,5.3940000,5.0990000,5.3500000,517.700
17920_090101_130416,D,20090217,000000,5.3050000,5.3050000,4.8010000,4.9980000,490.200
17920_090101_130416,D,20090218,000000,4.9860000,4.9860000,4.5050000,4.8000000,298.500
17920_090101_130416,D,20090219,000000,4.8800000,5.1480000,4.8600000,5.0000000,262.600
17920_090101_130416,D,20090220,000000,5.0000000,5.0000000,4.7000000,4.9450000,148.400
17920_090101_130416,D,20090224,000000,4.9690000,4.9800000,4.5450000,4.9250000,15.200
17920_090101_130416,D,20090225,000000,5.0010000,5.1000000,4.8410000,4.9990000,109.700
17920_090101_130416,D,20090226,000000,4.9970000,5.0500000,4.9000000,5.0000000,139.800
17920_090101_130416,D,20090227,000000,4.9800000,5.0000000,4.8100000,4.9690000,113.700
17920_090101_130416,D,20090302,000000,4.8020000,4.9740000,4.7500000,4.9740000,32.800
17920_090101_130416,D,20090303,000000,4.9790000,5.0400000,4.9300000,5.0000000,48.100
17920_090101_130416,D,20090304,000000,5.0000000,5.2960000,4.9150000,5.1000000,768.800
17920_090101_130416,D,20090305,000000,5.1500000,5.1790000,4.9110000,5.0000000,28.300
17920_090101_130416,D,20090306,000000,5.0550000,5.7500000,5.0550000,5.7000000,737.500
17920_090101_130416,D,20090310,000000,5.7500000,6.7000000,5.7000000,6.2490000,1.519.100
17920_090101_130416,D,20090311,000000,6.3000000,6.3030000,5.7000000,5.8160000,811.900
17920_090101_130416,D,20090312,000000,5.9000000,6.2500000,5.7500000,5.9500000,787.500
17920_090101_130416,D,20090313,000000,6.2000000,6.3090000,5.8320000,5.8500000,336.000
17920_090101_130416,D,20090316,000000,5.8900000,6.0500000,5.7000000,5.8990000,136.000
17920_090101_130416,D,20090317,000000,5.8500000,5.9900000,5.6750000,5.7580000,155.500
17920_090101_130416,D,20090318,000000,5.9390000,5.9390000,5.7000000,5.7500000,189.700
17920_090101_130416,D,20090319,000000,5.7600000,5.8900000,5.7000000,5.7490000,102.700
17920_090101_130416,D,20090320,000000,5.7490000,5.7980000,5.5450000,5.7920000,92.300
17920_090101_130416,D,20090323,000000,5.7910000,6.0000000,5.7910000,5.9500000,182.800
17920_090101_130416,D,20090324,000000,5.9740000,5.9790000,5.6500000,5.9000000,232.800
17920_090101_130416,D,20090325,000000,5.8980000,6.5000000,5.8980000,6.3500000,1.142.800
17920_090101_130416,D,20090326,000000,6.4390000,6.8000000,6.3220000,6.4990000,792.700
17920_090101_130416,D,20090327,000000,6.4340000,6.6990000,5.9110000,6.0500000,316.700
17920_090101_130416,D,20090330,000000,6.0970000,6.1500000,5.9100000,5.9990000,28.100
17920_090101_130416,D,20090331,000000,6.1980000,6.1980000,5.8510000,6.0000000,151.000
17920_090101_130416,D,20090401,000000,6.0000000,6.0100000,5.8020000,6.0000000,211.600
17920_090101_130416,D,20090402,000000,5.9600000,6.1990000,5.9100000,6.0000000,400.500
17920_090101_130416,D,20090403,000000,6.2000000,6.5500000,5.9900000,6.4300000,1.048.900
17920_090101_130416,D,20090406,000000,6.0000000,6.0000000,5.5000000,5.7650000,964.800
17920_090101_130416,D,20090407,000000,5.7950000,5.7950000,5.5000000,5.7250000,44.900
17920_090101_130416,D,20090408,000000,5.5500000,5.6790000,5.4320000,5.6790000,82.800
17920_090101_130416,D,20090409,000000,5.5510000,5.6750000,5.4100000,5.6400000,159.800
17920_090101_130416,D,20090410,000000,5.6000000,5.6300000,5.4260000,5.5990000,423.000
17920_090101_130416,D,20090413,000000,5.6250000,5.6250000,5.3550000,5.4600000,229.600
17920_090101_130416,D,20090414,000000,5.4890000,5.6280000,5.3800000,5.5410000,203.800
17920_090101_130416,D,20090415,000000,5.4310000,5.5140000,5.3500000,5.4190000,118.300
17920_090101_130416,D,20090416,000000,5.4700000,5.5950000,5.4000000,5.5550000,229.600
17920_090101_130416,D,20090417,000000,5.5720000,5.6880000,5.5500000,5.6490000,224.600
17920_090101_130416,D,20090420,000000,5.6510000,5.7520000,5.5000000,5.6250000,441.200
17920_090101_130416,D,20090421,000000,5.5200000,5.6890000,5.5200000,5.6490000,277.900
17920_090101_130416,D,20090422,000000,5.6600000,5.7400000,5.6400000,5.7000000,73.800
17920_090101_130416,D,20090423,000000,5.7280000,5.7280000,5.5500000,5.6500000,169.300
17920_090101_130416,D,20090424,000000,5.6880000,6.0790000,5.6050000,6.0070000,710.100
17920_090101_130416,D,20090427,000000,6.0270000,6.0970000,5.8050000,5.9970000,687.000
17920_090101_130416,D,20090428,000000,5.9370000,6.1000000,5.6640000,6.1000000,564.000
17920_090101_130416,D,20090429,000000,5.9990000,6.2500000,5.9010000,6.1990000,84.800
17920_090101_130416,D,20090430,000000,6.1000000,6.2440000,6.0000000,6.1000000,158.800
17920_090101_130416,D,20090504,000000,6.2450000,6.4890000,6.1400000,6.2010000,38.300
17920_090101_130416,D,20090505,000000,6.1280000,6.2880000,6.0120000,6.2800000,42.600
17920_090101_130416,D,20090506,000000,6.2470000,6.4000000,6.0550000,6.3360000,217.600
17920_090101_130416,D,20090507,000000,6.3460000,6.3960000,6.1510000,6.2890000,258.700
17920_090101_130416,D,20090508,000000,6.2200000,6.2890000,6.0200000,6.1800000,77.200
17920_090101_130416,D,20090512,000000,6.2890000,6.3000000,6.1800000,6.2420000,61.100
17920_090101_130416,D,20090513,000000,6.2320000,6.6990000,6.1500000,6.4500000,1.046.100
17920_090101_130416,D,20090514,000000,6.3880000,6.5990000,6.3000000,6.3990000,84.700
17920_090101_130416,D,20090515,000000,6.5950000,6.6700000,6.3070000,6.4000000,101.600
17920_090101_130416,D,20090518,000000,6.5010000,6.5210000,6.3000000,6.4800000,100.800
17920_090101_130416,D,20090519,000000,6.6190000,6.6990000,6.4000000,6.5990000,306.700
17920_090101_130416,D,20090520,000000,6.7690000,6.9500000,6.6000000,6.8700000,276.100
17920_090101_130416,D,20090521,000000,6.9490000,6.9500000,6.3470000,6.5990000,129.500
17920_090101_130416,D,20090522,000000,6.6500000,6.6500000,6.4180000,6.6470000,5.200
17920_090101_130416,D,20090525,000000,6.5010000,6.6860000,6.3310000,6.5150000,60.900
17920_090101_130416,D,20090526,000000,6.5000000,6.5850000,6.3000000,6.5850000,49.400
17920_090101_130416,D,20090527,000000,6.5900000,6.6490000,6.3000000,6.4000000,1.061.900
17920_090101_130416,D,20090528,000000,6.3410000,6.3800000,6.2390000,6.3560000,22.200
17920_090101_130416,D,20090529,000000,6.3600000,6.4300000,6.2620000,6.3900000,164.400
17920_090101_130416,D,20090601,000000,6.4290000,7.1500000,6.4290000,7.0000000,308.300
17920_090101_130416,D,20090602,000000,7.0010000,7.2530000,6.8000000,6.9000000,194.200
17920_090101_130416,D,20090603,000000,7.0000000,7.0000000,6.7000000,6.7000000,505.500
17920_090101_130416,D,20090604,000000,6.7900000,6.9890000,6.7000000,6.8500000,66.000
17920_090101_130416,D,20090605,000000,7.2000000,7.2300000,6.8720000,6.8990000,11.800
17920_090101_130416,D,20090608,000000,6.8700000,6.9000000,6.7110000,6.8500000,25.000
17920_090101_130416,D,20090609,000000,6.8800000,6.9990000,6.7810000,6.9990000,54.700
17920_090101_130416,D,20090610,000000,6.9250000,6.9500000,6.8010000,6.8500000,60.300
17920_090101_130416,D,20090611,000000,6.8900000,6.9700000,6.8700000,6.9500000,53.000
17920_090101_130416,D,20090615,000000,6.8000000,6.9370000,6.7500000,6.8500000,173.400
17920_090101_130416,D,20090616,000000,6.7500000,7.1820000,6.6000000,7.0980000,239.900
17920_090101_130416,D,20090617,000000,6.9610000,7.0200000,6.8200000,6.9400000,227.000
17920_090101_130416,D,20090618,000000,6.8040000,6.9870000,6.5010000,6.7410000,43.400
17920_090101_130416,D,20090619,000000,6.5400000,6.8500000,6.5400000,6.8500000,62.800
17920_090101_130416,D,20090622,000000,6.7000000,6.7980000,6.6000000,6.6000000,57.000
17920_090101_130416,D,20090623,000000,6.5010000,6.8750000,6.3000000,6.8700000,520.800
17920_090101_130416,D,20090624,000000,6.9500000,7.0000000,6.8500000,7.0000000,148.300
17920_090101_130416,D,20090625,000000,6.8500000,6.9900000,6.8500000,6.8500000,5.000
17920_090101_130416,D,20090626,000000,6.9000000,7.0000000,6.8500000,6.9000000,81.400
17920_090101_130416,D,20090629,000000,6.9000000,7.0000000,6.7700000,6.8500000,62.600
17920_090101_130416,D,20090630,000000,6.9000000,7.0000000,6.8000000,6.8500000,27.900
17920_090101_130416,D,20090701,000000,6.8500000,6.9000000,6.8500000,6.9000000,74.700
17920_090101_130416,D,20090702,000000,6.8900000,7.0000000,6.7560000,6.7560000,33.300
17920_090101_130416,D,20090703,000000,6.9000000,6.9000000,6.7490000,6.9000000,83.400
17920_090101_130416,D,20090706,000000,6.8800000,6.8980000,6.2000000,6.6970000,45.900
17920_090101_130416,D,20090707,000000,6.5400000,6.6970000,6.5400000,6.6970000,12.000
17920_090101_130416,D,20090708,000000,6.7000000,6.7900000,6.3500000,6.5230000,18.800
17920_090101_130416,D,20090709,000000,6.6800000,6.6800000,6.3400000,6.4700000,21.400
17920_090101_130416,D,20090710,000000,6.4700000,6.4700000,6.0130000,6.3900000,67.300
17920_090101_130416,D,20090713,000000,6.1000000,6.5860000,6.0410000,6.5860000,54.100
17920_090101_130416,D,20090714,000000,6.5860000,6.5990000,6.5860000,6.5990000,5.400
17920_090101_130416,D,20090715,000000,6.4000000,6.5980000,6.4000000,6.5500000,6.400
17920_090101_130416,D,20090716,000000,6.5000000,6.5000000,6.3130000,6.4500000,800
17920_090101_130416,D,20090717,000000,6.4920000,6.5550000,6.3600000,6.5550000,33.200
17920_090101_130416,D,20090720,000000,6.8600000,6.8600000,6.4000000,6.4000000,14.100
17920_090101_130416,D,20090721,000000,6.5700000,6.7500000,6.4120000,6.7000000,81.000
17920_090101_130416,D,20090722,000000,6.5260000,6.8000000,6.5160000,6.7860000,1.300
17920_090101_130416,D,20090723,000000,6.7810000,6.7810000,6.5110000,6.7500000,18.500
17920_090101_130416,D,20090724,000000,6.7500000,7.0000000,6.7500000,7.0000000,102.900
17920_090101_130416,D,20090727,000000,6.8500000,7.2490000,6.8500000,7.2490000,279.300
17920_090101_130416,D,20090728,000000,7.2000000,7.2700000,7.1500000,7.2000000,213.700
17920_090101_130416,D,20090729,000000,7.1500000,7.4800000,7.1500000,7.4700000,116.400
17920_090101_130416,D,20090730,000000,7.3600000,7.7920000,7.3150000,7.7920000,32.700
17920_090101_130416,D,20090731,000000,7.7990000,7.8000000,7.2000000,7.8000000,94.700
17920_090101_130416,D,20090803,000000,7.8000000,7.8000000,7.4000000,7.4990000,26.500
17920_090101_130416,D,20090804,000000,7.5250000,7.5400000,7.5000000,7.5400000,19.000
17920_090101_130416,D,20090805,000000,7.6000000,7.7000000,7.5000000,7.5000000,44.700
17920_090101_130416,D,20090806,000000,7.6700000,7.9000000,7.6210000,7.7000000,107.000
17920_090101_130416,D,20090807,000000,7.6140000,7.7000000,7.5840000,7.7000000,231.600
17920_090101_130416,D,20090810,000000,7.7000000,7.9500000,7.5000000,7.7500000,236.500
17920_090101_130416,D,20090811,000000,7.7000000,7.8000000,7.7000000,7.7000000,4.500
17920_090101_130416,D,20090812,000000,7.8000000,7.8000000,7.8000000,7.8000000,12.400
17920_090101_130416,D,20090813,000000,7.7110000,7.9180000,7.6000000,7.9180000,38.500
17920_090101_130416,D,20090814,000000,7.7270000,7.8920000,7.7270000,7.8440000,1.900
17920_090101_130416,D,20090817,000000,7.7410000,7.7500000,7.6700000,7.6700000,373.200
17920_090101_130416,D,20090818,000000,7.7670000,7.8200000,7.7670000,7.8000000,122.900
17920_090101_130416,D,20090819,000000,7.7500000,7.8500000,7.6800000,7.6800000,35.200
17920_090101_130416,D,20090820,000000,7.7300000,7.7990000,7.6810000,7.7990000,16.100
17920_090101_130416,D,20090821,000000,7.8480000,7.9000000,7.7110000,7.8210000,67.100
17920_090101_130416,D,20090824,000000,7.8990000,7.8990000,7.7500000,7.7500000,47.400
17920_090101_130416,D,20090825,000000,7.7110000,8.2900000,7.7110000,8.0000000,367.500
17920_090101_130416,D,20090826,000000,7.9010000,8.2800000,7.9010000,8.2800000,12.700
17920_090101_130416,D,20090827,000000,8.3760000,8.9000000,8.3760000,8.8700000,108.000
17920_090101_130416,D,20090828,000000,8.8700000,9.0000000,8.7500000,8.8000000,75.600
17920_090101_130416,D,20090831,000000,8.6340000,9.0000000,8.6120000,8.7140000,88.100
17920_090101_130416,D,20090901,000000,8.9430000,9.4000000,8.6500000,8.6600000,91.900
17920_090101_130416,D,20090902,000000,9.0560000,9.0560000,8.9490000,9.0000000,19.300
17920_090101_130416,D,20090903,000000,9.0000000,9.4000000,9.0000000,9.1900000,7.100
17920_090101_130416,D,20090904,000000,9.0660000,9.1650000,8.9500000,9.0600000,131.100
17920_090101_130416,D,20090907,000000,8.9510000,9.7990000,8.9510000,9.6260000,14.400
17920_090101_130416,D,20090908,000000,9.4370000,10.0990000,9.4370000,10.0900000,21.100
17920_090101_130416,D,20090909,000000,10.1300000,10.5500000,10.1300000,10.5500000,23.300
17920_090101_130416,D,20090910,000000,10.8390000,11.0000000,10.6000000,10.6960000,680.400
17920_090101_130416,D,20090911,000000,10.5510000,10.7000000,10.2280000,10.5500000,62.900
17920_090101_130416,D,20090914,000000,10.5500000,10.5500000,10.1150000,10.1990000,75.300
17920_090101_130416,D,20090915,000000,10.1000000,10.3190000,10.0100000,10.3000000,88.100
17920_090101_130416,D,20090916,000000,10.5000000,10.5000000,10.2000000,10.2000000,34.800
17920_090101_130416,D,20090917,000000,10.2980000,10.3000000,10.1410000,10.1410000,8.200
17920_090101_130416,D,20090918,000000,10.2510000,10.7000000,10.1220000,10.4500000,47.100
17920_090101_130416,D,20090921,000000,10.6990000,10.6990000,10.0000000,10.4000000,55.300
17920_090101_130416,D,20090922,000000,10.2520000,10.5700000,10.1530000,10.5000000,10.000
17920_090101_130416,D,20090923,000000,10.0110000,10.3750000,10.0110000,10.1840000,4.900
17920_090101_130416,D,20090924,000000,10.1780000,10.5000000,10.1000000,10.1000000,7.600
17920_090101_130416,D,20090925,000000,10.0000000,10.3520000,9.8540000,10.0010000,22.400
17920_090101_130416,D,20090928,000000,10.2700000,10.5000000,10.1750000,10.3110000,35.600
17920_090101_130416,D,20090929,000000,10.3200000,10.4500000,10.3200000,10.4370000,14.900
17920_090101_130416,D,20090930,000000,10.4000000,10.4000000,10.1990000,10.3570000,2.200
17920_090101_130416,D,20091001,000000,10.1020000,10.5000000,10.1020000,10.5000000,230.400
17920_090101_130416,D,20091002,000000,10.1670000,10.3300000,10.0880000,10.2500000,20.900
17920_090101_130416,D,20091005,000000,10.1000000,10.4500000,10.1000000,10.3000000,23.300
17920_090101_130416,D,20091006,000000,10.4000000,10.4000000,10.1600000,10.1630000,55.000
17920_090101_130416,D,20091007,000000,10.0970000,10.2200000,10.0310000,10.2000000,4.700
17920_090101_130416,D,20091008,000000,10.3310000,10.3310000,10.1710000,10.2490000,42.400
17920_090101_130416,D,20091009,000000,10.3000000,10.3000000,10.2000000,10.2500000,22.600
17920_090101_130416,D,20091012,000000,10.0210000,10.2690000,10.0110000,10.2500000,36.900
17920_090101_130416,D,20091013,000000,10.3400000,10.3400000,10.0000000,10.0500000,116.000
17920_090101_130416,D,20091014,000000,10.1740000,10.4500000,10.1740000,10.3000000,79.800
17920_090101_130416,D,20091015,000000,10.3500000,10.3500000,10.0670000,10.1000000,138.000
17920_090101_130416,D,20091016,000000,10.2900000,10.3200000,10.0750000,10.1200000,40.400
17920_090101_130416,D,20091019,000000,10.2000000,10.2000000,10.0900000,10.1000000,17.100
17920_090101_130416,D,20091020,000000,10.1200000,10.2100000,10.1200000,10.2000000,39.300
17920_090101_130416,D,20091021,000000,10.1200000,10.1900000,9.7000000,10.1870000,50.900
17920_090101_130416,D,20091022,000000,9.8500000,10.1420000,9.8320000,10.1350000,130.000
17920_090101_130416,D,20091023,000000,10.1000000,10.5100000,10.1000000,10.4000000,1.155.000
17920_090101_130416,D,20091026,000000,10.5970000,10.9900000,10.4300000,10.4500000,493.600
17920_090101_130416,D,20091027,000000,10.4990000,10.5000000,10.1090000,10.3440000,52.400
17920_090101_130416,D,20091028,000000,10.3000000,10.3000000,9.9000000,9.9000000,158.500
17920_090101_130416,D,20091029,000000,10.0970000,10.0970000,9.3200000,10.0000000,199.400
17920_090101_130416,D,20091030,000000,10.3000000,10.3000000,9.7210000,9.7570000,20.200
17920_090101_130416,D,20091102,000000,9.9690000,9.9700000,9.8000000,9.9600000,21.800
17920_090101_130416,D,20091103,000000,9.7800000,10.0100000,9.7800000,10.0000000,26.700
17920_090101_130416,D,20091105,000000,10.0000000,10.2000000,9.8900000,10.2000000,47.600
17920_090101_130416,D,20091106,000000,10.2000000,10.2490000,10.0000000,10.1360000,11.100
17920_090101_130416,D,20091109,000000,10.0330000,10.2500000,9.9540000,10.2500000,193.500
17920_090101_130416,D,20091110,000000,10.2100000,10.2900000,10.0510000,10.2500000,73.500
17920_090101_130416,D,20091111,000000,10.2010000,10.4830000,10.2000000,10.4830000,191.600
17920_090101_130416,D,20091112,000000,10.4830000,10.4830000,10.2000000,10.3990000,59.400
17920_090101_130416,D,20091113,000000,10.2580000,10.7900000,10.2010000,10.7820000,98.500
17920_090101_130416,D,20091116,000000,10.7900000,10.9490000,10.6980000,10.8200000,390.300
17920_090101_130416,D,20091117,000000,10.7240000,10.9990000,10.6890000,10.9910000,20.500
17920_090101_130416,D,20091118,000000,11.0000000,11.1000000,10.9100000,10.9990000,69.700
17920_090101_130416,D,20091119,000000,10.9500000,11.0980000,10.1000000,11.0980000,66.100
17920_090101_130416,D,20091120,000000,11.0000000,11.2500000,11.0000000,11.2500000,157.200
17920_090101_130416,D,20091123,000000,11.2000000,11.9920000,11.2000000,11.9920000,44.200
17920_090101_130416,D,20091124,000000,11.5430000,11.8800000,11.5110000,11.6500000,51.800
17920_090101_130416,D,20091125,000000,11.8840000,11.8840000,11.3230000,11.4770000,32.800
17920_090101_130416,D,20091126,000000,11.1510000,11.5000000,11.1510000,11.3000000,41.400
17920_090101_130416,D,20091127,000000,11.0500000,11.6280000,10.6500000,11.5000000,180.200
17920_090101_130416,D,20091130,000000,11.8200000,11.9990000,11.7000000,11.9100000,68.300
17920_090101_130416,D,20091201,000000,11.9990000,12.9800000,11.9990000,12.4500000,179.300
17920_090101_130416,D,20091202,000000,12.5950000,12.5970000,12.4000000,12.5070000,9.200
17920_090101_130416,D,20091203,000000,12.8900000,12.8900000,12.4490000,12.6970000,41.400
17920_090101_130416,D,20091204,000000,12.5000000,12.8000000,12.3520000,12.4610000,9.600
17920_090101_130416,D,20091207,000000,12.2010000,12.8500000,12.0000000,12.5000000,27.100
17920_090101_130416,D,20091208,000000,12.5000000,12.6000000,12.3160000,12.3160000,31.100
17920_090101_130416,D,20091209,000000,12.4000000,12.5000000,12.2550000,12.2550000,19.000
17920_090101_130416,D,20091210,000000,12.3000000,12.4990000,12.1050000,12.4990000,72.700
17920_090101_130416,D,20091211,000000,12.4990000,12.7000000,12.3000000,12.3520000,23.400
17920_090101_130416,D,20091214,000000,12.8900000,13.1000000,12.6300000,12.8850000,94.800
17920_090101_130416,D,20091215,000000,12.7240000,12.9490000,12.4070000,12.7040000,17.700
17920_090101_130416,D,20091216,000000,12.7810000,13.2000000,12.6500000,12.7000000,179.300
17920_090101_130416,D,20091217,000000,12.9000000,12.9500000,12.5550000,12.6920000,46.000
17920_090101_130416,D,20091218,000000,12.8650000,12.9000000,12.5550000,12.9000000,27.100
17920_090101_130416,D,20091221,000000,12.6060000,12.9500000,12.6060000,12.8500000,36.900
17920_090101_130416,D,20091222,000000,12.7080000,12.7730000,12.5000000,12.5000000,30.300
17920_090101_130416,D,20091223,000000,12.5760000,12.6500000,12.5000000,12.6500000,45.000
17920_090101_130416,D,20091224,000000,12.6000000,12.6500000,12.5500000,12.6000000,140.400
17920_090101_130416,D,20091225,000000,12.5900000,12.7000000,12.5700000,12.5700000,301.700
17920_090101_130416,D,20091228,000000,12.5980000,12.6000000,12.5200000,12.6000000,21.200
17920_090101_130416,D,20091229,000000,12.6000000,12.6000000,12.3540000,12.4930000,183.100
17920_090101_130416,D,20091230,000000,12.6250000,13.8800000,12.1010000,12.3970000,584.700
17920_090101_130416,D,20091231,000000,12.5700000,12.5700000,12.2230000,12.4370000,11.900
17920_090101_130416,D,20100111,000000,12.5000000,12.6500000,12.4790000,12.5590000,457.400
17920_090101_130416,D,20100112,000000,12.4990000,12.5000000,12.2500000,12.3530000,92.600
17920_090101_130416,D,20100113,000000,12.3690000,12.4800000,12.2500000,12.3200000,1.119.600
17920_090101_130416,D,20100114,000000,12.4100000,12.4500000,12.4000000,12.4400000,355.400
17920_090101_130416,D,20100115,000000,12.4400000,12.6000000,12.3420000,12.5990000,1.272.200
17920_090101_130416,D,20100118,000000,12.4200000,12.5050000,12.3020000,12.4800000,165.900
17920_090101_130416,D,20100119,000000,12.4000000,12.5000000,12.3110000,12.4900000,612.800
17920_090101_130416,D,20100120,000000,12.5550000,12.6300000,12.4510000,12.5440000,429.100
17920_090101_130416,D,20100121,000000,12.5000000,12.6600000,12.3200000,12.5000000,728.600
17920_090101_130416,D,20100122,000000,12.4500000,12.6500000,12.3020000,12.4500000,317.600
17920_090101_130416,D,20100125,000000,12.5990000,12.6100000,12.5000000,12.5500000,378.700
17920_090101_130416,D,20100126,000000,12.5210000,12.6100000,12.5000000,12.5990000,160.700
17920_090101_130416,D,20100127,000000,12.5990000,13.4500000,12.5990000,13.1000000,671.700
17920_090101_130416,D,20100128,000000,13.4590000,13.9990000,13.3970000,13.6900000,413.700
17920_090101_130416,D,20100129,000000,13.7010000,13.9600000,13.4000000,13.5500000,164.400
17920_090101_130416,D,20100201,000000,13.5000000,13.5260000,13.1320000,13.1900000,243.400
17920_090101_130416,D,20100202,000000,13.0650000,13.4990000,12.9010000,13.3000000,432.600
17920_090101_130416,D,20100203,000000,13.3450000,13.5000000,13.2100000,13.3000000,506.600
17920_090101_130416,D,20100204,000000,13.2120000,13.3000000,12.9020000,13.1800000,91.600
17920_090101_130416,D,20100205,000000,12.8000000,13.0000000,12.6010000,13.0000000,228.900
17920_090101_130416,D,20100208,000000,12.9990000,13.5500000,12.7500000,12.7500000,195.400
17920_090101_130416,D,20100209,000000,13.0790000,13.1000000,12.8000000,12.9000000,94.500
17920_090101_130416,D,20100210,000000,13.0000000,13.0000000,12.8450000,12.8550000,55.700
17920_090101_130416,D,20100211,000000,12.8560000,13.0980000,12.8560000,13.0000000,133.600
17920_090101_130416,D,20100212,000000,13.1990000,13.2500000,13.0000000,13.1000000,426.100
17920_090101_130416,D,20100215,000000,13.1500000,13.2390000,13.0650000,13.2000000,120.100
17920_090101_130416,D,20100216,000000,13.2100000,13.5900000,12.9020000,13.5900000,453.500
17920_090101_130416,D,20100217,000000,13.6000000,14.8000000,13.6000000,14.7500000,1.518.000
17920_090101_130416,D,20100218,000000,14.6000000,14.8000000,14.1130000,14.7240000,314.700
17920_090101_130416,D,20100219,000000,14.1800000,14.6900000,14.1800000,14.5720000,231.700
17920_090101_130416,D,20100224,000000,14.9400000,14.9690000,14.3000000,14.6560000,339.600
17920_090101_130416,D,20100225,000000,14.7810000,15.0000000,14.5970000,14.7500000,440.000
17920_090101_130416,D,20100226,000000,14.7500000,14.9250000,14.7500000,14.8990000,113.200
17920_090101_130416,D,20100227,000000,14.9470000,15.1950000,14.9470000,15.1350000,282.700
17920_090101_130416,D,20100301,000000,15.1000000,15.3500000,15.1000000,15.2890000,475.600
17920_090101_130416,D,20100302,000000,15.2500000,15.4680000,15.0210000,15.2000000,154.300
17920_090101_130416,D,20100303,000000,15.2800000,15.3000000,15.1000000,15.2490000,708.800
17920_090101_130416,D,20100304,000000,15.2010000,15.2500000,15.0010000,15.1490000,506.900
17920_090101_130416,D,20100305,000000,15.1500000,15.4500000,15.1500000,15.2500000,661.400
17920_090101_130416,D,20100309,000000,15.2500000,15.2900000,15.1200000,15.1900000,263.400
17920_090101_130416,D,20100310,000000,15.1900000,15.3000000,15.0720000,15.1000000,634.600
17920_090101_130416,D,20100311,000000,15.1900000,15.2400000,15.0300000,15.0990000,1.451.200
17920_090101_130416,D,20100312,000000,15.1000000,15.1700000,15.0900000,15.1200000,715.200
17920_090101_130416,D,20100315,000000,15.1200000,15.1500000,15.0200000,15.1000000,589.900
17920_090101_130416,D,20100316,000000,15.1000000,15.1100000,14.9560000,14.9800000,330.000
17920_090101_130416,D,20100317,000000,14.9800000,15.0700000,14.9000000,15.0480000,1.515.900
17920_090101_130416,D,20100318,000000,15.0990000,15.2200000,15.0800000,15.2190000,636.000
17920_090101_130416,D,20100319,000000,15.2500000,15.3780000,15.0390000,15.1390000,413.700
17920_090101_130416,D,20100322,000000,15.0020000,15.1300000,14.0000000,15.0990000,319.200
17920_090101_130416,D,20100323,000000,15.1000000,15.1340000,14.9710000,15.0490000,291.300
17920_090101_130416,D,20100324,000000,15.0000000,15.1000000,14.8500000,14.8600000,456.000
17920_090101_130416,D,20100325,000000,14.8600000,14.8600000,14.6310000,14.7940000,265.800
17920_090101_130416,D,20100326,000000,14.7940000,14.8700000,14.6000000,14.8690000,369.400
17920_090101_130416,D,20100329,000000,14.8000000,14.9000000,14.1010000,14.7400000,1.103.500
17920_090101_130416,D,20100330,000000,14.8000000,14.8000000,14.3200000,14.5500000,625.800
17920_090101_130416,D,20100331,000000,14.6000000,15.0000000,14.5700000,14.9500000,3.123.200
17920_090101_130416,D,20100401,000000,14.9500000,15.2500000,14.8510000,15.0490000,1.808.400
17920_090101_130416,D,20100402,000000,15.0600000,15.2490000,14.9000000,15.2400000,1.735.400
17920_090101_130416,D,20100405,000000,14.8510000,14.8800000,13.3000000,14.0010000,3.114.100
17920_090101_130416,D,20100406,000000,13.9800000,13.9990000,13.5000000,13.5830000,720.200
17920_090101_130416,D,20100407,000000,13.5900000,13.6000000,13.3100000,13.4030000,396.700
17920_090101_130416,D,20100408,000000,13.3000000,13.4990000,13.1650000,13.4990000,274.100
17920_090101_130416,D,20100409,000000,13.5500000,13.8180000,13.5250000,13.7000000,425.200
17920_090101_130416,D,20100412,000000,13.6990000,13.7830000,13.5300000,13.6310000,180.600
17920_090101_130416,D,20100413,000000,13.5000000,13.7040000,13.4010000,13.6210000,413.800
17920_090101_130416,D,20100414,000000,13.7460000,13.7460000,13.5010000,13.5300000,166.700
17920_090101_130416,D,20100415,000000,13.6000000,13.6000000,13.2000000,13.3150000,278.700
17920_090101_130416,D,20100416,000000,13.2120000,13.2250000,13.0210000,13.1450000,157.800
17920_090101_130416,D,20100419,000000,13.0150000,13.0150000,12.1770000,12.2530000,927.100
17920_090101_130416,D,20100420,000000,12.5000000,12.6930000,12.2000000,12.2500000,572.100
17920_090101_130416,D,20100421,000000,12.3720000,12.3720000,11.7660000,11.8330000,380.200
17920_090101_130416,D,20100422,000000,11.8330000,11.9330000,11.3700000,11.4160000,931.400
17920_090101_130416,D,20100423,000000,11.3290000,11.5640000,11.3120000,11.5200000,241.700
17920_090101_130416,D,20100426,000000,11.6800000,11.9000000,11.5900000,11.8500000,321.600
17920_090101_130416,D,20100427,000000,11.9000000,11.9000000,11.6000000,11.7860000,377.600
17920_090101_130416,D,20100428,000000,11.5800000,11.5890000,11.3000000,11.5490000,233.600
17920_090101_130416,D,20100429,000000,11.5470000,11.7000000,11.5100000,11.6990000,166.100
17920_090101_130416,D,20100430,000000,11.7200000,11.9200000,11.5120000,11.9000000,158.300
17920_090101_130416,D,20100504,000000,11.9000000,12.0110000,11.5000000,11.5100000,112.800
17920_090101_130416,D,20100505,000000,11.3010000,11.3870000,10.9000000,11.0200000,357.100
17920_090101_130416,D,20100506,000000,11.0000000,11.0010000,10.8000000,10.9970000,140.100
17920_090101_130416,D,20100507,000000,10.7020000,10.7020000,10.0000000,10.0000000,549.900
17920_090101_130416,D,20100511,000000,10.4030000,10.4030000,9.7710000,10.0280000,304.100
17920_090101_130416,D,20100512,000000,9.9020000,10.3990000,9.7760000,10.3990000,494.100
17920_090101_130416,D,20100513,000000,10.4100000,10.7800000,10.0010000,10.2250000,454.900
17920_090101_130416,D,20100514,000000,10.1020000,10.2000000,9.9200000,10.1400000,389.300
17920_090101_130416,D,20100517,000000,9.9550000,10.1200000,9.9230000,10.1160000,82.900
17920_090101_130416,D,20100518,000000,10.1110000,10.4000000,10.1100000,10.3000000,292.400
17920_090101_130416,D,20100519,000000,10.2500000,10.2500000,9.8100000,10.2010000,248.300
17920_090101_130416,D,20100520,000000,10.1990000,10.2980000,9.0500000,9.6970000,340.600
17920_090101_130416,D,20100521,000000,9.6980000,9.6980000,9.0110000,9.5100000,254.400
17920_090101_130416,D,20100524,000000,9.7000000,9.9470000,9.4190000,9.5800000,79.700
17920_090101_130416,D,20100525,000000,9.4940000,9.4940000,8.9900000,9.1350000,165.100
17920_090101_130416,D,20100526,000000,9.3450000,9.4370000,9.0990000,9.4350000,186.600
17920_090101_130416,D,20100527,000000,9.4500000,9.9500000,9.4500000,9.9210000,410.300
17920_090101_130416,D,20100528,000000,10.0000000,10.2500000,9.7170000,10.1040000,330.000
17920_090101_130416,D,20100531,000000,10.1990000,10.2880000,9.9230000,10.2500000,224.200
17920_090101_130416,D,20100601,000000,9.9860000,10.2500000,9.8510000,10.2500000,97.800
17920_090101_130416,D,20100602,000000,10.2490000,10.2500000,10.0100000,10.2500000,129.400
17920_090101_130416,D,20100603,000000,10.2500000,10.3890000,10.1600000,10.2500000,270.000
17920_090101_130416,D,20100604,000000,10.2500000,10.3230000,10.0200000,10.3230000,176.200
17920_090101_130416,D,20100607,000000,10.0500000,10.1990000,9.8000000,10.1430000,75.700
17920_090101_130416,D,20100608,000000,10.2900000,10.2960000,10.0600000,10.0990000,31.900
17920_090101_130416,D,20100609,000000,10.0990000,10.1930000,10.0000000,10.0740000,11.900
17920_090101_130416,D,20100610,000000,10.0030000,10.1590000,9.9550000,10.0000000,56.800
17920_090101_130416,D,20100611,000000,9.9000000,9.9900000,9.7600000,9.9840000,65.100
17920_090101_130416,D,20100615,000000,9.9870000,10.1780000,9.2370000,10.0020000,109.600
17920_090101_130416,D,20100616,000000,10.1700000,10.1980000,9.9200000,10.0980000,154.300
17920_090101_130416,D,20100617,000000,10.0990000,10.3250000,9.9580000,10.0000000,432.400
17920_090101_130416,D,20100618,000000,10.1940000,10.1940000,9.9910000,10.1410000,42.300
17920_090101_130416,D,20100621,000000,10.1920000,10.2150000,10.0020000,10.2000000,394.600
17920_090101_130416,D,20100622,000000,10.0950000,10.1780000,10.0000000,10.1570000,120.600
17920_090101_130416,D,20100623,000000,10.0000000,10.1000000,10.0000000,10.0880000,92.800
17920_090101_130416,D,20100624,000000,10.1100000,10.1480000,9.7000000,10.0000000,86.600
17920_090101_130416,D,20100625,000000,10.0950000,10.1000000,9.7560000,10.0590000,118.700
17920_090101_130416,D,20100628,000000,10.0690000,10.0890000,9.8010000,9.9650000,31.300
17920_090101_130416,D,20100629,000000,9.7500000,9.9100000,9.4670000,9.4680000,147.900
17920_090101_130416,D,20100630,000000,9.5000000,9.5900000,9.4000000,9.4370000,27.000
17920_090101_130416,D,20100701,000000,9.3450000,9.3830000,9.0500000,9.0510000,109.000
17920_090101_130416,D,20100702,000000,9.0500000,9.2140000,9.0500000,9.1590000,77.900
17920_090101_130416,D,20100705,000000,9.2670000,9.2920000,9.0520000,9.1590000,41.700
17920_090101_130416,D,20100706,000000,9.2790000,9.3980000,9.2120000,9.3880000,103.600
17920_090101_130416,D,20100707,000000,9.2200000,9.3650000,9.0650000,9.1670000,85.900
17920_090101_130416,D,20100708,000000,9.2500000,9.3900000,9.1640000,9.3370000,19.300
17920_090101_130416,D,20100709,000000,9.2190000,9.3430000,9.1510000,9.3080000,9.600
17920_090101_130416,D,20100712,000000,9.2000000,9.3970000,9.0630000,9.3800000,76.500
17920_090101_130416,D,20100713,000000,9.3110000,9.6780000,9.2990000,9.5660000,125.000
17920_090101_130416,D,20100714,000000,9.3980000,9.5980000,9.3980000,9.4960000,41.200
17920_090101_130416,D,20100715,000000,9.6780000,9.6780000,9.3930000,9.3940000,89.300
17920_090101_130416,D,20100716,000000,9.4200000,9.4490000,9.1000000,9.2600000,55.600
17920_090101_130416,D,20100719,000000,9.3500000,9.4430000,9.1980000,9.4360000,34.400
17920_090101_130416,D,20100720,000000,9.2570000,9.5380000,9.2570000,9.4490000,50.900
17920_090101_130416,D,20100721,000000,9.4450000,9.6470000,9.4100000,9.6010000,132.000
17920_090101_130416,D,20100722,000000,9.5000000,9.6100000,9.4500000,9.6100000,51.900
17920_090101_130416,D,20100723,000000,9.6500000,9.7350000,9.6100000,9.6500000,16.100
17920_090101_130416,D,20100726,000000,9.6000000,9.7500000,9.5790000,9.7480000,211.800
17920_090101_130416,D,20100727,000000,9.7470000,9.8010000,9.4600000,9.7000000,239.200
17920_090101_130416,D,20100728,000000,9.7000000,9.7490000,9.6000000,9.6000000,143.900
17920_090101_130416,D,20100729,000000,9.5690000,9.7500000,9.5690000,9.7200000,251.700
17920_090101_130416,D,20100730,000000,9.6150000,9.6770000,9.4800000,9.6560000,55.100
17920_090101_130416,D,20100802,000000,9.7400000,9.9480000,9.7000000,9.9410000,356.300
17920_090101_130416,D,20100803,000000,9.9940000,9.9970000,9.6790000,9.8000000,151.000
17920_090101_130416,D,20100804,000000,9.7990000,9.8420000,9.6990000,9.8190000,121.900
17920_090101_130416,D,20100805,000000,9.8250000,9.8250000,9.6310000,9.6550000,74.400
17920_090101_130416,D,20100806,000000,9.7300000,9.8000000,9.5120000,9.7990000,107.700
17920_090101_130416,D,20100809,000000,9.7990000,10.4400000,9.7990000,10.3890000,1.071.700
17920_090101_130416,D,20100810,000000,10.3040000,10.3110000,9.9010000,10.1000000,416.500
17920_090101_130416,D,20100811,000000,10.0200000,10.0200000,9.7830000,9.8380000,283.600
17920_090101_130416,D,20100812,000000,9.7560000,9.8510000,9.7050000,9.8000000,176.800
17920_090101_130416,D,20100813,000000,9.8000000,10.0490000,9.8000000,9.8120000,65.400
17920_090101_130416,D,20100816,000000,9.9900000,9.9900000,9.5600000,9.6600000,239.800
17920_090101_130416,D,20100817,000000,9.7330000,9.9900000,9.6430000,9.8970000,251.400
17920_090101_130416,D,20100818,000000,9.8810000,9.9990000,9.8030000,9.8940000,179.100
17920_090101_130416,D,20100819,000000,9.9270000,10.0250000,9.8010000,9.8010000,184.600
17920_090101_130416,D,20100820,000000,9.8000000,9.8480000,9.7030000,9.7760000,175.500
17920_090101_130416,D,20100823,000000,9.7180000,9.7590000,9.6920000,9.7580000,123.400
17920_090101_130416,D,20100824,000000,9.9700000,9.9700000,9.5000000,9.5500000,189.600
17920_090101_130416,D,20100825,000000,9.5100000,9.5990000,9.3000000,9.4810000,124.500
17920_090101_130416,D,20100826,000000,9.5740000,9.7000000,9.4600000,9.6330000,88.500
17920_090101_130416,D,20100827,000000,9.7020000,9.7870000,9.5610000,9.6690000,36.500
17920_090101_130416,D,20100830,000000,9.8990000,9.8990000,9.6560000,9.6580000,131.100
17920_090101_130416,D,20100831,000000,9.6520000,9.6550000,9.5050000,9.6150000,44.100
17920_090101_130416,D,20100901,000000,9.6870000,9.6920000,9.5230000,9.6900000,119.400
17920_090101_130416,D,20100902,000000,9.6800000,9.7950000,9.6280000,9.6460000,83.100
17920_090101_130416,D,20100903,000000,9.6150000,9.7990000,9.6000000,9.7870000,104.000
17920_090101_130416,D,20100906,000000,9.6140000,9.8840000,9.6130000,9.8620000,140.100
17920_090101_130416,D,20100907,000000,9.8300000,9.9400000,9.7990000,9.9000000,137.000
17920_090101_130416,D,20100908,000000,9.8510000,10.1110000,9.8510000,9.9980000,624.200
17920_090101_130416,D,20100909,000000,10.0000000,10.2100000,9.9100000,10.1620000,304.000
17920_090101_130416,D,20100910,000000,10.1500000,10.1950000,10.0000000,10.1910000,280.700
17920_090101_130416,D,20100913,000000,10.1700000,10.3380000,10.1700000,10.3000000,197.600
17920_090101_130416,D,20100914,000000,10.3000000,10.3000000,9.9110000,10.1950000,249.800
17920_090101_130416,D,20100915,000000,10.1360000,10.1360000,10.0100000,10.0690000,130.500
17920_090101_130416,D,20100916,000000,10.0100000,10.2520000,9.9030000,10.2000000,325.300
17920_090101_130416,D,20100917,000000,10.1810000,10.3000000,10.1440000,10.1650000,305.800
17920_090101_130416,D,20100920,000000,10.1090000,10.2540000,10.1090000,10.1900000,27.800
17920_090101_130416,D,20100921,000000,10.1920000,10.1920000,10.0400000,10.1500000,80.500
17920_090101_130416,D,20100922,000000,10.0700000,10.1090000,9.9330000,10.0130000,181.800
17920_090101_130416,D,20100923,000000,9.9990000,10.0850000,9.9600000,10.0850000,215.000
17920_090101_130416,D,20100924,000000,9.9710000,10.0330000,9.9500000,9.9990000,60.700
17920_090101_130416,D,20100927,000000,10.0010000,10.0010000,9.9150000,9.9150000,293.100
17920_090101_130416,D,20100928,000000,9.9110000,9.9790000,9.9060000,9.9790000,37.500
17920_090101_130416,D,20100929,000000,9.9520000,10.3000000,9.9000000,10.3000000,449.300
17920_090101_130416,D,20100930,000000,10.2470000,10.3000000,10.0350000,10.1570000,120.400
17920_090101_130416,D,20101001,000000,10.1590000,10.2000000,10.0000000,10.1000000,198.100
17920_090101_130416,D,20101004,000000,10.1760000,10.3980000,10.1010000,10.2300000,192.300
17920_090101_130416,D,20101005,000000,10.2340000,10.3420000,10.0630000,10.2340000,104.000
17920_090101_130416,D,20101006,000000,10.2640000,10.3990000,10.2200000,10.3230000,179.000
17920_090101_130416,D,20101007,000000,10.2160000,10.3740000,10.0870000,10.1900000,147.400
17920_090101_130416,D,20101008,000000,10.1900000,10.1900000,10.1100000,10.1530000,43.700
17920_090101_130416,D,20101011,000000,10.1540000,10.1950000,10.1000000,10.1950000,59.700
17920_090101_130416,D,20101012,000000,10.1530000,10.1630000,10.1000000,10.1020000,64.300
17920_090101_130416,D,20101013,000000,10.1540000,10.3000000,10.1380000,10.1410000,23.400
17920_090101_130416,D,20101014,000000,10.1540000,10.1900000,10.1000000,10.1280000,62.900
17920_090101_130416,D,20101015,000000,10.1460000,10.2900000,10.1000000,10.1500000,58.500
17920_090101_130416,D,20101018,000000,10.1850000,10.3290000,10.1000000,10.3000000,87.200
17920_090101_130416,D,20101019,000000,10.2120000,10.3000000,10.1000000,10.1820000,164.100
17920_090101_130416,D,20101020,000000,10.1290000,10.1790000,10.0020000,10.1790000,190.700
17920_090101_130416,D,20101021,000000,10.1600000,10.2000000,10.0500000,10.1450000,106.800
17920_090101_130416,D,20101022,000000,10.0000000,10.1970000,10.0000000,10.1870000,223.200
17920_090101_130416,D,20101025,000000,10.1510000,10.4900000,10.1000000,10.2270000,1.093.200
17920_090101_130416,D,20101026,000000,10.3900000,10.3900000,10.2550000,10.2960000,236.000
17920_090101_130416,D,20101027,000000,10.2510000,10.4290000,10.2500000,10.4160000,190.100
17920_090101_130416,D,20101028,000000,10.4000000,11.2000000,10.4000000,11.0980000,1.374.600
17920_090101_130416,D,20101029,000000,11.1880000,11.2690000,11.0000000,11.0500000,318.200
17920_090101_130416,D,20101101,000000,11.2980000,11.2980000,10.9850000,11.0200000,267.900
17920_090101_130416,D,20101102,000000,11.2390000,11.2390000,10.9000000,11.0000000,177.000
17920_090101_130416,D,20101103,000000,11.1500000,11.5490000,11.0030000,11.5090000,582.700
17920_090101_130416,D,20101108,000000,11.6960000,11.7400000,11.3200000,11.4500000,204.400
17920_090101_130416,D,20101109,000000,11.4780000,11.7190000,11.3510000,11.4000000,268.400
17920_090101_130416,D,20101110,000000,11.2610000,11.4580000,11.2000000,11.3410000,160.800
17920_090101_130416,D,20101111,000000,11.3130000,11.5000000,11.3100000,11.3500000,273.600
17920_090101_130416,D,20101112,000000,11.3010000,11.3880000,11.2120000,11.3050000,140.200
17920_090101_130416,D,20101113,000000,11.3050000,11.3620000,11.3050000,11.3400000,26.800
17920_090101_130416,D,20101115,000000,11.3270000,11.4500000,11.3000000,11.3990000,124.000
17920_090101_130416,D,20101116,000000,11.2670000,11.4350000,11.2670000,11.3000000,128.400
17920_090101_130416,D,20101117,000000,11.2550000,11.4500000,11.1990000,11.4000000,226.900
17920_090101_130416,D,20101118,000000,11.4500000,11.8000000,11.4500000,11.7000000,148.400
17920_090101_130416,D,20101119,000000,11.7800000,11.7910000,11.5800000,11.6840000,108.700
17920_090101_130416,D,20101122,000000,11.6980000,11.7000000,11.5300000,11.5400000,208.600
17920_090101_130416,D,20101123,000000,11.5010000,11.5100000,11.1450000,11.2100000,172.100
17920_090101_130416,D,20101124,000000,11.2550000,11.5930000,11.2000000,11.5800000,214.500
17920_090101_130416,D,20101125,000000,11.4120000,11.5170000,11.1100000,11.5170000,64.200
17920_090101_130416,D,20101126,000000,11.2530000,11.4620000,11.2530000,11.4420000,12.700
17920_090101_130416,D,20101129,000000,11.4170000,11.5870000,11.4000000,11.4000000,137.400
17920_090101_130416,D,20101130,000000,11.4380000,11.7000000,11.4380000,11.6170000,280.100
17920_090101_130416,D,20101201,000000,11.6990000,11.9600000,11.6990000,11.8500000,236.600
17920_090101_130416,D,20101202,000000,11.9700000,11.9950000,11.7010000,11.8400000,209.300
17920_090101_130416,D,20101203,000000,11.8090000,11.8090000,11.5200000,11.6100000,84.300
17920_090101_130416,D,20101206,000000,11.7680000,11.8490000,11.6150000,11.6980000,81.300
17920_090101_130416,D,20101207,000000,11.6230000,11.7000000,11.5300000,11.5300000,306.200
17920_090101_130416,D,20101208,000000,11.5210000,11.7490000,11.5200000,11.7300000,48.400
17920_090101_130416,D,20101209,000000,11.7490000,11.8220000,11.5610000,11.8220000,108.200
17920_090101_130416,D,20101210,000000,11.7000000,11.7950000,11.6200000,11.7800000,159.400
17920_090101_130416,D,20101213,000000,11.8500000,11.9590000,11.7900000,11.9100000,272.500
17920_090101_130416,D,20101214,000000,11.8800000,12.0980000,11.8260000,12.0980000,347.300
17920_090101_130416,D,20101215,000000,11.9990000,13.3500000,11.9900000,13.0000000,1.711.100
17920_090101_130416,D,20101216,000000,12.8800000,13.4700000,12.8800000,13.2520000,739.800
17920_090101_130416,D,20101217,000000,13.4130000,13.6500000,13.3000000,13.3980000,507.500
17920_090101_130416,D,20101220,000000,13.3110000,13.3110000,13.0460000,13.2000000,174.800
17920_090101_130416,D,20101221,000000,13.2190000,13.2680000,13.1000000,13.2150000,214.600
17920_090101_130416,D,20101222,000000,13.1780000,13.3000000,13.1000000,13.2990000,207.400
17920_090101_130416,D,20101223,000000,13.2980000,13.2980000,13.1470000,13.1880000,55.400
17920_090101_130416,D,20101224,000000,13.1210000,13.2500000,13.0020000,13.1990000,161.500
17920_090101_130416,D,20101227,000000,13.1390000,13.2750000,13.0980000,13.2750000,195.500
17920_090101_130416,D,20101228,000000,13.2970000,13.2970000,13.1020000,13.1070000,25.200
17920_090101_130416,D,20101229,000000,13.1020000,13.1740000,13.1000000,13.1740000,86.200
17920_090101_130416,D,20101230,000000,13.1740000,13.3990000,13.1500000,13.3000000,318.700
17920_090101_130416,D,20110111,000000,13.2990000,14.3000000,13.2580000,14.1000000,1.426.900
17920_090101_130416,D,20110112,000000,14.1700000,14.5970000,13.9500000,14.5210000,1.117.500
17920_090101_130416,D,20110113,000000,14.7000000,14.7900000,14.0000000,14.1500000,349.700
17920_090101_130416,D,20110114,000000,14.0280000,14.4950000,14.0110000,14.4890000,185.200
17920_090101_130416,D,20110117,000000,14.5000000,14.7000000,14.3370000,14.6830000,410.800
17920_090101_130416,D,20110118,000000,14.5000000,14.8000000,14.3100000,14.5790000,351.800
17920_090101_130416,D,20110119,000000,14.6990000,14.7500000,14.3220000,14.7380000,535.100
17920_090101_130416,D,20110120,000000,14.7010000,14.7010000,14.1600000,14.4470000,568.600
17920_090101_130416,D,20110121,000000,14.4000000,14.7400000,14.1400000,14.6800000,556.200
17920_090101_130416,D,20110124,000000,14.7500000,14.7880000,14.3500000,14.7390000,1.327.300
17920_090101_130416,D,20110125,000000,14.6500000,14.6500000,14.5000000,14.6000000,120.700
17920_090101_130416,D,20110126,000000,14.5980000,14.6860000,14.3000000,14.6280000,200.400
17920_090101_130416,D,20110127,000000,14.6500000,14.8900000,14.5120000,14.8550000,892.300
17920_090101_130416,D,20110128,000000,14.8500000,14.8500000,14.5150000,14.5990000,392.900
17920_090101_130416,D,20110131,000000,14.4320000,14.7980000,14.3140000,14.6690000,1.096.800
17920_090101_130416,D,20110201,000000,14.7920000,14.8780000,14.6010000,14.7500000,320.900
17920_090101_130416,D,20110202,000000,14.7110000,14.7980000,14.4990000,14.5510000,903.900
17920_090101_130416,D,20110203,000000,14.6920000,14.6920000,14.2120000,14.3150000,323.100
17920_090101_130416,D,20110204,000000,14.4090000,14.5900000,14.3010000,14.5480000,232.700
17920_090101_130416,D,20110207,000000,14.5900000,14.7900000,14.3000000,14.7490000,1.452.700
17920_090101_130416,D,20110208,000000,14.7900000,15.0000000,14.6200000,14.7990000,1.033.100
17920_090101_130416,D,20110209,000000,14.8090000,14.9330000,14.5250000,14.8680000,358.500
17920_090101_130416,D,20110210,000000,14.8620000,14.8620000,14.4510000,14.6460000,482.800
17920_090101_130416,D,20110211,000000,14.6740000,14.8470000,14.6000000,14.8000000,275.500
17920_090101_130416,D,20110214,000000,14.8890000,14.9870000,14.6130000,14.8370000,416.600
17920_090101_130416,D,20110215,000000,14.7070000,14.9500000,14.6830000,14.7990000,74.400
17920_090101_130416,D,20110216,000000,14.8000000,14.8000000,14.5470000,14.7850000,309.000
17920_090101_130416,D,20110217,000000,14.8500000,14.8790000,14.6000000,14.6520000,72.100
17920_090101_130416,D,20110218,000000,14.7970000,14.7970000,14.6000000,14.6020000,102.800
17920_090101_130416,D,20110221,000000,14.7970000,14.7970000,14.6000000,14.6330000,162.300
17920_090101_130416,D,20110222,000000,14.7490000,14.7490000,14.3990000,14.4600000,305.800
17920_090101_130416,D,20110224,000000,14.3110000,14.3900000,12.9100000,14.2990000,623.000
17920_090101_130416,D,20110225,000000,14.3390000,14.4880000,14.2120000,14.4880000,16.800
17920_090101_130416,D,20110228,000000,14.4900000,14.7500000,14.4900000,14.6400000,218.400
17920_090101_130416,D,20110301,000000,14.6400000,14.6400000,14.4100000,14.4990000,79.400
17920_090101_130416,D,20110302,000000,14.5890000,14.5890000,14.3100000,14.3790000,99.800
17920_090101_130416,D,20110303,000000,14.3560000,14.3560000,14.2230000,14.3440000,65.300
17920_090101_130416,D,20110304,000000,14.3540000,14.4580000,14.3510000,14.4490000,32.300
17920_090101_130416,D,20110305,000000,14.4480000,14.6400000,14.0300000,14.5580000,130.300
17920_090101_130416,D,20110309,000000,14.6400000,14.6890000,14.4000000,14.5970000,220.400
17920_090101_130416,D,20110310,000000,14.5890000,14.5890000,14.3610000,14.4490000,38.800
17920_090101_130416,D,20110311,000000,14.4100000,14.5790000,14.3100000,14.4300000,246.000
17920_090101_130416,D,20110314,000000,14.4400000,14.6400000,14.0600000,14.4470000,309.000
17920_090101_130416,D,20110315,000000,14.2610000,14.2610000,13.2000000,13.6390000,620.200
17920_090101_130416,D,20110316,000000,13.9890000,13.9890000,13.7000000,13.7950000,136.100
17920_090101_130416,D,20110317,000000,13.8990000,14.0000000,13.8800000,13.9490000,23.900
17920_090101_130416,D,20110318,000000,14.0500000,14.2810000,14.0000000,14.2530000,225.900
17920_090101_130416,D,20110321,000000,14.2900000,14.4950000,14.1500000,14.3900000,345.000
17920_090101_130416,D,20110322,000000,14.4200000,14.4200000,13.9000000,14.2860000,171.100
17920_090101_130416,D,20110323,000000,14.2790000,14.2790000,13.8100000,14.1660000,258.500
17920_090101_130416,D,20110324,000000,14.1890000,14.3870000,13.9550000,14.0960000,300.900
17920_090101_130416,D,20110325,000000,14.0010000,14.2290000,13.5000000,14.0430000,264.900
17920_090101_130416,D,20110328,000000,13.9980000,14.2400000,13.9000000,14.2250000,525.000
17920_090101_130416,D,20110329,000000,14.2900000,14.4500000,14.2000000,14.3000000,1.918.600
17920_090101_130416,D,20110330,000000,14.5000000,14.7300000,14.3900000,14.7290000,1.053.600
17920_090101_130416,D,20110331,000000,14.7500000,14.8500000,14.3630000,14.6690000,1.152.000
17920_090101_130416,D,20110401,000000,14.5000000,14.6680000,14.3000000,14.4650000,975.800
17920_090101_130416,D,20110404,000000,13.6990000,13.6990000,13.0250000,13.4400000,1.672.800
17920_090101_130416,D,20110405,000000,13.4500000,13.6990000,13.2500000,13.5790000,570.900
17920_090101_130416,D,20110406,000000,13.5800000,13.6950000,13.2200000,13.6700000,523.900
17920_090101_130416,D,20110407,000000,13.5500000,13.7200000,13.5500000,13.7000000,276.400
17920_090101_130416,D,20110408,000000,13.6990000,13.8000000,13.4410000,13.6500000,489.400
17920_090101_130416,D,20110411,000000,13.7000000,13.7990000,13.6500000,13.7150000,216.900
17920_090101_130416,D,20110412,000000,13.6130000,13.7990000,13.3020000,13.4110000,465.400
17920_090101_130416,D,20110413,000000,13.4500000,13.7970000,13.4240000,13.6610000,100.300
17920_090101_130416,D,20110414,000000,13.7960000,13.8840000,13.3000000,13.6000000,408.700
17920_090101_130416,D,20110415,000000,13.5610000,13.9670000,13.5060000,13.7200000,178.400
17920_090101_130416,D,20110418,000000,13.7110000,13.9670000,13.1800000,13.2850000,709.400
17920_090101_130416,D,20110419,000000,13.2000000,13.8900000,13.0100000,13.7040000,742.800
17920_090101_130416,D,20110420,000000,13.7090000,13.7500000,13.6000000,13.6000000,50.200
17920_090101_130416,D,20110421,000000,13.6990000,13.9300000,13.6150000,13.7010000,1.289.600
17920_090101_130416,D,20110422,000000,13.6720000,13.7120000,13.4600000,13.5830000,122.500
17920_090101_130416,D,20110425,000000,13.6800000,13.9620000,13.6800000,13.7010000,167.800
17920_090101_130416,D,20110426,000000,13.6840000,13.6880000,13.4890000,13.5620000,182.300
17920_090101_130416,D,20110427,000000,13.5040000,13.6130000,13.5000000,13.5050000,11.100
17920_090101_130416,D,20110428,000000,13.5090000,13.8990000,13.4900000,13.6200000,152.800
17920_090101_130416,D,20110429,000000,13.6000000,14.1050000,13.6000000,13.8800000,317.300
17920_090101_130416,D,20110503,000000,13.5500000,14.2300000,13.5500000,13.7000000,351.100
17920_090101_130416,D,20110504,000000,13.6140000,13.9990000,13.5230000,13.8460000,806.900
17920_090101_130416,D,20110505,000000,13.7610000,13.7610000,13.6160000,13.6260000,85.200
17920_090101_130416,D,20110506,000000,13.6260000,13.8900000,13.6000000,13.8900000,31.500
17920_090101_130416,D,20110510,000000,13.8000000,14.0000000,13.7100000,13.8560000,209.200
17920_090101_130416,D,20110511,000000,13.8490000,13.8570000,13.7050000,13.7500000,17.400
17920_090101_130416,D,20110512,000000,13.8010000,13.9010000,13.4300000,13.8990000,154.800
17920_090101_130416,D,20110513,000000,13.8080000,13.8080000,13.7500000,13.7500000,40.600
17920_090101_130416,D,20110516,000000,13.7500000,13.9880000,13.7100000,13.7500000,70.700
17920_090101_130416,D,20110517,000000,13.7130000,13.7510000,13.6990000,13.7510000,40.000
17920_090101_130416,D,20110518,000000,13.7600000,14.4000000,13.7510000,14.0510000,710.300
17920_090101_130416,D,20110519,000000,14.1890000,14.3950000,14.1000000,14.3000000,146.000
17920_090101_130416,D,20110520,000000,14.3110000,14.3110000,13.8940000,14.0990000,276.900
17920_090101_130416,D,20110523,000000,14.0980000,14.0980000,13.8500000,13.9300000,62.400
17920_090101_130416,D,20110524,000000,13.9400000,14.1000000,13.8550000,14.0300000,59.700
17920_090101_130416,D,20110525,000000,13.9990000,14.0000000,13.8500000,13.8690000,47.600
17920_090101_130416,D,20110526,000000,13.8200000,13.8990000,13.8030000,13.8990000,30.400
17920_090101_130416,D,20110527,000000,13.8990000,13.9870000,13.8460000,13.9000000,21.800
17920_090101_130416,D,20110530,000000,13.8060000,13.8700000,13.8060000,13.8070000,900
17920_090101_130416,D,20110531,000000,13.9880000,13.9880000,13.8900000,13.8990000,21.500
17920_090101_130416,D,20110601,000000,13.8490000,13.9330000,13.7620000,13.7620000,9.500
17920_090101_130416,D,20110602,000000,13.7990000,13.8370000,13.7000000,13.8370000,5.100
17920_090101_130416,D,20110603,000000,13.8000000,13.8000000,13.6500000,13.6500000,12.100
17920_090101_130416,D,20110606,000000,13.6610000,13.7040000,13.6190000,13.6200000,15.300
17920_090101_130416,D,20110607,000000,13.7010000,13.9870000,13.5500000,13.8810000,46.900
17920_090101_130416,D,20110608,000000,13.8500000,14.0000000,13.7650000,13.8100000,88.700
17920_090101_130416,D,20110609,000000,13.8500000,13.9870000,13.8000000,13.9870000,63.800
17920_090101_130416,D,20110610,000000,13.9780000,14.0020000,13.9000000,13.9010000,74.800
17920_090101_130416,D,20110614,000000,14.0000000,14.0790000,13.9940000,14.0010000,39.800
17920_090101_130416,D,20110615,000000,14.0720000,14.2400000,14.0720000,14.2400000,80.200
17920_090101_130416,D,20110616,000000,14.0650000,14.2750000,14.0000000,14.0980000,703.100
17920_090101_130416,D,20110617,000000,14.1900000,14.1900000,13.9610000,14.0040000,243.500
17920_090101_130416,D,20110620,000000,13.9600000,14.0610000,13.9500000,14.0300000,50.500
17920_090101_130416,D,20110621,000000,13.9110000,14.1000000,13.9110000,14.0000000,164.400
17920_090101_130416,D,20110622,000000,14.0990000,14.1470000,14.0000000,14.0480000,60.300
17920_090101_130416,D,20110623,000000,14.0600000,14.0600000,13.9000000,13.9000000,4.700
17920_090101_130416,D,20110624,000000,13.9500000,13.9500000,13.9500000,13.9500000,1.200
17920_090101_130416,D,20110627,000000,13.9000000,13.9390000,13.8120000,13.8120000,14.800
17920_090101_130416,D,20110628,000000,13.9050000,13.9050000,13.8890000,13.8900000,24.200
17920_090101_130416,D,20110629,000000,13.8900000,14.0400000,13.8900000,13.9000000,24.700
17920_090101_130416,D,20110630,000000,13.9500000,14.0200000,13.9000000,14.0000000,12.400
17920_090101_130416,D,20110701,000000,14.0970000,14.1000000,13.9000000,13.9790000,150.700
17920_090101_130416,D,20110704,000000,14.0000000,14.0490000,13.8210000,14.0490000,490.600
17920_090101_130416,D,20110705,000000,14.0490000,14.2500000,14.0490000,14.1500000,169.800
17920_090101_130416,D,20110706,000000,14.1490000,14.2500000,14.0610000,14.0650000,60.900
17920_090101_130416,D,20110707,000000,14.1990000,14.4870000,14.1990000,14.4700000,74.100
17920_090101_130416,D,20110708,000000,14.3810000,14.5100000,14.3000000,14.5100000,83.500
17920_090101_130416,D,20110711,000000,14.4400000,14.5400000,14.4400000,14.4410000,30.500
17920_090101_130416,D,20110712,000000,14.4400000,14.4400000,14.3600000,14.3600000,4.300
17920_090101_130416,D,20110713,000000,14.4700000,14.6200000,14.4000000,14.4500000,20.500
17920_090101_130416,D,20110714,000000,14.5840000,14.7770000,14.5500000,14.6470000,188.800
17920_090101_130416,D,20110715,000000,14.6610000,14.7240000,14.5310000,14.7230000,44.500
17920_090101_130416,D,20110718,000000,14.7230000,14.7770000,14.6210000,14.6630000,62.500
17920_090101_130416,D,20110719,000000,14.6300000,14.9000000,14.5500000,14.7900000,145.300
17920_090101_130416,D,20110720,000000,14.8860000,14.8860000,14.7000000,14.8400000,76.700
17920_090101_130416,D,20110721,000000,14.8000000,14.8500000,14.7490000,14.7680000,48.400
17920_090101_130416,D,20110722,000000,14.8870000,14.8870000,14.8000000,14.8500000,10.500
17920_090101_130416,D,20110725,000000,14.8360000,14.8360000,14.6650000,14.8330000,215.000
17920_090101_130416,D,20110726,000000,14.7620000,14.8070000,14.7300000,14.8000000,48.800
17920_090101_130416,D,20110727,000000,14.7410000,14.8340000,14.7160000,14.8090000,330.600
17920_090101_130416,D,20110728,000000,14.7710000,15.2000000,14.7710000,15.0000000,452.300
17920_090101_130416,D,20110729,000000,14.9830000,15.0000000,14.8310000,14.9100000,22.200
17920_090101_130416,D,20110801,000000,14.9220000,15.1950000,14.7500000,15.0570000,170.100
17920_090101_130416,D,20110802,000000,15.1960000,15.1960000,14.9150000,14.9620000,71.500
17920_090101_130416,D,20110803,000000,14.8120000,14.9390000,14.4100000,14.6000000,176.100
17920_090101_130416,D,20110804,000000,14.6100000,14.7480000,14.5000000,14.5650000,243.400
17920_090101_130416,D,20110805,000000,14.4000000,14.5980000,13.7210000,14.0010000,355.700
17920_090101_130416,D,20110808,000000,13.7510000,14.0400000,13.5000000,13.6010000,224.900
17920_090101_130416,D,20110809,000000,13.4160000,13.7960000,13.2000000,13.7500000,738.000
17920_090101_130416,D,20110810,000000,13.7700000,14.2000000,13.7700000,13.8000000,90.600
17920_090101_130416,D,20110811,000000,13.9890000,13.9900000,13.7000000,13.9400000,335.700
17920_090101_130416,D,20110812,000000,13.5050000,14.4000000,13.5000000,14.1110000,35.800
17920_090101_130416,D,20110815,000000,14.1100000,14.6000000,14.0600000,14.6000000,144.300
17920_090101_130416,D,20110816,000000,14.5830000,14.7200000,14.5830000,14.6520000,119.300
17920_090101_130416,D,20110817,000000,14.7740000,14.8400000,14.6290000,14.7470000,89.900
17920_090101_130416,D,20110818,000000,14.6630000,14.8400000,14.5500000,14.5500000,35.800
17920_090101_130416,D,20110819,000000,14.3310000,14.4770000,14.3110000,14.4700000,42.200
17920_090101_130416,D,20110822,000000,14.4700000,14.5850000,14.4000000,14.5850000,101.000
17920_090101_130416,D,20110823,000000,14.5900000,14.7400000,14.5700000,14.5700000,22.900
17920_090101_130416,D,20110824,000000,14.6880000,14.8000000,14.6880000,14.6970000,6.000
17920_090101_130416,D,20110825,000000,14.7010000,14.8400000,14.6500000,14.7900000,33.100
17920_090101_130416,D,20110826,000000,14.6610000,14.9900000,14.6610000,14.8100000,35.500
17920_090101_130416,D,20110829,000000,14.9790000,15.0000000,14.8980000,14.9990000,25.500
17920_090101_130416,D,20110830,000000,15.0000000,15.0890000,14.7000000,14.9000000,122.000
17920_090101_130416,D,20110831,000000,14.9900000,15.0290000,14.8500000,15.0290000,106.300
17920_090101_130416,D,20110901,000000,14.9750000,15.2000000,14.9080000,15.2000000,97.100
17920_090101_130416,D,20110902,000000,15.2400000,15.2880000,15.2000000,15.2790000,3.600
17920_090101_130416,D,20110905,000000,15.2790000,15.6510000,15.2790000,15.4200000,141.100
17920_090101_130416,D,20110906,000000,15.5000000,15.9100000,15.4500000,15.8000000,48.900
17920_090101_130416,D,20110907,000000,15.9400000,16.5880000,15.9400000,16.2000000,88.200
17920_090101_130416,D,20110908,000000,16.2390000,16.2390000,15.8100000,15.9880000,23.500
17920_090101_130416,D,20110909,000000,15.8110000,15.9480000,15.5110000,15.5130000,81.500
17920_090101_130416,D,20110912,000000,15.5130000,15.5130000,15.1590000,15.3300000,30.700
17920_090101_130416,D,20110913,000000,15.3300000,15.5900000,15.3200000,15.4000000,32.700
17920_090101_130416,D,20110914,000000,15.2610000,15.4390000,15.2360000,15.3500000,8.300
17920_090101_130416,D,20110915,000000,15.3300000,15.4380000,15.2120000,15.2550000,24.800
17920_090101_130416,D,20110916,000000,15.2500000,15.2900000,15.1500000,15.2040000,110.200
17920_090101_130416,D,20110919,000000,15.3390000,15.3390000,15.0000000,15.1690000,131.500
17920_090101_130416,D,20110920,000000,15.2790000,15.3760000,15.2790000,15.3760000,400
17920_090101_130416,D,20110921,000000,15.1590000,15.1590000,15.1500000,15.1500000,1.100
17920_090101_130416,D,20110922,000000,15.0160000,15.0400000,14.7000000,14.7000000,43.200
17920_090101_130416,D,20110923,000000,14.6500000,14.6600000,14.1600000,14.3040000,96.200
17920_090101_130416,D,20110926,000000,14.4360000,14.6880000,13.6000000,14.2150000,116.200
17920_090101_130416,D,20110927,000000,14.4720000,14.5750000,14.4700000,14.5000000,16.300
17920_090101_130416,D,20110928,000000,14.5000000,14.5890000,14.5000000,14.5300000,13.700
17920_090101_130416,D,20110929,000000,14.6390000,14.9390000,14.4910000,14.9390000,25.700
17920_090101_130416,D,20110930,000000,14.9400000,14.9900000,14.4000000,14.4000000,5.600
17920_090101_130416,D,20111003,000000,14.8010000,14.9350000,14.4000000,14.5360000,28.100
17920_090101_130416,D,20111004,000000,14.5000000,14.6870000,14.4010000,14.4010000,42.600
17920_090101_130416,D,20111005,000000,14.4040000,14.5320000,14.1900000,14.2020000,52.800
17920_090101_130416,D,20111006,000000,14.3890000,14.6730000,14.3500000,14.4910000,9.400
17920_090101_130416,D,20111007,000000,14.5000000,14.7900000,14.3120000,14.5110000,14.800
17920_090101_130416,D,20111010,000000,14.4600000,14.7690000,14.4600000,14.7690000,14.800
17920_090101_130416,D,20111011,000000,14.8890000,14.8890000,14.8600000,14.8890000,24.700
17920_090101_130416,D,20111012,000000,14.6410000,14.8930000,14.6410000,14.8930000,3.100
17920_090101_130416,D,20111013,000000,14.9680000,14.9900000,14.8030000,14.9000000,9.900
17920_090101_130416,D,20111014,000000,14.9300000,15.1950000,14.8310000,15.1950000,33.000
17920_090101_130416,D,20111017,000000,14.9720000,15.0010000,14.8500000,15.0000000,65.200
17920_090101_130416,D,20111018,000000,14.8700000,15.0000000,14.5000000,14.7510000,25.900
17920_090101_130416,D,20111019,000000,14.8500000,15.0090000,14.8500000,14.8600000,6.800
17920_090101_130416,D,20111020,000000,15.0100000,15.0500000,14.9490000,15.0500000,10.900
17920_090101_130416,D,20111021,000000,15.0800000,15.1450000,15.0800000,15.1450000,600
17920_090101_130416,D,20111024,000000,15.0100000,15.2500000,14.9990000,15.1220000,131.600
17920_090101_130416,D,20111025,000000,15.1690000,15.1690000,15.0010000,15.0010000,6.000
17920_090101_130416,D,20111026,000000,15.2300000,15.4010000,15.0430000,15.3900000,39.100
17920_090101_130416,D,20111027,000000,15.1950000,15.7500000,15.0000000,15.4960000,78.900
17920_090101_130416,D,20111028,000000,15.5000000,15.8400000,15.4390000,15.8390000,67.600
17920_090101_130416,D,20111031,000000,15.8400000,15.9500000,15.6030000,15.9090000,6.700
17920_090101_130416,D,20111101,000000,15.6640000,15.8070000,15.4900000,15.5020000,27.100
17920_090101_130416,D,20111102,000000,15.6000000,16.3000000,15.5000000,16.2800000,75.700
17920_090101_130416,D,20111103,000000,16.1000000,16.9290000,16.0000000,16.9260000,164.400
17920_090101_130416,D,20111107,000000,16.9280000,16.9400000,16.7010000,16.8810000,26.600
17920_090101_130416,D,20111108,000000,17.4990000,17.4990000,16.8160000,16.8990000,15.600
17920_090101_130416,D,20111109,000000,16.9970000,16.9970000,15.9170000,16.0180000,26.800
17920_090101_130416,D,20111110,000000,15.9990000,16.7900000,15.9990000,16.7900000,8.900
17920_090101_130416,D,20111111,000000,16.4120000,16.6890000,16.3930000,16.5900000,3.500
17920_090101_130416,D,20111114,000000,16.6400000,16.9000000,16.4480000,16.6690000,6.600
17920_090101_130416,D,20111115,000000,16.6690000,16.7220000,16.2110000,16.3990000,21.400
17920_090101_130416,D,20111116,000000,16.3510000,16.6900000,16.2600000,16.5900000,27.000
17920_090101_130416,D,20111117,000000,16.7550000,17.4390000,16.6000000,17.1410000,164.600
17920_090101_130416,D,20111118,000000,16.9000000,16.9930000,16.8100000,16.9090000,15.300
17920_090101_130416,D,20111121,000000,17.1000000,17.1400000,16.8320000,16.9000000,24.500
17920_090101_130416,D,20111122,000000,17.0900000,17.5690000,16.9500000,17.3000000,177.700
17920_090101_130416,D,20111123,000000,17.4490000,17.5490000,17.3200000,17.5300000,41.400
17920_090101_130416,D,20111124,000000,17.5450000,18.0000000,17.4400000,17.9190000,87.500
17920_090101_130416,D,20111125,000000,17.9000000,17.9000000,17.4920000,17.7440000,37.700
17920_090101_130416,D,20111128,000000,17.7440000,18.0180000,17.7440000,17.8690000,24.700
17920_090101_130416,D,20111129,000000,17.9390000,17.9880000,17.7990000,17.9000000,23.300
17920_090101_130416,D,20111130,000000,17.9500000,17.9850000,17.8500000,17.9490000,102.200
17920_090101_130416,D,20111201,000000,17.9210000,17.9700000,17.7100000,17.7100000,35.300
17920_090101_130416,D,20111202,000000,17.8990000,17.9500000,17.0040000,17.2500000,91.500
17920_090101_130416,D,20111205,000000,17.0510000,17.2060000,16.5100000,16.8890000,42.200
17920_090101_130416,D,20111206,000000,16.8990000,16.9900000,16.7510000,16.8090000,28.300
17920_090101_130416,D,20111207,000000,16.8690000,17.4970000,16.8690000,16.9600000,98.600
17920_090101_130416,D,20111208,000000,17.0890000,17.3540000,17.0510000,17.1250000,15.400
17920_090101_130416,D,20111209,000000,17.1100000,17.1100000,16.7110000,16.8010000,36.000
17920_090101_130416,D,20111212,000000,17.1890000,17.4810000,16.6820000,16.6820000,36.100
17920_090101_130416,D,20111213,000000,17.0000000,17.2000000,16.9120000,17.2000000,22.400
17920_090101_130416,D,20111214,000000,17.0000000,17.0000000,16.9300000,16.9300000,2.500
17920_090101_130416,D,20111215,000000,16.9000000,16.9000000,16.7670000,16.8440000,18.200
17920_090101_130416,D,20111216,000000,16.8690000,16.9900000,16.7940000,16.9340000,5.500
17920_090101_130416,D,20111219,000000,16.8990000,17.2900000,16.8990000,17.1900000,10.200
17920_090101_130416,D,20111220,000000,16.9990000,17.2900000,16.9990000,17.1500000,63.700
17920_090101_130416,D,20111221,000000,17.0110000,17.4000000,17.0110000,17.3000000,74.200
17920_090101_130416,D,20111222,000000,17.2200000,17.4900000,17.2000000,17.4000000,44.600
17920_090101_130416,D,20111223,000000,17.3800000,17.3990000,17.3010000,17.3790000,6.700
17920_090101_130416,D,20111226,000000,17.3000000,17.3990000,17.0050000,17.0700000,45.300
17920_090101_130416,D,20111227,000000,17.2900000,17.2900000,17.0520000,17.2770000,8.500
17920_090101_130416,D,20111228,000000,17.1990000,17.1990000,16.9750000,17.1980000,21.900
17920_090101_130416,D,20111229,000000,17.1900000,17.2500000,17.0630000,17.2390000,41.600
17920_090101_130416,D,20111230,000000,17.2490000,17.3000000,17.1040000,17.2790000,9.400
17920_090101_130416,D,20120103,000000,17.3100000,17.3970000,17.2400000,17.3970000,4.400
17920_090101_130416,D,20120104,000000,17.3500000,17.4450000,17.3010000,17.3980000,12.600
17920_090101_130416,D,20120105,000000,17.3900000,17.4000000,17.3100000,17.3100000,25.200
17920_090101_130416,D,20120109,000000,17.1640000,17.3990000,17.1640000,17.1670000,900
17920_090101_130416,D,20120110,000000,17.3990000,17.4000000,17.2210000,17.3910000,6.500
17920_090101_130416,D,20120111,000000,17.2260000,17.3930000,17.2100000,17.3800000,5.000
17920_090101_130416,D,20120112,000000,17.3000000,17.4450000,17.2120000,17.3990000,37.900
17920_090101_130416,D,20120113,000000,17.4000000,17.4450000,17.2990000,17.3550000,11.800
17920_090101_130416,D,20120116,000000,17.3010000,17.6000000,17.3000000,17.5900000,65.300
17920_090101_130416,D,20120117,000000,17.5980000,17.9700000,17.5980000,17.9350000,80.100
17920_090101_130416,D,20120118,000000,17.7200000,18.6990000,17.7200000,18.6990000,163.200
17920_090101_130416,D,20120119,000000,18.6980000,19.0010000,18.5110000,19.0000000,75.300
17920_090101_130416,D,20120120,000000,19.0000000,19.0500000,18.8690000,19.0170000,94.000
17920_090101_130416,D,20120123,000000,18.9990000,19.2900000,18.9990000,19.2700000,33.600
17920_090101_130416,D,20120124,000000,19.2780000,19.2790000,18.9500000,19.1890000,8.800
17920_090101_130416,D,20120125,000000,19.1980000,19.2890000,18.8280000,19.0000000,28.300
17920_090101_130416,D,20120126,000000,19.2740000,19.2740000,19.0000000,19.0700000,11.900
17920_090101_130416,D,20120127,000000,18.9970000,19.1480000,18.8500000,18.9900000,59.100
17920_090101_130416,D,20120130,000000,18.9900000,19.1780000,18.9010000,18.9500000,45.900
17920_090101_130416,D,20120131,000000,19.0990000,19.2900000,19.0000000,19.2870000,48.400
17920_090101_130416,D,20120201,000000,19.2830000,19.4990000,19.1000000,19.1410000,44.100
17920_090101_130416,D,20120202,000000,19.1950000,19.4910000,19.0660000,19.2980000,21.100
17920_090101_130416,D,20120203,000000,19.4600000,19.4850000,19.1950000,19.4470000,29.400
17920_090101_130416,D,20120206,000000,19.4470000,19.5000000,19.3490000,19.4890000,35.900
17920_090101_130416,D,20120207,000000,19.4980000,19.7480000,19.3270000,19.6190000,48.500
17920_090101_130416,D,20120208,000000,19.5010000,19.6470000,19.4300000,19.4510000,32.500
17920_090101_130416,D,20120209,000000,19.6000000,19.6000000,19.3230000,19.3230000,61.100
17920_090101_130416,D,20120210,000000,19.1990000,19.3950000,19.1990000,19.3950000,1.500
17920_090101_130416,D,20120213,000000,19.4000000,19.4020000,19.0000000,19.2970000,44.700
17920_090101_130416,D,20120214,000000,19.2990000,19.2990000,19.0000000,19.0210000,8.800
17920_090101_130416,D,20120215,000000,19.0090000,19.2000000,18.8330000,19.2000000,13.600
17920_090101_130416,D,20120216,000000,19.0000000,19.1000000,18.9000000,19.0000000,8.800
17920_090101_130416,D,20120217,000000,19.1440000,19.1440000,19.0030000,19.1420000,8.300
17920_090101_130416,D,20120220,000000,19.1000000,19.1870000,19.0030000,19.0200000,13.600
17920_090101_130416,D,20120221,000000,19.0990000,19.2490000,18.8990000,19.0050000,29.900
17920_090101_130416,D,20120222,000000,19.0000000,19.2000000,18.9000000,18.9990000,4.200
17920_090101_130416,D,20120224,000000,19.0000000,19.0000000,18.6110000,18.7000000,25.000
17920_090101_130416,D,20120227,000000,18.6100000,18.8690000,18.4310000,18.5000000,23.100
17920_090101_130416,D,20120228,000000,18.5000000,18.5000000,17.8110000,18.0500000,52.100
17920_090101_130416,D,20120229,000000,18.1430000,18.9900000,18.1000000,18.6640000,203.100
17920_090101_130416,D,20120301,000000,18.3000000,18.8630000,18.3000000,18.3500000,343.000
17920_090101_130416,D,20120302,000000,18.3100000,18.4000000,18.2100000,18.3410000,5.500
17920_090101_130416,D,20120305,000000,18.5000000,18.5400000,18.2000000,18.4000000,17.900
17920_090101_130416,D,20120306,000000,18.3000000,18.4310000,18.2160000,18.3650000,27.400
17920_090101_130416,D,20120307,000000,18.2280000,18.8950000,18.2160000,18.7060000,43.000
17920_090101_130416,D,20120311,000000,18.9980000,19.2500000,18.9190000,19.2000000,91.300
17920_090101_130416,D,20120312,000000,19.2890000,19.4810000,19.2500000,19.3970000,124.900
17920_090101_130416,D,20120313,000000,19.4770000,19.4770000,19.3000000,19.3700000,26.600
17920_090101_130416,D,20120314,000000,19.4990000,19.4990000,19.3100000,19.3790000,79.900
17920_090101_130416,D,20120315,000000,19.4470000,19.4470000,19.2100000,19.3890000,50.900
17920_090101_130416,D,20120316,000000,19.3180000,19.4150000,19.3000000,19.4090000,28.100
17920_090101_130416,D,20120319,000000,19.3990000,19.3990000,19.2010000,19.2100000,16.000
17920_090101_130416,D,20120320,000000,19.1650000,19.2000000,18.8970000,19.0000000,76.700
17920_090101_130416,D,20120321,000000,19.0890000,19.1450000,18.9840000,19.1340000,12.900
17920_090101_130416,D,20120322,000000,19.1000000,19.1000000,18.7720000,18.8000000,31.300
17920_090101_130416,D,20120323,000000,18.8000000,19.2900000,18.8000000,19.1720000,81.300
17920_090101_130416,D,20120326,000000,19.0010000,19.1590000,18.6000000,18.9900000,51.400
17920_090101_130416,D,20120327,000000,19.0980000,19.0980000,18.8630000,19.0000000,25.800
17920_090101_130416,D,20120328,000000,19.0990000,19.0990000,18.6000000,18.6010000,49.000
17920_090101_130416,D,20120329,000000,18.6030000,18.8980000,18.4690000,18.4710000,56.100
17920_090101_130416,D,20120330,000000,18.5000000,19.1410000,18.3150000,19.1410000,303.000
17920_090101_130416,D,20120402,000000,19.1410000,19.3680000,18.9320000,18.9470000,110.500
17920_090101_130416,D,20120403,000000,19.0490000,19.2990000,18.8500000,19.0500000,152.500
17920_090101_130416,D,20120404,000000,18.8900000,19.1880000,18.6800000,18.7000000,105.700
17920_090101_130416,D,20120405,000000,18.6990000,18.8500000,18.6010000,18.6500000,163.600
17920_090101_130416,D,20120406,000000,18.6000000,18.6010000,16.8780000,18.4860000,136.400
17920_090101_130416,D,20120409,000000,17.7820000,18.4990000,17.5900000,17.8000000,164.700
17920_090101_130416,D,20120410,000000,17.6000000,17.8890000,17.6000000,17.7000000,63.000
17920_090101_130416,D,20120411,000000,17.8000000,17.9500000,17.7500000,17.8000000,57.900
17920_090101_130416,D,20120412,000000,17.8000000,17.9500000,17.7000000,17.8600000,79.500
17920_090101_130416,D,20120413,000000,17.8600000,18.9800000,17.8000000,18.0600000,129.600
17920_090101_130416,D,20120416,000000,17.5650000,18.0000000,17.5600000,17.8200000,16.600
17920_090101_130416,D,20120417,000000,17.8190000,18.0000000,17.8190000,18.0000000,10.100
17920_090101_130416,D,20120418,000000,18.0000000,18.0490000,17.8260000,17.8620000,9.700
17920_090101_130416,D,20120419,000000,17.9000000,17.9490000,17.7200000,17.9480000,43.800
17920_090101_130416,D,20120420,000000,17.9500000,17.9500000,17.7500000,17.7550000,31.100
17920_090101_130416,D,20120423,000000,17.9000000,17.9000000,17.8010000,17.9000000,10.500
17920_090101_130416,D,20120424,000000,17.9000000,17.9500000,17.7700000,17.8780000,7.700
17920_090101_130416,D,20120425,000000,17.9000000,18.0000000,17.7700000,17.8000000,60.700
17920_090101_130416,D,20120426,000000,17.7600000,17.8800000,17.7360000,17.8570000,14.400
17920_090101_130416,D,20120427,000000,17.8020000,17.8020000,17.5100000,17.7040000,21.300
17920_090101_130416,D,20120428,000000,17.7010000,17.7010000,17.5010000,17.6990000,3.300
17920_090101_130416,D,20120502,000000,17.8300000,17.9900000,17.7990000,17.8500000,16.400
17920_090101_130416,D,20120503,000000,17.8000000,18.8600000,17.5600000,18.5000000,234.900
17920_090101_130416,D,20120504,000000,18.7650000,18.8000000,18.1510000,18.1510000,204.100
17920_090101_130416,D,20120505,000000,15.9950000,15.9950000,15.0020000,15.4050000,142.500
17920_090101_130416,D,20120507,000000,15.3030000,15.7500000,15.3030000,15.6300000,3.900
17920_090101_130416,D,20120508,000000,15.8900000,15.9500000,15.1590000,15.1600000,18.800
17920_090101_130416,D,20120510,000000,15.0430000,15.9350000,15.0010000,15.3600000,21.000
17920_090101_130416,D,20120511,000000,15.3600000,15.6900000,15.1100000,15.1100000,43.500
17920_090101_130416,D,20120512,000000,15.2000000,15.3900000,15.2000000,15.3900000,3.600
17920_090101_130416,D,20120514,000000,15.2510000,15.4400000,14.9100000,15.3900000,59.700
17920_090101_130416,D,20120515,000000,15.2610000,15.3990000,15.0110000,15.3990000,15.700
17920_090101_130416,D,20120516,000000,15.3900000,15.4000000,15.1990000,15.2000000,21.500
17920_090101_130416,D,20120517,000000,15.2030000,15.4000000,15.0000000,15.0590000,97.500
17920_090101_130416,D,20120518,000000,14.9950000,14.9950000,14.5010000,14.5010000,15.900
17920_090101_130416,D,20120521,000000,14.6890000,14.7980000,14.5000000,14.7480000,55.800
17920_090101_130416,D,20120522,000000,14.4640000,14.9350000,14.4640000,14.9350000,6.300
17920_090101_130416,D,20120523,000000,14.7010000,14.9250000,13.8310000,14.0000000,127.700
17920_090101_130416,D,20120524,000000,14.3000000,14.5880000,14.2000000,14.5880000,48.400
17920_090101_130416,D,20120525,000000,14.4990000,14.5500000,14.4990000,14.5500000,25.200
17920_090101_130416,D,20120528,000000,14.5900000,15.7900000,14.5900000,15.4980000,250.300
17920_090101_130416,D,20120529,000000,15.5900000,15.9000000,15.5900000,15.9000000,211.300
17920_090101_130416,D,20120530,000000,15.7520000,15.9500000,15.7000000,15.9500000,78.000
17920_090101_130416,D,20120531,000000,15.9500000,16.1200000,15.5000000,16.1010000,34.700
17920_090101_130416,D,20120601,000000,16.0000000,16.1490000,15.2010000,15.2010000,27.200
17920_090101_130416,D,20120604,000000,15.2010000,15.4300000,15.2000000,15.2310000,9.300
17920_090101_130416,D,20120605,000000,15.2190000,15.4300000,15.2050000,15.2050000,6.600
17920_090101_130416,D,20120606,000000,15.3490000,16.0000000,15.3480000,15.7140000,18.300
17920_090101_130416,D,20120607,000000,15.6150000,16.0000000,15.5070000,16.0000000,21.200
17920_090101_130416,D,20120608,000000,15.7940000,16.1480000,15.7940000,15.8600000,24.600
17920_090101_130416,D,20120609,000000,16.0900000,16.1970000,15.6110000,16.1000000,33.300
17920_090101_130416,D,20120613,000000,16.0220000,16.3500000,16.0220000,16.1100000,124.600
17920_090101_130416,D,20120614,000000,16.1900000,16.1990000,16.1900000,16.1990000,600
17920_090101_130416,D,20120615,000000,16.0200000,16.3000000,16.0200000,16.3000000,29.200
17920_090101_130416,D,20120618,000000,16.2000000,16.3000000,15.9990000,15.9990000,7.200
17920_090101_130416,D,20120619,000000,16.0000000,16.2000000,16.0000000,16.1490000,32.100
17920_090101_130416,D,20120620,000000,16.2000000,16.5900000,16.2000000,16.5900000,36.700
17920_090101_130416,D,20120621,000000,16.4110000,16.5890000,16.2580000,16.5500000,5.000
17920_090101_130416,D,20120622,000000,16.3600000,16.3600000,15.9990000,16.0000000,10.700
17920_090101_130416,D,20120625,000000,16.1000000,16.1500000,16.1000000,16.1500000,1.100
17920_090101_130416,D,20120626,000000,16.1500000,16.1500000,15.9920000,16.1000000,11.000
17920_090101_130416,D,20120627,000000,16.1900000,16.2000000,16.0000000,16.1900000,33.200
17920_090101_130416,D,20120628,000000,16.0800000,16.1020000,15.9210000,15.9700000,13.100
17920_090101_130416,D,20120629,000000,16.1000000,16.1900000,15.9100000,15.9100000,50.100
17920_090101_130416,D,20120702,000000,15.8990000,16.1500000,15.8980000,15.8990000,50.600
17920_090101_130416,D,20120703,000000,15.8960000,16.1000000,15.8500000,15.9000000,33.100
17920_090101_130416,D,20120704,000000,15.9000000,15.9250000,15.8880000,15.9000000,33.900
17920_090101_130416,D,20120705,000000,15.8800000,15.9250000,15.8480000,15.8500000,51.300
17920_090101_130416,D,20120706,000000,15.8490000,15.9500000,15.8490000,15.9250000,112.200
17920_090101_130416,D,20120709,000000,15.9250000,16.0500000,15.9000000,15.9500000,34.100
17920_090101_130416,D,20120710,000000,15.9500000,15.9500000,15.9250000,15.9250000,700
17920_090101_130416,D,20120711,000000,15.9250000,15.9500000,15.7980000,15.7980000,99.900
17920_090101_130416,D,20120712,000000,15.8880000,15.8880000,15.8880000,15.8880000,300
17920_090101_130416,D,20120713,000000,15.9230000,15.9250000,15.8000000,15.9000000,7.600
17920_090101_130416,D,20120716,000000,15.9000000,15.9250000,15.9000000,15.9250000,22.800
17920_090101_130416,D,20120717,000000,15.9250000,15.9250000,15.8950000,15.9250000,1.900
17920_090101_130416,D,20120719,000000,15.9250000,15.9250000,15.8530000,15.8530000,1.400
17920_090101_130416,D,20120720,000000,15.8210000,15.8600000,15.7890000,15.7890000,10.000
17920_090101_130416,D,20120723,000000,15.7880000,15.7890000,15.6100000,15.7890000,6.400
17920_090101_130416,D,20120724,000000,15.7000000,15.7510000,15.6890000,15.7510000,2.500
17920_090101_130416,D,20120725,000000,15.7390000,15.7390000,15.7390000,15.7390000,100
17920_090101_130416,D,20120726,000000,15.7890000,15.8000000,15.7430000,15.7500000,1.100
17920_090101_130416,D,20120727,000000,15.7750000,15.7750000,15.6000000,15.6990000,289.600
17920_090101_130416,D,20120730,000000,15.7000000,15.7000000,15.5170000,15.5500000,7.100
17920_090101_130416,D,20120731,000000,15.5870000,15.6000000,15.5870000,15.6000000,36.400
17920_090101_130416,D,20120801,000000,15.6000000,15.7000000,15.5550000,15.6700000,12.700
17920_090101_130416,D,20120802,000000,15.7200000,15.7200000,15.5700000,15.6470000,52.900
17920_090101_130416,D,20120803,000000,15.6480000,15.8000000,15.5600000,15.6000000,21.400
17920_090101_130416,D,20120806,000000,15.7490000,15.9000000,15.6410000,15.6700000,13.600
17920_090101_130416,D,20120807,000000,15.7990000,15.8550000,15.6400000,15.7980000,47.700
17920_090101_130416,D,20120808,000000,15.6820000,15.7830000,15.5000000,15.6900000,236.400
17920_090101_130416,D,20120809,000000,15.7400000,15.7500000,15.5100000,15.7500000,13.500
17920_090101_130416,D,20120810,000000,15.7000000,15.8000000,15.2100000,15.5620000,18.200
17920_090101_130416,D,20120813,000000,15.5620000,15.7890000,15.5610000,15.6000000,86.900
17920_090101_130416,D,20120814,000000,15.6000000,15.8000000,15.5700000,15.7490000,239.300
17920_090101_130416,D,20120815,000000,15.7490000,15.8500000,15.7490000,15.8500000,83.400
17920_090101_130416,D,20120816,000000,15.8500000,15.8500000,15.7530000,15.8400000,31.400
17920_090101_130416,D,20120817,000000,15.7780000,16.3500000,15.7690000,16.1010000,120.100
17920_090101_130416,D,20120820,000000,16.2900000,16.3500000,15.8200000,15.9890000,88.800
17920_090101_130416,D,20120821,000000,16.1390000,16.2000000,16.1000000,16.1010000,26.000
17920_090101_130416,D,20120822,000000,16.0170000,16.0970000,15.9600000,16.0970000,57.700
17920_090101_130416,D,20120823,000000,16.1400000,16.2600000,16.0000000,16.1500000,17.300
17920_090101_130416,D,20120824,000000,16.0990000,16.1000000,15.8700000,16.0240000,60.700
17920_090101_130416,D,20120827,000000,16.0900000,16.1000000,16.0000000,16.0770000,17.900
17920_090101_130416,D,20120828,000000,16.0990000,16.0990000,16.0000000,16.0000000,31.700
17920_090101_130416,D,20120829,000000,16.1000000,16.1000000,15.9810000,15.9810000,5.400
17920_090101_130416,D,20120830,000000,15.9800000,16.0400000,15.9800000,16.0400000,15.800
17920_090101_130416,D,20120831,000000,16.1300000,16.3500000,16.1300000,16.1500000,53.000
17920_090101_130416,D,20120903,000000,16.2000000,16.6400000,16.2000000,16.6380000,25.200
17920_090101_130416,D,20120904,000000,16.6350000,16.9650000,16.6300000,16.7400000,48.800
17920_090101_130416,D,20120905,000000,16.8900000,16.9000000,16.2100000,16.9000000,28.400
17920_090101_130416,D,20120906,000000,16.9400000,17.2000000,16.9300000,17.0980000,27.300
17920_090101_130416,D,20120907,000000,17.2890000,17.4700000,17.1100000,17.2470000,24.700
17920_090101_130416,D,20120910,000000,17.3890000,17.4300000,17.1110000,17.4000000,32.000
17920_090101_130416,D,20120911,000000,17.4000000,17.4000000,17.2330000,17.3490000,6.600
17920_090101_130416,D,20120912,000000,17.3500000,17.3500000,16.9990000,17.0000000,40.300
17920_090101_130416,D,20120913,000000,17.0000000,17.0000000,16.6930000,16.6930000,19.800
17920_090101_130416,D,20120914,000000,16.9980000,17.0150000,16.7600000,16.9370000,37.600
17920_090101_130416,D,20120917,000000,16.9000000,16.9860000,16.7610000,16.9620000,25.700
17920_090101_130416,D,20120918,000000,16.9890000,17.2580000,16.9000000,17.1900000,97.100
17920_090101_130416,D,20120919,000000,17.2500000,17.4000000,17.1900000,17.3000000,83.000
17920_090101_130416,D,20120920,000000,17.2110000,17.3500000,17.0970000,17.2440000,29.300
17920_090101_130416,D,20120921,000000,17.2500000,17.4590000,17.1910000,17.2840000,13.700
17920_090101_130416,D,20120924,000000,17.4890000,17.4900000,17.2000000,17.2010000,22.900
17920_090101_130416,D,20120925,000000,17.1890000,17.2690000,17.1000000,17.2690000,7.200
17920_090101_130416,D,20120926,000000,17.1300000,17.4000000,17.1300000,17.1410000,50.100
17920_090101_130416,D,20120927,000000,17.3270000,17.3300000,17.1000000,17.2320000,11.000
17920_090101_130416,D,20121001,000000,17.2900000,17.2900000,17.2000000,17.2000000,200
17920_090101_130416,D,20121002,000000,17.2900000,17.4590000,17.1610000,17.4590000,53.900
17920_090101_130416,D,20121003,000000,17.3000000,17.5000000,17.3000000,17.4860000,9.800
17920_090101_130416,D,20121004,000000,17.5400000,17.6000000,17.2630000,17.4880000,116.600
17920_090101_130416,D,20121005,000000,17.4900000,17.6170000,17.4160000,17.5860000,6.300
17920_090101_130416,D,20121008,000000,17.5000000,17.5500000,17.3600000,17.4490000,37.900
17920_090101_130416,D,20121009,000000,17.5000000,17.7000000,17.4990000,17.6250000,88.800
17920_090101_130416,D,20121010,000000,17.6100000,17.7900000,17.6000000,17.7900000,63.200
17920_090101_130416,D,20121011,000000,17.7500000,17.7500000,17.7000000,17.7000000,5.500
17920_090101_130416,D,20121012,000000,17.7000000,17.8400000,17.6510000,17.7810000,92.500
17920_090101_130416,D,20121015,000000,17.8690000,17.8690000,17.5860000,17.7590000,104.800
17920_090101_130416,D,20121016,000000,17.6510000,17.7480000,17.6000000,17.6610000,19.700
17920_090101_130416,D,20121017,000000,17.7730000,19.2500000,17.6500000,18.8500000,261.900
17920_090101_130416,D,20121018,000000,19.0400000,19.3210000,17.8100000,18.2120000,739.000
17920_090101_130416,D,20121019,000000,18.2030000,18.4000000,17.9100000,18.2500000,524.600
17920_090101_130416,D,20121022,000000,17.0000000,17.6500000,17.0000000,17.3000000,473.700
17920_090101_130416,D,20121023,000000,17.3510000,17.4000000,17.3500000,17.4000000,111.900
17920_090101_130416,D,20121024,000000,17.3500000,17.5880000,17.3500000,17.4510000,118.500
17920_090101_130416,D,20121025,000000,17.4010000,17.5630000,17.3500000,17.4530000,16.000
17920_090101_130416,D,20121026,000000,17.5360000,17.5500000,17.4000000,17.4510000,192.100
17920_090101_130416,D,20121029,000000,17.4510000,17.4970000,17.3500000,17.3500000,8.100
17920_090101_130416,D,20121030,000000,17.4000000,17.4100000,17.3000000,17.3010000,105.800
17920_090101_130416,D,20121031,000000,17.4000000,17.4470000,17.3000000,17.4000000,159.600
17920_090101_130416,D,20121101,000000,17.2420000,17.4300000,17.2000000,17.4000000,53.400
17920_090101_130416,D,20121102,000000,17.2660000,17.4000000,17.2660000,17.4000000,900
17920_090101_130416,D,20121106,000000,17.5410000,17.5410000,17.3360000,17.3800000,6.000
17920_090101_130416,D,20121107,000000,17.3800000,17.4380000,17.3000000,17.4340000,103.100
17920_090101_130416,D,20121108,000000,17.3000000,17.7300000,17.3000000,17.4000000,251.100
17920_090101_130416,D,20121109,000000,17.4610000,17.5000000,17.4000000,17.4030000,97.000
17920_090101_130416,D,20121112,000000,17.4100000,17.6500000,17.4100000,17.5400000,381.800
17920_090101_130416,D,20121113,000000,17.5000000,17.5500000,17.4520000,17.5000000,118.300
17920_090101_130416,D,20121114,000000,17.4500000,17.7000000,17.4500000,17.6100000,117.000
17920_090101_130416,D,20121115,000000,17.5750000,17.6950000,17.5750000,17.6950000,4.700
17920_090101_130416,D,20121116,000000,17.6410000,17.6410000,17.6400000,17.6400000,5.700
17920_090101_130416,D,20121119,000000,17.5110000,17.7190000,17.5110000,17.7090000,4.600
17920_090101_130416,D,20121120,000000,17.5210000,18.1950000,17.5210000,18.0000000,98.500
17920_090101_130416,D,20121121,000000,17.9980000,18.0850000,17.7370000,18.0850000,3.700
17920_090101_130416,D,20121122,000000,17.9990000,17.9990000,17.9990000,17.9990000,200
17920_090101_130416,D,20121123,000000,17.9990000,18.0800000,17.7100000,17.9140000,10.500
17920_090101_130416,D,20121126,000000,17.9800000,17.9800000,17.8120000,17.9690000,7.300
17920_090101_130416,D,20121127,000000,17.9750000,18.0700000,17.9750000,18.0700000,16.800
17920_090101_130416,D,20121128,000000,18.0660000,18.0660000,17.9900000,18.0250000,9.200
17920_090101_130416,D,20121129,000000,17.9890000,18.0200000,17.9600000,18.0200000,600
17920_090101_130416,D,20121130,000000,17.9300000,18.0480000,17.9300000,18.0000000,6.300
17920_090101_130416,D,20121203,000000,18.0000000,18.0470000,18.0000000,18.0420000,5.400
17920_090101_130416,D,20121204,000000,18.0400000,18.0730000,18.0400000,18.0730000,700
17920_090101_130416,D,20121205,000000,18.0900000,18.0900000,18.0000000,18.0000000,2.700
17920_090101_130416,D,20121206,000000,18.0890000,18.0890000,18.0000000,18.0000000,2.100
17920_090101_130416,D,20121207,000000,18.0780000,18.0780000,18.0000000,18.0780000,20.700
17920_090101_130416,D,20121210,000000,17.9510000,18.0600000,17.9500000,17.9550000,7.200
17920_090101_130416,D,20121211,000000,18.0690000,18.0950000,18.0230000,18.0790000,3.100
17920_090101_130416,D,20121212,000000,18.0960000,18.2090000,18.0000000,18.0040000,10.400
17920_090101_130416,D,20121213,000000,18.0980000,18.0980000,18.0980000,18.0980000,100
17920_090101_130416,D,20121214,000000,17.9310000,18.0480000,17.9300000,18.0480000,8.300
17920_090101_130416,D,20121217,000000,17.9210000,17.9360000,17.9200000,17.9350000,2.200
17920_090101_130416,D,20121218,000000,18.0190000,18.1880000,18.0190000,18.1880000,4.300
17920_090101_130416,D,20121219,000000,18.0720000,18.0860000,17.9300000,17.9600000,30.800
17920_090101_130416,D,20121220,000000,17.9320000,18.0400000,17.9270000,17.9950000,42.700
17920_090101_130416,D,20121221,000000,17.9180000,18.1400000,17.7990000,18.0000000,36.400
17920_090101_130416,D,20121224,000000,18.0490000,18.0850000,17.9280000,17.9710000,215.100
17920_090101_130416,D,20121225,000000,17.9100000,18.0370000,17.9090000,18.0270000,259.900
17920_090101_130416,D,20121226,000000,18.0390000,18.0390000,17.9400000,17.9890000,34.300
17920_090101_130416,D,20121227,000000,17.9990000,18.0770000,17.9200000,18.0000000,17.400
17920_090101_130416,D,20121228,000000,17.9150000,18.1800000,17.9110000,18.1500000,9.100
17920_090101_130416,D,20130108,000000,18.2000000,18.4100000,17.5000000,17.9880000,24.100
17920_090101_130416,D,20130109,000000,17.8090000,18.2200000,17.8090000,18.2200000,2.500
17920_090101_130416,D,20130110,000000,18.0710000,18.5490000,18.0680000,18.4000000,37.100
17920_090101_130416,D,20130111,000000,18.2110000,19.1000000,18.2110000,18.9900000,86.800
17920_090101_130416,D,20130114,000000,18.9410000,18.9410000,18.7100000,18.7100000,8.800
17920_090101_130416,D,20130115,000000,18.6390000,18.8400000,18.3500000,18.6970000,15.700
17920_090101_130416,D,20130116,000000,18.6980000,18.9880000,18.5290000,18.8980000,6.700
17920_090101_130416,D,20130117,000000,18.7020000,18.7020000,18.4190000,18.6000000,10.300
17920_090101_130416,D,20130118,000000,18.8850000,18.8850000,18.6010000,18.6980000,2.500
17920_090101_130416,D,20130121,000000,18.7390000,18.8200000,18.5000000,18.8200000,23.800
17920_090101_130416,D,20130122,000000,18.9400000,18.9400000,18.5400000,18.8800000,7.800
17920_090101_130416,D,20130123,000000,18.7500000,18.8900000,18.6870000,18.7250000,6.800
17920_090101_130416,D,20130124,000000,18.6610000,18.8690000,18.5210000,18.8690000,8.700
17920_090101_130416,D,20130125,000000,18.6550000,18.6550000,18.5010000,18.6500000,14.400
17920_090101_130416,D,20130128,000000,18.5450000,18.8900000,18.5450000,18.5550000,12.400
17920_090101_130416,D,20130129,000000,18.6050000,18.6870000,18.5510000,18.5660000,8.700
17920_090101_130416,D,20130130,000000,18.6590000,18.6590000,18.5500000,18.5500000,49.100
17920_090101_130416,D,20130131,000000,18.5400000,18.6870000,18.5400000,18.5400000,19.900
17920_090101_130416,D,20130201,000000,18.5410000,18.5410000,18.4000000,18.5120000,13.400
17920_090101_130416,D,20130204,000000,18.5180000,18.5530000,18.5020000,18.5500000,4.700
17920_090101_130416,D,20130205,000000,18.5600000,18.6790000,18.5600000,18.6000000,24.200
17920_090101_130416,D,20130206,000000,18.6990000,18.8980000,18.5800000,18.5800000,5.700
17920_090101_130416,D,20130207,000000,18.5650000,18.7950000,18.5650000,18.6500000,10.600
17920_090101_130416,D,20130208,000000,18.6130000,18.6800000,18.5640000,18.5660000,10.400
17920_090101_130416,D,20130211,000000,18.5650000,18.7470000,18.5650000,18.7470000,2.600
17920_090101_130416,D,20130212,000000,18.7390000,18.7550000,18.6860000,18.7550000,14.800
17920_090101_130416,D,20130213,000000,18.7790000,18.9500000,18.7780000,18.9500000,9.800
17920_090101_130416,D,20130214,000000,18.9950000,19.0400000,18.8310000,18.9990000,15.300
17920_090101_130416,D,20130215,000000,18.9500000,19.0650000,18.7860000,18.9420000,50.400
17920_090101_130416,D,20130218,000000,19.0350000,19.1100000,19.0350000,19.1100000,11.800
17920_090101_130416,D,20130219,000000,19.0550000,19.1180000,18.9480000,19.1110000,3.500
17920_090101_130416,D,20130220,000000,19.0730000,19.1120000,18.9850000,19.1000000,11.400
17920_090101_130416,D,20130221,000000,19.0730000,19.0730000,18.7650000,18.8700000,20.400
17920_090101_130416,D,20130222,000000,18.9010000,18.9010000,18.4050000,18.5890000,7.800
17920_090101_130416,D,20130225,000000,18.7490000,19.0000000,18.7490000,18.9950000,18.800
17920_090101_130416,D,20130226,000000,18.9900000,18.9990000,18.6000000,18.9950000,9.300
17920_090101_130416,D,20130227,000000,18.9500000,18.9980000,18.7500000,18.7500000,23.600
17920_090101_130416,D,20130228,000000,18.9380000,18.9990000,18.7100000,18.7100000,48.100
17920_090101_130416,D,20130301,000000,18.8990000,18.9420000,18.7300000,18.7600000,98.800
17920_090101_130416,D,20130304,000000,18.7000000,18.8500000,18.6600000,18.8000000,13.600
17920_090101_130416,D,20130305,000000,18.7400000,18.7400000,18.7400000,18.7400000,100
17920_090101_130416,D,20130306,000000,18.7110000,18.7340000,18.6110000,18.6500000,12.700
17920_090101_130416,D,20130307,000000,18.7990000,18.8000000,18.5000000,18.5990000,29.900
17920_090101_130416,D,20130311,000000,18.5700000,18.5700000,18.5100000,18.5100000,3.600
17920_090101_130416,D,20130312,000000,18.5500000,18.7000000,18.5500000,18.6500000,9.400
17920_090101_130416,D,20130313,000000,18.7000000,18.7000000,18.5100000,18.5100000,800
17920_090101_130416,D,20130314,000000,18.6680000,18.6680000,18.4030000,18.5990000,2.100
17920_090101_130416,D,20130315,000000,18.6900000,18.6900000,18.5500000,18.6190000,3.100
17920_090101_130416,D,20130318,000000,18.5120000,18.5120000,18.4000000,18.4000000,2.100
17920_090101_130416,D,20130319,000000,18.3020000,18.4000000,18.0000000,18.1200000,6.600
17920_090101_130416,D,20130320,000000,18.1900000,18.2000000,18.0250000,18.1600000,5.900
17920_090101_130416,D,20130321,000000,18.1690000,18.2000000,18.0210000,18.0210000,4.700
17920_090101_130416,D,20130322,000000,18.0590000,18.1470000,18.0100000,18.0110000,1.500
17920_090101_130416,D,20130325,000000,17.9100000,18.0000000,17.7600000,17.7600000,1.700
17920_090101_130416,D,20130326,000000,17.5550000,17.7000000,16.9980000,17.2100000,26.100
17920_090101_130416,D,20130327,000000,17.2300000,17.2300000,17.1100000,17.2300000,7.400
17920_090101_130416,D,20130328,000000,17.1700000,17.2300000,17.0200000,17.2300000,2.700
17920_090101_130416,D,20130329,000000,17.2050000,17.4890000,17.2050000,17.3000000,7.500
17920_090101_130416,D,20130401,000000,17.4000000,17.8470000,17.4000000,17.4010000,2.000
17920_090101_130416,D,20130402,000000,17.4510000,18.4000000,17.3850000,17.6990000,26.600
17920_090101_130416,D,20130403,000000,17.5000000,17.7910000,17.5000000,17.7010000,2.000
