<TICKER>,<PER>,<DATE>,<TIME>,<OPEN>,<HIGH>,<LOW>,<CLOSE>,<VOL>
19629_090101_130416,D,20090111,000000,3.0260000,3.6800000,3.0000000,3.1000000,518.800
19629_090101_130416,D,20090112,000000,2.9110000,3.5000000,2.8000000,2.8380000,153.900
19629_090101_130416,D,20090113,000000,3.0000000,3.0000000,2.6070000,2.9500000,71.800
19629_090101_130416,D,20090114,000000,3.3000000,3.3000000,2.5110000,2.6500000,1.590.700
19629_090101_130416,D,20090115,000000,2.7000000,2.8700000,2.5600000,2.6860000,2.797.400
19629_090101_130416,D,20090116,000000,2.8190000,2.8350000,2.6110000,2.6300000,251.300
19629_090101_130416,D,20090119,000000,2.6500000,2.7820000,2.6020000,2.6200000,394.700
19629_090101_130416,D,20090120,000000,2.5500000,2.7340000,2.4060000,2.5500000,353.300
19629_090101_130416,D,20090121,000000,2.6240000,2.7000000,2.3100000,2.6190000,750.000
19629_090101_130416,D,20090122,000000,2.7210000,2.8500000,2.4220000,2.4220000,438.500
19629_090101_130416,D,20090123,000000,2.4690000,2.6190000,2.3000000,2.4650000,125.600
19629_090101_130416,D,20090126,000000,2.5870000,2.6480000,2.3230000,2.4760000,219.200
19629_090101_130416,D,20090127,000000,2.3910000,2.6390000,2.1510000,2.3700000,200.000
19629_090101_130416,D,20090128,000000,2.3970000,2.4700000,2.2250000,2.4000000,327.500
19629_090101_130416,D,20090129,000000,2.4660000,2.5930000,2.2250000,2.2300000,381.000
19629_090101_130416,D,20090130,000000,2.2240000,2.3260000,2.1050000,2.2910000,608.200
19629_090101_130416,D,20090202,000000,2.3600000,2.3640000,2.1500000,2.2930000,671.900
19629_090101_130416,D,20090203,000000,2.2500000,2.4980000,2.1510000,2.1790000,192.300
19629_090101_130416,D,20090204,000000,2.1990000,2.2300000,2.1500000,2.1900000,93.400
19629_090101_130416,D,20090205,000000,2.1650000,2.2220000,2.1050000,2.1610000,239.000
19629_090101_130416,D,20090206,000000,2.2100000,2.4000000,2.1550000,2.2490000,508.800
19629_090101_130416,D,20090209,000000,2.3100000,2.4250000,2.2010000,2.2750000,254.500
19629_090101_130416,D,20090210,000000,2.2850000,2.3400000,2.1690000,2.2440000,116.200
19629_090101_130416,D,20090211,000000,2.2430000,2.2430000,2.0550000,2.1470000,229.300
19629_090101_130416,D,20090212,000000,2.1000000,2.1780000,2.0030000,2.0830000,330.600
19629_090101_130416,D,20090213,000000,2.0710000,2.2260000,2.0710000,2.1720000,31.800
19629_090101_130416,D,20090216,000000,2.2000000,2.8240000,2.0100000,2.3800000,11.312.700
19629_090101_130416,D,20090217,000000,2.4500000,2.5900000,2.1330000,2.2050000,496.500
19629_090101_130416,D,20090218,000000,2.2420000,2.3310000,2.1000000,2.2360000,236.900
19629_090101_130416,D,20090219,000000,2.1110000,2.2300000,2.0990000,2.2000000,248.000
19629_090101_130416,D,20090220,000000,2.1510000,2.2350000,2.1350000,2.1980000,679.700
19629_090101_130416,D,20090224,000000,2.1300000,2.1300000,2.0000000,2.0500000,433.300
19629_090101_130416,D,20090225,000000,2.0970000,2.1200000,2.0490000,2.1000000,15.600
19629_090101_130416,D,20090226,000000,2.1140000,2.1900000,1.9600000,2.0120000,453.700
19629_090101_130416,D,20090227,000000,2.0500000,2.0900000,2.0000000,2.0750000,20.400
19629_090101_130416,D,20090302,000000,2.0500000,2.2220000,1.8300000,1.9560000,444.000
19629_090101_130416,D,20090303,000000,2.0000000,2.0000000,1.8300000,1.9770000,115.500
19629_090101_130416,D,20090304,000000,2.0350000,2.0910000,1.7160000,1.7250000,1.050.600
19629_090101_130416,D,20090305,000000,1.7350000,1.7810000,1.6550000,1.7000000,707.400
19629_090101_130416,D,20090306,000000,1.7550000,1.8370000,1.6150000,1.7400000,189.600
19629_090101_130416,D,20090310,000000,1.6850000,1.8980000,1.6500000,1.7700000,1.080.900
19629_090101_130416,D,20090311,000000,1.7700000,1.7890000,1.6100000,1.7150000,479.400
19629_090101_130416,D,20090312,000000,1.7000000,1.7880000,1.6200000,1.7050000,875.300
19629_090101_130416,D,20090313,000000,1.7890000,1.7890000,1.6640000,1.6740000,1.106.600
19629_090101_130416,D,20090316,000000,1.6990000,1.7790000,1.6110000,1.6300000,1.297.800
19629_090101_130416,D,20090317,000000,1.6220000,1.6480000,1.6190000,1.6470000,485.100
19629_090101_130416,D,20090318,000000,1.6470000,1.7100000,1.6310000,1.6790000,1.164.100
19629_090101_130416,D,20090319,000000,1.6600000,2.0820000,1.6290000,2.0000000,3.797.000
19629_090101_130416,D,20090320,000000,1.9600000,2.5800000,1.8710000,1.9500000,6.614.900
19629_090101_130416,D,20090323,000000,1.9500000,2.0480000,1.8800000,1.9130000,872.100
19629_090101_130416,D,20090324,000000,1.9000000,1.9890000,1.8600000,1.8890000,1.241.700
19629_090101_130416,D,20090325,000000,1.8900000,2.0000000,1.8010000,1.9500000,3.114.600
19629_090101_130416,D,20090326,000000,1.9400000,2.0490000,1.9400000,2.0430000,357.500
19629_090101_130416,D,20090327,000000,2.0600000,2.0600000,1.9800000,1.9800000,278.400
19629_090101_130416,D,20090330,000000,2.0500000,2.0500000,1.9300000,1.9800000,1.115.300
19629_090101_130416,D,20090331,000000,2.0000000,2.0500000,1.9510000,1.9510000,168.100
19629_090101_130416,D,20090401,000000,1.9660000,2.0100000,1.9300000,1.9880000,266.200
19629_090101_130416,D,20090402,000000,2.0150000,2.3180000,2.0080000,2.1200000,274.900
19629_090101_130416,D,20090403,000000,2.1100000,2.1100000,1.9900000,2.0100000,664.100
19629_090101_130416,D,20090406,000000,2.0800000,2.2730000,2.0040000,2.1000000,679.500
19629_090101_130416,D,20090407,000000,2.0700000,2.2400000,2.0140000,2.0990000,240.800
19629_090101_130416,D,20090408,000000,2.0100000,2.0600000,1.9840000,2.0400000,442.300
19629_090101_130416,D,20090409,000000,2.0900000,2.1840000,2.0010000,2.1000000,766.100
19629_090101_130416,D,20090410,000000,2.0600000,2.3190000,2.0600000,2.3090000,464.000
19629_090101_130416,D,20090413,000000,2.4840000,2.6500000,2.1570000,2.4900000,1.087.000
19629_090101_130416,D,20090414,000000,2.6500000,2.6500000,2.3030000,2.5370000,629.700
19629_090101_130416,D,20090415,000000,2.3600000,2.5190000,2.2600000,2.4170000,1.860.000
19629_090101_130416,D,20090416,000000,2.4880000,2.5990000,2.3600000,2.5900000,496.100
19629_090101_130416,D,20090417,000000,2.6300000,3.2200000,2.4500000,2.6140000,918.400
19629_090101_130416,D,20090420,000000,2.5910000,2.6000000,1.9400000,2.3790000,11.196.100
19629_090101_130416,D,20090421,000000,2.2780000,2.9700000,2.2280000,2.3180000,9.734.800
19629_090101_130416,D,20090422,000000,2.4940000,2.4940000,2.3000000,2.3490000,733.800
19629_090101_130416,D,20090423,000000,2.4340000,2.6000000,2.3400000,2.5000000,1.958.100
19629_090101_130416,D,20090424,000000,2.5450000,2.6330000,2.3810000,2.5500000,3.381.400
19629_090101_130416,D,20090427,000000,2.4500000,2.5900000,2.4000000,2.4680000,7.403.900
19629_090101_130416,D,20090428,000000,2.5450000,2.5450000,2.3200000,2.4580000,2.591.300
19629_090101_130416,D,20090429,000000,2.4650000,2.5850000,2.3750000,2.4780000,1.362.700
19629_090101_130416,D,20090430,000000,2.5780000,2.7500000,2.4500000,2.6700000,2.792.200
19629_090101_130416,D,20090504,000000,2.8100000,3.0850000,2.6120000,2.9110000,1.567.400
19629_090101_130416,D,20090505,000000,3.0590000,3.1870000,2.9500000,3.0770000,2.226.000
19629_090101_130416,D,20090506,000000,3.1300000,3.9390000,3.0500000,3.6000000,2.987.000
19629_090101_130416,D,20090507,000000,3.7240000,3.8990000,3.2900000,3.3590000,1.118.600
19629_090101_130416,D,20090508,000000,3.3500000,3.5250000,3.1040000,3.4140000,1.418.600
19629_090101_130416,D,20090512,000000,3.3950000,3.4970000,3.2140000,3.3380000,317.600
19629_090101_130416,D,20090513,000000,3.3870000,3.3940000,3.1500000,3.1970000,767.000
19629_090101_130416,D,20090514,000000,3.2200000,3.3190000,2.9060000,3.1740000,656.700
19629_090101_130416,D,20090515,000000,3.2300000,3.3400000,3.0240000,3.2000000,1.119.100
19629_090101_130416,D,20090518,000000,3.2690000,3.3370000,3.1000000,3.3000000,2.236.100
19629_090101_130416,D,20090519,000000,3.5420000,3.6980000,3.3000000,3.3750000,1.447.800
19629_090101_130416,D,20090520,000000,3.3960000,3.9050000,3.3460000,3.6190000,2.883.800
19629_090101_130416,D,20090521,000000,3.5820000,3.9000000,3.5470000,3.6000000,2.231.800
19629_090101_130416,D,20090522,000000,3.6000000,3.8750000,3.5220000,3.7820000,1.732.200
19629_090101_130416,D,20090525,000000,3.8600000,3.8600000,3.6300000,3.7380000,340.500
19629_090101_130416,D,20090526,000000,3.8500000,3.8980000,3.6010000,3.8000000,1.097.100
19629_090101_130416,D,20090527,000000,3.8600000,3.8900000,3.6650000,3.7850000,1.635.100
19629_090101_130416,D,20090528,000000,3.7980000,4.0700000,3.7500000,3.9300000,3.322.900
19629_090101_130416,D,20090529,000000,3.9700000,4.0200000,3.8510000,3.8600000,982.900
19629_090101_130416,D,20090601,000000,3.8070000,4.0000000,3.8010000,3.9470000,1.555.100
19629_090101_130416,D,20090602,000000,3.9890000,4.1940000,3.8110000,4.0000000,2.169.500
19629_090101_130416,D,20090603,000000,4.1880000,4.2500000,3.7010000,3.8810000,1.070.300
19629_090101_130416,D,20090604,000000,3.9900000,3.9900000,3.7020000,3.8400000,805.300
19629_090101_130416,D,20090605,000000,3.9970000,4.2300000,3.8000000,4.2290000,2.842.900
19629_090101_130416,D,20090608,000000,4.0520000,4.4890000,4.0130000,4.2900000,738.400
19629_090101_130416,D,20090609,000000,4.3490000,4.4000000,4.2010000,4.2590000,699.100
19629_090101_130416,D,20090610,000000,4.3500000,4.3500000,4.1500000,4.1990000,141.000
19629_090101_130416,D,20090611,000000,4.1600000,4.2850000,4.0000000,4.1410000,1.048.300
19629_090101_130416,D,20090615,000000,4.0050000,4.0900000,3.9000000,3.9500000,38.600
19629_090101_130416,D,20090616,000000,3.8510000,4.0000000,3.8500000,3.9150000,723.100
19629_090101_130416,D,20090617,000000,4.0400000,4.0400000,3.8500000,3.8500000,420.000
19629_090101_130416,D,20090618,000000,3.9000000,3.9990000,3.5800000,3.9800000,572.500
19629_090101_130416,D,20090619,000000,3.9200000,3.9680000,3.8000000,3.9400000,453.300
19629_090101_130416,D,20090622,000000,3.9400000,3.9970000,3.8000000,3.8770000,947.500
19629_090101_130416,D,20090623,000000,3.6560000,3.8800000,3.6560000,3.7800000,864.100
19629_090101_130416,D,20090624,000000,3.8800000,3.8880000,3.6810000,3.8800000,394.200
19629_090101_130416,D,20090625,000000,3.8800000,4.0990000,3.7830000,4.0400000,1.003.500
19629_090101_130416,D,20090626,000000,4.0400000,4.1740000,4.0210000,4.0300000,736.100
19629_090101_130416,D,20090629,000000,4.0990000,4.1400000,3.8500000,4.0800000,320.100
19629_090101_130416,D,20090630,000000,4.0000000,4.0970000,3.9100000,3.9990000,927.800
19629_090101_130416,D,20090701,000000,4.1000000,4.1450000,4.0000000,4.1440000,1.342.200
19629_090101_130416,D,20090702,000000,4.1500000,4.2500000,4.0000000,4.2500000,1.544.400
19629_090101_130416,D,20090703,000000,4.2900000,4.5000000,4.2200000,4.4000000,250.000
19629_090101_130416,D,20090706,000000,4.1110000,4.2770000,3.8000000,4.2010000,1.779.600
19629_090101_130416,D,20090707,000000,4.3500000,4.4500000,4.2010000,4.2500000,178.600
19629_090101_130416,D,20090708,000000,4.2200000,4.3550000,4.1510000,4.3300000,78.100
19629_090101_130416,D,20090709,000000,4.3500000,4.3500000,3.8010000,4.1570000,100.700
19629_090101_130416,D,20090710,000000,4.0130000,4.1700000,3.9020000,4.1510000,231.200
19629_090101_130416,D,20090713,000000,3.9560000,4.3900000,3.9560000,4.3000000,67.400
19629_090101_130416,D,20090714,000000,4.4000000,4.5800000,4.1050000,4.2000000,207.300
19629_090101_130416,D,20090715,000000,4.2100000,4.3990000,4.2100000,4.3900000,15.600
19629_090101_130416,D,20090716,000000,4.3900000,4.6000000,4.1720000,4.6000000,518.200
19629_090101_130416,D,20090717,000000,4.6290000,4.7900000,4.4510000,4.7100000,340.700
19629_090101_130416,D,20090720,000000,5.2550000,5.3000000,4.6800000,4.8700000,384.600
19629_090101_130416,D,20090721,000000,5.0000000,5.0480000,4.5030000,4.8490000,919.200
19629_090101_130416,D,20090722,000000,4.7800000,4.9900000,4.7150000,4.8980000,262.400
19629_090101_130416,D,20090723,000000,4.9000000,4.9790000,4.6040000,4.8790000,381.000
19629_090101_130416,D,20090724,000000,4.9000000,4.9800000,4.7500000,4.8590000,45.700
19629_090101_130416,D,20090727,000000,4.8990000,4.9000000,4.7020000,4.7750000,329.200
19629_090101_130416,D,20090728,000000,4.7970000,4.8800000,4.5500000,4.6700000,326.600
19629_090101_130416,D,20090729,000000,4.6950000,5.0300000,4.6940000,4.9040000,511.900
19629_090101_130416,D,20090730,000000,4.9300000,5.0000000,4.8070000,4.9130000,243.400
19629_090101_130416,D,20090731,000000,4.8600000,5.1800000,4.8600000,5.1800000,225.800
19629_090101_130416,D,20090803,000000,5.1120000,5.3800000,5.1120000,5.3490000,766.200
19629_090101_130416,D,20090804,000000,5.1590000,5.5000000,5.1590000,5.3700000,90.400
19629_090101_130416,D,20090805,000000,5.4000000,5.5000000,5.0750000,5.4000000,698.300
19629_090101_130416,D,20090806,000000,5.2550000,5.5300000,5.2510000,5.4990000,88.000
19629_090101_130416,D,20090807,000000,5.6800000,5.9100000,5.1600000,5.4000000,35.900
19629_090101_130416,D,20090810,000000,5.4000000,5.4700000,5.3400000,5.3400000,47.100
19629_090101_130416,D,20090811,000000,5.4000000,5.4000000,5.0800000,5.1500000,86.200
19629_090101_130416,D,20090812,000000,5.3000000,5.4850000,5.1040000,5.1990000,74.000
19629_090101_130416,D,20090813,000000,5.2000000,5.3500000,4.9450000,5.0500000,309.700
19629_090101_130416,D,20090814,000000,5.0490000,5.0500000,4.7000000,4.7670000,955.000
19629_090101_130416,D,20090817,000000,4.7400000,4.7400000,4.2800000,4.3800000,1.294.200
19629_090101_130416,D,20090818,000000,4.4000000,4.4500000,4.3400000,4.4010000,600.800
19629_090101_130416,D,20090819,000000,4.4200000,4.4600000,4.3330000,4.4600000,205.100
19629_090101_130416,D,20090820,000000,4.4700000,4.6500000,4.4690000,4.6400000,506.400
19629_090101_130416,D,20090821,000000,4.6500000,4.8000000,4.6000000,4.7800000,506.500
19629_090101_130416,D,20090824,000000,4.7990000,4.8810000,4.6650000,4.6650000,123.800
19629_090101_130416,D,20090825,000000,4.6050000,4.6920000,4.5580000,4.6030000,18.600
19629_090101_130416,D,20090826,000000,4.6970000,4.7000000,4.5810000,4.6720000,1.400
19629_090101_130416,D,20090827,000000,4.5010000,4.6700000,4.5010000,4.5510000,18.100
19629_090101_130416,D,20090828,000000,4.5510000,4.7900000,4.5500000,4.7700000,2.081.700
19629_090101_130416,D,20090831,000000,4.6890000,4.9490000,4.6690000,4.6700000,350.200
19629_090101_130416,D,20090901,000000,4.9000000,4.9000000,4.7290000,4.7290000,500
19629_090101_130416,D,20090902,000000,4.7000000,4.7000000,4.5050000,4.5950000,112.700
19629_090101_130416,D,20090903,000000,4.6910000,4.6990000,4.5350000,4.6250000,25.500
19629_090101_130416,D,20090904,000000,4.5360000,4.7680000,4.5360000,4.7000000,1.086.900
19629_090101_130416,D,20090907,000000,4.7980000,4.8500000,4.6420000,4.6430000,37.900
19629_090101_130416,D,20090908,000000,4.7440000,4.7440000,4.5670000,4.6620000,95.400
19629_090101_130416,D,20090909,000000,4.5980000,4.6960000,4.4000000,4.6890000,790.000
19629_090101_130416,D,20090910,000000,4.6890000,4.6890000,4.3500000,4.4090000,771.800
19629_090101_130416,D,20090911,000000,4.4090000,4.6570000,4.3100000,4.6540000,964.200
19629_090101_130416,D,20090914,000000,4.6670000,4.6670000,4.5000000,4.6580000,131.200
19629_090101_130416,D,20090915,000000,4.6560000,4.6890000,4.5510000,4.6500000,90.600
19629_090101_130416,D,20090916,000000,4.6650000,4.6980000,4.5600000,4.6980000,220.000
19629_090101_130416,D,20090917,000000,4.6700000,4.7100000,4.4500000,4.6670000,735.800
19629_090101_130416,D,20090918,000000,4.6900000,4.7700000,4.5500000,4.7500000,476.900
19629_090101_130416,D,20090921,000000,4.7850000,4.8900000,4.5880000,4.6330000,16.200
19629_090101_130416,D,20090922,000000,4.6490000,4.7270000,4.5990000,4.6200000,168.400
19629_090101_130416,D,20090923,000000,4.6320000,4.7000000,4.5270000,4.6290000,115.200
19629_090101_130416,D,20090924,000000,4.6800000,4.6800000,4.5000000,4.5160000,556.700
19629_090101_130416,D,20090925,000000,4.5000000,4.6390000,4.4400000,4.5550000,672.800
19629_090101_130416,D,20090928,000000,4.5800000,4.5820000,4.4500000,4.5720000,319.200
19629_090101_130416,D,20090929,000000,4.5700000,4.7350000,4.4910000,4.5350000,2.157.900
19629_090101_130416,D,20090930,000000,4.6200000,4.6200000,4.4860000,4.5470000,2.100.800
19629_090101_130416,D,20091001,000000,4.5100000,4.5900000,4.4600000,4.5490000,548.800
19629_090101_130416,D,20091002,000000,4.5850000,4.5850000,4.4800000,4.5280000,194.000
19629_090101_130416,D,20091005,000000,4.5050000,4.5500000,4.4500000,4.5050000,227.500
19629_090101_130416,D,20091006,000000,4.5050000,4.5500000,4.4820000,4.5250000,327.300
19629_090101_130416,D,20091007,000000,4.5300000,4.5900000,4.3650000,4.3840000,1.282.200
19629_090101_130416,D,20091008,000000,4.4400000,4.7490000,4.4010000,4.6060000,1.303.200
19629_090101_130416,D,20091009,000000,4.7000000,4.9400000,4.6070000,4.8100000,3.682.700
19629_090101_130416,D,20091012,000000,4.9300000,4.9400000,4.7520000,4.8000000,474.200
19629_090101_130416,D,20091013,000000,4.7100000,4.7990000,4.6060000,4.6910000,258.700
19629_090101_130416,D,20091014,000000,4.7500000,4.9150000,4.7160000,4.7960000,1.145.100
19629_090101_130416,D,20091015,000000,4.7500000,4.8170000,4.5550000,4.7960000,1.728.000
19629_090101_130416,D,20091016,000000,4.7880000,4.8440000,4.7280000,4.8300000,2.744.600
19629_090101_130416,D,20091019,000000,4.8100000,4.9000000,4.7500000,4.8500000,3.657.400
19629_090101_130416,D,20091020,000000,4.8600000,4.8600000,4.7700000,4.8280000,661.200
19629_090101_130416,D,20091021,000000,4.7140000,4.8500000,4.7100000,4.8470000,992.500
19629_090101_130416,D,20091022,000000,4.8440000,4.8440000,4.6500000,4.8390000,1.588.400
19629_090101_130416,D,20091023,000000,4.8500000,4.8870000,4.7550000,4.8800000,3.266.400
19629_090101_130416,D,20091026,000000,4.8600000,4.8650000,4.8000000,4.8640000,628.400
19629_090101_130416,D,20091027,000000,4.8000000,4.8650000,4.7150000,4.7910000,1.169.900
19629_090101_130416,D,20091028,000000,4.7510000,4.8000000,4.4040000,4.5010000,1.344.000
19629_090101_130416,D,20091029,000000,4.3500000,4.6900000,4.3500000,4.5780000,126.100
19629_090101_130416,D,20091030,000000,4.6810000,4.6900000,4.3600000,4.4200000,396.000
19629_090101_130416,D,20091102,000000,4.4930000,4.6880000,4.4000000,4.6500000,27.700
19629_090101_130416,D,20091103,000000,4.6780000,4.6780000,4.2340000,4.3000000,413.200
19629_090101_130416,D,20091105,000000,4.3990000,4.4400000,4.2840000,4.2990000,455.700
19629_090101_130416,D,20091106,000000,4.3800000,4.3800000,4.3000000,4.3050000,100.800
19629_090101_130416,D,20091109,000000,4.3800000,4.4490000,4.3200000,4.3700000,310.000
19629_090101_130416,D,20091110,000000,4.4410000,4.4410000,4.3500000,4.4170000,463.400
19629_090101_130416,D,20091111,000000,4.4000000,4.4900000,4.4000000,4.4500000,52.100
19629_090101_130416,D,20091112,000000,4.4120000,4.4200000,4.3150000,4.4100000,339.100
19629_090101_130416,D,20091113,000000,4.3510000,4.3850000,4.3000000,4.3770000,128.100
19629_090101_130416,D,20091116,000000,4.4250000,4.5130000,4.4250000,4.4990000,360.900
19629_090101_130416,D,20091117,000000,4.5190000,4.5200000,4.4410000,4.4500000,32.900
19629_090101_130416,D,20091118,000000,4.4500000,4.5060000,4.4110000,4.4500000,1.869.600
19629_090101_130416,D,20091119,000000,4.4980000,4.4980000,4.3800000,4.4400000,216.900
19629_090101_130416,D,20091120,000000,4.4990000,4.5000000,4.3600000,4.4990000,625.600
19629_090101_130416,D,20091123,000000,4.4500000,4.4500000,4.3100000,4.4370000,574.100
19629_090101_130416,D,20091124,000000,4.4400000,4.4500000,4.3100000,4.3500000,291.000
19629_090101_130416,D,20091125,000000,4.4220000,4.4220000,4.3380000,4.3380000,54.000
19629_090101_130416,D,20091126,000000,4.3320000,4.4500000,4.2800000,4.3220000,524.800
19629_090101_130416,D,20091127,000000,4.2420000,4.4000000,4.2020000,4.3990000,310.600
19629_090101_130416,D,20091130,000000,4.4050000,4.4500000,4.3220000,4.4400000,508.000
19629_090101_130416,D,20091201,000000,4.4400000,4.4500000,4.3010000,4.3970000,533.100
19629_090101_130416,D,20091202,000000,4.4040000,4.4400000,4.3400000,4.4000000,1.221.400
19629_090101_130416,D,20091203,000000,4.4000000,4.4000000,4.3200000,4.3200000,225.500
19629_090101_130416,D,20091204,000000,4.3080000,4.4670000,4.3010000,4.4350000,2.527.200
19629_090101_130416,D,20091207,000000,4.4490000,4.4990000,4.4000000,4.4240000,863.700
19629_090101_130416,D,20091208,000000,4.4000000,4.8200000,4.3730000,4.4900000,2.314.700
19629_090101_130416,D,20091209,000000,4.4550000,4.6490000,4.4050000,4.6300000,1.463.600
19629_090101_130416,D,20091210,000000,4.6200000,4.6930000,4.5740000,4.6900000,1.527.900
19629_090101_130416,D,20091211,000000,4.6900000,4.7120000,4.5840000,4.7100000,2.051.500
19629_090101_130416,D,20091214,000000,4.7100000,4.8500000,4.6800000,4.7930000,5.168.500
19629_090101_130416,D,20091215,000000,4.7510000,4.8200000,4.7500000,4.8150000,1.204.900
19629_090101_130416,D,20091216,000000,4.7990000,4.9000000,4.7500000,4.9000000,3.201.400
19629_090101_130416,D,20091217,000000,4.9000000,4.9000000,4.7100000,4.7700000,98.200
19629_090101_130416,D,20091218,000000,4.7800000,4.8150000,4.7040000,4.8000000,437.200
19629_090101_130416,D,20091221,000000,4.7160000,4.8600000,4.7160000,4.8570000,519.900
19629_090101_130416,D,20091222,000000,4.8800000,4.9100000,4.6990000,4.7850000,371.500
19629_090101_130416,D,20091223,000000,4.8300000,4.9590000,4.6700000,4.6730000,639.200
19629_090101_130416,D,20091224,000000,4.7200000,4.7690000,4.6710000,4.6710000,73.900
19629_090101_130416,D,20091225,000000,4.6200000,4.6500000,4.5300000,4.5550000,100.700
19629_090101_130416,D,20091228,000000,4.5550000,5.5000000,4.5100000,4.7560000,87.887.600
19629_090101_130416,D,20091229,000000,4.8450000,5.0000000,4.7510000,4.7900000,775.700
19629_090101_130416,D,20091230,000000,4.8330000,4.8330000,4.7000000,4.7800000,104.600
19629_090101_130416,D,20091231,000000,4.7800000,4.8500000,4.7040000,4.8370000,32.400
19629_090101_130416,D,20100111,000000,4.7020000,5.0000000,4.7010000,4.8970000,610.000
19629_090101_130416,D,20100112,000000,4.8970000,4.9890000,4.8020000,4.9890000,621.000
19629_090101_130416,D,20100113,000000,4.9500000,5.0500000,4.8510000,4.9860000,976.800
19629_090101_130416,D,20100114,000000,5.0000000,5.3980000,4.9170000,5.0900000,2.038.200
19629_090101_130416,D,20100115,000000,5.0700000,5.1450000,4.9310000,4.9630000,591.900
19629_090101_130416,D,20100118,000000,5.0380000,5.0380000,4.9300000,4.9600000,152.900
19629_090101_130416,D,20100119,000000,5.0430000,5.0430000,4.8100000,4.9300000,3.811.500
19629_090101_130416,D,20100120,000000,4.9290000,4.9300000,4.8200000,4.8310000,219.000
19629_090101_130416,D,20100121,000000,4.8480000,4.9660000,4.8320000,4.8320000,42.100
19629_090101_130416,D,20100122,000000,4.8320000,4.9340000,4.7790000,4.8400000,1.068.200
19629_090101_130416,D,20100125,000000,4.8010000,5.0500000,4.8000000,4.9760000,344.900
19629_090101_130416,D,20100126,000000,5.0000000,5.0000000,4.9030000,4.9500000,56.900
19629_090101_130416,D,20100127,000000,4.8200000,4.8840000,4.7600000,4.8780000,159.000
19629_090101_130416,D,20100128,000000,4.6730000,4.9000000,4.6730000,4.8000000,480.700
19629_090101_130416,D,20100129,000000,4.7770000,4.7950000,4.6220000,4.7000000,450.600
19629_090101_130416,D,20100201,000000,4.7000000,4.7900000,4.6080000,4.7000000,461.400
19629_090101_130416,D,20100202,000000,4.7850000,4.8790000,4.7000000,4.7500000,299.300
19629_090101_130416,D,20100203,000000,4.8000000,4.8470000,4.7800000,4.7800000,268.800
19629_090101_130416,D,20100204,000000,4.7810000,4.8500000,4.7000000,4.7100000,1.171.600
19629_090101_130416,D,20100205,000000,4.7120000,4.7120000,4.6020000,4.6300000,156.500
19629_090101_130416,D,20100208,000000,4.7500000,4.8620000,4.6200000,4.7930000,559.200
19629_090101_130416,D,20100209,000000,4.8300000,4.9500000,4.6030000,4.6500000,380.100
19629_090101_130416,D,20100210,000000,4.7000000,4.7490000,4.6200000,4.6200000,169.200
19629_090101_130416,D,20100211,000000,4.7750000,4.7990000,4.5450000,4.5500000,470.000
19629_090101_130416,D,20100212,000000,4.6600000,4.6600000,4.4440000,4.4700000,394.500
19629_090101_130416,D,20100215,000000,4.4550000,4.4680000,4.4100000,4.4680000,47.400
19629_090101_130416,D,20100216,000000,4.5870000,4.5870000,4.4500000,4.5640000,601.200
19629_090101_130416,D,20100217,000000,4.5980000,4.5980000,4.5100000,4.5500000,76.900
19629_090101_130416,D,20100218,000000,4.5030000,4.5480000,4.4890000,4.5430000,36.600
19629_090101_130416,D,20100219,000000,4.4990000,4.5430000,4.4400000,4.4500000,136.400
19629_090101_130416,D,20100224,000000,4.4490000,4.5970000,4.3100000,4.3800000,177.900
19629_090101_130416,D,20100225,000000,4.3900000,4.4250000,4.3310000,4.4000000,399.000
19629_090101_130416,D,20100226,000000,4.4000000,4.4100000,4.3200000,4.4090000,20.300
19629_090101_130416,D,20100227,000000,4.3600000,4.4100000,4.3560000,4.4080000,64.200
19629_090101_130416,D,20100301,000000,4.4250000,4.4750000,4.3730000,4.4000000,253.300
19629_090101_130416,D,20100302,000000,4.4630000,4.5000000,4.4070000,4.4980000,330.200
19629_090101_130416,D,20100303,000000,4.4990000,4.4990000,4.4000000,4.4850000,582.900
19629_090101_130416,D,20100304,000000,4.4140000,4.5850000,4.4000000,4.5000000,478.900
19629_090101_130416,D,20100305,000000,4.5900000,4.5900000,4.4860000,4.5680000,478.600
19629_090101_130416,D,20100309,000000,4.5750000,4.5750000,4.5000000,4.5030000,89.900
19629_090101_130416,D,20100310,000000,4.5010000,4.6500000,4.4910000,4.6500000,997.400
19629_090101_130416,D,20100311,000000,4.6500000,4.7560000,4.6000000,4.7350000,417.400
19629_090101_130416,D,20100312,000000,4.7500000,4.7500000,4.5710000,4.6440000,376.300
19629_090101_130416,D,20100315,000000,4.5640000,4.6990000,4.5140000,4.6200000,92.000
19629_090101_130416,D,20100316,000000,4.6840000,4.7000000,4.6000000,4.6780000,296.200
19629_090101_130416,D,20100317,000000,4.6080000,4.7440000,4.5910000,4.7440000,4.099.200
19629_090101_130416,D,20100318,000000,4.7490000,4.7490000,4.6690000,4.7320000,272.000
19629_090101_130416,D,20100319,000000,4.7470000,4.8420000,4.7390000,4.8350000,460.800
19629_090101_130416,D,20100322,000000,4.8390000,4.9500000,4.7860000,4.9500000,932.200
19629_090101_130416,D,20100323,000000,4.9000000,4.9500000,4.6550000,4.9100000,203.400
19629_090101_130416,D,20100324,000000,4.8870000,5.0600000,4.8450000,5.0000000,2.995.300
19629_090101_130416,D,20100325,000000,5.0800000,5.2000000,4.9990000,5.2000000,1.286.600
19629_090101_130416,D,20100326,000000,5.2500000,5.4580000,5.1110000,5.2990000,3.943.900
19629_090101_130416,D,20100329,000000,5.3600000,5.3600000,5.1810000,5.3200000,401.000
19629_090101_130416,D,20100330,000000,5.3000000,5.3220000,5.1140000,5.2700000,1.340.900
19629_090101_130416,D,20100331,000000,5.3100000,5.4600000,5.2020000,5.3380000,1.195.300
19629_090101_130416,D,20100401,000000,5.3600000,5.4740000,5.2300000,5.3300000,1.172.600
19629_090101_130416,D,20100402,000000,5.3600000,5.3600000,5.0700000,5.2460000,249.200
19629_090101_130416,D,20100405,000000,5.2650000,5.3550000,5.1110000,5.1110000,298.700
19629_090101_130416,D,20100406,000000,5.1710000,5.4800000,5.0880000,5.3880000,1.557.500
19629_090101_130416,D,20100407,000000,5.4500000,5.4990000,5.2520000,5.3400000,275.600
19629_090101_130416,D,20100408,000000,5.1250000,5.4990000,5.1210000,5.4500000,810.100
19629_090101_130416,D,20100409,000000,5.4590000,5.5490000,5.4100000,5.5000000,1.284.100
19629_090101_130416,D,20100412,000000,5.5300000,5.6340000,5.4100000,5.5500000,2.003.200
19629_090101_130416,D,20100413,000000,5.5500000,5.5700000,5.4400000,5.4600000,983.100
19629_090101_130416,D,20100414,000000,5.4600000,5.6000000,5.4600000,5.5300000,519.300
19629_090101_130416,D,20100415,000000,5.5530000,5.5960000,5.4000000,5.5960000,813.200
19629_090101_130416,D,20100416,000000,5.5220000,5.6500000,5.4600000,5.6500000,1.119.900
19629_090101_130416,D,20100419,000000,5.6420000,5.6500000,5.4200000,5.6470000,793.300
19629_090101_130416,D,20100420,000000,5.4900000,5.6500000,4.8250000,5.6000000,724.200
19629_090101_130416,D,20100421,000000,5.6000000,5.8890000,5.6000000,5.8200000,2.054.800
19629_090101_130416,D,20100422,000000,5.8820000,5.9400000,5.6500000,5.7500000,535.200
19629_090101_130416,D,20100423,000000,5.5670000,5.8000000,5.5580000,5.7190000,319.800
19629_090101_130416,D,20100426,000000,5.5970000,5.8800000,5.5970000,5.7500000,129.400
19629_090101_130416,D,20100427,000000,5.7000000,5.8700000,5.5800000,5.6100000,516.800
19629_090101_130416,D,20100428,000000,5.6010000,5.6010000,5.3720000,5.4300000,129.600
19629_090101_130416,D,20100429,000000,5.4820000,5.6660000,5.4820000,5.5000000,102.200
19629_090101_130416,D,20100430,000000,5.5720000,5.5720000,5.3500000,5.3500000,197.200
19629_090101_130416,D,20100504,000000,5.4550000,5.5960000,5.2100000,5.4030000,591.700
19629_090101_130416,D,20100505,000000,5.4030000,5.4490000,4.5250000,5.1500000,1.677.500
19629_090101_130416,D,20100506,000000,5.0500000,5.2000000,4.9380000,5.0800000,856.100
19629_090101_130416,D,20100507,000000,4.6510000,4.9540000,4.5500000,4.6800000,212.400
19629_090101_130416,D,20100511,000000,4.8500000,5.1000000,4.8500000,4.9500000,367.700
19629_090101_130416,D,20100512,000000,4.9590000,5.2600000,4.9590000,5.2600000,884.500
19629_090101_130416,D,20100513,000000,5.2640000,5.2970000,5.0720000,5.2500000,588.200
19629_090101_130416,D,20100514,000000,5.2010000,5.2010000,5.0220000,5.0640000,99.900
19629_090101_130416,D,20100517,000000,4.8500000,5.0380000,4.6540000,4.9600000,234.400
19629_090101_130416,D,20100518,000000,4.9300000,4.9600000,4.9300000,4.9500000,453.000
19629_090101_130416,D,20100519,000000,4.7420000,5.0000000,4.7370000,4.7700000,922.900
19629_090101_130416,D,20100520,000000,4.7990000,4.8880000,4.5750000,4.5750000,536.400
19629_090101_130416,D,20100521,000000,4.5700000,5.2800000,4.5700000,4.8590000,726.600
19629_090101_130416,D,20100524,000000,4.7520000,4.8300000,4.6260000,4.6380000,40.100
19629_090101_130416,D,20100525,000000,4.5500000,4.9000000,4.5300000,4.5300000,75.500
19629_090101_130416,D,20100526,000000,4.6000000,5.2800000,4.4120000,4.6000000,1.858.400
19629_090101_130416,D,20100527,000000,4.6400000,5.2000000,4.5520000,4.7500000,686.600
19629_090101_130416,D,20100528,000000,4.6130000,4.9990000,4.6130000,4.9710000,461.600
19629_090101_130416,D,20100531,000000,5.0000000,5.0000000,4.8010000,4.8200000,60.600
19629_090101_130416,D,20100601,000000,4.8110000,5.2790000,4.7210000,5.0130000,967.000
19629_090101_130416,D,20100602,000000,5.0140000,5.2800000,5.0140000,5.2800000,655.300
19629_090101_130416,D,20100603,000000,5.0900000,5.4990000,5.0900000,5.2040000,357.600
19629_090101_130416,D,20100604,000000,5.3300000,5.3980000,5.2400000,5.2400000,78.300
19629_090101_130416,D,20100607,000000,4.8540000,5.1010000,4.7610000,5.1010000,218.500
19629_090101_130416,D,20100608,000000,5.1150000,5.1200000,4.8340000,4.8340000,27.800
19629_090101_130416,D,20100609,000000,4.8390000,5.2000000,4.8290000,5.1000000,36.900
19629_090101_130416,D,20100610,000000,5.0000000,5.2000000,5.0000000,5.0000000,263.600
19629_090101_130416,D,20100611,000000,5.0000000,5.0000000,4.9010000,4.9490000,38.400
19629_090101_130416,D,20100615,000000,4.9200000,5.0460000,4.8990000,4.9000000,81.100
19629_090101_130416,D,20100616,000000,4.8330000,4.9200000,4.7500000,4.7920000,517.000
19629_090101_130416,D,20100617,000000,4.7830000,4.8440000,4.7600000,4.8440000,139.700
19629_090101_130416,D,20100618,000000,4.7960000,4.8930000,4.6160000,4.8070000,74.900
19629_090101_130416,D,20100621,000000,4.8920000,4.8930000,4.7130000,4.7150000,293.600
19629_090101_130416,D,20100622,000000,4.7130000,4.7200000,4.5000000,4.6960000,1.412.000
19629_090101_130416,D,20100623,000000,4.6090000,4.6500000,4.5500000,4.5520000,1.139.400
19629_090101_130416,D,20100624,000000,4.5550000,4.8050000,4.5540000,4.6890000,442.000
19629_090101_130416,D,20100625,000000,4.6410000,4.6880000,4.4200000,4.4990000,335.500
19629_090101_130416,D,20100628,000000,4.5010000,4.8090000,4.5000000,4.8090000,227.000
19629_090101_130416,D,20100629,000000,4.7140000,4.7140000,4.5500000,4.5500000,379.900
19629_090101_130416,D,20100630,000000,4.5300000,4.7140000,4.4440000,4.6100000,696.500
19629_090101_130416,D,20100701,000000,4.5000000,4.5290000,4.3520000,4.3550000,1.065.800
19629_090101_130416,D,20100702,000000,4.3550000,4.5680000,4.2130000,4.4600000,1.031.300
19629_090101_130416,D,20100705,000000,4.4090000,4.4650000,4.4090000,4.4320000,282.800
19629_090101_130416,D,20100706,000000,4.4500000,4.6350000,4.4500000,4.6350000,926.700
19629_090101_130416,D,20100707,000000,4.6000000,4.6000000,4.5350000,4.5400000,258.900
19629_090101_130416,D,20100708,000000,4.6490000,4.6910000,4.4440000,4.4830000,372.600
19629_090101_130416,D,20100709,000000,4.5000000,4.5100000,4.5000000,4.5100000,124.000
19629_090101_130416,D,20100712,000000,4.5100000,4.5500000,4.4940000,4.4940000,99.600
19629_090101_130416,D,20100713,000000,4.5060000,4.5610000,4.5000000,4.5130000,155.500
19629_090101_130416,D,20100714,000000,4.5070000,4.5600000,4.4380000,4.4380000,1.225.500
19629_090101_130416,D,20100715,000000,4.4850000,4.5260000,4.4000000,4.4000000,773.300
19629_090101_130416,D,20100716,000000,4.3550000,4.4430000,4.3550000,4.4000000,75.500
19629_090101_130416,D,20100719,000000,4.3200000,4.4430000,4.3200000,4.3580000,1.703.700
19629_090101_130416,D,20100720,000000,4.3600000,4.5000000,4.3050000,4.3300000,452.900
19629_090101_130416,D,20100721,000000,4.4050000,4.4440000,4.3030000,4.3490000,412.600
19629_090101_130416,D,20100722,000000,4.3610000,4.4000000,4.3100000,4.3300000,444.900
19629_090101_130416,D,20100723,000000,4.3300000,4.4000000,4.2100000,4.3600000,1.987.300
19629_090101_130416,D,20100726,000000,4.3180000,4.4860000,4.3030000,4.4400000,667.700
19629_090101_130416,D,20100727,000000,4.4170000,4.6300000,4.4160000,4.6190000,448.600
19629_090101_130416,D,20100728,000000,4.6190000,4.8000000,4.5870000,4.5870000,27.397.100
19629_090101_130416,D,20100729,000000,4.5870000,4.7850000,4.5850000,4.7300000,897.900
19629_090101_130416,D,20100730,000000,4.7250000,4.7500000,4.6780000,4.7250000,228.500
19629_090101_130416,D,20100802,000000,4.7700000,4.9000000,4.7290000,4.8500000,110.400
19629_090101_130416,D,20100803,000000,4.7770000,4.9000000,4.7010000,4.7920000,177.100
19629_090101_130416,D,20100804,000000,4.8680000,4.9500000,4.7300000,4.9490000,644.600
19629_090101_130416,D,20100805,000000,4.9660000,4.9920000,4.6650000,4.7370000,61.866.600
19629_090101_130416,D,20100806,000000,4.7900000,5.0500000,4.5160000,4.5980000,1.046.000
19629_090101_130416,D,20100809,000000,4.6320000,4.7000000,4.6000000,4.6100000,737.700
19629_090101_130416,D,20100810,000000,4.6000000,4.6950000,4.4350000,4.5000000,755.600
19629_090101_130416,D,20100811,000000,4.5070000,4.5080000,4.4300000,4.4960000,247.000
19629_090101_130416,D,20100812,000000,4.4610000,4.5440000,4.4430000,4.4430000,43.600
19629_090101_130416,D,20100813,000000,4.4510000,4.5370000,4.4300000,4.4530000,90.100
19629_090101_130416,D,20100816,000000,4.4970000,4.5000000,4.3810000,4.4040000,1.309.800
19629_090101_130416,D,20100817,000000,4.4500000,4.5000000,4.2200000,4.4500000,1.214.000
19629_090101_130416,D,20100818,000000,4.4850000,4.5740000,4.4400000,4.4950000,1.826.600
19629_090101_130416,D,20100819,000000,4.5000000,4.7000000,4.4970000,4.6110000,6.470.300
19629_090101_130416,D,20100820,000000,4.6850000,4.7400000,4.5500000,4.6380000,212.300
19629_090101_130416,D,20100823,000000,4.6100000,4.7280000,4.4670000,4.5600000,124.800
19629_090101_130416,D,20100824,000000,4.5870000,4.6190000,4.4340000,4.5490000,322.300
19629_090101_130416,D,20100825,000000,4.5480000,4.5950000,4.4480000,4.5470000,227.800
19629_090101_130416,D,20100826,000000,4.5930000,4.6150000,4.4610000,4.5380000,335.000
19629_090101_130416,D,20100827,000000,4.5030000,4.5940000,4.5000000,4.5000000,601.600
19629_090101_130416,D,20100830,000000,4.5480000,4.6000000,4.5200000,4.5550000,162.200
19629_090101_130416,D,20100831,000000,4.5040000,4.5990000,4.4900000,4.5240000,254.900
19629_090101_130416,D,20100901,000000,4.5930000,4.7200000,4.5070000,4.7000000,475.900
19629_090101_130416,D,20100902,000000,4.7000000,4.7000000,4.6120000,4.6970000,282.400
19629_090101_130416,D,20100903,000000,4.6410000,4.6410000,4.5760000,4.6040000,55.700
19629_090101_130416,D,20100906,000000,4.6860000,4.6860000,4.5110000,4.5830000,398.000
19629_090101_130416,D,20100907,000000,4.5940000,4.6200000,4.5080000,4.6200000,137.400
19629_090101_130416,D,20100908,000000,4.5480000,4.7000000,4.5230000,4.7000000,2.206.500
19629_090101_130416,D,20100909,000000,4.6580000,4.8000000,4.6500000,4.7760000,1.616.800
19629_090101_130416,D,20100910,000000,4.8000000,4.9270000,4.6900000,4.8900000,1.406.300
19629_090101_130416,D,20100913,000000,4.8280000,4.9900000,4.8280000,4.9100000,2.840.800
19629_090101_130416,D,20100914,000000,4.8770000,4.9900000,4.7400000,4.9200000,239.800
19629_090101_130416,D,20100915,000000,4.9240000,5.0000000,4.7000000,4.8800000,787.100
19629_090101_130416,D,20100916,000000,5.0500000,5.2890000,4.2050000,4.3150000,29.567.400
19629_090101_130416,D,20100917,000000,4.3640000,4.4430000,4.1310000,4.1500000,9.383.800
19629_090101_130416,D,20100920,000000,4.1700000,4.2880000,4.0200000,4.1480000,5.365.000
19629_090101_130416,D,20100921,000000,4.1850000,4.2600000,4.0480000,4.2440000,2.637.400
19629_090101_130416,D,20100922,000000,4.2400000,4.3200000,4.1700000,4.1970000,1.217.500
19629_090101_130416,D,20100923,000000,4.2190000,4.2190000,4.1010000,4.1330000,991.100
19629_090101_130416,D,20100924,000000,4.1370000,4.1770000,4.0710000,4.1130000,522.200
19629_090101_130416,D,20100927,000000,4.1390000,4.1890000,4.0650000,4.1070000,1.392.400
19629_090101_130416,D,20100928,000000,4.1570000,4.1570000,4.0430000,4.0830000,1.662.600
19629_090101_130416,D,20100929,000000,4.0570000,4.1000000,3.7800000,3.8190000,9.647.300
19629_090101_130416,D,20100930,000000,3.8880000,3.9170000,3.8000000,3.8890000,3.638.900
19629_090101_130416,D,20101001,000000,3.8910000,3.9360000,3.8500000,3.9250000,1.448.500
19629_090101_130416,D,20101004,000000,3.9390000,3.9760000,3.8500000,3.9500000,2.693.600
19629_090101_130416,D,20101005,000000,3.9510000,4.0340000,3.9120000,3.9610000,2.918.700
19629_090101_130416,D,20101006,000000,3.9700000,3.9950000,3.9090000,3.9370000,4.106.600
19629_090101_130416,D,20101007,000000,3.9390000,3.9680000,3.8300000,3.8450000,2.468.500
19629_090101_130416,D,20101008,000000,3.8430000,3.8650000,3.6900000,3.7290000,5.234.000
19629_090101_130416,D,20101011,000000,3.7610000,3.8270000,3.6800000,3.8140000,2.206.000
19629_090101_130416,D,20101012,000000,3.7990000,3.9550000,3.7990000,3.8870000,3.275.600
19629_090101_130416,D,20101013,000000,3.9090000,3.9270000,3.8500000,3.8760000,4.616.100
19629_090101_130416,D,20101014,000000,3.8970000,3.9050000,3.8000000,3.8420000,3.208.300
19629_090101_130416,D,20101015,000000,3.8500000,4.0250000,3.8150000,3.9320000,2.760.200
19629_090101_130416,D,20101018,000000,3.8840000,3.9900000,3.8800000,3.9150000,2.562.600
19629_090101_130416,D,20101019,000000,4.0280000,4.2000000,3.8220000,3.8600000,29.583.400
19629_090101_130416,D,20101020,000000,3.8670000,3.9150000,3.8230000,3.8880000,6.640.000
19629_090101_130416,D,20101021,000000,3.9200000,3.9340000,3.8200000,3.8340000,3.384.600
19629_090101_130416,D,20101022,000000,3.8340000,3.8500000,3.7250000,3.7850000,3.972.900
19629_090101_130416,D,20101025,000000,3.8020000,3.8030000,3.7110000,3.7470000,1.961.200
19629_090101_130416,D,20101026,000000,3.7230000,3.7860000,3.6690000,3.6800000,2.634.100
19629_090101_130416,D,20101027,000000,3.6800000,3.7670000,3.6200000,3.7210000,2.085.000
19629_090101_130416,D,20101028,000000,3.7250000,3.7760000,3.6770000,3.7510000,2.164.300
19629_090101_130416,D,20101029,000000,3.7500000,3.8700000,3.7200000,3.7730000,7.605.500
19629_090101_130416,D,20101101,000000,3.8250000,3.8800000,3.7620000,3.8050000,3.781.300
19629_090101_130416,D,20101102,000000,3.8100000,3.8590000,3.8010000,3.8430000,1.670.800
19629_090101_130416,D,20101103,000000,3.8390000,3.9190000,3.8320000,3.8920000,2.914.000
19629_090101_130416,D,20101108,000000,3.9800000,3.9800000,3.8120000,3.9040000,5.999.200
19629_090101_130416,D,20101109,000000,3.8710000,3.8980000,3.7350000,3.8020000,8.787.500
19629_090101_130416,D,20101110,000000,3.7730000,3.9490000,3.7650000,3.8180000,7.080.900
19629_090101_130416,D,20101111,000000,3.8000000,3.8360000,3.7650000,3.8260000,1.852.400
19629_090101_130416,D,20101112,000000,3.8010000,3.8290000,3.7540000,3.7840000,3.513.500
19629_090101_130416,D,20101113,000000,3.7790000,3.7990000,3.7520000,3.7880000,943.500
19629_090101_130416,D,20101115,000000,3.8000000,3.8210000,3.7520000,3.8130000,1.832.100
19629_090101_130416,D,20101116,000000,3.7980000,3.8480000,3.7810000,3.7890000,1.342.500
19629_090101_130416,D,20101117,000000,3.7820000,3.8990000,3.7250000,3.8880000,4.017.800
19629_090101_130416,D,20101118,000000,3.8560000,4.1500000,3.8550000,4.1000000,10.105.700
19629_090101_130416,D,20101119,000000,4.1000000,4.2590000,4.0300000,4.2500000,13.240.200
19629_090101_130416,D,20101122,000000,4.2920000,4.3000000,4.1290000,4.1590000,8.717.900
19629_090101_130416,D,20101123,000000,4.1230000,4.1490000,4.0300000,4.0750000,4.359.000
19629_090101_130416,D,20101124,000000,4.0600000,4.1330000,3.9750000,4.1100000,2.473.300
19629_090101_130416,D,20101125,000000,4.1500000,4.1500000,4.0310000,4.0800000,3.159.600
19629_090101_130416,D,20101126,000000,4.0430000,4.1050000,4.0300000,4.0380000,1.951.100
19629_090101_130416,D,20101129,000000,4.0550000,4.1080000,3.9610000,4.0000000,5.316.600
19629_090101_130416,D,20101130,000000,4.0140000,4.0390000,3.9250000,3.9500000,3.899.800
19629_090101_130416,D,20101201,000000,3.9970000,4.2490000,3.9790000,4.0600000,2.141.200
19629_090101_130416,D,20101202,000000,4.0890000,4.1750000,4.0700000,4.1500000,3.893.900
19629_090101_130416,D,20101203,000000,4.0910000,4.1610000,4.0910000,4.1110000,1.826.700
19629_090101_130416,D,20101206,000000,4.0660000,4.1470000,4.0500000,4.1100000,2.609.600
19629_090101_130416,D,20101207,000000,4.1100000,4.2190000,4.0710000,4.1500000,44.243.100
19629_090101_130416,D,20101208,000000,4.1490000,4.1900000,4.1130000,4.1130000,544.400
19629_090101_130416,D,20101209,000000,4.1670000,4.2100000,4.1160000,4.1480000,43.397.000
19629_090101_130416,D,20101210,000000,4.1800000,4.1890000,4.1100000,4.1490000,1.076.500
19629_090101_130416,D,20101213,000000,4.1870000,4.2400000,4.1290000,4.1900000,2.878.200
19629_090101_130416,D,20101214,000000,4.2120000,4.2140000,4.1700000,4.2070000,2.889.600
19629_090101_130416,D,20101215,000000,4.1990000,4.2050000,4.1510000,4.1860000,987.000
19629_090101_130416,D,20101216,000000,4.1510000,4.1800000,4.1060000,4.1320000,1.511.600
19629_090101_130416,D,20101217,000000,4.1110000,4.1800000,4.0620000,4.1500000,5.490.500
19629_090101_130416,D,20101220,000000,4.1490000,4.1790000,4.0530000,4.0680000,4.101.800
19629_090101_130416,D,20101221,000000,4.0880000,4.1380000,4.0500000,4.1140000,2.747.400
19629_090101_130416,D,20101222,000000,4.1140000,4.1360000,4.0720000,4.0990000,469.400
19629_090101_130416,D,20101223,000000,4.1010000,4.1200000,4.0700000,4.0740000,579.600
19629_090101_130416,D,20101224,000000,4.0600000,4.1440000,4.0570000,4.1200000,2.531.000
19629_090101_130416,D,20101227,000000,4.0920000,4.1190000,4.0870000,4.0900000,1.582.900
19629_090101_130416,D,20101228,000000,4.0610000,4.1180000,4.0560000,4.0800000,1.995.900
19629_090101_130416,D,20101229,000000,4.1020000,4.1200000,4.0630000,4.0930000,1.482.800
19629_090101_130416,D,20101230,000000,4.0800000,4.1200000,4.0520000,4.1100000,1.802.100
19629_090101_130416,D,20110111,000000,4.1500000,4.2300000,4.1400000,4.2000000,2.706.300
19629_090101_130416,D,20110112,000000,4.2340000,4.2350000,4.1440000,4.2200000,4.266.000
19629_090101_130416,D,20110113,000000,4.2100000,4.2890000,4.2000000,4.2330000,2.699.700
19629_090101_130416,D,20110114,000000,4.2290000,4.4440000,4.2290000,4.3760000,5.125.200
19629_090101_130416,D,20110117,000000,4.3990000,4.4320000,4.2750000,4.2920000,1.895.700
19629_090101_130416,D,20110118,000000,4.3350000,4.4420000,4.2950000,4.4000000,6.069.000
19629_090101_130416,D,20110119,000000,4.3920000,4.4200000,4.3550000,4.4120000,1.612.600
19629_090101_130416,D,20110120,000000,4.3350000,4.3490000,4.2910000,4.3300000,466.800
19629_090101_130416,D,20110121,000000,4.3720000,4.3750000,4.2610000,4.3560000,1.026.300
19629_090101_130416,D,20110124,000000,4.3760000,4.4100000,4.2650000,4.2650000,1.941.100
19629_090101_130416,D,20110125,000000,4.3110000,4.3150000,4.2720000,4.3000000,1.209.700
19629_090101_130416,D,20110126,000000,4.3010000,4.3370000,4.1280000,4.3230000,2.139.000
19629_090101_130416,D,20110127,000000,4.3950000,4.4970000,4.3280000,4.3500000,11.363.900
19629_090101_130416,D,20110128,000000,4.3600000,4.3840000,4.2010000,4.2600000,1.410.500
19629_090101_130416,D,20110131,000000,4.2010000,4.2120000,4.1180000,4.1800000,2.092.200
19629_090101_130416,D,20110201,000000,4.2060000,4.3160000,4.1900000,4.2210000,512.600
19629_090101_130416,D,20110202,000000,4.2190000,4.2820000,4.2000000,4.2820000,1.557.300
19629_090101_130416,D,20110203,000000,4.2590000,4.3750000,4.2230000,4.3380000,2.668.300
19629_090101_130416,D,20110204,000000,4.3400000,4.3400000,4.2740000,4.2870000,1.058.100
19629_090101_130416,D,20110207,000000,4.2960000,4.3450000,4.2680000,4.3390000,1.399.100
19629_090101_130416,D,20110208,000000,4.3330000,4.3400000,4.2700000,4.2900000,3.156.500
19629_090101_130416,D,20110209,000000,4.3000000,4.3200000,4.3000000,4.3100000,1.302.900
19629_090101_130416,D,20110210,000000,4.3010000,4.3010000,4.1780000,4.1950000,2.843.600
19629_090101_130416,D,20110211,000000,4.1960000,4.2190000,4.1760000,4.1850000,595.600
19629_090101_130416,D,20110214,000000,4.1850000,4.2190000,4.1800000,4.2010000,935.400
19629_090101_130416,D,20110215,000000,4.1850000,4.1850000,4.0710000,4.1490000,367.200
19629_090101_130416,D,20110216,000000,4.1830000,4.1830000,4.0770000,4.1250000,1.584.400
19629_090101_130416,D,20110217,000000,4.1470000,4.2150000,4.1000000,4.1580000,1.041.800
19629_090101_130416,D,20110218,000000,4.1890000,4.1890000,4.0700000,4.1120000,990.200
19629_090101_130416,D,20110221,000000,4.1000000,4.3000000,4.0710000,4.1250000,1.725.300
19629_090101_130416,D,20110222,000000,4.1920000,4.1920000,4.0500000,4.0960000,1.613.500
19629_090101_130416,D,20110224,000000,4.1300000,4.1380000,3.9000000,3.9600000,4.541.500
19629_090101_130416,D,20110225,000000,3.9500000,3.9970000,3.8530000,3.9100000,2.756.000
19629_090101_130416,D,20110228,000000,3.9300000,3.9800000,3.8550000,3.9350000,1.950.700
19629_090101_130416,D,20110301,000000,3.9400000,3.9500000,3.8800000,3.9005000,1.703.000
19629_090101_130416,D,20110302,000000,3.8666000,3.9389000,3.8600000,3.9087000,980.000
19629_090101_130416,D,20110303,000000,3.9012000,3.9012000,3.8000000,3.8500000,1.190.000
19629_090101_130416,D,20110304,000000,3.8478000,3.8900000,3.8478000,3.8499000,736.000
19629_090101_130416,D,20110305,000000,3.8700000,3.9298000,3.8499000,3.9269000,750.000
19629_090101_130416,D,20110309,000000,3.9500000,3.9888000,3.8450000,3.8451000,2.118.000
19629_090101_130416,D,20110310,000000,3.8500000,3.8717000,3.8000000,3.8000000,1.711.000
19629_090101_130416,D,20110311,000000,3.7700000,3.8716000,3.7700000,3.8700000,1.595.000
19629_090101_130416,D,20110314,000000,3.8301000,3.8500000,3.7502000,3.7999000,918.000
19629_090101_130416,D,20110315,000000,3.7898000,3.7898000,3.7000000,3.7057000,10.728.000
19629_090101_130416,D,20110316,000000,3.7499000,3.7499000,3.6898000,3.7264000,1.381.000
19629_090101_130416,D,20110317,000000,3.6750000,3.7988000,3.6702000,3.7893000,584.000
19629_090101_130416,D,20110318,000000,3.7501000,3.7797000,3.6800000,3.7095000,2.601.000
19629_090101_130416,D,20110321,000000,3.7473000,3.7581000,3.7230000,3.7497000,778.000
19629_090101_130416,D,20110322,000000,3.7253000,3.7500000,3.7100000,3.7240000,604.000
19629_090101_130416,D,20110323,000000,3.7280000,3.7999000,3.7100000,3.7700000,2.850.000
19629_090101_130416,D,20110324,000000,3.7988000,3.8698000,3.7100000,3.7904000,601.000
19629_090101_130416,D,20110325,000000,3.8596000,3.8596000,3.7901000,3.8395000,390.000
19629_090101_130416,D,20110328,000000,3.8400000,3.9348000,3.8301000,3.8852000,1.818.000
19629_090101_130416,D,20110329,000000,3.9200000,3.9400000,3.8020000,3.8300000,818.000
19629_090101_130416,D,20110330,000000,3.8500000,3.8998000,3.8100000,3.8300000,875.000
19629_090101_130416,D,20110331,000000,3.8111000,3.9000000,3.8000000,3.8450000,2.475.000
19629_090101_130416,D,20110401,000000,3.8673000,3.9097000,3.8140000,3.8200000,2.071.000
19629_090101_130416,D,20110404,000000,3.8240000,3.8699000,3.7700000,3.8163000,1.735.000
19629_090101_130416,D,20110405,000000,3.8163000,3.8163000,3.7240000,3.7489000,1.193.000
19629_090101_130416,D,20110406,000000,3.7270000,3.7339000,3.6700000,3.6800000,3.272.000
19629_090101_130416,D,20110407,000000,3.7299000,3.7300000,3.6210000,3.6400000,2.114.000
19629_090101_130416,D,20110408,000000,3.6495000,3.6696000,3.6070000,3.6200000,2.463.000
19629_090101_130416,D,20110411,000000,3.6201000,3.6500000,3.5218000,3.6299000,1.512.000
19629_090101_130416,D,20110412,000000,3.6300000,3.6490000,3.5300000,3.6189000,1.341.000
19629_090101_130416,D,20110413,000000,3.6003000,3.6300000,3.5405000,3.5600000,957.000
19629_090101_130416,D,20110414,000000,3.5600000,3.5600000,3.4500000,3.5011000,6.801.000
19629_090101_130416,D,20110415,000000,3.4900000,3.5000000,3.4705000,3.4900000,810.000
19629_090101_130416,D,20110418,000000,3.4750000,3.5355000,3.4300000,3.4301000,2.347.000
19629_090101_130416,D,20110419,000000,3.4301000,3.4898000,3.2500000,3.4530000,1.127.000
19629_090101_130416,D,20110420,000000,3.4535000,3.5049000,3.4404000,3.5049000,1.021.000
19629_090101_130416,D,20110421,000000,3.5000000,3.5299000,3.4552000,3.5000000,1.421.000
19629_090101_130416,D,20110422,000000,3.4746000,3.5497000,3.4409000,3.5496000,557.000
19629_090101_130416,D,20110425,000000,3.5400000,3.6100000,3.4553000,3.4651000,4.053.000
19629_090101_130416,D,20110426,000000,3.4410000,3.5629000,3.4250000,3.5399000,735.000
19629_090101_130416,D,20110427,000000,3.5209000,3.5250000,3.4300000,3.4300000,330.000
19629_090101_130416,D,20110428,000000,3.4300000,3.4580000,3.4050000,3.4580000,528.000
19629_090101_130416,D,20110429,000000,3.4213000,3.4350000,3.4001000,3.4348000,129.000
19629_090101_130416,D,20110503,000000,3.4300000,3.4300000,3.3900000,3.3900000,2.203.000
19629_090101_130416,D,20110504,000000,3.3611000,3.4092000,3.3611000,3.3705000,1.675.000
19629_090101_130416,D,20110505,000000,3.3640000,3.3640000,3.2892000,3.3350000,1.330.000
19629_090101_130416,D,20110506,000000,3.3025000,3.3949000,3.2999000,3.3895000,1.964.000
19629_090101_130416,D,20110510,000000,3.3511000,3.3970000,3.3511000,3.3951000,100.000
19629_090101_130416,D,20110511,000000,3.4000000,3.4110000,3.3330000,3.3440000,1.656.000
19629_090101_130416,D,20110512,000000,3.3300000,3.3600000,3.2723000,3.2930000,535.000
19629_090101_130416,D,20110513,000000,3.2725000,3.4001000,3.2510000,3.3208000,1.233.000
19629_090101_130416,D,20110516,000000,3.3200000,3.3600000,3.2860000,3.2860000,178.000
19629_090101_130416,D,20110517,000000,3.3000000,3.3599000,3.2860000,3.3495000,112.000
19629_090101_130416,D,20110518,000000,3.3510000,3.4100000,3.3001000,3.3996000,841.000
19629_090101_130416,D,20110519,000000,3.3107000,3.4800000,3.3107000,3.4400000,1.617.000
19629_090101_130416,D,20110520,000000,3.4204000,3.4449000,3.3500000,3.3500000,1.067.000
19629_090101_130416,D,20110523,000000,3.3441000,3.4301000,3.2125000,3.3800000,2.072.000
19629_090101_130416,D,20110524,000000,3.3999000,3.4302000,3.3878000,3.4000000,1.326.000
19629_090101_130416,D,20110525,000000,3.4000000,3.4000000,3.3300000,3.3300000,360.000
19629_090101_130416,D,20110526,000000,3.3747000,3.4260000,3.3500000,3.3522000,1.415.000
19629_090101_130416,D,20110527,000000,3.3749000,3.4309000,3.3000000,3.3230000,1.285.000
19629_090101_130416,D,20110530,000000,3.3349000,3.5972000,3.3349000,3.4900000,4.303.000
19629_090101_130416,D,20110531,000000,3.5000000,3.5370000,3.4451000,3.4656000,2.962.000
19629_090101_130416,D,20110601,000000,3.4829000,3.4898000,3.4473000,3.4500000,685.000
19629_090101_130416,D,20110602,000000,3.4450000,3.4820000,3.4181000,3.4505000,589.000
19629_090101_130416,D,20110603,000000,3.4699000,3.4820000,3.4181000,3.4200000,278.000
19629_090101_130416,D,20110606,000000,3.4475000,3.4675000,3.4300000,3.4400000,351.000
19629_090101_130416,D,20110607,000000,3.4425000,3.4475000,3.3900000,3.4100000,626.000
19629_090101_130416,D,20110608,000000,3.3970000,3.4180000,3.3903000,3.3950000,205.000
19629_090101_130416,D,20110609,000000,3.3999000,3.3999000,3.3490000,3.3800000,1.842.000
19629_090101_130416,D,20110610,000000,3.3750000,3.4300000,3.3625000,3.4159000,683.000
19629_090101_130416,D,20110614,000000,3.4165000,3.4480000,3.3650000,3.3700000,1.232.000
19629_090101_130416,D,20110615,000000,3.3750000,3.4247000,3.2700000,3.3700000,2.579.000
19629_090101_130416,D,20110616,000000,3.3350000,3.3780000,3.3350000,3.3708000,267.000
19629_090101_130416,D,20110617,000000,3.3777000,3.3779000,3.3308000,3.3334000,342.000
19629_090101_130416,D,20110620,000000,3.3616000,3.4200000,3.3321000,3.4000000,989.000
19629_090101_130416,D,20110621,000000,3.4099000,3.4350000,3.3600000,3.3997000,1.820.000
19629_090101_130416,D,20110622,000000,3.3804000,3.4077000,3.3402000,3.3600000,646.000
19629_090101_130416,D,20110623,000000,3.3501000,3.3900000,3.3260000,3.3900000,1.047.000
19629_090101_130416,D,20110624,000000,3.3897000,3.3923000,3.3452000,3.3507000,281.000
19629_090101_130416,D,20110627,000000,3.3796000,3.3880000,3.3397000,3.3401000,129.000
19629_090101_130416,D,20110628,000000,3.3696000,3.4068000,3.3401000,3.3960000,515.000
19629_090101_130416,D,20110629,000000,3.4000000,3.4080000,3.3407000,3.3600000,334.000
19629_090101_130416,D,20110630,000000,3.3405000,3.3779000,3.3405000,3.3680000,439.000
19629_090101_130416,D,20110701,000000,3.3780000,3.3790000,3.3027000,3.3400000,539.000
19629_090101_130416,D,20110704,000000,3.3451000,3.3790000,3.3450000,3.3707000,534.000
19629_090101_130416,D,20110705,000000,3.3699000,3.3725000,3.3500000,3.3509000,780.000
19629_090101_130416,D,20110706,000000,3.3486000,3.3645000,3.3310000,3.3485000,594.000
19629_090101_130416,D,20110707,000000,3.3501000,3.4000000,3.3500000,3.3764000,773.000
19629_090101_130416,D,20110708,000000,3.3765000,3.4000000,3.3300000,3.3683000,1.793.000
19629_090101_130416,D,20110711,000000,3.3683000,3.3683000,3.3311000,3.3400000,1.326.000
19629_090101_130416,D,20110712,000000,3.3325000,3.3600000,3.3101000,3.3200000,579.000
19629_090101_130416,D,20110713,000000,3.3215000,3.3390000,3.3200000,3.3328000,162.000
19629_090101_130416,D,20110714,000000,3.3320000,3.3380000,3.2800000,3.2800000,4.780.000
19629_090101_130416,D,20110715,000000,3.2800000,3.2855000,3.2311000,3.2350000,691.000
19629_090101_130416,D,20110718,000000,3.2470000,3.2492000,3.2100000,3.2102000,2.116.000
19629_090101_130416,D,20110719,000000,3.2030000,3.2375000,3.1700000,3.2000000,668.000
19629_090101_130416,D,20110720,000000,3.1762000,3.2031000,3.1702000,3.1910000,674.000
19629_090101_130416,D,20110721,000000,3.2000000,3.2100000,3.1713000,3.1900000,670.000
19629_090101_130416,D,20110722,000000,3.1902000,3.2098000,3.1501000,3.1512000,786.000
19629_090101_130416,D,20110725,000000,3.1512000,3.1800000,3.1398000,3.1500000,5.240.000
19629_090101_130416,D,20110726,000000,3.1789000,3.1789000,3.1100000,3.1299000,734.000
19629_090101_130416,D,20110727,000000,3.1081000,3.1300000,3.1012000,3.1101000,1.360.000
19629_090101_130416,D,20110728,000000,3.1001000,3.1180000,3.0710000,3.0999000,1.410.000
19629_090101_130416,D,20110729,000000,3.1100000,3.1179000,3.0804000,3.1120000,2.211.000
19629_090101_130416,D,20110801,000000,3.1250000,3.1800000,3.0855000,3.1090000,964.000
19629_090101_130416,D,20110802,000000,3.1190000,3.1199000,3.0850000,3.1151000,1.242.000
19629_090101_130416,D,20110803,000000,3.1000000,3.1206000,3.0805000,3.0965000,7.602.000
19629_090101_130416,D,20110804,000000,3.1200000,3.1900000,3.0001000,3.0650000,2.680.000
19629_090101_130416,D,20110805,000000,3.0002000,3.0688000,3.0000000,3.0105000,6.611.000
19629_090101_130416,D,20110808,000000,3.0000000,3.0300000,2.8200000,2.8200000,2.043.000
19629_090101_130416,D,20110809,000000,2.8000000,2.9000000,2.5500000,2.7001000,4.055.000
19629_090101_130416,D,20110810,000000,2.7500000,2.8970000,2.6612000,2.6700000,3.722.000
19629_090101_130416,D,20110811,000000,2.7995000,2.7999000,2.5400000,2.6010000,1.035.000
19629_090101_130416,D,20110812,000000,2.6799000,2.6900000,2.4000000,2.5698000,1.120.000
19629_090101_130416,D,20110815,000000,2.6000000,2.7699000,2.6000000,2.7000000,1.187.000
19629_090101_130416,D,20110816,000000,2.6800000,2.7000000,2.6350000,2.6882000,691.000
19629_090101_130416,D,20110817,000000,2.6900000,2.6900000,2.5999000,2.6000000,2.277.000
19629_090101_130416,D,20110818,000000,2.6200000,2.7400000,2.5900000,2.6100000,2.952.000
19629_090101_130416,D,20110819,000000,2.5106000,2.7500000,2.5100000,2.5203000,3.760.000
19629_090101_130416,D,20110822,000000,2.5550000,2.5895000,2.5000000,2.5700000,384.000
19629_090101_130416,D,20110823,000000,2.5980000,2.5986000,2.5300000,2.5400000,774.000
19629_090101_130416,D,20110824,000000,2.5830000,2.5830000,2.5008000,2.5271000,663.000
19629_090101_130416,D,20110825,000000,2.5041000,2.5263000,2.4659000,2.4966000,818.000
19629_090101_130416,D,20110826,000000,2.5078000,2.5089000,2.4500000,2.4858000,423.000
19629_090101_130416,D,20110829,000000,2.4950000,2.6400000,2.4950000,2.5700000,1.455.000
19629_090101_130416,D,20110830,000000,2.5997000,2.6380000,2.5401000,2.6380000,2.370.000
19629_090101_130416,D,20110831,000000,2.6899000,2.7800000,2.6613000,2.7289000,985.000
19629_090101_130416,D,20110901,000000,2.7900000,2.7900000,2.6990000,2.7336000,236.000
19629_090101_130416,D,20110902,000000,2.7000000,2.7332000,2.6957000,2.7199000,77.000
19629_090101_130416,D,20110905,000000,2.6660000,2.7997000,2.6660000,2.7646000,1.735.000
19629_090101_130416,D,20110906,000000,2.7999000,2.7999000,2.7681000,2.7967000,526.000
19629_090101_130416,D,20110907,000000,2.8400000,2.8450000,2.8011000,2.8377000,112.000
19629_090101_130416,D,20110908,000000,2.8093000,3.0299000,2.8009000,3.0299000,5.549.000
19629_090101_130416,D,20110909,000000,2.9101000,2.9799000,2.9006000,2.9600000,8.039.000
19629_090101_130416,D,20110912,000000,2.8000000,2.9700000,2.7900000,2.9242000,1.677.000
19629_090101_130416,D,20110913,000000,2.9699000,2.9900000,2.9023000,2.9700000,2.020.000
19629_090101_130416,D,20110914,000000,2.9600000,2.9950000,2.9500000,2.9799000,2.121.000
19629_090101_130416,D,20110915,000000,2.9950000,3.0600000,2.9650000,3.0550000,10.384.000
19629_090101_130416,D,20110916,000000,3.0001000,3.0450000,2.9850000,3.0300000,1.225.000
19629_090101_130416,D,20110919,000000,3.0739000,3.1000000,3.0160000,3.1000000,5.426.000
19629_090101_130416,D,20110920,000000,2.9900000,3.1500000,2.9800000,3.1500000,3.258.000
19629_090101_130416,D,20110921,000000,3.1320000,3.1849000,3.0900000,3.1000000,1.182.000
19629_090101_130416,D,20110922,000000,3.0301000,3.0898000,2.8213000,2.8500000,11.956.000
19629_090101_130416,D,20110923,000000,2.8011000,2.8749000,2.6121000,2.7003000,3.993.000
19629_090101_130416,D,20110926,000000,2.6270000,2.9139000,2.5683000,2.8503000,1.194.000
19629_090101_130416,D,20110927,000000,2.8400000,2.8990000,2.7700000,2.7700000,820.000
19629_090101_130416,D,20110928,000000,2.7900000,2.8793000,2.6800000,2.8400000,897.000
19629_090101_130416,D,20110929,000000,2.8116000,2.9500000,2.7780000,2.8555000,1.913.000
19629_090101_130416,D,20110930,000000,2.8115000,3.0890000,2.7601000,3.0000000,3.746.000
19629_090101_130416,D,20111003,000000,2.9001000,3.1000000,2.8401000,3.1000000,1.272.000
19629_090101_130416,D,20111004,000000,3.1000000,3.1831000,2.7935000,2.9000000,4.861.000
19629_090101_130416,D,20111005,000000,2.9000000,2.9800000,2.7668000,2.9735000,2.339.000
19629_090101_130416,D,20111006,000000,2.9735000,3.0000000,2.8801000,2.9894000,888.000
19629_090101_130416,D,20111007,000000,2.9500000,3.1831000,2.9005000,3.0070000,1.313.000
19629_090101_130416,D,20111010,000000,3.0014000,3.0017000,2.9215000,2.9900000,865.000
19629_090101_130416,D,20111011,000000,2.9989000,3.0690000,2.9100000,3.0559000,1.446.000
19629_090101_130416,D,20111012,000000,3.0410000,3.0752000,2.9900000,3.0700000,838.000
19629_090101_130416,D,20111013,000000,3.0501000,3.0733000,3.0300000,3.0497000,1.388.000
19629_090101_130416,D,20111014,000000,3.0451000,3.0700000,2.9601000,2.9999000,5.841.000
19629_090101_130416,D,20111017,000000,3.0000000,3.0486000,2.9400000,2.9700000,1.105.000
19629_090101_130416,D,20111018,000000,2.9501000,3.0387000,2.9500000,3.0387000,700.000
19629_090101_130416,D,20111019,000000,3.0250000,3.0597000,3.0050000,3.0461000,943.000
19629_090101_130416,D,20111020,000000,3.0250000,3.0681000,3.0101000,3.0550000,84.000
19629_090101_130416,D,20111021,000000,3.1000000,3.2994000,3.0308000,3.2663000,3.168.000
19629_090101_130416,D,20111024,000000,3.2635000,3.2889000,3.2330000,3.2843000,769.000
19629_090101_130416,D,20111025,000000,3.2850000,3.2850000,3.1022000,3.1917000,1.205.000
19629_090101_130416,D,20111026,000000,3.2599000,3.2885000,3.1208000,3.2750000,2.075.000
19629_090101_130416,D,20111027,000000,3.2800000,3.2995000,3.2100000,3.2369000,1.712.000
19629_090101_130416,D,20111028,000000,3.2448000,3.2500000,3.1998000,3.2050000,532.000
19629_090101_130416,D,20111031,000000,3.2000000,3.2294000,3.1755000,3.2099000,230.000
19629_090101_130416,D,20111101,000000,3.2400000,3.3199000,3.0000000,3.1900000,2.855.000
19629_090101_130416,D,20111102,000000,3.1615000,3.2700000,3.1600000,3.2350000,1.180.000
19629_090101_130416,D,20111103,000000,3.1607000,3.2900000,3.0612000,3.2874000,3.425.000
19629_090101_130416,D,20111107,000000,3.3299000,3.3299000,3.2025000,3.2854000,79.000
19629_090101_130416,D,20111108,000000,3.2700000,3.2950000,3.2300000,3.2400000,429.000
19629_090101_130416,D,20111109,000000,3.1999000,3.2700000,3.1603000,3.2597000,2.436.000
19629_090101_130416,D,20111110,000000,3.2900000,3.2987000,3.2000000,3.2299000,832.000
19629_090101_130416,D,20111111,000000,3.2530000,3.2976000,3.2180000,3.2370000,258.000
19629_090101_130416,D,20111114,000000,3.2135000,3.2540000,3.2106000,3.2152000,23.000
19629_090101_130416,D,20111115,000000,3.1999000,3.2650000,3.1999000,3.2299000,1.939.000
19629_090101_130416,D,20111116,000000,3.1957000,3.2144000,3.1749000,3.2060000,1.034.000
19629_090101_130416,D,20111117,000000,3.1999000,3.2499000,3.1999000,3.2429000,297.000
19629_090101_130416,D,20111118,000000,3.2429000,3.2575000,3.2000000,3.2200000,602.000
19629_090101_130416,D,20111121,000000,3.1102000,3.1979000,3.0501000,3.1714000,307.000
19629_090101_130416,D,20111122,000000,3.1700000,3.3000000,3.1700000,3.2008000,2.172.000
19629_090101_130416,D,20111123,000000,3.2000000,3.2993000,3.1924000,3.2809000,277.000
19629_090101_130416,D,20111124,000000,3.2299000,3.2500000,3.1903000,3.2220000,58.000
19629_090101_130416,D,20111125,000000,3.1903000,3.2899000,3.1799000,3.2700000,1.850.000
19629_090101_130416,D,20111128,000000,3.3396000,3.3490000,3.1751000,3.2549000,1.771.000
19629_090101_130416,D,20111129,000000,3.2400000,3.2725000,3.1930000,3.2100000,263.000
19629_090101_130416,D,20111130,000000,3.2575000,3.2997000,3.2200000,3.2798000,2.633.000
19629_090101_130416,D,20111201,000000,3.2394000,3.2774000,3.2300000,3.2677000,635.000
19629_090101_130416,D,20111202,000000,3.2450000,3.3000000,3.2007000,3.2007000,877.000
19629_090101_130416,D,20111205,000000,3.2007000,3.2910000,3.1348000,3.2477000,562.000
19629_090101_130416,D,20111206,000000,3.2488000,3.2949000,3.1600000,3.1820000,761.000
19629_090101_130416,D,20111207,000000,3.1849000,3.2493000,3.0412000,3.1101000,1.205.000
19629_090101_130416,D,20111208,000000,3.1350000,3.2099000,3.1055000,3.1577000,668.000
19629_090101_130416,D,20111209,000000,3.1201000,3.1201000,3.0110000,3.0506000,1.698.000
19629_090101_130416,D,20111212,000000,3.0397000,3.1247000,3.0199000,3.0631000,836.000
19629_090101_130416,D,20111213,000000,3.0734000,3.0734000,3.0221000,3.0500000,127.000
19629_090101_130416,D,20111214,000000,3.0301000,3.1424000,2.8980000,3.0190000,429.000
19629_090101_130416,D,20111215,000000,3.0058000,3.2400000,2.9010000,3.1400000,795.000
19629_090101_130416,D,20111216,000000,3.1101000,3.1198000,2.9703000,3.0500000,4.803.000
19629_090101_130416,D,20111219,000000,3.0502000,3.0700000,3.0200000,3.0561000,634.000
19629_090101_130416,D,20111220,000000,3.0501000,3.1000000,3.0300000,3.1000000,2.774.000
19629_090101_130416,D,20111221,000000,3.1200000,3.1600000,3.0000000,3.0500000,2.816.000
19629_090101_130416,D,20111222,000000,3.0200000,3.0900000,2.9701000,3.0000000,1.413.000
19629_090101_130416,D,20111223,000000,3.0052000,3.0199000,2.9802000,3.0041000,309.000
19629_090101_130416,D,20111226,000000,3.0000000,3.0156000,2.9600000,3.0156000,383.000
19629_090101_130416,D,20111227,000000,3.0089000,3.0196000,2.9849000,2.9849000,131.000
19629_090101_130416,D,20111228,000000,2.9897000,3.0298000,2.9897000,3.0000000,897.000
19629_090101_130416,D,20111229,000000,2.9997000,3.1668000,2.9997000,3.1659000,5.509.000
19629_090101_130416,D,20111230,000000,3.1798000,3.2600000,3.1600000,3.1799000,2.263.000
19629_090101_130416,D,20120103,000000,3.2200000,3.3332000,3.1052000,3.1362000,545.000
19629_090101_130416,D,20120104,000000,3.1699000,3.1899000,3.1200000,3.1365000,81.000
19629_090101_130416,D,20120105,000000,3.1599000,3.2200000,3.1220000,3.2050000,220.000
19629_090101_130416,D,20120106,000000,3.0609000,3.2949000,3.0609000,3.2949000,205.000
19629_090101_130416,D,20120109,000000,3.1707000,3.2799000,3.1600000,3.2000000,40.000
19629_090101_130416,D,20120110,000000,3.2699000,3.2898000,3.1200000,3.1200000,255.000
19629_090101_130416,D,20120111,000000,3.1000000,3.1300000,3.0600000,3.1200000,107.000
19629_090101_130416,D,20120112,000000,3.1100000,3.1995000,3.0750000,3.0750000,851.000
19629_090101_130416,D,20120113,000000,3.0004000,3.0700000,3.0004000,3.0168000,417.000
19629_090101_130416,D,20120116,000000,3.0100000,3.0300000,3.0000000,3.0300000,133.000
19629_090101_130416,D,20120117,000000,3.0550000,3.2500000,2.9832000,2.9951000,1.265.000
19629_090101_130416,D,20120118,000000,3.0003000,3.0300000,2.9675000,2.9999000,171.000
19629_090101_130416,D,20120119,000000,3.0050000,3.0550000,2.9795000,3.0152000,670.000
19629_090101_130416,D,20120120,000000,3.0200000,3.0200000,2.9501000,2.9699000,193.000
19629_090101_130416,D,20120123,000000,2.9601000,3.0289000,2.9601000,2.9730000,267.000
19629_090101_130416,D,20120124,000000,2.9849000,2.9849000,2.9500000,2.9739000,250.000
19629_090101_130416,D,20120125,000000,3.0100000,3.0100000,2.9050000,2.9381000,1.531.000
19629_090101_130416,D,20120126,000000,2.9889000,2.9889000,2.8950000,2.8950000,905.000
19629_090101_130416,D,20120127,000000,2.8950000,2.9160000,2.8790000,2.9087000,177.000
19629_090101_130416,D,20120130,000000,2.8700000,2.8853000,2.8556000,2.8800000,89.000
19629_090101_130416,D,20120131,000000,2.9000000,2.9050000,2.8521000,2.8770000,1.576.000
19629_090101_130416,D,20120201,000000,2.8451000,2.9287000,2.8450000,2.9100000,351.000
19629_090101_130416,D,20120202,000000,2.9098000,2.9098000,2.8800000,2.9000000,52.000
19629_090101_130416,D,20120203,000000,2.9088000,2.9193000,2.8710000,2.8800000,555.000
19629_090101_130416,D,20120206,000000,2.9400000,2.9400000,2.8501000,2.9099000,756.000
19629_090101_130416,D,20120207,000000,2.9200000,2.9200000,2.8800000,2.9110000,723.000
19629_090101_130416,D,20120208,000000,2.9000000,2.9450000,2.8900000,2.9300000,1.479.000
19629_090101_130416,D,20120209,000000,2.9150000,2.9200000,2.8600000,2.8680000,486.000
19629_090101_130416,D,20120210,000000,2.8700000,2.8987000,2.8521000,2.8708000,179.000
19629_090101_130416,D,20120213,000000,2.8700000,2.9250000,2.8700000,2.9150000,409.000
19629_090101_130416,D,20120214,000000,2.9050000,2.9200000,2.8900000,2.9001000,163.000
19629_090101_130416,D,20120215,000000,2.9000000,2.9375000,2.8900000,2.9200000,182.000
19629_090101_130416,D,20120216,000000,2.9149000,2.9149000,2.8800000,2.8899000,501.000
19629_090101_130416,D,20120217,000000,2.8851000,2.9119000,2.8850000,2.9002000,251.000
19629_090101_130416,D,20120220,000000,2.9050000,2.9099000,2.8900000,2.9097000,168.000
19629_090101_130416,D,20120221,000000,2.8991000,2.9067000,2.8800000,2.8830000,106.000
19629_090101_130416,D,20120222,000000,2.9000000,2.9098000,2.8800000,2.8999000,225.000
19629_090101_130416,D,20120224,000000,2.8912000,2.8994000,2.8799000,2.8800000,843.000
19629_090101_130416,D,20120227,000000,2.8601000,2.8900000,2.8502000,2.8599000,774.000
19629_090101_130416,D,20120228,000000,2.8511000,2.8511000,2.8000000,2.8101000,2.115.000
19629_090101_130416,D,20120229,000000,2.8169000,2.8169000,2.7500000,2.7650000,774.000
19629_090101_130416,D,20120301,000000,2.7997000,2.8049000,2.7100000,2.7800000,1.479.000
19629_090101_130416,D,20120302,000000,2.8399000,2.8399000,2.6700000,2.7001000,1.290.000
19629_090101_130416,D,20120305,000000,2.7178000,2.7700000,2.7000000,2.7325000,2.187.000
19629_090101_130416,D,20120306,000000,2.7325000,2.7599000,2.6500000,2.7000000,869.000
19629_090101_130416,D,20120307,000000,2.7100000,2.7100000,2.6779000,2.6779000,351.000
19629_090101_130416,D,20120311,000000,2.6869000,2.6998000,2.6601000,2.6940000,302.000
19629_090101_130416,D,20120312,000000,2.6953000,2.8000000,2.6439000,2.6600000,5.393.000
19629_090101_130416,D,20120313,000000,2.6701000,2.7400000,2.6570000,2.7400000,1.411.000
19629_090101_130416,D,20120314,000000,2.7286000,2.8300000,2.7286000,2.8000000,922.000
19629_090101_130416,D,20120315,000000,2.7726000,2.8775000,2.7726000,2.8300000,555.000
19629_090101_130416,D,20120316,000000,2.8400000,2.8400000,2.7251000,2.7251000,512.000
19629_090101_130416,D,20120319,000000,2.7400000,2.8489000,2.7400000,2.8260000,2.117.000
19629_090101_130416,D,20120320,000000,2.8739000,2.9600000,2.8200000,2.8350000,3.216.000
19629_090101_130416,D,20120321,000000,2.7500000,2.9199000,2.7500000,2.9000000,1.274.000
19629_090101_130416,D,20120322,000000,2.9000000,2.9270000,2.8500000,2.8982000,1.667.000
19629_090101_130416,D,20120323,000000,2.8703000,2.8900000,2.8000000,2.8800000,964.000
19629_090101_130416,D,20120326,000000,2.8705000,2.9261000,2.8705000,2.9004000,363.000
19629_090101_130416,D,20120327,000000,2.9099000,2.9200000,2.8572000,2.9200000,1.596.000
19629_090101_130416,D,20120328,000000,2.9199000,2.9735000,2.9000000,2.9500000,1.535.000
19629_090101_130416,D,20120329,000000,2.9798000,2.9849000,2.9020000,2.9395000,950.000
19629_090101_130416,D,20120330,000000,2.9960000,3.0283000,2.9501000,2.9893000,903.000
19629_090101_130416,D,20120402,000000,2.9748000,3.0550000,2.9020000,3.0001000,331.000
19629_090101_130416,D,20120403,000000,3.0765000,3.1550000,3.0145000,3.0327000,662.000
19629_090101_130416,D,20120404,000000,3.0599000,3.0676000,3.0161000,3.0250000,504.000
19629_090101_130416,D,20120405,000000,3.0300000,3.0992000,3.0201000,3.0800000,670.000
19629_090101_130416,D,20120406,000000,3.0997000,3.1200000,3.0543000,3.0816000,192.000
19629_090101_130416,D,20120409,000000,3.0751000,3.0751000,3.0250000,3.0501000,1.321.000
19629_090101_130416,D,20120410,000000,3.0510000,3.0950000,3.0510000,3.0900000,168.000
19629_090101_130416,D,20120411,000000,3.0900000,3.1999000,3.0689000,3.1500000,991.000
19629_090101_130416,D,20120412,000000,3.1898000,3.1994000,3.1500000,3.1601000,1.249.000
19629_090101_130416,D,20120413,000000,3.1600000,3.2480000,3.1600000,3.2351000,791.000
19629_090101_130416,D,20120416,000000,3.2201000,3.2202000,3.1300000,3.1450000,1.051.000
19629_090101_130416,D,20120417,000000,3.1100000,3.2300000,3.1100000,3.1606000,560.000
19629_090101_130416,D,20120418,000000,3.2299000,3.2299000,3.1600000,3.2040000,105.000
19629_090101_130416,D,20120419,000000,3.1901000,3.2300000,3.1601000,3.1900000,172.000
19629_090101_130416,D,20120420,000000,3.1904000,3.2100000,3.1550000,3.1899000,234.000
19629_090101_130416,D,20120423,000000,3.2000000,3.2000000,3.1709000,3.1850000,105.000
19629_090101_130416,D,20120424,000000,3.1900000,3.2450000,3.1560000,3.1701000,346.000
19629_090101_130416,D,20120425,000000,3.1799000,3.1996000,3.1580000,3.1829000,558.000
19629_090101_130416,D,20120426,000000,3.1000000,3.2000000,3.1000000,3.1501000,690.000
19629_090101_130416,D,20120427,000000,3.1599000,3.1850000,3.1126000,3.1850000,897.000
19629_090101_130416,D,20120428,000000,3.1999000,3.2200000,3.1999000,3.2000000,317.000
19629_090101_130416,D,20120502,000000,3.2199000,3.2700000,3.1402000,3.1850000,510.000
19629_090101_130416,D,20120503,000000,3.2199000,3.2200000,3.1503000,3.1800000,344.000
19629_090101_130416,D,20120504,000000,3.1696000,3.1714000,2.9692000,3.0829000,1.305.000
19629_090101_130416,D,20120505,000000,2.8701000,3.0581000,2.8701000,2.9839000,58.000
19629_090101_130416,D,20120507,000000,2.8712000,3.1450000,2.8710000,3.0998000,63.000
19629_090101_130416,D,20120508,000000,3.1700000,3.1700000,3.0047000,3.0350000,39.000
19629_090101_130416,D,20120510,000000,3.0300000,3.0519000,2.9500000,2.9700000,251.000
19629_090101_130416,D,20120511,000000,2.9401000,2.9800000,2.9191000,2.9305000,101.000
19629_090101_130416,D,20120512,000000,2.9600000,2.9780000,2.9503000,2.9780000,20.000
19629_090101_130416,D,20120514,000000,2.9462000,2.9462000,2.8000000,2.8399000,1.335.000
19629_090101_130416,D,20120515,000000,2.7903000,2.9000000,2.7900000,2.9000000,1.116.000
19629_090101_130416,D,20120516,000000,2.8799000,2.9720000,2.8002000,2.8999000,997.000
19629_090101_130416,D,20120517,000000,2.9677000,3.0000000,2.6960000,2.7767000,667.000
19629_090101_130416,D,20120518,000000,2.7113000,2.8039000,2.6269000,2.7639000,501.000
19629_090101_130416,D,20120521,000000,2.7649000,2.8398000,2.7523000,2.7956000,267.000
19629_090101_130416,D,20120522,000000,2.8199000,2.8199000,2.6998000,2.7103000,710.000
19629_090101_130416,D,20120523,000000,2.7015000,2.8997000,2.7000000,2.7920000,309.000
19629_090101_130416,D,20120524,000000,2.7801000,2.8529000,2.7801000,2.8300000,269.000
19629_090101_130416,D,20120525,000000,2.8300000,2.9135000,2.8300000,2.8580000,108.000
19629_090101_130416,D,20120528,000000,2.8650000,2.8800000,2.7715000,2.7949000,957.000
19629_090101_130416,D,20120529,000000,2.8200000,2.9653000,2.8200000,2.9500000,1.288.000
19629_090101_130416,D,20120530,000000,2.8900000,3.0350000,2.8502000,2.9911000,1.176.000
19629_090101_130416,D,20120531,000000,3.0364000,3.0550000,2.8960000,3.0300000,1.806.000
19629_090101_130416,D,20120601,000000,3.0200000,3.0365000,2.8902000,2.9249000,542.000
19629_090101_130416,D,20120604,000000,2.9998000,2.9998000,2.9300000,2.9498000,81.000
19629_090101_130416,D,20120605,000000,2.9401000,2.9714000,2.9241000,2.9400000,95.000
19629_090101_130416,D,20120606,000000,2.9411000,2.9549000,2.8010000,2.8312000,1.101.000
19629_090101_130416,D,20120607,000000,2.8400000,2.8700000,2.8299000,2.8500000,158.000
19629_090101_130416,D,20120608,000000,2.8120000,2.9394000,2.8120000,2.9394000,102.000
19629_090101_130416,D,20120609,000000,2.9588000,2.9588000,2.9203000,2.9290000,8.000
19629_090101_130416,D,20120613,000000,2.9500000,3.0000000,2.9079000,2.9299000,117.000
19629_090101_130416,D,20120614,000000,2.9250000,2.9250000,2.7599000,2.7949000,834.000
19629_090101_130416,D,20120615,000000,2.8050000,2.8997000,2.7004000,2.8200000,1.378.000
19629_090101_130416,D,20120618,000000,2.8001000,2.8110000,2.7402000,2.7749000,2.043.000
19629_090101_130416,D,20120619,000000,2.7749000,2.8650000,2.7500000,2.7957000,1.695.000
19629_090101_130416,D,20120620,000000,2.7951000,2.8050000,2.7501000,2.7550000,570.000
19629_090101_130416,D,20120621,000000,2.7500000,2.7698000,2.7108000,2.7119000,1.255.000
19629_090101_130416,D,20120622,000000,2.7124000,2.7988000,2.7017000,2.7616000,1.601.000
19629_090101_130416,D,20120625,000000,2.7650000,2.7650000,2.7000000,2.7001000,477.000
19629_090101_130416,D,20120626,000000,2.7120000,2.8000000,2.7120000,2.7300000,748.000
19629_090101_130416,D,20120627,000000,2.7482000,2.7800000,2.7001000,2.7149000,1.343.000
19629_090101_130416,D,20120628,000000,2.7040000,2.7679000,2.6097000,2.6835000,2.133.000
19629_090101_130416,D,20120629,000000,2.7499000,2.7600000,2.7000000,2.7596000,2.542.000
19629_090101_130416,D,20120702,000000,2.7310000,2.9000000,2.7100000,2.8302000,1.796.000
19629_090101_130416,D,20120703,000000,2.8900000,2.8900000,2.7905000,2.8200000,1.090.000
19629_090101_130416,D,20120704,000000,2.8328000,2.8563000,2.8035000,2.8495000,515.000
19629_090101_130416,D,20120705,000000,2.8479000,2.8479000,2.8000000,2.8079000,815.000
19629_090101_130416,D,20120706,000000,2.7798000,2.8492000,2.7401000,2.8339000,959.000
19629_090101_130416,D,20120709,000000,2.8400000,2.8400000,2.7406000,2.7598000,1.154.000
19629_090101_130416,D,20120710,000000,2.7798000,2.8140000,2.6852000,2.7888000,1.545.000
19629_090101_130416,D,20120711,000000,2.7713000,2.8000000,2.7158000,2.8000000,377.000
19629_090101_130416,D,20120712,000000,2.7601000,2.8200000,2.7201000,2.8091000,308.000
19629_090101_130416,D,20120713,000000,2.7612000,2.8290000,2.7230000,2.8290000,351.000
19629_090101_130416,D,20120716,000000,2.7803000,2.8420000,2.7511000,2.8415000,277.000
19629_090101_130416,D,20120717,000000,2.8500000,2.9419000,2.7831000,2.8959000,2.799.000
19629_090101_130416,D,20120718,000000,2.8865000,2.9240000,2.8549000,2.8849000,1.125.000
19629_090101_130416,D,20120719,000000,2.8501000,3.0814000,2.7900000,2.9600000,3.633.000
19629_090101_130416,D,20120720,000000,2.9100000,3.0688000,2.8838000,3.0100000,1.197.000
19629_090101_130416,D,20120723,000000,2.9999000,3.0300000,2.9117000,3.0197000,606.000
19629_090101_130416,D,20120724,000000,3.0007000,3.1900000,2.9115000,3.1509000,4.297.000
19629_090101_130416,D,20120725,000000,3.1200000,3.1880000,3.0516000,3.1601000,632.000
19629_090101_130416,D,20120726,000000,3.1550000,3.1850000,3.0600000,3.0600000,1.001.000
19629_090101_130416,D,20120727,000000,3.0601000,3.1900000,3.0100000,3.1899000,1.013.000
19629_090101_130416,D,20120730,000000,3.2000000,3.2489000,3.1632000,3.2185000,793.000
19629_090101_130416,D,20120731,000000,3.2499000,3.2800000,3.1100000,3.1996000,1.366.000
19629_090101_130416,D,20120801,000000,3.1999000,3.2616000,3.1300000,3.1731000,1.593.000
19629_090101_130416,D,20120802,000000,3.1700000,3.2100000,3.0115000,3.0350000,1.262.000
19629_090101_130416,D,20120803,000000,3.0300000,3.1996000,3.0000000,3.1352000,1.320.000
19629_090101_130416,D,20120806,000000,3.1399000,3.1789000,3.0323000,3.0360000,1.267.000
19629_090101_130416,D,20120807,000000,3.0101000,3.0500000,2.9651000,2.9950000,1.685.000
19629_090101_130416,D,20120808,000000,2.9756000,3.0400000,2.9750000,2.9990000,507.000
19629_090101_130416,D,20120809,000000,3.0286000,3.0895000,2.9801000,3.0500000,763.000
19629_090101_130416,D,20120810,000000,3.0104000,3.0104000,2.9751000,2.9979000,276.000
19629_090101_130416,D,20120813,000000,3.0149000,3.0691000,2.9800000,2.9831000,1.454.000
19629_090101_130416,D,20120814,000000,3.0060000,3.0150000,2.9200000,2.9935000,1.085.000
19629_090101_130416,D,20120815,000000,2.9850000,2.9850000,2.9003000,2.9700000,1.506.000
19629_090101_130416,D,20120816,000000,2.9701000,3.0100000,2.9020000,2.9344000,1.478.000
19629_090101_130416,D,20120817,000000,2.9344000,2.9500000,2.8900000,2.8901000,741.000
19629_090101_130416,D,20120820,000000,2.8900000,2.9448000,2.8500000,2.9433000,560.000
19629_090101_130416,D,20120821,000000,2.9399000,3.0300000,2.9212000,2.9658000,1.595.000
19629_090101_130416,D,20120822,000000,2.9400000,2.9570000,2.8901000,2.9220000,1.393.000
19629_090101_130416,D,20120823,000000,2.9199000,3.0100000,2.9199000,2.9256000,1.157.000
19629_090101_130416,D,20120824,000000,2.9112000,2.9690000,2.8601000,2.9359000,1.329.000
19629_090101_130416,D,20120827,000000,2.9589000,2.9589000,2.8533000,2.8600000,913.000
19629_090101_130416,D,20120828,000000,2.8501000,2.9489000,2.8500000,2.9300000,846.000
19629_090101_130416,D,20120829,000000,2.9826000,2.9990000,2.9123000,2.9664000,539.000
19629_090101_130416,D,20120830,000000,2.9648000,2.9748000,2.9020000,2.9599000,441.000
19629_090101_130416,D,20120831,000000,2.9607000,2.9902000,2.9287000,2.9800000,714.000
19629_090101_130416,D,20120903,000000,2.9800000,2.9850000,2.9542000,2.9850000,306.000
19629_090101_130416,D,20120904,000000,2.9751000,2.9904000,2.9652000,2.9748000,228.000
19629_090101_130416,D,20120905,000000,2.9906000,2.9906000,2.9401000,2.9744000,438.000
19629_090101_130416,D,20120906,000000,2.9900000,3.0002000,2.9566000,2.9999000,830.000
19629_090101_130416,D,20120907,000000,2.9906000,3.0000000,2.9720000,2.9805000,1.031.000
19629_090101_130416,D,20120910,000000,2.8912000,2.9984000,2.8912000,2.9435000,1.126.000
19629_090101_130416,D,20120911,000000,2.9549000,2.9795000,2.9201000,2.9765000,817.000
19629_090101_130416,D,20120912,000000,2.9553000,2.9697000,2.9000000,2.9288000,1.432.000
19629_090101_130416,D,20120913,000000,2.9474000,2.9494000,2.9006000,2.9013000,605.000
19629_090101_130416,D,20120914,000000,2.9150000,2.9870000,2.9101000,2.9700000,1.757.000
19629_090101_130416,D,20120917,000000,2.9410000,3.0100000,2.9301000,2.9942000,2.112.000
19629_090101_130416,D,20120918,000000,2.9928000,3.0000000,2.9700000,2.9882000,635.000
19629_090101_130416,D,20120919,000000,2.9702000,2.9850000,2.9410000,2.9507000,456.000
19629_090101_130416,D,20120920,000000,2.9399000,2.9750000,2.9275000,2.9547000,594.000
19629_090101_130416,D,20120921,000000,2.9947000,2.9947000,2.8500000,2.8503000,1.726.000
19629_090101_130416,D,20120924,000000,2.8699000,2.9189000,2.8619000,2.9001000,788.000
19629_090101_130416,D,20120925,000000,2.9390000,2.9390000,2.8500000,2.8500000,513.000
19629_090101_130416,D,20120926,000000,2.8500000,2.8642000,2.8014000,2.8100000,1.294.000
19629_090101_130416,D,20120927,000000,2.8199000,2.8350000,2.8010000,2.8199000,475.000
19629_090101_130416,D,20120928,000000,2.8250000,2.8444000,2.8020000,2.8097000,690.000
19629_090101_130416,D,20121001,000000,2.8295000,2.8500000,2.8126000,2.8160000,1.376.000
19629_090101_130416,D,20121002,000000,2.8104000,2.8246000,2.8001000,2.8060000,817.000
19629_090101_130416,D,20121003,000000,2.8100000,2.8370000,2.7900000,2.8260000,795.000
19629_090101_130416,D,20121004,000000,2.8247000,2.8299000,2.7923000,2.7929000,571.000
19629_090101_130416,D,20121005,000000,2.8163000,2.8464000,2.7933000,2.8300000,5.171.000
19629_090101_130416,D,20121008,000000,2.8012000,2.9157000,2.8010000,2.9098000,1.945.000
19629_090101_130416,D,20121009,000000,2.9001000,2.9476000,2.8713000,2.9099000,991.000
19629_090101_130416,D,20121010,000000,2.8910000,2.9728000,2.8760000,2.9230000,1.382.000
19629_090101_130416,D,20121011,000000,2.8937000,2.9596000,2.8937000,2.9200000,537.000
19629_090101_130416,D,20121012,000000,2.9583000,2.9583000,2.8760000,2.9199000,772.000
19629_090101_130416,D,20121015,000000,2.8829000,2.9588000,2.8829000,2.9501000,658.000
19629_090101_130416,D,20121016,000000,2.9353000,2.9780000,2.9150000,2.9700000,477.000
19629_090101_130416,D,20121017,000000,2.9739000,2.9739000,2.9213000,2.9599000,1.466.000
19629_090101_130416,D,20121018,000000,2.9540000,2.9777000,2.9100000,2.9110000,508.000
19629_090101_130416,D,20121019,000000,2.9003000,2.9270000,2.8250000,2.8301000,976.000
19629_090101_130416,D,20121022,000000,2.8190000,2.8996000,2.8099000,2.8995000,603.000
19629_090101_130416,D,20121023,000000,2.8997000,2.9000000,2.7751000,2.7950000,785.000
19629_090101_130416,D,20121024,000000,2.8002000,2.8999000,2.8000000,2.8288000,1.093.000
19629_090101_130416,D,20121025,000000,2.8199000,2.8269000,2.8019000,2.8099000,336.000
19629_090101_130416,D,20121026,000000,2.8104000,2.8104000,2.8000000,2.8000000,183.000
19629_090101_130416,D,20121029,000000,2.7970000,2.8900000,2.7970000,2.8900000,987.000
19629_090101_130416,D,20121030,000000,2.8989000,2.9600000,2.8009000,2.8041000,1.366.000
19629_090101_130416,D,20121031,000000,2.8150000,2.8478000,2.7910000,2.8083000,1.031.000
19629_090101_130416,D,20121101,000000,2.8099000,2.8287000,2.7777000,2.8191000,872.000
19629_090101_130416,D,20121102,000000,2.8072000,2.8130000,2.7900000,2.7900000,842.000
19629_090101_130416,D,20121106,000000,2.7777000,2.7830000,2.7202000,2.7690000,696.000
19629_090101_130416,D,20121107,000000,2.7666000,2.8199000,2.7642000,2.7672000,558.000
19629_090101_130416,D,20121108,000000,2.7600000,2.7898000,2.7246000,2.7860000,240.000
19629_090101_130416,D,20121109,000000,2.7526000,2.8170000,2.7311000,2.8002000,386.000
19629_090101_130416,D,20121112,000000,2.7722000,2.8300000,2.7650000,2.8297000,361.000
19629_090101_130416,D,20121113,000000,2.8290000,2.9100000,2.8015000,2.8050000,1.584.000
19629_090101_130416,D,20121114,000000,2.8265000,2.8799000,2.7900000,2.8349000,308.000
19629_090101_130416,D,20121115,000000,2.8462000,2.8462000,2.8015000,2.8130000,142.000
19629_090101_130416,D,20121116,000000,2.8011000,2.8230000,2.8000000,2.8227000,590.000
19629_090101_130416,D,20121119,000000,2.8349000,2.8349000,2.8070000,2.8229000,228.000
19629_090101_130416,D,20121120,000000,2.8369000,2.8369000,2.7925000,2.8100000,1.518.000
19629_090101_130416,D,20121121,000000,2.8098000,2.8100000,2.7881000,2.8000000,438.000
19629_090101_130416,D,20121122,000000,2.7891000,2.8196000,2.7891000,2.8100000,1.872.000
19629_090101_130416,D,20121123,000000,2.8099000,2.8190000,2.8041000,2.8190000,1.184.000
19629_090101_130416,D,20121126,000000,2.8100000,2.8100000,2.8000000,2.8058000,547.000
19629_090101_130416,D,20121127,000000,2.8099000,2.8100000,2.8055000,2.8060000,913.000
19629_090101_130416,D,20121128,000000,2.7950000,2.8100000,2.7610000,2.7900000,380.000
19629_090101_130416,D,20121129,000000,2.7900000,2.8080000,2.7711000,2.8079000,451.000
19629_090101_130416,D,20121130,000000,2.7899000,2.8100000,2.7851000,2.8100000,513.000
19629_090101_130416,D,20121203,000000,2.8099000,2.8100000,2.8000000,2.8035000,296.000
19629_090101_130416,D,20121204,000000,2.8042000,2.8203000,2.7810000,2.8000000,1.015.000
19629_090101_130416,D,20121205,000000,2.8000000,2.8500000,2.7954000,2.8385000,422.000
19629_090101_130416,D,20121206,000000,2.8350000,2.8350000,2.8012000,2.8299000,537.000
19629_090101_130416,D,20121207,000000,2.8299000,2.8600000,2.8200000,2.8599000,761.000
19629_090101_130416,D,20121210,000000,2.8500000,2.8500000,2.8050000,2.8071000,1.288.000
19629_090101_130416,D,20121211,000000,2.8051000,2.8138000,2.7819000,2.8138000,383.000
19629_090101_130416,D,20121212,000000,2.8001000,2.8800000,2.8001000,2.8500000,1.141.000
19629_090101_130416,D,20121213,000000,2.8450000,2.8800000,2.8450000,2.8501000,653.000
19629_090101_130416,D,20121214,000000,2.8510000,2.8750000,2.8460000,2.8750000,902.000
19629_090101_130416,D,20121217,000000,2.8850000,3.0000000,2.8604000,3.0000000,4.281.000
19629_090101_130416,D,20121218,000000,2.9700000,3.1500000,2.9510000,3.0000000,4.838.000
19629_090101_130416,D,20121219,000000,3.0000000,3.0000000,2.8800000,2.9000000,694.000
19629_090101_130416,D,20121220,000000,2.9000000,2.9788000,2.8620000,2.9190000,696.000
19629_090101_130416,D,20121221,000000,2.9401000,3.0000000,2.8693000,2.9599000,1.494.000
19629_090101_130416,D,20121224,000000,2.9200000,2.9598000,2.8500000,2.8978000,1.141.000
19629_090101_130416,D,20121225,000000,2.9000000,2.9097000,2.8470000,2.8496000,1.902.000
19629_090101_130416,D,20121226,000000,2.8400000,2.8800000,2.8322000,2.8499000,4.542.000
19629_090101_130416,D,20121227,000000,2.8470000,2.8790000,2.8200000,2.8790000,189.000
19629_090101_130416,D,20121228,000000,2.8751000,2.8751000,2.8307000,2.8500000,330.000
19629_090101_130416,D,20130108,000000,2.8701000,2.9500000,2.8501000,2.8703000,1.414.000
19629_090101_130416,D,20130109,000000,2.8700000,2.9500000,2.8699000,2.9439000,610.000
19629_090101_130416,D,20130110,000000,2.9451000,2.9451000,2.8706000,2.8740000,913.000
19629_090101_130416,D,20130111,000000,2.8766000,2.8786000,2.8501000,2.8681000,1.030.000
19629_090101_130416,D,20130114,000000,2.8799000,2.9299000,2.8703000,2.8883000,645.000
19629_090101_130416,D,20130115,000000,2.8899000,2.9013000,2.8500000,2.8998000,1.348.000
19629_090101_130416,D,20130116,000000,2.8601000,2.9025000,2.8601000,2.9000000,965.000
19629_090101_130416,D,20130117,000000,2.9100000,2.9100000,2.8900000,2.9099000,169.000
19629_090101_130416,D,20130118,000000,2.9000000,3.1000000,2.9000000,3.0001000,3.453.000
19629_090101_130416,D,20130121,000000,2.9999000,3.0700000,2.9703000,3.0300000,1.774.000
19629_090101_130416,D,20130122,000000,3.0200000,3.0302000,2.3000000,2.9590000,2.647.000
19629_090101_130416,D,20130123,000000,2.9450000,3.0195000,2.9130000,2.9786000,1.148.000
19629_090101_130416,D,20130124,000000,2.9550000,3.0000000,2.8900000,2.9990000,1.819.000
19629_090101_130416,D,20130125,000000,2.9997000,3.0929000,2.9857000,3.0657000,1.985.000
19629_090101_130416,D,20130128,000000,3.0658000,3.1940000,3.0200000,3.1915000,6.731.000
19629_090101_130416,D,20130129,000000,3.1999000,3.2275000,3.1790000,3.2002000,2.502.000
19629_090101_130416,D,20130130,000000,3.2000000,3.2189000,3.1553000,3.1800000,2.133.000
19629_090101_130416,D,20130131,000000,3.1700000,3.2177000,3.1201000,3.1803000,1.770.000
19629_090101_130416,D,20130201,000000,3.1701000,3.3470000,3.1651000,3.3101000,2.684.000
19629_090101_130416,D,20130204,000000,3.3011000,3.3011000,3.2542000,3.2747000,1.139.000
19629_090101_130416,D,20130205,000000,3.2699000,3.3295000,3.2361000,3.3100000,6.058.000
19629_090101_130416,D,20130206,000000,3.3150000,3.4909000,3.2708000,3.4909000,5.991.000
19629_090101_130416,D,20130207,000000,3.4800000,3.5815000,3.4200000,3.5390000,13.112.000
19629_090101_130416,D,20130208,000000,3.5500000,3.6477000,3.4700000,3.6290000,10.112.000
19629_090101_130416,D,20130211,000000,3.6400000,3.9000000,3.5560000,3.5600000,30.085.000
19629_090101_130416,D,20130212,000000,3.6000000,3.7700000,3.6000000,3.7700000,18.138.000
19629_090101_130416,D,20130213,000000,3.7850000,3.8799000,3.6801000,3.8450000,24.953.000
19629_090101_130416,D,20130214,000000,3.7997000,3.9198000,3.7100000,3.8000000,29.914.000
19629_090101_130416,D,20130215,000000,3.8200000,3.8512000,3.7100000,3.8150000,14.522.000
19629_090101_130416,D,20130218,000000,3.8300000,3.8300000,3.6401000,3.7500000,35.352.000
19629_090101_130416,D,20130219,000000,3.7401000,3.7500000,3.6900000,3.7000000,4.015.000
19629_090101_130416,D,20130220,000000,3.6800000,3.6910000,3.5900000,3.6293000,4.941.000
19629_090101_130416,D,20130221,000000,3.5603000,3.6000000,3.4358000,3.4679000,2.944.000
19629_090101_130416,D,20130222,000000,3.4679000,3.5930000,3.4221000,3.5150000,1.372.000
19629_090101_130416,D,20130225,000000,3.4975000,3.5900000,3.4701000,3.5900000,3.218.000
19629_090101_130416,D,20130226,000000,3.5796000,3.5900000,3.5001000,3.5881000,2.709.000
19629_090101_130416,D,20130227,000000,3.5612000,3.6473000,3.4200000,3.5000000,1.940.000
19629_090101_130416,D,20130228,000000,3.4899000,3.5600000,3.4470000,3.5212000,995.000
19629_090101_130416,D,20130301,000000,3.5250000,3.5400000,3.4605000,3.5198000,1.408.000
19629_090101_130416,D,20130304,000000,3.5471000,3.6270000,3.4901000,3.5125000,767.000
19629_090101_130416,D,20130305,000000,3.5298000,3.5700000,3.4800000,3.5278000,1.730.000
19629_090101_130416,D,20130306,000000,3.5252000,3.5254000,3.4850000,3.4960000,1.747.000
19629_090101_130416,D,20130307,000000,3.5150000,3.5498000,3.5000000,3.5046000,614.000
19629_090101_130416,D,20130311,000000,3.5400000,3.6101000,3.4900000,3.5900000,4.689.000
19629_090101_130416,D,20130312,000000,3.5999000,3.6400000,3.5600000,3.6400000,2.220.000
19629_090101_130416,D,20130313,000000,3.5904000,3.7130000,3.5651000,3.7130000,2.728.000
19629_090101_130416,D,20130314,000000,3.7043000,3.7900000,3.6511000,3.7502000,2.021.000
19629_090101_130416,D,20130315,000000,3.7500000,3.7799000,3.5600000,3.6000000,2.316.000
19629_090101_130416,D,20130318,000000,3.5400000,3.5800000,3.4100000,3.5242000,4.742.000
19629_090101_130416,D,20130319,000000,3.5000000,3.5900000,3.4300000,3.5847000,1.707.000
19629_090101_130416,D,20130320,000000,3.5015000,3.5199000,3.4301000,3.5100000,5.891.000
19629_090101_130416,D,20130321,000000,3.5001000,3.5001000,3.4500000,3.4592000,1.272.000
19629_090101_130416,D,20130322,000000,3.4301000,3.5111000,3.3800000,3.4852000,5.738.000
19629_090101_130416,D,20130325,000000,3.4852000,3.5000000,3.4000000,3.4001000,750.000
19629_090101_130416,D,20130326,000000,3.3951000,3.5500000,3.3751000,3.5500000,1.313.000
19629_090101_130416,D,20130327,000000,3.5002000,3.6000000,3.4338000,3.4503000,1.789.000
19629_090101_130416,D,20130328,000000,3.4600000,3.4650000,3.3347000,3.4500000,1.194.000
19629_090101_130416,D,20130329,000000,3.4600000,3.4600000,3.3900000,3.3922000,170.000
19629_090101_130416,D,20130401,000000,3.3803000,3.4601000,3.3500000,3.4250000,669.000
19629_090101_130416,D,20130402,000000,3.3701000,3.4169000,3.3452000,3.4098000,886.000
19629_090101_130416,D,20130403,000000,3.3800000,3.5400000,3.3800000,3.5000000,2.976.000
