<TICKER>,<PER>,<DATE>,<TIME>,<OPEN>,<HIGH>,<LOW>,<CLOSE>,<VOL>
19916_090101_130416,D,20090113,000000,8.5600000,8.5600000,6.5100000,7.0000000,12.032
19916_090101_130416,D,20090115,000000,7.0000000,7.0000000,7.0000000,7.0000000,10
19916_090101_130416,D,20090116,000000,7.7500000,7.7500000,7.7500000,7.7500000,1
19916_090101_130416,D,20090119,000000,7.5000000,7.5000000,7.5000000,7.5000000,1
19916_090101_130416,D,20090120,000000,7.5000000,7.5000000,6.5000000,7.0000000,804
19916_090101_130416,D,20090121,000000,7.0000000,7.0000000,5.0000000,5.0000000,2
19916_090101_130416,D,20090122,000000,7.3000000,8.4000000,7.0000000,7.5000000,1.263
19916_090101_130416,D,20090123,000000,10.0000000,10.0000000,6.0000000,9.9900000,3
19916_090101_130416,D,20090126,000000,8.3000000,10.0000000,7.1000000,8.9900000,112
19916_090101_130416,D,20090127,000000,8.5100000,10.9700000,8.5100000,10.9700000,6
19916_090101_130416,D,20090128,000000,10.9600000,10.9600000,10.9600000,10.9600000,1
19916_090101_130416,D,20090129,000000,9.9900000,9.9900000,9.9900000,9.9900000,1
19916_090101_130416,D,20090202,000000,9.9900000,12.0000000,8.1500000,11.9900000,12
19916_090101_130416,D,20090203,000000,10.0100000,10.0100000,8.0000000,10.0000000,396
19916_090101_130416,D,20090204,000000,8.5000000,11.9900000,8.5000000,8.6000000,13.106
19916_090101_130416,D,20090205,000000,8.5000000,9.9900000,8.5000000,9.8000000,13.032
19916_090101_130416,D,20090206,000000,10.1000000,11.1000000,8.6200000,9.0000000,6.140
19916_090101_130416,D,20090209,000000,10.4500000,10.4500000,8.6000000,10.0000000,13
19916_090101_130416,D,20090210,000000,9.9000000,9.9000000,9.9000000,9.9000000,1
19916_090101_130416,D,20090211,000000,8.9000000,8.9000000,8.8900000,8.8900000,2
19916_090101_130416,D,20090212,000000,8.6000000,8.8900000,8.6000000,8.8900000,15.001
19916_090101_130416,D,20090213,000000,8.8900000,8.9200000,8.8900000,8.9200000,2
19916_090101_130416,D,20090216,000000,8.1000000,8.6200000,8.1000000,8.6200000,52
19916_090101_130416,D,20090217,000000,8.5000000,8.6000000,8.5000000,8.5000000,57
19916_090101_130416,D,20090218,000000,8.0000000,8.0000000,8.0000000,8.0000000,10
19916_090101_130416,D,20090219,000000,8.2000000,8.2000000,8.2000000,8.2000000,15.012
19916_090101_130416,D,20090220,000000,5.7000000,6.9800000,5.0500000,6.0000000,25.552
19916_090101_130416,D,20090224,000000,7.0000000,8.3000000,7.0000000,8.3000000,75
19916_090101_130416,D,20090225,000000,8.0000000,8.0000000,6.0000000,6.4000000,26.520
19916_090101_130416,D,20090226,000000,6.4000000,7.5000000,6.2600000,7.3300000,44.249
19916_090101_130416,D,20090227,000000,7.3300000,7.3500000,6.5000000,7.3500000,351
19916_090101_130416,D,20090302,000000,8.0000000,8.0000000,6.1100000,7.4300000,1.524
19916_090101_130416,D,20090303,000000,7.4500000,7.5000000,7.0000000,7.5000000,2.831
19916_090101_130416,D,20090304,000000,7.9900000,8.0000000,7.4500000,7.4500000,21
19916_090101_130416,D,20090305,000000,8.0000000,8.0000000,7.0000000,7.4400000,1.165
19916_090101_130416,D,20090306,000000,8.8000000,8.8000000,7.0600000,7.7900000,486
19916_090101_130416,D,20090310,000000,7.9900000,8.5000000,7.0700000,8.5000000,7.446
19916_090101_130416,D,20090311,000000,7.5700000,8.4000000,7.1600000,7.6000000,11.387
19916_090101_130416,D,20090312,000000,7.5000000,7.9800000,7.5000000,7.9800000,11
19916_090101_130416,D,20090313,000000,8.0000000,8.3500000,8.0000000,8.3500000,501
19916_090101_130416,D,20090316,000000,8.0000000,8.1400000,8.0000000,8.0000000,3.812
19916_090101_130416,D,20090317,000000,8.4400000,8.8900000,8.4400000,8.8900000,7.936
19916_090101_130416,D,20090318,000000,9.0000000,9.0000000,8.5000000,8.5000000,34.602
19916_090101_130416,D,20090319,000000,9.0000000,10.0000000,9.0000000,9.4000000,5.598
19916_090101_130416,D,20090320,000000,9.0000000,9.0000000,8.5000000,8.5000000,10.011
19916_090101_130416,D,20090323,000000,8.8000000,8.8100000,8.8000000,8.8100000,2.600
19916_090101_130416,D,20090324,000000,8.5000000,8.5000000,8.4000000,8.4000000,2.500
19916_090101_130416,D,20090325,000000,8.9000000,8.9000000,8.9000000,8.9000000,2
19916_090101_130416,D,20090326,000000,8.9000000,9.5000000,8.9000000,9.5000000,15.132
19916_090101_130416,D,20090327,000000,8.7000000,9.7000000,8.7000000,9.1900000,5
19916_090101_130416,D,20090401,000000,9.2400000,9.2400000,9.2400000,9.2400000,200
19916_090101_130416,D,20090402,000000,9.0200000,9.0200000,9.0000000,9.0000000,3.785
19916_090101_130416,D,20090403,000000,10.3900000,10.3900000,9.9800000,10.0000000,2.778
19916_090101_130416,D,20090406,000000,9.3100000,9.3100000,9.2000000,9.2000000,2.467
19916_090101_130416,D,20090409,000000,10.5000000,11.0000000,10.5000000,11.0000000,27
19916_090101_130416,D,20090410,000000,10.9900000,11.0000000,10.9900000,11.0000000,5.000
19916_090101_130416,D,20090413,000000,11.0000000,11.0000000,10.5000000,10.9800000,4.429
19916_090101_130416,D,20090414,000000,10.4500000,11.0000000,10.4500000,11.0000000,3.252
19916_090101_130416,D,20090415,000000,13.0000000,15.4000000,12.0000000,15.4000000,364.949
19916_090101_130416,D,20090416,000000,16.0000000,16.5000000,13.1200000,16.5000000,92.838
19916_090101_130416,D,20090417,000000,16.9900000,17.9900000,15.0100000,17.3900000,64.168
19916_090101_130416,D,20090420,000000,17.3000000,17.9900000,15.6300000,17.9600000,44.464
19916_090101_130416,D,20090421,000000,17.9000000,17.9600000,15.0000000,16.5600000,40.272
19916_090101_130416,D,20090422,000000,16.8700000,17.0000000,14.0000000,15.5400000,46.633
19916_090101_130416,D,20090423,000000,15.4000000,16.4900000,13.5000000,15.9800000,11.234
19916_090101_130416,D,20090424,000000,16.0900000,16.7000000,14.1100000,16.2000000,2.437
19916_090101_130416,D,20090427,000000,16.1500000,16.3500000,14.0000000,15.7000000,14.234
19916_090101_130416,D,20090428,000000,15.7000000,17.2400000,14.5000000,17.1600000,23.703
19916_090101_130416,D,20090429,000000,17.1700000,18.0000000,16.3000000,17.4800000,24.304
19916_090101_130416,D,20090430,000000,17.0900000,18.4300000,16.0200000,17.1900000,1.113
19916_090101_130416,D,20090504,000000,17.1000000,18.0000000,15.4400000,17.9900000,183.698
19916_090101_130416,D,20090505,000000,17.0200000,18.4300000,15.5700000,17.9800000,8.567
19916_090101_130416,D,20090506,000000,17.2000000,19.4400000,16.2000000,19.4400000,27.353
19916_090101_130416,D,20090507,000000,19.4300000,19.4300000,16.5100000,19.3500000,71.356
19916_090101_130416,D,20090508,000000,19.2000000,19.9700000,17.2000000,19.9700000,69.490
19916_090101_130416,D,20090512,000000,19.9700000,20.3000000,18.8200000,18.8200000,3.851
19916_090101_130416,D,20090513,000000,20.0000000,22.0000000,19.1800000,21.6500000,126.497
19916_090101_130416,D,20090514,000000,20.6100000,22.0100000,20.5000000,21.7900000,128.446
19916_090101_130416,D,20090515,000000,21.7900000,21.7900000,18.9400000,18.9400000,3.543
19916_090101_130416,D,20090518,000000,19.0000000,20.8000000,17.0000000,18.0600000,183.324
19916_090101_130416,D,20090519,000000,17.2100000,18.0300000,17.2100000,17.8500000,47.621
19916_090101_130416,D,20090520,000000,17.8000000,17.9700000,17.0100000,17.7700000,12.764
19916_090101_130416,D,20090521,000000,18.0000000,18.0000000,16.4500000,16.4500000,2.923
19916_090101_130416,D,20090522,000000,18.0000000,18.0000000,16.0000000,16.8000000,3.493
19916_090101_130416,D,20090525,000000,17.7000000,20.0000000,16.3200000,17.5000000,9.609
19916_090101_130416,D,20090526,000000,17.4000000,17.9800000,16.4000000,17.7600000,2.938
19916_090101_130416,D,20090527,000000,17.7000000,17.7000000,16.4700000,17.3800000,3.007
19916_090101_130416,D,20090528,000000,17.8000000,17.8000000,16.5500000,17.2800000,13.106
19916_090101_130416,D,20090529,000000,17.3500000,17.3500000,16.0000000,16.9500000,67.859
19916_090101_130416,D,20090601,000000,17.0000000,17.4600000,16.5100000,17.3900000,25.583
19916_090101_130416,D,20090602,000000,17.4000000,17.5000000,16.6500000,17.4900000,12.356
19916_090101_130416,D,20090603,000000,17.4000000,17.4000000,16.0000000,17.1300000,6.828
19916_090101_130416,D,20090604,000000,17.1300000,17.4900000,15.5500000,17.3900000,10.711
19916_090101_130416,D,20090605,000000,17.0000000,17.0000000,15.6000000,16.1400000,2.136
19916_090101_130416,D,20090608,000000,17.0000000,17.0000000,15.5000000,16.9500000,661
19916_090101_130416,D,20090609,000000,17.0000000,17.0000000,15.5500000,15.9000000,43.623
19916_090101_130416,D,20090610,000000,15.9000000,16.0000000,15.5000000,15.9900000,20.730
19916_090101_130416,D,20090611,000000,15.9900000,15.9900000,15.0500000,15.3000000,61
19916_090101_130416,D,20090615,000000,15.9000000,15.9000000,15.2000000,15.8800000,8.850
19916_090101_130416,D,20090616,000000,15.7400000,15.7400000,14.8100000,15.7200000,31.393
19916_090101_130416,D,20090617,000000,15.7200000,15.7200000,14.8000000,15.6000000,38.651
19916_090101_130416,D,20090618,000000,15.6000000,15.6200000,12.0000000,14.1100000,8.720
19916_090101_130416,D,20090619,000000,14.0000000,16.5000000,12.6200000,15.9700000,36.223
19916_090101_130416,D,20090622,000000,16.0000000,16.0000000,14.5500000,14.5500000,325
19916_090101_130416,D,20090623,000000,15.9900000,15.9900000,13.2500000,15.7500000,909
19916_090101_130416,D,20090624,000000,15.8000000,15.8000000,12.8200000,15.8000000,341
19916_090101_130416,D,20090625,000000,16.0000000,16.0000000,16.0000000,16.0000000,1
19916_090101_130416,D,20090626,000000,15.4900000,15.4900000,14.4500000,15.1000000,1.930
19916_090101_130416,D,20090629,000000,16.0000000,16.0000000,15.7500000,15.7500000,43
19916_090101_130416,D,20090630,000000,16.0000000,16.0000000,14.0600000,14.8900000,42.679
19916_090101_130416,D,20090701,000000,15.5000000,15.5000000,14.0700000,14.4700000,3.264
19916_090101_130416,D,20090702,000000,15.8000000,15.8000000,14.2200000,14.4400000,55
19916_090101_130416,D,20090703,000000,15.9800000,15.9800000,14.1400000,14.2800000,51
19916_090101_130416,D,20090706,000000,15.2800000,15.2800000,14.1000000,14.2900000,9.798
19916_090101_130416,D,20090707,000000,15.5500000,15.5500000,14.1000000,14.2600000,5.577
19916_090101_130416,D,20090708,000000,15.2900000,15.2900000,14.1000000,14.1900000,2.995
19916_090101_130416,D,20090709,000000,14.0000000,14.0000000,12.9900000,13.0500000,18.111
19916_090101_130416,D,20090710,000000,13.8900000,13.8900000,12.5000000,12.9800000,407
19916_090101_130416,D,20090713,000000,13.8900000,13.8900000,12.3200000,13.3800000,2.670
19916_090101_130416,D,20090714,000000,13.8800000,13.8800000,12.8200000,13.4400000,13.120
19916_090101_130416,D,20090715,000000,13.9900000,14.3700000,12.4100000,14.0900000,57
19916_090101_130416,D,20090716,000000,14.9600000,14.9600000,12.8800000,14.0500000,7.125
19916_090101_130416,D,20090717,000000,14.0000000,14.5000000,14.0000000,14.3800000,2.956
19916_090101_130416,D,20090720,000000,12.8500000,14.8800000,12.8500000,14.8800000,54.206
19916_090101_130416,D,20090721,000000,14.9000000,14.9000000,13.0800000,14.8500000,3
19916_090101_130416,D,20090722,000000,14.9800000,14.9800000,13.5000000,14.8600000,28.086
19916_090101_130416,D,20090723,000000,14.9800000,14.9800000,13.5000000,14.7800000,5.411
19916_090101_130416,D,20090724,000000,14.8800000,14.8800000,14.3600000,14.8300000,13
19916_090101_130416,D,20090727,000000,14.9600000,14.9600000,13.1200000,14.7000000,4.245
19916_090101_130416,D,20090728,000000,14.9600000,14.9600000,13.1900000,14.3000000,659
19916_090101_130416,D,20090729,000000,14.6900000,14.7000000,13.2200000,14.6900000,107.025
19916_090101_130416,D,20090730,000000,14.7000000,14.7000000,14.5000000,14.5000000,2
19916_090101_130416,D,20090731,000000,14.9500000,14.9500000,13.4200000,13.8500000,20.098
19916_090101_130416,D,20090803,000000,13.8600000,13.9300000,13.8500000,13.8900000,147
19916_090101_130416,D,20090804,000000,13.2700000,13.9100000,13.2700000,13.6800000,3.187
19916_090101_130416,D,20090805,000000,14.4500000,14.5000000,14.4500000,14.5000000,386
19916_090101_130416,D,20090806,000000,14.0000000,14.0000000,13.7000000,14.0000000,18.169
19916_090101_130416,D,20090807,000000,14.8500000,14.8500000,14.8500000,14.8500000,1
19916_090101_130416,D,20090810,000000,15.5500000,15.7700000,13.7300000,14.8700000,126
19916_090101_130416,D,20090811,000000,15.4300000,15.4300000,14.5000000,14.5000000,2.071
19916_090101_130416,D,20090812,000000,15.2900000,15.2900000,15.2900000,15.2900000,24
19916_090101_130416,D,20090813,000000,15.4400000,15.9000000,13.1600000,15.0200000,1.167
19916_090101_130416,D,20090814,000000,13.7600000,14.8600000,13.7600000,14.8600000,807
19916_090101_130416,D,20090817,000000,13.9800000,14.0000000,13.9800000,14.0000000,42.860
19916_090101_130416,D,20090818,000000,16.6600000,16.6600000,14.0300000,14.0300000,19
19916_090101_130416,D,20090819,000000,16.3500000,16.3500000,16.3500000,16.3500000,1
19916_090101_130416,D,20090820,000000,13.3100000,14.9800000,13.3100000,14.5100000,627
19916_090101_130416,D,20090821,000000,14.2700000,14.2700000,14.2700000,14.2700000,200
19916_090101_130416,D,20090824,000000,13.3300000,15.6900000,13.3300000,14.3900000,4.584
19916_090101_130416,D,20090825,000000,13.4200000,13.9900000,13.4200000,13.9900000,1.002
19916_090101_130416,D,20090827,000000,13.7600000,14.0400000,12.0000000,13.5000000,6.681
19916_090101_130416,D,20090828,000000,12.5000000,13.4200000,12.5000000,13.2700000,269
19916_090101_130416,D,20090831,000000,12.6900000,13.3700000,12.6900000,12.7700000,105
19916_090101_130416,D,20090901,000000,13.5900000,13.5900000,12.6100000,13.5000000,637
19916_090101_130416,D,20090902,000000,12.6700000,13.4500000,12.6700000,13.4500000,275
19916_090101_130416,D,20090903,000000,13.4300000,13.4300000,13.4000000,13.4000000,2.261
19916_090101_130416,D,20090904,000000,13.5900000,15.7800000,13.5900000,15.0000000,8.620
19916_090101_130416,D,20090907,000000,15.8200000,15.8600000,14.0300000,14.3900000,3.304
19916_090101_130416,D,20090908,000000,15.4900000,15.4900000,15.4900000,15.4900000,1
19916_090101_130416,D,20090909,000000,14.9000000,15.3900000,14.5000000,15.3900000,5.634
19916_090101_130416,D,20090910,000000,15.3900000,16.0000000,14.5000000,14.5000000,2.953
19916_090101_130416,D,20090911,000000,15.6700000,15.6700000,15.6700000,15.6700000,1
19916_090101_130416,D,20090914,000000,15.0000000,16.0000000,14.3000000,16.0000000,2.873
19916_090101_130416,D,20090915,000000,15.1600000,15.7800000,15.0000000,15.0500000,1.905
19916_090101_130416,D,20090916,000000,15.5000000,16.4000000,14.5500000,15.9700000,5.006
19916_090101_130416,D,20090917,000000,16.4000000,16.6800000,16.0000000,16.6800000,2.110
19916_090101_130416,D,20090918,000000,16.0100000,16.1100000,16.0000000,16.0000000,13.300
19916_090101_130416,D,20090921,000000,15.0100000,16.1500000,14.7000000,16.1500000,145
19916_090101_130416,D,20090922,000000,15.0000000,15.9200000,15.0000000,15.3100000,36
19916_090101_130416,D,20090923,000000,15.5000000,16.0000000,15.5000000,16.0000000,315
19916_090101_130416,D,20090924,000000,15.5000000,15.5000000,14.8200000,14.8200000,2.371
19916_090101_130416,D,20090925,000000,15.5000000,15.5000000,15.0000000,15.0000000,430
19916_090101_130416,D,20090928,000000,15.0000000,15.5000000,9.5000000,15.5000000,6.389
19916_090101_130416,D,20090929,000000,14.5000000,15.4800000,14.5000000,15.4800000,2
19916_090101_130416,D,20090930,000000,14.5400000,15.5000000,14.0000000,14.4900000,18.036
19916_090101_130416,D,20091001,000000,14.0200000,15.0000000,14.0200000,14.4900000,6.872
19916_090101_130416,D,20091002,000000,14.2400000,14.9700000,13.5000000,14.2300000,931
19916_090101_130416,D,20091005,000000,14.3700000,15.0000000,14.2000000,14.5000000,2.648
19916_090101_130416,D,20091006,000000,14.9700000,15.5000000,14.5000000,14.9800000,8.577
19916_090101_130416,D,20091007,000000,14.5000000,14.7000000,14.3100000,14.4000000,16.681
19916_090101_130416,D,20091008,000000,14.2000000,15.5000000,14.1000000,14.6800000,21.206
19916_090101_130416,D,20091009,000000,14.7800000,15.2000000,14.5000000,14.5000000,8.487
19916_090101_130416,D,20091012,000000,14.9700000,15.5000000,14.5700000,15.4900000,12.212
19916_090101_130416,D,20091013,000000,15.4900000,15.7000000,14.5000000,15.5000000,60.002
19916_090101_130416,D,20091014,000000,15.7000000,16.9600000,14.9600000,15.8500000,18.381
19916_090101_130416,D,20091015,000000,16.5000000,16.9900000,14.6100000,16.2000000,26.627
19916_090101_130416,D,20091016,000000,15.9500000,16.7000000,15.0100000,15.6100000,19.558
19916_090101_130416,D,20091019,000000,16.0000000,16.0000000,15.2600000,15.3700000,9.159
19916_090101_130416,D,20091020,000000,16.2100000,16.2100000,14.6700000,15.2100000,4.727
19916_090101_130416,D,20091021,000000,15.1700000,15.5500000,14.8200000,14.8200000,12.621
19916_090101_130416,D,20091022,000000,15.0000000,15.4900000,14.7300000,14.8800000,4.291
19916_090101_130416,D,20091023,000000,15.2000000,15.2000000,14.8700000,15.1800000,3.985
19916_090101_130416,D,20091026,000000,15.1500000,15.2000000,14.7600000,15.1800000,331
19916_090101_130416,D,20091027,000000,15.6100000,15.6100000,14.1400000,14.9900000,4.940
19916_090101_130416,D,20091028,000000,15.0600000,15.0600000,14.2300000,14.2500000,25.380
19916_090101_130416,D,20091029,000000,14.1000000,14.4900000,13.7000000,14.4000000,50.463
19916_090101_130416,D,20091030,000000,14.5000000,15.0000000,14.1400000,14.1600000,10.026
19916_090101_130416,D,20091102,000000,14.9800000,15.0000000,13.0200000,14.0000000,7.405
19916_090101_130416,D,20091103,000000,14.5000000,14.6400000,13.2200000,13.6600000,47
19916_090101_130416,D,20091105,000000,13.6800000,15.0000000,12.0300000,14.3400000,16.266
19916_090101_130416,D,20091106,000000,14.4800000,14.8900000,14.2100000,14.8000000,6.884
19916_090101_130416,D,20091109,000000,15.3000000,15.4000000,14.4200000,15.3300000,22.104
19916_090101_130416,D,20091110,000000,15.0000000,15.7800000,14.0000000,15.4500000,39.618
19916_090101_130416,D,20091111,000000,15.3000000,16.1800000,14.8900000,16.1400000,40.560
19916_090101_130416,D,20091112,000000,16.1700000,16.4100000,15.2300000,16.2900000,4.750
19916_090101_130416,D,20091113,000000,15.3300000,16.2400000,15.3200000,16.2400000,11.614
19916_090101_130416,D,20091116,000000,16.2800000,16.2800000,15.3100000,16.1000000,21.615
19916_090101_130416,D,20091117,000000,16.2000000,16.3000000,15.3000000,15.9800000,80.767
19916_090101_130416,D,20091118,000000,16.1500000,16.2100000,15.7800000,16.2100000,36.428
19916_090101_130416,D,20091119,000000,15.8500000,16.0500000,15.5000000,16.0000000,29.764
19916_090101_130416,D,20091120,000000,16.1700000,16.1700000,15.6900000,16.1500000,59
19916_090101_130416,D,20091123,000000,16.6600000,16.6600000,15.7000000,15.9700000,6.084
19916_090101_130416,D,20091124,000000,15.6000000,16.2100000,15.6000000,16.1000000,102.111
19916_090101_130416,D,20091125,000000,16.5000000,16.5000000,15.3000000,15.8900000,108.373
19916_090101_130416,D,20091126,000000,15.3100000,16.0500000,14.5000000,15.0600000,11.275
19916_090101_130416,D,20091127,000000,14.2000000,15.9900000,14.2000000,15.1600000,167.174
19916_090101_130416,D,20091130,000000,15.9900000,15.9900000,15.3100000,15.3100000,150.108
19916_090101_130416,D,20091201,000000,15.3000000,15.5000000,14.5500000,15.5000000,997
19916_090101_130416,D,20091202,000000,15.6000000,15.9400000,15.3000000,15.3000000,155.278
19916_090101_130416,D,20091203,000000,15.8000000,15.9000000,15.5500000,15.5500000,150.578
19916_090101_130416,D,20091204,000000,15.3600000,15.5500000,15.2000000,15.2100000,6.681
19916_090101_130416,D,20091207,000000,15.0600000,15.4900000,14.5100000,15.0000000,646
19916_090101_130416,D,20091208,000000,14.5500000,15.3400000,13.8200000,15.2000000,4.620
19916_090101_130416,D,20091209,000000,14.6800000,14.9700000,14.6800000,14.9700000,1.092
19916_090101_130416,D,20091210,000000,14.6800000,15.4500000,14.6400000,15.4300000,10.684
19916_090101_130416,D,20091211,000000,15.4900000,15.4900000,14.7200000,15.3300000,7.937
19916_090101_130416,D,20091214,000000,15.6400000,15.6400000,14.5000000,15.0000000,8.052
19916_090101_130416,D,20091215,000000,15.1500000,15.1500000,14.5000000,14.9700000,3.347
19916_090101_130416,D,20091216,000000,14.7200000,15.5000000,14.3600000,15.0000000,28.960
19916_090101_130416,D,20091217,000000,15.0000000,15.2000000,14.4100000,14.9700000,19.574
19916_090101_130416,D,20091218,000000,15.0000000,15.0100000,14.5000000,15.0100000,13.020
19916_090101_130416,D,20091221,000000,15.4400000,15.4400000,14.5100000,14.9700000,159
19916_090101_130416,D,20091222,000000,15.4000000,15.4000000,14.9100000,15.0100000,463
19916_090101_130416,D,20091223,000000,15.4600000,15.4600000,14.9900000,15.0100000,364
19916_090101_130416,D,20091224,000000,14.5100000,15.2500000,14.5100000,14.8100000,2.234
19916_090101_130416,D,20091225,000000,15.2400000,15.4400000,14.3000000,15.2800000,7.999
19916_090101_130416,D,20091228,000000,15.4400000,15.4700000,15.0100000,15.2100000,7.726
19916_090101_130416,D,20091229,000000,15.0500000,16.4500000,14.9100000,15.4000000,7.960
19916_090101_130416,D,20091230,000000,15.4500000,15.4500000,14.9000000,15.4300000,52.205
19916_090101_130416,D,20091231,000000,15.5500000,15.6900000,15.0800000,15.6300000,207
19916_090101_130416,D,20100111,000000,15.8500000,16.5900000,15.0000000,16.4400000,20.018
19916_090101_130416,D,20100112,000000,15.3400000,19.0000000,15.3400000,19.0000000,40.151
19916_090101_130416,D,20100113,000000,17.5000000,19.0000000,17.2600000,18.9500000,19.246
19916_090101_130416,D,20100114,000000,18.9900000,19.7700000,18.2500000,19.2500000,2.945
19916_090101_130416,D,20100115,000000,19.2500000,20.7800000,18.5500000,19.1200000,5.611
19916_090101_130416,D,20100118,000000,19.1500000,20.5000000,17.6200000,19.5600000,23.418
19916_090101_130416,D,20100119,000000,18.7300000,19.0500000,17.6700000,18.9900000,28.415
19916_090101_130416,D,20100120,000000,18.9900000,19.0000000,17.2600000,18.0000000,37.333
19916_090101_130416,D,20100121,000000,18.0000000,19.0000000,17.8900000,18.0000000,26.270
19916_090101_130416,D,20100122,000000,17.8900000,18.8700000,17.5000000,17.7500000,18.469
19916_090101_130416,D,20100125,000000,18.1300000,18.8000000,17.0100000,18.7400000,3.055
19916_090101_130416,D,20100126,000000,18.6800000,18.7300000,17.0500000,18.0500000,17.016
19916_090101_130416,D,20100127,000000,18.3400000,18.3400000,17.7500000,17.7500000,860
19916_090101_130416,D,20100128,000000,18.9400000,18.9400000,17.8400000,18.2100000,2.520
19916_090101_130416,D,20100129,000000,18.1000000,18.9600000,17.7800000,18.9600000,4.134
19916_090101_130416,D,20100201,000000,18.9000000,19.6900000,18.1100000,19.6600000,4.200
19916_090101_130416,D,20100202,000000,19.7000000,22.5000000,18.5100000,21.9900000,31.399
19916_090101_130416,D,20100203,000000,22.0000000,25.0000000,20.0000000,22.7500000,17.648
19916_090101_130416,D,20100204,000000,22.7500000,23.0000000,20.5100000,21.0000000,2.170
19916_090101_130416,D,20100205,000000,21.0000000,22.5000000,18.0000000,21.9900000,10.498
19916_090101_130416,D,20100208,000000,23.1500000,25.2900000,18.0000000,21.4200000,39.953
19916_090101_130416,D,20100209,000000,22.9700000,24.0000000,21.3100000,22.6200000,2.969
19916_090101_130416,D,20100210,000000,22.0000000,22.9200000,21.6500000,21.9900000,5.761
19916_090101_130416,D,20100211,000000,22.0000000,22.0000000,19.0100000,19.8000000,16.636
19916_090101_130416,D,20100212,000000,20.0000000,20.3900000,19.5500000,19.6500000,1.061
19916_090101_130416,D,20100215,000000,19.7000000,21.6900000,19.5000000,20.4700000,2.011
19916_090101_130416,D,20100216,000000,20.4900000,21.7000000,19.5700000,20.8200000,7.311
19916_090101_130416,D,20100217,000000,21.0000000,21.8200000,20.0300000,21.4700000,9.567
19916_090101_130416,D,20100218,000000,21.9700000,22.2100000,20.4700000,22.1200000,5.035
19916_090101_130416,D,20100219,000000,22.3600000,22.3600000,20.3300000,21.7100000,7.445
19916_090101_130416,D,20100224,000000,22.5000000,22.5000000,20.8300000,21.2100000,625
19916_090101_130416,D,20100225,000000,20.7700000,21.7500000,20.7700000,21.4500000,78
19916_090101_130416,D,20100226,000000,21.5500000,21.5500000,21.5400000,21.5500000,140
19916_090101_130416,D,20100227,000000,21.6400000,22.1500000,21.1400000,22.0500000,2.475
19916_090101_130416,D,20100301,000000,22.1000000,22.1000000,20.6200000,21.5000000,2.809
19916_090101_130416,D,20100302,000000,21.9200000,21.9300000,20.3100000,21.0000000,3.237
19916_090101_130416,D,20100303,000000,20.7600000,21.0000000,20.7500000,21.0000000,1.151
19916_090101_130416,D,20100304,000000,21.0000000,22.1400000,20.7500000,22.1200000,11.640
19916_090101_130416,D,20100305,000000,21.0800000,22.6000000,21.0800000,22.5000000,4.842
19916_090101_130416,D,20100309,000000,23.3600000,23.3600000,22.3000000,22.3000000,2.357
19916_090101_130416,D,20100310,000000,23.4000000,23.4000000,22.5100000,22.9700000,2.182
19916_090101_130416,D,20100311,000000,23.2600000,23.5000000,23.0400000,23.4400000,2.145
19916_090101_130416,D,20100312,000000,23.6900000,24.1800000,23.2500000,23.9800000,13.668
19916_090101_130416,D,20100315,000000,24.1800000,25.9500000,23.6100000,24.7300000,21.237
19916_090101_130416,D,20100316,000000,25.8400000,26.1100000,25.0000000,26.1100000,30.249
19916_090101_130416,D,20100317,000000,26.2200000,27.0300000,25.2300000,27.0000000,8.417
19916_090101_130416,D,20100318,000000,25.7000000,27.5500000,24.0400000,27.0600000,9.617
19916_090101_130416,D,20100319,000000,27.0600000,27.5000000,25.0900000,27.5000000,6.733
19916_090101_130416,D,20100322,000000,27.4500000,28.0000000,25.0000000,27.6900000,2.798
19916_090101_130416,D,20100323,000000,27.7200000,27.8000000,26.2000000,27.8000000,985
19916_090101_130416,D,20100324,000000,27.5700000,28.4400000,26.9000000,28.0000000,5.309
19916_090101_130416,D,20100325,000000,28.5000000,28.5000000,27.9000000,27.9000000,4.518
19916_090101_130416,D,20100326,000000,28.5000000,28.5000000,25.0000000,26.6800000,70.352
19916_090101_130416,D,20100329,000000,27.4800000,29.8400000,27.4800000,29.8000000,47.420
19916_090101_130416,D,20100330,000000,29.8800000,29.9900000,27.2800000,28.9500000,10.582
19916_090101_130416,D,20100331,000000,29.1900000,31.4500000,28.8500000,30.0000000,28.205
19916_090101_130416,D,20100401,000000,31.4500000,41.0000000,31.4500000,38.0000000,81.457
19916_090101_130416,D,20100402,000000,39.0000000,52.1700000,36.1200000,42.4900000,118.901
19916_090101_130416,D,20100405,000000,43.9700000,43.9700000,36.5300000,40.8900000,28.752
19916_090101_130416,D,20100406,000000,39.8500000,42.3700000,37.4800000,42.1900000,20.103
19916_090101_130416,D,20100407,000000,43.0000000,43.8000000,38.1100000,40.5000000,12.749
19916_090101_130416,D,20100408,000000,41.0000000,42.9900000,39.2700000,41.3800000,22.557
19916_090101_130416,D,20100409,000000,42.0000000,42.0000000,39.7600000,40.5600000,6.467
19916_090101_130416,D,20100412,000000,41.9500000,41.9500000,33.0000000,39.2500000,117.743
19916_090101_130416,D,20100413,000000,39.0000000,39.0000000,35.0500000,38.3300000,7.860
19916_090101_130416,D,20100414,000000,37.8800000,38.9700000,37.0000000,37.9900000,4.086
19916_090101_130416,D,20100415,000000,37.0300000,40.0000000,36.0200000,40.0000000,11.446
19916_090101_130416,D,20100416,000000,38.5500000,41.1900000,37.5000000,41.1900000,24.944
19916_090101_130416,D,20100419,000000,41.7000000,41.8000000,37.3100000,41.8000000,29.746
19916_090101_130416,D,20100420,000000,41.7900000,41.7900000,40.5700000,41.6900000,4.102
19916_090101_130416,D,20100421,000000,41.6900000,43.5500000,39.0200000,41.1400000,56.394
19916_090101_130416,D,20100422,000000,42.4200000,42.4800000,37.0100000,39.9200000,47.861
19916_090101_130416,D,20100423,000000,39.7900000,40.4000000,38.2800000,39.0300000,2.703
19916_090101_130416,D,20100426,000000,38.1000000,40.0000000,33.0000000,38.9600000,6.407
19916_090101_130416,D,20100427,000000,39.9800000,39.9800000,36.5200000,37.8500000,4.787
19916_090101_130416,D,20100428,000000,38.0000000,40.0700000,34.2100000,35.8800000,17.576
19916_090101_130416,D,20100429,000000,35.9100000,39.0000000,35.8800000,37.9000000,3.265
19916_090101_130416,D,20100430,000000,39.4800000,39.4800000,37.0000000,37.9400000,2.344
19916_090101_130416,D,20100504,000000,38.9900000,38.9900000,33.8000000,34.0000000,24.324
19916_090101_130416,D,20100505,000000,34.0600000,35.5000000,33.0300000,35.4200000,8.568
19916_090101_130416,D,20100506,000000,33.0600000,36.2500000,30.1100000,35.9900000,2.901
19916_090101_130416,D,20100507,000000,35.7500000,35.9300000,30.0000000,30.0000000,4.194
19916_090101_130416,D,20100511,000000,33.0000000,35.3500000,32.0900000,32.7800000,5.903
19916_090101_130416,D,20100512,000000,33.3000000,33.3000000,31.5700000,33.0000000,1.264
19916_090101_130416,D,20100513,000000,32.3000000,34.4700000,32.3000000,34.4700000,7.049
19916_090101_130416,D,20100514,000000,34.0500000,34.3900000,32.3400000,33.3000000,108
19916_090101_130416,D,20100517,000000,30.0500000,33.5000000,30.0500000,33.1700000,675
19916_090101_130416,D,20100518,000000,33.3000000,33.7900000,31.1700000,31.6700000,8.795
19916_090101_130416,D,20100519,000000,33.3700000,33.3700000,31.7500000,33.3400000,615
19916_090101_130416,D,20100520,000000,31.7000000,33.3200000,30.1100000,32.9400000,1.050
19916_090101_130416,D,20100521,000000,32.3900000,32.3900000,27.5800000,31.3500000,870
19916_090101_130416,D,20100524,000000,30.9900000,32.8800000,30.9900000,31.8400000,50
19916_090101_130416,D,20100525,000000,27.2700000,33.3000000,27.2700000,31.5000000,2.681
19916_090101_130416,D,20100526,000000,32.7800000,32.7800000,27.5400000,31.2200000,1.128
19916_090101_130416,D,20100527,000000,31.2900000,32.8800000,30.1500000,32.6000000,610
19916_090101_130416,D,20100528,000000,32.6000000,32.6000000,30.2300000,32.4700000,1.780
19916_090101_130416,D,20100601,000000,29.4900000,32.3700000,29.4900000,32.3600000,16
19916_090101_130416,D,20100602,000000,28.3800000,33.2600000,28.3800000,32.4000000,910
19916_090101_130416,D,20100603,000000,33.2600000,37.0000000,30.5800000,34.5500000,9.508
19916_090101_130416,D,20100604,000000,33.5200000,37.5000000,33.5200000,35.4000000,2.853
19916_090101_130416,D,20100607,000000,33.5200000,35.0000000,33.5200000,35.0000000,1.181
19916_090101_130416,D,20100608,000000,39.3400000,39.3400000,34.2800000,37.0000000,1.072
19916_090101_130416,D,20100609,000000,38.8900000,38.8900000,34.1500000,36.9800000,955
19916_090101_130416,D,20100610,000000,36.4900000,39.2500000,35.0600000,36.6000000,10.824
19916_090101_130416,D,20100611,000000,36.9800000,36.9800000,35.4900000,35.9600000,526
19916_090101_130416,D,20100615,000000,38.5600000,38.5600000,34.8200000,36.6000000,222
19916_090101_130416,D,20100616,000000,35.2200000,39.2500000,34.7300000,38.4400000,42.787
19916_090101_130416,D,20100617,000000,38.1500000,38.1500000,38.1500000,38.1500000,1
19916_090101_130416,D,20100618,000000,37.8800000,37.8800000,36.1300000,36.1300000,17
19916_090101_130416,D,20100621,000000,38.5000000,38.5000000,38.5000000,38.5000000,1
19916_090101_130416,D,20100622,000000,37.9900000,38.1000000,35.2500000,37.8600000,6.948
19916_090101_130416,D,20100623,000000,37.8400000,39.8600000,36.9000000,36.9800000,14.908
19916_090101_130416,D,20100624,000000,38.9900000,38.9900000,38.9900000,38.9900000,1
19916_090101_130416,D,20100625,000000,39.9800000,39.9800000,37.6700000,38.3100000,637
19916_090101_130416,D,20100628,000000,38.1500000,38.1500000,37.0000000,37.0000000,206
19916_090101_130416,D,20100629,000000,37.9900000,38.0000000,34.3600000,35.4400000,4.054
19916_090101_130416,D,20100630,000000,36.7500000,36.7500000,34.5600000,34.6200000,146
19916_090101_130416,D,20100701,000000,34.4600000,35.9400000,32.0000000,33.7800000,639
19916_090101_130416,D,20100702,000000,34.7900000,34.9000000,32.0300000,32.5600000,1.959
19916_090101_130416,D,20100705,000000,34.4500000,34.4500000,33.0600000,34.3300000,1.002
19916_090101_130416,D,20100706,000000,35.4200000,35.9000000,33.8100000,35.9000000,4.709
19916_090101_130416,D,20100707,000000,34.0200000,35.5400000,34.0200000,35.0000000,1.111
19916_090101_130416,D,20100708,000000,35.1900000,35.1900000,34.1600000,35.1700000,22
19916_090101_130416,D,20100709,000000,35.1700000,35.1700000,34.9900000,34.9900000,3
19916_090101_130416,D,20100712,000000,35.5000000,40.4500000,35.3500000,39.8900000,11.695
19916_090101_130416,D,20100713,000000,39.8600000,43.2500000,38.3300000,42.5600000,19.442
19916_090101_130416,D,20100714,000000,39.8900000,42.8800000,39.8900000,41.9900000,84
19916_090101_130416,D,20100715,000000,40.7700000,40.7700000,38.8500000,38.8500000,1.011
19916_090101_130416,D,20100716,000000,42.0000000,42.0000000,39.7000000,39.8400000,141
19916_090101_130416,D,20100719,000000,37.8500000,40.5800000,37.8200000,38.5800000,2.968
19916_090101_130416,D,20100720,000000,38.9200000,38.9200000,38.9200000,38.9200000,2
19916_090101_130416,D,20100721,000000,38.8600000,38.8600000,38.1100000,38.7000000,65
19916_090101_130416,D,20100722,000000,39.0000000,39.0000000,38.1100000,38.1200000,7
19916_090101_130416,D,20100723,000000,39.8000000,39.8000000,37.7000000,37.7000000,30.363
19916_090101_130416,D,20100726,000000,40.9900000,40.9900000,36.9600000,39.2500000,119.295
19916_090101_130416,D,20100727,000000,37.5200000,40.3900000,37.5200000,40.3900000,264.239
19916_090101_130416,D,20100728,000000,41.8600000,41.8600000,38.9900000,39.5000000,53.104
19916_090101_130416,D,20100729,000000,39.6000000,40.2800000,38.3100000,39.2900000,28.625
19916_090101_130416,D,20100730,000000,39.6000000,41.2900000,38.8500000,38.9200000,31.347
19916_090101_130416,D,20100802,000000,39.6000000,40.4000000,38.6100000,39.9400000,125.200
19916_090101_130416,D,20100803,000000,39.2200000,39.8600000,38.2000000,38.8300000,1.779
19916_090101_130416,D,20100804,000000,39.0000000,39.7700000,39.0000000,39.5000000,5.283
19916_090101_130416,D,20100805,000000,40.0100000,40.4100000,39.2500000,39.7700000,1.750
19916_090101_130416,D,20100806,000000,39.9600000,41.4400000,39.9600000,40.1000000,2.521
19916_090101_130416,D,20100809,000000,40.0100000,42.9800000,39.5000000,42.9700000,10.709
19916_090101_130416,D,20100810,000000,43.0000000,43.0000000,40.2200000,40.7500000,7.778
19916_090101_130416,D,20100811,000000,43.4600000,43.4600000,40.2500000,41.5000000,814
19916_090101_130416,D,20100812,000000,42.5400000,42.5400000,40.0000000,40.2000000,1.800
19916_090101_130416,D,20100813,000000,41.0000000,42.0000000,41.0000000,42.0000000,2
19916_090101_130416,D,20100816,000000,43.2100000,43.6500000,39.3000000,40.4100000,12.936
19916_090101_130416,D,20100817,000000,40.5300000,47.6000000,40.5000000,45.7500000,48.880
19916_090101_130416,D,20100818,000000,47.8200000,54.0000000,47.8200000,54.0000000,6.042
19916_090101_130416,D,20100819,000000,54.0000000,57.7700000,50.0100000,56.8000000,11.972
19916_090101_130416,D,20100820,000000,56.4000000,67.0000000,54.5400000,59.2000000,6.733
19916_090101_130416,D,20100823,000000,59.9800000,61.9800000,59.0000000,61.8700000,7.092
19916_090101_130416,D,20100824,000000,61.6900000,61.6900000,54.0000000,55.8500000,8.873
19916_090101_130416,D,20100825,000000,56.9700000,56.9700000,53.2500000,56.9000000,4.505
19916_090101_130416,D,20100826,000000,56.8700000,57.9900000,55.0000000,56.5000000,387
19916_090101_130416,D,20100827,000000,58.5000000,58.5000000,56.5700000,58.4000000,104
19916_090101_130416,D,20100830,000000,58.8000000,62.9400000,56.7300000,62.9400000,7.547
19916_090101_130416,D,20100831,000000,44.9500000,63.4300000,44.9500000,62.0000000,9.685
19916_090101_130416,D,20100901,000000,61.9900000,66.5000000,59.0000000,63.0000000,11.036
19916_090101_130416,D,20100902,000000,63.8900000,80.0000000,62.1000000,69.0000000,19.286
19916_090101_130416,D,20100903,000000,74.4700000,80.0000000,69.9900000,76.6400000,21.847
19916_090101_130416,D,20100906,000000,76.8800000,78.9900000,70.0000000,72.9200000,12.162
19916_090101_130416,D,20100907,000000,71.9100000,74.6100000,67.3500000,68.5700000,16.496
19916_090101_130416,D,20100908,000000,68.5600000,70.8400000,68.5600000,69.5000000,330
19916_090101_130416,D,20100909,000000,70.8400000,70.8400000,68.8000000,68.8000000,4.167
19916_090101_130416,D,20100910,000000,70.0000000,72.4000000,57.5000000,72.4000000,72.339
19916_090101_130416,D,20100913,000000,72.4300000,76.5000000,72.0000000,76.0000000,48.203
19916_090101_130416,D,20100914,000000,76.1400000,78.0000000,75.0000000,78.0000000,32.235
19916_090101_130416,D,20100915,000000,78.4600000,81.3700000,78.4600000,81.0000000,15.005
19916_090101_130416,D,20100916,000000,81.3800000,82.5000000,79.2400000,81.3000000,6.825
19916_090101_130416,D,20100917,000000,75.4800000,81.6400000,75.4700000,81.5000000,24.955
19916_090101_130416,D,20100920,000000,81.6600000,85.0000000,81.0500000,83.3400000,16.048
19916_090101_130416,D,20100921,000000,83.3400000,85.0000000,80.0100000,85.0000000,20.789
19916_090101_130416,D,20100922,000000,86.0800000,99.2600000,85.0000000,93.1500000,20.894
19916_090101_130416,D,20100923,000000,95.0000000,98.0000000,85.6200000,87.2100000,26.958
19916_090101_130416,D,20100924,000000,89.1100000,90.0000000,84.0000000,87.8000000,32.266
19916_090101_130416,D,20100927,000000,87.9000000,91.5000000,86.0000000,91.3200000,7.159
19916_090101_130416,D,20100928,000000,87.8000000,94.8500000,87.0500000,90.9500000,19.265
19916_090101_130416,D,20100929,000000,92.0000000,92.0000000,90.0000000,91.4900000,2.179
19916_090101_130416,D,20100930,000000,92.0000000,92.0000000,86.8400000,91.7700000,6.212
19916_090101_130416,D,20101001,000000,92.1200000,92.9900000,89.0000000,89.0000000,6.419
19916_090101_130416,D,20101004,000000,89.0000000,91.6900000,87.0000000,91.5900000,20.712
19916_090101_130416,D,20101005,000000,91.5000000,91.5000000,88.0000000,91.4000000,3.676
19916_090101_130416,D,20101006,000000,90.0300000,91.4300000,84.5600000,89.9500000,12.464
19916_090101_130416,D,20101007,000000,90.0100000,90.9000000,87.0600000,88.9800000,918
19916_090101_130416,D,20101008,000000,88.2500000,88.5000000,86.0100000,88.4400000,721
19916_090101_130416,D,20101011,000000,89.1100000,89.1100000,85.3100000,88.7000000,276
19916_090101_130416,D,20101012,000000,89.1100000,89.1100000,86.0000000,87.4700000,684
19916_090101_130416,D,20101013,000000,87.9900000,87.9900000,77.9900000,85.0000000,51.456
19916_090101_130416,D,20101014,000000,85.0000000,85.9500000,79.9900000,84.2000000,38.850
19916_090101_130416,D,20101015,000000,82.2200000,82.9500000,79.0000000,80.7700000,5.428
19916_090101_130416,D,20101018,000000,78.2800000,84.1700000,78.2800000,83.9500000,4.847
19916_090101_130416,D,20101019,000000,82.3100000,82.9400000,79.0100000,81.4800000,17.441
19916_090101_130416,D,20101020,000000,81.9000000,84.1200000,78.0400000,80.2600000,10.262
19916_090101_130416,D,20101021,000000,81.7300000,84.5900000,80.0500000,84.2400000,12.849
19916_090101_130416,D,20101022,000000,83.9700000,83.9700000,81.0000000,83.1000000,7.972
19916_090101_130416,D,20101025,000000,83.4800000,83.4800000,79.9900000,81.0600000,14.100
19916_090101_130416,D,20101026,000000,81.0200000,85.0200000,79.0000000,85.0200000,41.741
19916_090101_130416,D,20101027,000000,81.0900000,84.4000000,81.0000000,84.0000000,1.393
19916_090101_130416,D,20101028,000000,81.0600000,83.0000000,79.7100000,80.5000000,33.424
19916_090101_130416,D,20101029,000000,80.0400000,82.5000000,80.0000000,82.3900000,6.825
19916_090101_130416,D,20101101,000000,82.5000000,85.7700000,80.0000000,85.7700000,75.911
19916_090101_130416,D,20101102,000000,86.6300000,87.0000000,80.5000000,86.6000000,12.454
19916_090101_130416,D,20101103,000000,89.0900000,89.0900000,86.7500000,88.0600000,4.549
19916_090101_130416,D,20101108,000000,87.5100000,88.7700000,87.5100000,88.7000000,5.207
19916_090101_130416,D,20101109,000000,85.0200000,90.3800000,85.0200000,89.9900000,12.243
19916_090101_130416,D,20101110,000000,90.0200000,92.4000000,83.6600000,91.8000000,12.536
19916_090101_130416,D,20101111,000000,91.8000000,91.8500000,87.0300000,90.0700000,2.735
19916_090101_130416,D,20101112,000000,90.0400000,93.3900000,88.5000000,89.0900000,32.068
19916_090101_130416,D,20101113,000000,90.0500000,98.0000000,89.1700000,95.0000000,57.542
19916_090101_130416,D,20101115,000000,96.7800000,99.7900000,93.1000000,94.5900000,84.636
19916_090101_130416,D,20101116,000000,94.8700000,97.0000000,92.5900000,95.9500000,22.136
19916_090101_130416,D,20101117,000000,96.7900000,108.0000000,94.2900000,108.0000000,57.239
19916_090101_130416,D,20101118,000000,108.0400000,140.0000000,106.2100000,121.0100000,118.190
19916_090101_130416,D,20101119,000000,123.9900000,125.6900000,112.1300000,117.9800000,65.063
19916_090101_130416,D,20101122,000000,121.9000000,127.9900000,113.2900000,127.9000000,68.972
19916_090101_130416,D,20101123,000000,126.5800000,178.0000000,122.5200000,178.0000000,310.736
19916_090101_130416,D,20101124,000000,178.0000000,183.5300000,145.0000000,173.0000000,154.291
19916_090101_130416,D,20101125,000000,162.0400000,192.5000000,155.0000000,174.0000000,187.893
19916_090101_130416,D,20101126,000000,176.2500000,186.7000000,168.2000000,170.0000000,56.449
19916_090101_130416,D,20101129,000000,176.0000000,176.0000000,161.0400000,165.3100000,17.257
19916_090101_130416,D,20101130,000000,166.1400000,166.5000000,150.0000000,151.9700000,30.854
19916_090101_130416,D,20101201,000000,153.4900000,168.3900000,145.0000000,157.0000000,54.131
19916_090101_130416,D,20101202,000000,162.9800000,162.9800000,149.0000000,151.3900000,12.547
19916_090101_130416,D,20101203,000000,153.6000000,158.9000000,135.0200000,152.8900000,27.889
19916_090101_130416,D,20101206,000000,150.9900000,162.0000000,150.0000000,150.0000000,26.807
19916_090101_130416,D,20101207,000000,153.6900000,153.6900000,148.1000000,152.5000000,9.345
19916_090101_130416,D,20101208,000000,152.0000000,153.6900000,149.9900000,152.0200000,9.611
19916_090101_130416,D,20101209,000000,153.6000000,161.7000000,150.0000000,161.7000000,43.387
19916_090101_130416,D,20101210,000000,162.0100000,183.3400000,156.0000000,171.0000000,89.721
19916_090101_130416,D,20101213,000000,173.1800000,177.6900000,166.0000000,166.0500000,10.404
19916_090101_130416,D,20101214,000000,168.9900000,169.0000000,164.3200000,168.9900000,7.351
19916_090101_130416,D,20101215,000000,166.0100000,170.0000000,166.0100000,167.0000000,17.978
19916_090101_130416,D,20101216,000000,166.4800000,167.0000000,164.0000000,164.9200000,3.702
19916_090101_130416,D,20101217,000000,163.2200000,165.1600000,157.0400000,160.2100000,8.425
19916_090101_130416,D,20101220,000000,159.9800000,160.5800000,151.0000000,152.0500000,10.457
19916_090101_130416,D,20101221,000000,157.4900000,161.9900000,152.5000000,160.0400000,16.892
19916_090101_130416,D,20101222,000000,160.8000000,168.0000000,160.8000000,167.0000000,2.660
19916_090101_130416,D,20101223,000000,163.1000000,168.0000000,159.0000000,164.8000000,889
19916_090101_130416,D,20101224,000000,166.4300000,166.4300000,159.0100000,160.0100000,311
19916_090101_130416,D,20101227,000000,159.9700000,163.6000000,153.1400000,155.5200000,1.464
19916_090101_130416,D,20101228,000000,155.6700000,159.0200000,154.5000000,156.2300000,485
19916_090101_130416,D,20101229,000000,156.2700000,162.8900000,155.0000000,155.0000000,2.333
19916_090101_130416,D,20101230,000000,155.6600000,159.8800000,155.5100000,156.0000000,2.234
19916_090101_130416,D,20110111,000000,156.8800000,162.4000000,156.1000000,158.7700000,6.154
19916_090101_130416,D,20110112,000000,158.7300000,170.7700000,158.7300000,164.9900000,30.945
19916_090101_130416,D,20110113,000000,163.1100000,170.8000000,163.1100000,170.0000000,44.755
19916_090101_130416,D,20110114,000000,168.0000000,168.0000000,165.0000000,165.1700000,3.165
19916_090101_130416,D,20110117,000000,167.9900000,174.0000000,165.5200000,169.0000000,17.833
19916_090101_130416,D,20110118,000000,170.2400000,173.0000000,165.6100000,173.0000000,3.620
19916_090101_130416,D,20110119,000000,170.2500000,170.2500000,168.3700000,168.9500000,1.123
19916_090101_130416,D,20110120,000000,170.9700000,170.9700000,165.0000000,165.0400000,1.052
19916_090101_130416,D,20110121,000000,166.3200000,168.0000000,165.0000000,165.6700000,17.506
19916_090101_130416,D,20110124,000000,165.0300000,166.9600000,161.0000000,161.8500000,6.196
19916_090101_130416,D,20110125,000000,162.4800000,165.8800000,162.4800000,164.9000000,17.550
19916_090101_130416,D,20110126,000000,165.0300000,169.0000000,165.0300000,169.0000000,10.025
19916_090101_130416,D,20110127,000000,169.5800000,170.0000000,168.6800000,168.9300000,6.770
19916_090101_130416,D,20110128,000000,168.2700000,168.2700000,163.5100000,165.0300000,364
19916_090101_130416,D,20110131,000000,161.4900000,162.4800000,161.4900000,162.4800000,10.260
19916_090101_130416,D,20110201,000000,163.1100000,164.5000000,161.0300000,164.5000000,10.501
19916_090101_130416,D,20110202,000000,164.9900000,167.0000000,158.0100000,160.7200000,16.404
19916_090101_130416,D,20110203,000000,161.8500000,162.4800000,158.0100000,161.4800000,594
19916_090101_130416,D,20110204,000000,160.5900000,160.5900000,155.0000000,158.2000000,5.812
19916_090101_130416,D,20110207,000000,158.7300000,162.0000000,156.0000000,158.9500000,16.108
19916_090101_130416,D,20110208,000000,159.3400000,159.9900000,157.0300000,158.7300000,767
19916_090101_130416,D,20110209,000000,159.3400000,159.3400000,156.9900000,156.9900000,2.058
19916_090101_130416,D,20110210,000000,158.1100000,160.0000000,141.0000000,152.9800000,5.380
19916_090101_130416,D,20110211,000000,154.4600000,154.4600000,151.0300000,154.4500000,4.013
19916_090101_130416,D,20110214,000000,154.4500000,155.0600000,152.0700000,153.5000000,237
19916_090101_130416,D,20110215,000000,153.8600000,157.8500000,150.8500000,151.1000000,982
19916_090101_130416,D,20110216,000000,148.1400000,153.8600000,139.0100000,143.2900000,3.785
19916_090101_130416,D,20110217,000000,143.3000000,143.4500000,100.0000000,137.9500000,7.395
19916_090101_130416,D,20110218,000000,137.4400000,143.4700000,129.9900000,132.7000000,5.859
19916_090101_130416,D,20110221,000000,133.7400000,137.7600000,129.6400000,132.0000000,3.174
19916_090101_130416,D,20110222,000000,131.6700000,132.7000000,130.0000000,131.1600000,605
19916_090101_130416,D,20110224,000000,130.6500000,130.6500000,120.0200000,127.4200000,2.742
19916_090101_130416,D,20110225,000000,126.6500000,135.1600000,118.0000000,134.2600000,17.799
19916_090101_130416,D,20110228,000000,127.2900000,137.0000000,127.2900000,137.0000000,12.978
19916_090101_130416,D,20110301,000000,138.0000000,140.6500000,138.0000000,139.8700000,4.720
19916_090101_130416,D,20110302,000000,140.9900000,158.0000000,137.4400000,155.8000000,9.010
19916_090101_130416,D,20110303,000000,145.0400000,155.9000000,145.0400000,154.0000000,2.940
19916_090101_130416,D,20110304,000000,159.9900000,159.9900000,148.3500000,156.5000000,4.260
19916_090101_130416,D,20110305,000000,160.0000000,163.0000000,159.2200000,162.7500000,770
19916_090101_130416,D,20110309,000000,155.0100000,160.9700000,148.1400000,150.0000000,6.260
19916_090101_130416,D,20110310,000000,145.5100000,151.5400000,140.0200000,144.6900000,2.690
19916_090101_130416,D,20110311,000000,137.0400000,151.4400000,137.0400000,142.2200000,4.560
19916_090101_130416,D,20110314,000000,142.3100000,149.0000000,142.3100000,142.5000000,17.320
19916_090101_130416,D,20110315,000000,144.9300000,145.0000000,128.2500000,135.0000000,15.010
19916_090101_130416,D,20110316,000000,141.2300000,141.2300000,136.2600000,139.3000000,8.880
19916_090101_130416,D,20110317,000000,132.0100000,139.9800000,132.0100000,139.9800000,30
19916_090101_130416,D,20110318,000000,139.9900000,142.5000000,133.1000000,139.9300000,10.730
19916_090101_130416,D,20110322,000000,149.5800000,149.5800000,143.8300000,144.9400000,50
19916_090101_130416,D,20110323,000000,140.0100000,150.0000000,140.0100000,147.0000000,3.110
19916_090101_130416,D,20110324,000000,145.0000000,147.0100000,145.0000000,147.0100000,1.390
19916_090101_130416,D,20110325,000000,136.1500000,140.0000000,135.6600000,140.0000000,2.760
19916_090101_130416,D,20110328,000000,140.1400000,142.3000000,135.0100000,140.1400000,170
19916_090101_130416,D,20110329,000000,139.5900000,139.5900000,136.4100000,137.9700000,250
19916_090101_130416,D,20110330,000000,138.5100000,145.0100000,135.0000000,135.0000000,4.650
19916_090101_130416,D,20110331,000000,137.9700000,144.8800000,137.9700000,144.8800000,5.810
19916_090101_130416,D,20110401,000000,140.0100000,144.9600000,140.0100000,143.0000000,5.400
19916_090101_130416,D,20110404,000000,144.5300000,149.6000000,143.6000000,143.6000000,2.820
19916_090101_130416,D,20110405,000000,146.4600000,146.4600000,136.2000000,137.0800000,300
19916_090101_130416,D,20110406,000000,140.1400000,142.7100000,139.0500000,142.5000000,170
19916_090101_130416,D,20110407,000000,139.5900000,140.5000000,137.0000000,137.0300000,1.400
19916_090101_130416,D,20110408,000000,140.4900000,142.5000000,137.5900000,140.8000000,32.220
19916_090101_130416,D,20110411,000000,142.0000000,142.5000000,140.0000000,141.5000000,71.470
19916_090101_130416,D,20110412,000000,138.2400000,138.2400000,137.0000000,137.0500000,3.770
19916_090101_130416,D,20110413,000000,137.0800000,141.5000000,137.0500000,141.4900000,21.580
19916_090101_130416,D,20110414,000000,137.0100000,137.2800000,137.0000000,137.2800000,1.210
19916_090101_130416,D,20110415,000000,138.9600000,141.0000000,137.0300000,137.0300000,32.660
19916_090101_130416,D,20110418,000000,138.8000000,138.8000000,134.2200000,134.3100000,1.650
19916_090101_130416,D,20110419,000000,136.1300000,136.1300000,133.1000000,133.1000000,160
19916_090101_130416,D,20110420,000000,136.3600000,138.5000000,134.0000000,138.5000000,27.000
19916_090101_130416,D,20110421,000000,137.5000000,140.0000000,121.0000000,135.0000000,38.750
19916_090101_130416,D,20110422,000000,134.7500000,139.5000000,131.0000000,138.0000000,53.430
19916_090101_130416,D,20110425,000000,132.4300000,141.0000000,128.0000000,137.2200000,13.650
19916_090101_130416,D,20110426,000000,133.9800000,141.6200000,133.9800000,137.7000000,13.240
19916_090101_130416,D,20110427,000000,137.0200000,137.0200000,133.0000000,135.6900000,2.780
19916_090101_130416,D,20110428,000000,132.7700000,132.7700000,132.1000000,132.1100000,600
19916_090101_130416,D,20110429,000000,131.0100000,131.0100000,129.5900000,130.0000000,3.300
19916_090101_130416,D,20110503,000000,131.0100000,136.5000000,127.8500000,136.5000000,18.600
19916_090101_130416,D,20110504,000000,131.7400000,131.7400000,123.0000000,126.0300000,6.200
19916_090101_130416,D,20110505,000000,127.0000000,127.0000000,127.0000000,127.0000000,10
19916_090101_130416,D,20110506,000000,128.3800000,128.9400000,128.0000000,128.0000000,7.110
19916_090101_130416,D,20110510,000000,134.3000000,146.0000000,130.7000000,136.0600000,47.920
19916_090101_130416,D,20110511,000000,138.0000000,143.2100000,135.3000000,135.3000000,30.740
19916_090101_130416,D,20110512,000000,130.5000000,137.0000000,130.0000000,134.9700000,1.060
19916_090101_130416,D,20110513,000000,136.4900000,141.0000000,136.4900000,138.5000000,36.910
19916_090101_130416,D,20110516,000000,142.2800000,149.0000000,139.0000000,142.0000000,30.910
19916_090101_130416,D,20110517,000000,140.6000000,142.0000000,138.2100000,142.0000000,6.250
19916_090101_130416,D,20110518,000000,138.0000000,140.0000000,137.7700000,140.0000000,730
19916_090101_130416,D,20110519,000000,140.0100000,140.0300000,140.0100000,140.0300000,60
19916_090101_130416,D,20110520,000000,150.9700000,151.9700000,135.4600000,137.1100000,6.920
19916_090101_130416,D,20110523,000000,137.1200000,143.0000000,137.0000000,142.0000000,9.520
19916_090101_130416,D,20110524,000000,144.9000000,145.0000000,138.0000000,138.0000000,24.330
19916_090101_130416,D,20110525,000000,142.9000000,143.0000000,142.4000000,143.0000000,7.020
19916_090101_130416,D,20110526,000000,143.0000000,143.0000000,136.8000000,137.0000000,11.580
19916_090101_130416,D,20110527,000000,142.9900000,143.0000000,138.0000000,138.0000000,7.660
19916_090101_130416,D,20110530,000000,140.0000000,141.0000000,140.0000000,140.0100000,940
19916_090101_130416,D,20110531,000000,139.0000000,142.9800000,138.0000000,142.9800000,21.850
19916_090101_130416,D,20110601,000000,139.5200000,142.3000000,139.5100000,140.0000000,5.860
19916_090101_130416,D,20110603,000000,139.2000000,139.2000000,139.2000000,139.2000000,20
19916_090101_130416,D,20110606,000000,139.7900000,143.0000000,139.7900000,143.0000000,12.720
19916_090101_130416,D,20110608,000000,142.5900000,143.0000000,142.0000000,142.0000000,21.540
19916_090101_130416,D,20110609,000000,142.5000000,143.0000000,142.0000000,142.0000000,19.020
19916_090101_130416,D,20110610,000000,140.8500000,147.0000000,140.8500000,144.0000000,166.220
19916_090101_130416,D,20110614,000000,144.3800000,151.0000000,143.8300000,148.0000000,32.690
19916_090101_130416,D,20110615,000000,149.2000000,152.0000000,146.5000000,150.0000000,56.610
19916_090101_130416,D,20110616,000000,149.2300000,149.7000000,147.5000000,147.5000000,2.460
19916_090101_130416,D,20110617,000000,146.0000000,146.0000000,143.3000000,144.8500000,1.930
19916_090101_130416,D,20110620,000000,144.8400000,144.8500000,143.0500000,144.8500000,110
19916_090101_130416,D,20110622,000000,147.3300000,148.0000000,147.3300000,148.0000000,12.940
19916_090101_130416,D,20110623,000000,148.0000000,148.0000000,148.0000000,148.0000000,12.310
19916_090101_130416,D,20110624,000000,149.0000000,149.0000000,147.0000000,147.0000000,60
19916_090101_130416,D,20110627,000000,148.0000000,150.0000000,147.4000000,150.0000000,23.200
19916_090101_130416,D,20110628,000000,153.0000000,157.4300000,149.0000000,153.0500000,45.650
19916_090101_130416,D,20110629,000000,158.5000000,158.5000000,151.3000000,156.9700000,41.240
19916_090101_130416,D,20110630,000000,154.0700000,157.6500000,154.0700000,157.6500000,3.510
19916_090101_130416,D,20110701,000000,155.8700000,159.4800000,154.2100000,159.4800000,640
19916_090101_130416,D,20110704,000000,156.0500000,157.4900000,151.4500000,157.4900000,2.640
19916_090101_130416,D,20110705,000000,156.1800000,161.0000000,155.4300000,161.0000000,32.320
19916_090101_130416,D,20110706,000000,161.6500000,163.0000000,158.2000000,161.6300000,85.420
19916_090101_130416,D,20110707,000000,162.0000000,165.0000000,162.0000000,164.8900000,5.520
19916_090101_130416,D,20110708,000000,166.9700000,167.0100000,162.0000000,165.2900000,8.000
19916_090101_130416,D,20110711,000000,157.8400000,162.9900000,157.8400000,162.4600000,140
19916_090101_130416,D,20110712,000000,165.9900000,190.0000000,164.0000000,189.9900000,130.490
19916_090101_130416,D,20110713,000000,189.0000000,189.0000000,173.3100000,186.2900000,6.390
19916_090101_130416,D,20110714,000000,186.2900000,186.2900000,177.0000000,177.9000000,5.140
19916_090101_130416,D,20110715,000000,177.0000000,178.9000000,175.0000000,176.0000000,1.160
19916_090101_130416,D,20110718,000000,179.9300000,181.0000000,173.5100000,181.0000000,5.560
19916_090101_130416,D,20110719,000000,190.0600000,190.0600000,180.0000000,185.0000000,33.090
19916_090101_130416,D,20110720,000000,181.3800000,190.4000000,180.8100000,186.2500000,12.530
19916_090101_130416,D,20110721,000000,186.8500000,187.9000000,182.0000000,185.8700000,980
19916_090101_130416,D,20110722,000000,186.8600000,190.7400000,186.0000000,188.8700000,1.710
19916_090101_130416,D,20110725,000000,171.0100000,187.0100000,171.0000000,184.0100000,270
19916_090101_130416,D,20110726,000000,186.9900000,190.0000000,186.9900000,190.0000000,9.400
19916_090101_130416,D,20110727,000000,185.1000000,185.1000000,185.0200000,185.0200000,460
19916_090101_130416,D,20110728,000000,189.6800000,199.5100000,188.0000000,190.1000000,14.350
19916_090101_130416,D,20110729,000000,191.4100000,191.4100000,186.0000000,186.0000000,500
19916_090101_130416,D,20110801,000000,190.0000000,190.0000000,172.0100000,184.5000000,5.700
19916_090101_130416,D,20110802,000000,181.2100000,181.8900000,179.9800000,179.9900000,5.220
19916_090101_130416,D,20110803,000000,179.9900000,179.9900000,170.0000000,174.9900000,5.720
19916_090101_130416,D,20110804,000000,175.0000000,176.0000000,168.0000000,172.9800000,3.190
19916_090101_130416,D,20110805,000000,160.0300000,167.5100000,153.9900000,165.0000000,19.720
19916_090101_130416,D,20110808,000000,155.0200000,172.9700000,155.0200000,172.9700000,2.640
19916_090101_130416,D,20110809,000000,155.0400000,169.6200000,151.0200000,169.6200000,2.280
19916_090101_130416,D,20110810,000000,179.0000000,179.0000000,163.1600000,170.3500000,1.150
19916_090101_130416,D,20110811,000000,165.0000000,166.6600000,157.0200000,166.6600000,10.180
19916_090101_130416,D,20110812,000000,164.0000000,170.0000000,160.3700000,169.7700000,9.370
19916_090101_130416,D,20110815,000000,171.0000000,190.0000000,171.0000000,186.5900000,10.380
19916_090101_130416,D,20110816,000000,176.0000000,182.0100000,169.0000000,182.0000000,11.940
19916_090101_130416,D,20110817,000000,184.9900000,185.4900000,182.0000000,185.4900000,2.540
19916_090101_130416,D,20110818,000000,179.0100000,179.9000000,171.0200000,179.9000000,3.630
19916_090101_130416,D,20110819,000000,178.0000000,181.0000000,178.0000000,181.0000000,5.630
19916_090101_130416,D,20110822,000000,178.0200000,186.0000000,178.0000000,186.0000000,3.460
19916_090101_130416,D,20110823,000000,186.0000000,186.9900000,180.0100000,186.9900000,3.370
19916_090101_130416,D,20110824,000000,186.0000000,186.0000000,181.0000000,184.4900000,2.660
19916_090101_130416,D,20110825,000000,189.9800000,199.9900000,187.0000000,189.9900000,4.400
19916_090101_130416,D,20110826,000000,190.5000000,190.5000000,190.0000000,190.0000000,30
19916_090101_130416,D,20110829,000000,193.0000000,199.0000000,193.0000000,198.0000000,4.810
19916_090101_130416,D,20110830,000000,193.1600000,210.9900000,193.1000000,209.0000000,74.190
19916_090101_130416,D,20110831,000000,210.8000000,220.0000000,200.0100000,217.9800000,28.040
19916_090101_130416,D,20110901,000000,216.9900000,230.0000000,209.4000000,230.0000000,10.190
19916_090101_130416,D,20110902,000000,219.0000000,227.0000000,211.0100000,220.0000000,6.450
19916_090101_130416,D,20110905,000000,212.7200000,219.9900000,209.0000000,217.9900000,1.780
19916_090101_130416,D,20110906,000000,214.9900000,222.0000000,214.9900000,219.6600000,5.480
19916_090101_130416,D,20110907,000000,219.0500000,225.9800000,219.0500000,222.0000000,470
19916_090101_130416,D,20110908,000000,222.0000000,222.0000000,219.0700000,222.0000000,190
19916_090101_130416,D,20110909,000000,217.7900000,219.8000000,210.0000000,215.9800000,1.950
19916_090101_130416,D,20110912,000000,210.3200000,210.3200000,194.0500000,206.2900000,350
19916_090101_130416,D,20110913,000000,204.0000000,206.5400000,200.0900000,206.5400000,1.470
19916_090101_130416,D,20110914,000000,205.6800000,210.0000000,205.6800000,210.0000000,250
19916_090101_130416,D,20110915,000000,203.4800000,213.2000000,199.0500000,204.2500000,49.590
19916_090101_130416,D,20110916,000000,204.2500000,205.0400000,185.4800000,185.4800000,7.040
19916_090101_130416,D,20110919,000000,199.0000000,204.9700000,157.0000000,187.9900000,56.610
19916_090101_130416,D,20110920,000000,176.1000000,187.7800000,161.3300000,184.0000000,8.650
19916_090101_130416,D,20110921,000000,181.0000000,184.9800000,176.0500000,182.1000000,410
19916_090101_130416,D,20110922,000000,176.6400000,180.0000000,165.0000000,172.0000000,28.670
19916_090101_130416,D,20110923,000000,170.0100000,174.0000000,160.0000000,170.9900000,4.970
19916_090101_130416,D,20110926,000000,169.0000000,184.8800000,169.0000000,181.9000000,3.590
19916_090101_130416,D,20110927,000000,187.5000000,189.9900000,170.7100000,180.0000000,3.200
19916_090101_130416,D,20110928,000000,179.0000000,182.9500000,171.0000000,177.0000000,2.180
19916_090101_130416,D,20110929,000000,180.9800000,180.9900000,175.7000000,180.9900000,310
19916_090101_130416,D,20110930,000000,175.0600000,182.0000000,175.0600000,182.0000000,11.540
19916_090101_130416,D,20111003,000000,170.6700000,179.9600000,168.9900000,179.0900000,13.190
19916_090101_130416,D,20111004,000000,179.7900000,183.9300000,175.0000000,181.8000000,2.860
19916_090101_130416,D,20111005,000000,181.5000000,184.0000000,180.0000000,184.0000000,49.550
19916_090101_130416,D,20111006,000000,186.9700000,187.0000000,181.4600000,185.9900000,3.180
19916_090101_130416,D,20111007,000000,186.0000000,186.0000000,184.5000000,185.0000000,10.020
19916_090101_130416,D,20111010,000000,187.8700000,187.8700000,180.0000000,187.5500000,3.650
19916_090101_130416,D,20111011,000000,177.0000000,186.7000000,177.0000000,186.7000000,9.070
19916_090101_130416,D,20111012,000000,183.5000000,187.9800000,183.5000000,187.9800000,6.190
19916_090101_130416,D,20111013,000000,187.9700000,196.9000000,187.0000000,196.9000000,18.410
19916_090101_130416,D,20111014,000000,190.0700000,202.9900000,190.0700000,202.9900000,12.240
19916_090101_130416,D,20111017,000000,191.0100000,209.9800000,191.0100000,197.0000000,1.570
19916_090101_130416,D,20111018,000000,199.9700000,200.0000000,199.9400000,200.0000000,140
19916_090101_130416,D,20111019,000000,204.9500000,213.0000000,200.0000000,204.9900000,700
19916_090101_130416,D,20111020,000000,205.0000000,205.0000000,200.0000000,203.8900000,4.680
19916_090101_130416,D,20111021,000000,196.1300000,200.9900000,195.5400000,200.9900000,110
19916_090101_130416,D,20111024,000000,200.0100000,200.0100000,199.9900000,200.0000000,700
19916_090101_130416,D,20111025,000000,203.7900000,210.0000000,200.0300000,209.9700000,970
19916_090101_130416,D,20111026,000000,209.9900000,210.0000000,200.0100000,206.4900000,530
19916_090101_130416,D,20111027,000000,209.9800000,210.2000000,205.0000000,208.9900000,6.520
19916_090101_130416,D,20111028,000000,214.3400000,214.3400000,208.0000000,209.9900000,520
19916_090101_130416,D,20111031,000000,213.4000000,213.4000000,208.9700000,208.9700000,1.260
19916_090101_130416,D,20111101,000000,202.3700000,203.1800000,199.9900000,199.9900000,1.620
19916_090101_130416,D,20111102,000000,199.9900000,207.6100000,192.0000000,207.6100000,11.450
19916_090101_130416,D,20111103,000000,206.9500000,206.9600000,206.2500000,206.2500000,630
19916_090101_130416,D,20111107,000000,207.8500000,212.9500000,195.5000000,195.5000000,2.410
19916_090101_130416,D,20111108,000000,196.9900000,210.0000000,194.0000000,198.6100000,31.180
19916_090101_130416,D,20111109,000000,198.2000000,207.0000000,192.0000000,195.9900000,18.340
19916_090101_130416,D,20111110,000000,188.0400000,206.0000000,188.0000000,206.0000000,17.360
19916_090101_130416,D,20111111,000000,208.0600000,208.0600000,203.0000000,207.5900000,560
19916_090101_130416,D,20111114,000000,204.3200000,210.0000000,203.0000000,206.2700000,12.050
19916_090101_130416,D,20111115,000000,202.1500000,202.1600000,197.0000000,197.0000000,5.340
19916_090101_130416,D,20111116,000000,192.0200000,199.9900000,190.0000000,199.9900000,3.090
19916_090101_130416,D,20111117,000000,195.4000000,217.9800000,192.0000000,217.9800000,23.870
19916_090101_130416,D,20111118,000000,210.6200000,215.0000000,203.3900000,215.0000000,3.570
19916_090101_130416,D,20111121,000000,200.1700000,204.6300000,200.0000000,204.6300000,870
19916_090101_130416,D,20111122,000000,206.9600000,212.7100000,206.9600000,212.7100000,780
19916_090101_130416,D,20111123,000000,206.1700000,206.1700000,186.8200000,204.9200000,630
19916_090101_130416,D,20111124,000000,200.1300000,200.1300000,198.5500000,198.5500000,420
19916_090101_130416,D,20111125,000000,195.2500000,198.3100000,175.2100000,190.0000000,2.360
19916_090101_130416,D,20111128,000000,194.9000000,195.0900000,190.0000000,195.0000000,1.960
19916_090101_130416,D,20111129,000000,199.0000000,202.0000000,199.0000000,201.0000000,1.130
19916_090101_130416,D,20111130,000000,201.0000000,201.0000000,201.0000000,201.0000000,80
19916_090101_130416,D,20111201,000000,202.9800000,205.4700000,202.9800000,204.2900000,140
19916_090101_130416,D,20111202,000000,202.5100000,202.5100000,202.5100000,202.5100000,30
19916_090101_130416,D,20111205,000000,201.1400000,201.1400000,201.1400000,201.1400000,350
19916_090101_130416,D,20111206,000000,201.0000000,201.0100000,198.1400000,198.1400000,1.560
19916_090101_130416,D,20111207,000000,206.9800000,206.9800000,188.7200000,188.7200000,740
19916_090101_130416,D,20111209,000000,190.0600000,190.0600000,188.1100000,188.1100000,180
19916_090101_130416,D,20111212,000000,190.0600000,190.0600000,190.0000000,190.0500000,400
19916_090101_130416,D,20111213,000000,190.0000000,194.4500000,188.0800000,194.4500000,70
19916_090101_130416,D,20111214,000000,190.0000000,190.0000000,188.0000000,188.0000000,390
19916_090101_130416,D,20111216,000000,182.0600000,185.0100000,182.0000000,184.9900000,380
19916_090101_130416,D,20111219,000000,176.1500000,185.9000000,176.1500000,185.9000000,270
19916_090101_130416,D,20111220,000000,176.1600000,189.0000000,176.1600000,180.0000000,1.830
19916_090101_130416,D,20111221,000000,180.8500000,180.8500000,175.0000000,175.0000000,1.010
19916_090101_130416,D,20111223,000000,174.0000000,174.0000000,174.0000000,174.0000000,10
19916_090101_130416,D,20111226,000000,174.0000000,174.0000000,170.0000000,170.2200000,200
19916_090101_130416,D,20111227,000000,170.5000000,174.6400000,169.0000000,169.8200000,5.260
19916_090101_130416,D,20111228,000000,165.0300000,166.7800000,165.0000000,166.0000000,210
19916_090101_130416,D,20111229,000000,165.0100000,170.0000000,164.0900000,166.2600000,530
19916_090101_130416,D,20111230,000000,165.0100000,165.0100000,165.0100000,165.0100000,20
19916_090101_130416,D,20120103,000000,169.9900000,169.9900000,169.9900000,169.9900000,30
19916_090101_130416,D,20120105,000000,169.9900000,170.0000000,169.9700000,170.0000000,40
19916_090101_130416,D,20120106,000000,170.0000000,170.0000000,170.0000000,170.0000000,70
19916_090101_130416,D,20120109,000000,170.0000000,170.0000000,170.0000000,170.0000000,100
19916_090101_130416,D,20120110,000000,175.0000000,175.0000000,172.5000000,173.8900000,90
19916_090101_130416,D,20120111,000000,175.0000000,175.0000000,172.6500000,172.6500000,120
19916_090101_130416,D,20120112,000000,180.0000000,180.0000000,176.9900000,179.9900000,120
19916_090101_130416,D,20120113,000000,180.0000000,186.2000000,180.0000000,182.0000000,210
19916_090101_130416,D,20120116,000000,181.7800000,181.7800000,181.7800000,181.7800000,10
19916_090101_130416,D,20120117,000000,184.9900000,200.0000000,180.5600000,185.0100000,380
19916_090101_130416,D,20120118,000000,189.8800000,190.0000000,180.6000000,180.6000000,200
19916_090101_130416,D,20120119,000000,180.1100000,180.6100000,178.9900000,179.0000000,750
19916_090101_130416,D,20120120,000000,185.0000000,185.0000000,185.0000000,185.0000000,200
19916_090101_130416,D,20120123,000000,184.9900000,189.9900000,184.9900000,189.9900000,160
19916_090101_130416,D,20120124,000000,184.5000000,194.8500000,181.0500000,194.8500000,930
19916_090101_130416,D,20120125,000000,191.6500000,192.0000000,191.6500000,192.0000000,230
19916_090101_130416,D,20120126,000000,192.0000000,192.0000000,192.0000000,192.0000000,50
19916_090101_130416,D,20120127,000000,185.0300000,185.0300000,185.0300000,185.0300000,60
19916_090101_130416,D,20120130,000000,191.0000000,191.0000000,185.0500000,185.0500000,590
19916_090101_130416,D,20120131,000000,185.1500000,192.0000000,185.1500000,192.0000000,480
19916_090101_130416,D,20120201,000000,186.0300000,186.0300000,186.0300000,186.0300000,50
19916_090101_130416,D,20120202,000000,194.2700000,195.0000000,189.9800000,189.9800000,1.390
19916_090101_130416,D,20120203,000000,183.7600000,183.7600000,183.7600000,183.7600000,40
19916_090101_130416,D,20120206,000000,187.4100000,187.4100000,187.0000000,187.0000000,340
19916_090101_130416,D,20120207,000000,185.0000000,185.0000000,177.0000000,184.0000000,960
19916_090101_130416,D,20120208,000000,180.0000000,182.8400000,180.0000000,182.8400000,40
19916_090101_130416,D,20120209,000000,179.5000000,179.5000000,179.5000000,179.5000000,130
19916_090101_130416,D,20120210,000000,179.5000000,179.5200000,177.0600000,177.0600000,40
19916_090101_130416,D,20120213,000000,175.0000000,175.0100000,167.8800000,175.0000000,1.650
19916_090101_130416,D,20120215,000000,176.0000000,185.0000000,176.0000000,185.0000000,520
19916_090101_130416,D,20120216,000000,180.0100000,188.1500000,180.0000000,187.4100000,1.260
19916_090101_130416,D,20120217,000000,184.0100000,184.0100000,184.0100000,184.0100000,10
19916_090101_130416,D,20120220,000000,189.9800000,191.0000000,184.0000000,185.0000000,1.650
19916_090101_130416,D,20120221,000000,184.7900000,184.7900000,184.7800000,184.7800000,40
19916_090101_130416,D,20120222,000000,189.9900000,191.9900000,187.8400000,191.9900000,940
19916_090101_130416,D,20120224,000000,192.0000000,194.0000000,190.2900000,190.2900000,410
19916_090101_130416,D,20120227,000000,193.6000000,195.0000000,187.8200000,187.8200000,2.510
19916_090101_130416,D,20120228,000000,190.6900000,194.6600000,190.6900000,194.6600000,370
19916_090101_130416,D,20120229,000000,190.0100000,190.2200000,182.9000000,182.9000000,240
19916_090101_130416,D,20120301,000000,187.0000000,194.9000000,187.0000000,188.9000000,690
19916_090101_130416,D,20120302,000000,191.2000000,191.2000000,186.4800000,186.4800000,80
19916_090101_130416,D,20120306,000000,185.0200000,185.0200000,185.0200000,185.0200000,10
19916_090101_130416,D,20120311,000000,191.2100000,194.9000000,191.0000000,191.0000000,1.940
19916_090101_130416,D,20120312,000000,191.1500000,195.0000000,190.1600000,194.3300000,1.090
19916_090101_130416,D,20120313,000000,196.9900000,196.9900000,194.0000000,196.6600000,80
19916_090101_130416,D,20120314,000000,193.5100000,193.5100000,190.0000000,190.3100000,120
19916_090101_130416,D,20120315,000000,190.3000000,190.3000000,182.0000000,182.0000000,1.020
19916_090101_130416,D,20120316,000000,180.0200000,181.0000000,178.0000000,178.0000000,390
19916_090101_130416,D,20120319,000000,184.9500000,189.9800000,184.9500000,189.0000000,3.230
19916_090101_130416,D,20120320,000000,185.5100000,185.5100000,180.0000000,185.0000000,1.890
19916_090101_130416,D,20120321,000000,180.0100000,180.0100000,180.0100000,180.0100000,20
19916_090101_130416,D,20120323,000000,188.5300000,188.5300000,188.5300000,188.5300000,10
19916_090101_130416,D,20120327,000000,189.0600000,190.0000000,189.0600000,190.0000000,350
19916_090101_130416,D,20120328,000000,190.2700000,190.2700000,190.0000000,190.0000000,40
19916_090101_130416,D,20120329,000000,180.1900000,187.9900000,180.0000000,186.0000000,1.220
19916_090101_130416,D,20120330,000000,181.0200000,181.0200000,181.0200000,181.0200000,10
19916_090101_130416,D,20120402,000000,188.0100000,188.0100000,188.0000000,188.0000000,1.150
19916_090101_130416,D,20120403,000000,187.5500000,199.9700000,180.0000000,199.9700000,7.780
19916_090101_130416,D,20120404,000000,186.0100000,186.0100000,186.0000000,186.0000000,240
19916_090101_130416,D,20120405,000000,190.6900000,194.1900000,190.0000000,194.1900000,450
19916_090101_130416,D,20120406,000000,190.3300000,199.9900000,190.0000000,199.0000000,2.880
19916_090101_130416,D,20120409,000000,195.0100000,210.0000000,195.0000000,210.0000000,1.890
19916_090101_130416,D,20120410,000000,218.4000000,227.0000000,206.0100000,206.0100000,2.540
19916_090101_130416,D,20120411,000000,211.2700000,212.0000000,209.9800000,209.9800000,1.580
19916_090101_130416,D,20120416,000000,210.0000000,210.0000000,210.0000000,210.0000000,10
19916_090101_130416,D,20120417,000000,204.0900000,204.0900000,204.0900000,204.0900000,60
19916_090101_130416,D,20120418,000000,205.0100000,211.9000000,205.0100000,211.9000000,20
19916_090101_130416,D,20120419,000000,207.4400000,207.4400000,178.0100000,182.0000000,4.250
19916_090101_130416,D,20120420,000000,170.0100000,181.6200000,170.0100000,179.9900000,2.370
19916_090101_130416,D,20120423,000000,174.4100000,179.9700000,173.0000000,179.9700000,1.190
19916_090101_130416,D,20120425,000000,170.0100000,170.0100000,159.6300000,165.0000000,1.240
19916_090101_130416,D,20120427,000000,161.0000000,180.0000000,160.0200000,175.0000000,3.590
19916_090101_130416,D,20120428,000000,180.0000000,209.0000000,180.0000000,186.0100000,4.710
19916_090101_130416,D,20120502,000000,185.2200000,185.2200000,170.0200000,170.0200000,430
19916_090101_130416,D,20120503,000000,175.0000000,175.0100000,175.0000000,175.0000000,50
19916_090101_130416,D,20120504,000000,179.0000000,179.0000000,175.0000000,175.0000000,130
19916_090101_130416,D,20120510,000000,176.9600000,180.0000000,174.9900000,180.0000000,560
19916_090101_130416,D,20120511,000000,172.1300000,175.0100000,165.4600000,175.0100000,490
19916_090101_130416,D,20120512,000000,179.8700000,179.8700000,179.8700000,179.8700000,10
19916_090101_130416,D,20120514,000000,168.0500000,168.0500000,166.2500000,166.2500000,150
19916_090101_130416,D,20120515,000000,169.9900000,172.0000000,169.9900000,170.0000000,240
19916_090101_130416,D,20120516,000000,175.0000000,181.9800000,173.0000000,175.0000000,360
19916_090101_130416,D,20120517,000000,181.9200000,182.0000000,175.0000000,175.0000000,2.290
19916_090101_130416,D,20120518,000000,170.0000000,189.0000000,169.9900000,179.9900000,19.360
19916_090101_130416,D,20120521,000000,175.0500000,190.0000000,175.0000000,189.8900000,8.230
19916_090101_130416,D,20120522,000000,172.1900000,185.0000000,168.0100000,178.4200000,8.410
19916_090101_130416,D,20120523,000000,166.0500000,166.0500000,160.0000000,164.9900000,700
19916_090101_130416,D,20120524,000000,160.0100000,160.0100000,157.0100000,160.0000000,3.430
19916_090101_130416,D,20120525,000000,159.0100000,165.2000000,159.0100000,160.0000000,90
19916_090101_130416,D,20120529,000000,161.0000000,161.0000000,155.1000000,155.1000000,400
19916_090101_130416,D,20120531,000000,165.1400000,175.0000000,165.0100000,165.0100000,2.220
19916_090101_130416,D,20120601,000000,165.0100000,165.0200000,165.0100000,165.0200000,30
19916_090101_130416,D,20120604,000000,162.5100000,162.5100000,157.0000000,162.4900000,860
19916_090101_130416,D,20120605,000000,160.9900000,180.0000000,159.9900000,172.0000000,5.260
19916_090101_130416,D,20120614,000000,170.9900000,171.0000000,170.9900000,171.0000000,5.950
19916_090101_130416,D,20120619,000000,170.0000000,170.0000000,166.0000000,166.0000000,380
19916_090101_130416,D,20120620,000000,165.0000000,168.0000000,162.5300000,168.0000000,2.440
19916_090101_130416,D,20120622,000000,168.0000000,168.0000000,168.0000000,168.0000000,890
19916_090101_130416,D,20120625,000000,161.0200000,161.0200000,161.0000000,161.0000000,200
19916_090101_130416,D,20120626,000000,160.5100000,160.5100000,160.0100000,160.5000000,340
19916_090101_130416,D,20120627,000000,166.9900000,167.0000000,166.0000000,166.0000000,140
19916_090101_130416,D,20120628,000000,166.9600000,166.9600000,161.5000000,161.5000000,150
19916_090101_130416,D,20120702,000000,167.4500000,167.5000000,167.4500000,167.5000000,260
19916_090101_130416,D,20120703,000000,160.0000000,166.8700000,159.5000000,162.1100000,2.660
19916_090101_130416,D,20120704,000000,165.9800000,168.1700000,165.9800000,168.1700000,370
19916_090101_130416,D,20120705,000000,168.3500000,173.9300000,164.0000000,164.0000000,3.840
19916_090101_130416,D,20120706,000000,164.0100000,169.9700000,160.0100000,160.0100000,830
19916_090101_130416,D,20120709,000000,162.0000000,169.0000000,159.4900000,169.0000000,1.970
19916_090101_130416,D,20120710,000000,167.0000000,168.0000000,166.9000000,168.0000000,3.100
19916_090101_130416,D,20120713,000000,164.2100000,164.4700000,164.2100000,164.4700000,20
19916_090101_130416,D,20120716,000000,170.1000000,170.1000000,170.0900000,170.0900000,70
19916_090101_130416,D,20120717,000000,169.5000000,169.5500000,167.0000000,167.0000000,380
19916_090101_130416,D,20120718,000000,170.0000000,170.0000000,169.9900000,169.9900000,120
19916_090101_130416,D,20120719,000000,174.0000000,174.0000000,169.9900000,171.5500000,1.070
19916_090101_130416,D,20120720,000000,169.9800000,169.9800000,169.9800000,169.9800000,500
19916_090101_130416,D,20120723,000000,169.8900000,177.0000000,169.0000000,169.0000000,160
19916_090101_130416,D,20120724,000000,172.0000000,172.0000000,163.4700000,165.0000000,140
19916_090101_130416,D,20120725,000000,167.5500000,169.9900000,164.8100000,169.9800000,340
19916_090101_130416,D,20120727,000000,165.0000000,171.0000000,165.0000000,167.0000000,940
19916_090101_130416,D,20120730,000000,161.0400000,167.9000000,161.0400000,167.0000000,540
19916_090101_130416,D,20120731,000000,169.0000000,170.0000000,169.0000000,169.9900000,3.550
19916_090101_130416,D,20120801,000000,168.0000000,168.0000000,168.0000000,168.0000000,4.310
19916_090101_130416,D,20120802,000000,168.0000000,168.0000000,166.0000000,166.0000000,390
19916_090101_130416,D,20120803,000000,165.0000000,166.5000000,165.0000000,166.0000000,4.080
19916_090101_130416,D,20120806,000000,165.0000000,165.0000000,165.0000000,165.0000000,1.820
19916_090101_130416,D,20120807,000000,161.0500000,165.0000000,160.0100000,165.0000000,740
19916_090101_130416,D,20120808,000000,163.0300000,165.5000000,163.0000000,165.5000000,180
19916_090101_130416,D,20120809,000000,170.0000000,170.0000000,165.0000000,165.0000000,80
19916_090101_130416,D,20120810,000000,161.1100000,161.6000000,160.1100000,160.1100000,490
19916_090101_130416,D,20120813,000000,160.5000000,161.2000000,160.5000000,161.2000000,110
19916_090101_130416,D,20120814,000000,160.0200000,168.9400000,160.0100000,165.0900000,1.200
19916_090101_130416,D,20120815,000000,161.1000000,164.9900000,160.7300000,164.9900000,360
19916_090101_130416,D,20120816,000000,164.7300000,164.7300000,161.5000000,163.0700000,790
19916_090101_130416,D,20120820,000000,162.6800000,162.6800000,160.5200000,160.5200000,60
19916_090101_130416,D,20120821,000000,160.5400000,162.4000000,160.5000000,162.4000000,240
19916_090101_130416,D,20120823,000000,165.0000000,165.0000000,165.0000000,165.0000000,500
19916_090101_130416,D,20120824,000000,164.4500000,165.0000000,164.4500000,165.0000000,430
19916_090101_130416,D,20120828,000000,164.0000000,165.0000000,163.0200000,163.0600000,560
19916_090101_130416,D,20120829,000000,163.1200000,163.1200000,163.0600000,163.0700000,460
19916_090101_130416,D,20120830,000000,164.7000000,164.7000000,164.7000000,164.7000000,20
19916_090101_130416,D,20120831,000000,163.4900000,164.6000000,163.4000000,163.4900000,300
19916_090101_130416,D,20120903,000000,164.0000000,165.2500000,163.2100000,165.0000000,1.740
19916_090101_130416,D,20120904,000000,162.1600000,164.1000000,160.0000000,162.5000000,1.110
19916_090101_130416,D,20120906,000000,162.5000000,164.6900000,162.0500000,164.6900000,270
19916_090101_130416,D,20120907,000000,160.1800000,164.0100000,160.1800000,163.9800000,1.630
19916_090101_130416,D,20120910,000000,164.8400000,180.0000000,164.8400000,168.1900000,4.060
19916_090101_130416,D,20120911,000000,165.0400000,167.8500000,155.6100000,164.9800000,1.170
19916_090101_130416,D,20120912,000000,165.0100000,165.5000000,164.5000000,165.4900000,260
19916_090101_130416,D,20120914,000000,164.2100000,169.9500000,164.0000000,169.9500000,2.000
19916_090101_130416,D,20120917,000000,174.9900000,175.0000000,168.0700000,170.0000000,2.490
19916_090101_130416,D,20120918,000000,170.0000000,174.9800000,170.0000000,171.9800000,1.770
19916_090101_130416,D,20120919,000000,170.0300000,172.0000000,168.0200000,172.0000000,1.070
19916_090101_130416,D,20120920,000000,165.9600000,168.6700000,165.9600000,166.0100000,130
19916_090101_130416,D,20120925,000000,166.0100000,192.5000000,165.5000000,169.5000000,10.340
19916_090101_130416,D,20120926,000000,173.5000000,173.5000000,165.2000000,165.2500000,630
19916_090101_130416,D,20121001,000000,172.9900000,172.9900000,172.9900000,172.9900000,20
19916_090101_130416,D,20121002,000000,165.5100000,170.0000000,162.0000000,170.0000000,7.720
19916_090101_130416,D,20121004,000000,169.5900000,169.5900000,169.5900000,169.5900000,70
19916_090101_130416,D,20121005,000000,171.9900000,180.9800000,168.0000000,180.9800000,910
19916_090101_130416,D,20121008,000000,169.3500000,177.6900000,169.3500000,177.6900000,80
19916_090101_130416,D,20121009,000000,170.2000000,180.0000000,169.0000000,172.0000000,16.480
19916_090101_130416,D,20121010,000000,170.0000000,177.9900000,170.0000000,177.9900000,7.370
19916_090101_130416,D,20121011,000000,173.0100000,173.0100000,171.7100000,171.9000000,790
19916_090101_130416,D,20121012,000000,172.5100000,172.5200000,172.0600000,172.0600000,170
19916_090101_130416,D,20121016,000000,170.2100000,170.5000000,170.0000000,170.5000000,320
19916_090101_130416,D,20121017,000000,171.9900000,172.0000000,171.7700000,172.0000000,150
19916_090101_130416,D,20121018,000000,170.0100000,170.0100000,169.5900000,169.5900000,230
19916_090101_130416,D,20121019,000000,172.4800000,172.4800000,169.0000000,171.6300000,250
19916_090101_130416,D,20121023,000000,172.0000000,172.0100000,172.0000000,172.0000000,390
19916_090101_130416,D,20121024,000000,170.9400000,170.9400000,168.1300000,168.1300000,260
19916_090101_130416,D,20121025,000000,169.9900000,170.4000000,167.7700000,167.8400000,650
19916_090101_130416,D,20121026,000000,167.8100000,172.0000000,167.7000000,172.0000000,1.330
19916_090101_130416,D,20121101,000000,171.0100000,171.0100000,167.0000000,167.0000000,80
19916_090101_130416,D,20121102,000000,165.5000000,170.0000000,161.3000000,170.0000000,1.940
19916_090101_130416,D,20121106,000000,167.0300000,170.0000000,167.0300000,170.0000000,470
19916_090101_130416,D,20121107,000000,167.5200000,167.5200000,166.0300000,166.0300000,750
19916_090101_130416,D,20121108,000000,161.1000000,169.9700000,157.1800000,166.0100000,120
19916_090101_130416,D,20121112,000000,172.9600000,172.9600000,172.9600000,172.9600000,10
19916_090101_130416,D,20121114,000000,172.0400000,172.0500000,172.0400000,172.0500000,30
19916_090101_130416,D,20121119,000000,170.4400000,170.4400000,160.0500000,166.5000000,220
19916_090101_130416,D,20121120,000000,168.8000000,168.8000000,162.0000000,166.0000000,1.530
19916_090101_130416,D,20121121,000000,163.7900000,171.1600000,163.7900000,171.0000000,730
19916_090101_130416,D,20121122,000000,164.4700000,167.0000000,164.4700000,167.0000000,20
19916_090101_130416,D,20121123,000000,169.0000000,169.0000000,168.9800000,169.0000000,420
19916_090101_130416,D,20121127,000000,170.0000000,170.9800000,166.0100000,166.0100000,200
19916_090101_130416,D,20121128,000000,164.0100000,164.0200000,128.4400000,163.0000000,16.380
19916_090101_130416,D,20121129,000000,164.0600000,164.0600000,160.0000000,160.0000000,320
19916_090101_130416,D,20121130,000000,164.0800000,164.0800000,160.0000000,162.9400000,350
19916_090101_130416,D,20121203,000000,160.0400000,165.6700000,126.6600000,157.0100000,76.740
19916_090101_130416,D,20121204,000000,154.0000000,168.0000000,151.0000000,168.0000000,10.240
19916_090101_130416,D,20121205,000000,160.5100000,160.5100000,160.5100000,160.5100000,20
19916_090101_130416,D,20121207,000000,169.3800000,170.8100000,168.0000000,168.0000000,140
19916_090101_130416,D,20121210,000000,162.0300000,162.0300000,162.0300000,162.0300000,10
19916_090101_130416,D,20121212,000000,170.3100000,170.3200000,170.3100000,170.3200000,20
19916_090101_130416,D,20121214,000000,168.0000000,168.0000000,168.0000000,168.0000000,90
19916_090101_130416,D,20121217,000000,161.5600000,164.9900000,161.5600000,164.9900000,60
19916_090101_130416,D,20121218,000000,161.1000000,161.1500000,161.0500000,161.1100000,380
19916_090101_130416,D,20121220,000000,169.3700000,185.0000000,169.3700000,171.0200000,15.380
19916_090101_130416,D,20121221,000000,178.9800000,179.0000000,167.0200000,173.9900000,1.850
19916_090101_130416,D,20121225,000000,170.0000000,170.0000000,168.0000000,168.0000000,100
19916_090101_130416,D,20121226,000000,172.4600000,172.4600000,172.4600000,172.4600000,60
19916_090101_130416,D,20121227,000000,170.0100000,170.0100000,168.0000000,168.0000000,2.000
19916_090101_130416,D,20121228,000000,167.0000000,171.9900000,167.0000000,171.9800000,30
19916_090101_130416,D,20130109,000000,171.0000000,174.0000000,171.0000000,174.0000000,540
19916_090101_130416,D,20130110,000000,173.9000000,174.0000000,173.9000000,174.0000000,130
19916_090101_130416,D,20130111,000000,172.5000000,173.9800000,165.1600000,168.0000000,1.700
19916_090101_130416,D,20130115,000000,168.2800000,168.2800000,167.0000000,167.0000000,280
19916_090101_130416,D,20130116,000000,171.0000000,171.3600000,171.0000000,171.3600000,20
19916_090101_130416,D,20130117,000000,170.5600000,170.5600000,170.0000000,170.0000000,30
19916_090101_130416,D,20130118,000000,169.6500000,171.0000000,169.5000000,171.0000000,910
19916_090101_130416,D,20130121,000000,171.8500000,172.0000000,171.0000000,171.0000000,1.430
19916_090101_130416,D,20130123,000000,172.0000000,172.0000000,171.4600000,171.5000000,330
19916_090101_130416,D,20130124,000000,173.0000000,174.0000000,173.0000000,173.0100000,15.420
19916_090101_130416,D,20130125,000000,170.0100000,177.9700000,170.0100000,177.9700000,8.760
19916_090101_130416,D,20130128,000000,175.0000000,175.0000000,175.0000000,175.0000000,1.000
19916_090101_130416,D,20130129,000000,176.0000000,176.0000000,173.0000000,173.0000000,1.070
19916_090101_130416,D,20130130,000000,173.7900000,174.6000000,173.0000000,174.0000000,1.960
19916_090101_130416,D,20130131,000000,174.0000000,174.2500000,173.0000000,173.0000000,5.910
19916_090101_130416,D,20130201,000000,173.9900000,176.4700000,173.9900000,174.0000000,2.850
19916_090101_130416,D,20130204,000000,173.9900000,174.3200000,172.0100000,174.0000000,2.300
19916_090101_130416,D,20130205,000000,173.9500000,173.9500000,172.6100000,172.6100000,410
19916_090101_130416,D,20130206,000000,174.0000000,174.0000000,172.5000000,173.6900000,520
19916_090101_130416,D,20130207,000000,174.9900000,175.0000000,174.5500000,174.5500000,2.650
19916_090101_130416,D,20130208,000000,174.4900000,174.4900000,168.0000000,168.0000000,4.270
19916_090101_130416,D,20130211,000000,167.0000000,171.5800000,161.0000000,161.3500000,14.400
19916_090101_130416,D,20130212,000000,163.9000000,163.9000000,157.0000000,160.0000000,13.630
19916_090101_130416,D,20130213,000000,160.4900000,160.4900000,154.0000000,155.0600000,2.640
19916_090101_130416,D,20130214,000000,157.0000000,160.0000000,155.0000000,158.0000000,2.050
19916_090101_130416,D,20130215,000000,154.1300000,155.0100000,151.0000000,153.0000000,5.200
19916_090101_130416,D,20130218,000000,153.9900000,153.9900000,150.0000000,150.8800000,920
19916_090101_130416,D,20130219,000000,148.5100000,151.0000000,146.0000000,151.0000000,17.160
19916_090101_130416,D,20130220,000000,154.9800000,156.0000000,148.7000000,148.7000000,14.860
19916_090101_130416,D,20130221,000000,150.1900000,150.1900000,143.0000000,144.6200000,1.270
19916_090101_130416,D,20130222,000000,140.0800000,148.7800000,140.0500000,146.0000000,3.040
19916_090101_130416,D,20130225,000000,145.0100000,145.0100000,140.3000000,145.0000000,5.040
19916_090101_130416,D,20130226,000000,147.5000000,153.0000000,142.0100000,145.0000000,10.500
19916_090101_130416,D,20130227,000000,147.9000000,147.9000000,142.0100000,145.0000000,1.010
19916_090101_130416,D,20130228,000000,143.0000000,143.0000000,140.0000000,140.0000000,790
19916_090101_130416,D,20130301,000000,140.0000000,140.0000000,131.1100000,134.0000000,7.950
19916_090101_130416,D,20130304,000000,133.0000000,133.5600000,128.0000000,131.0100000,7.430
19916_090101_130416,D,20130305,000000,136.2800000,142.3200000,133.6300000,134.1100000,460
19916_090101_130416,D,20130306,000000,138.9300000,147.9700000,138.9300000,147.8500000,4.320
19916_090101_130416,D,20130307,000000,147.9900000,152.8400000,144.0000000,144.0000000,1.420
19916_090101_130416,D,20130311,000000,145.5000000,156.0000000,145.5000000,155.5700000,1.860
19916_090101_130416,D,20130312,000000,157.6900000,159.8000000,153.1100000,153.1100000,1.640
19916_090101_130416,D,20130313,000000,155.5000000,159.2000000,150.0000000,155.7900000,1.960
19916_090101_130416,D,20130314,000000,150.0100000,150.0100000,149.9400000,149.9400000,290
19916_090101_130416,D,20130315,000000,152.9200000,152.9800000,150.0000000,152.9800000,2.280
19916_090101_130416,D,20130318,000000,149.8800000,155.0000000,146.9600000,155.0000000,3.420
19916_090101_130416,D,20130319,000000,158.9900000,159.8000000,152.0000000,155.0000000,5.170
19916_090101_130416,D,20130320,000000,155.9200000,158.8300000,154.0700000,158.8300000,2.440
19916_090101_130416,D,20130321,000000,158.9800000,170.0000000,156.5000000,170.0000000,8.920
19916_090101_130416,D,20130322,000000,171.1800000,171.1800000,167.8000000,167.8000000,1.390
19916_090101_130416,D,20130325,000000,171.9000000,173.0000000,166.7100000,173.0000000,4.030
19916_090101_130416,D,20130326,000000,171.0000000,171.0000000,160.0000000,162.0000000,6.690
19916_090101_130416,D,20130327,000000,161.0000000,161.0000000,158.0100000,161.0000000,1.600
19916_090101_130416,D,20130328,000000,161.0100000,162.0100000,161.0100000,162.0100000,20
19916_090101_130416,D,20130329,000000,160.0000000,166.9700000,160.0000000,166.9700000,220
19916_090101_130416,D,20130401,000000,168.0000000,168.0000000,168.0000000,168.0000000,700
19916_090101_130416,D,20130402,000000,168.9900000,168.9900000,168.4900000,168.4900000,20
19916_090101_130416,D,20130403,000000,168.4900000,173.0000000,168.0000000,173.0000000,1.540
