<TICKER>,<PER>,<DATE>,<TIME>,<OPEN>,<HIGH>,<LOW>,<CLOSE>,<VOL>
19960_090101_130416,D,20090111,000000,30.7500000,32.9800000,30.3100000,31.5000000,2.588
19960_090101_130416,D,20090112,000000,29.5500000,36.3900000,22.2000000,30.5100000,22.065
19960_090101_130416,D,20090113,000000,30.0100000,30.9800000,29.5100000,30.5000000,3.947
19960_090101_130416,D,20090114,000000,30.5500000,31.3000000,29.3300000,29.9500000,30.254
19960_090101_130416,D,20090115,000000,30.4500000,30.9400000,29.4000000,30.4000000,650
19960_090101_130416,D,20090116,000000,30.5000000,32.9900000,30.2800000,32.9600000,8.137
19960_090101_130416,D,20090119,000000,32.9500000,37.4900000,32.9500000,34.0000000,8.692
19960_090101_130416,D,20090120,000000,36.0000000,41.5000000,32.3200000,36.6000000,9.160
19960_090101_130416,D,20090121,000000,36.5900000,37.3300000,34.5500000,37.2100000,1.438
19960_090101_130416,D,20090122,000000,37.2100000,38.9900000,33.0000000,33.9700000,16.803
19960_090101_130416,D,20090123,000000,33.9600000,37.9100000,32.0100000,34.0000000,15.226
19960_090101_130416,D,20090126,000000,34.9900000,39.9900000,32.0200000,38.0000000,7.140
19960_090101_130416,D,20090127,000000,37.9800000,37.9800000,35.0000000,36.6000000,7.214
19960_090101_130416,D,20090128,000000,37.0800000,37.0800000,32.9900000,35.0000000,1.596
19960_090101_130416,D,20090129,000000,35.7700000,37.9400000,33.5100000,35.6300000,539
19960_090101_130416,D,20090130,000000,35.0000000,36.8800000,34.2800000,35.1900000,436
19960_090101_130416,D,20090202,000000,36.9000000,36.9000000,35.5000000,36.4000000,854
19960_090101_130416,D,20090203,000000,36.9900000,37.2800000,35.0700000,36.5500000,272
19960_090101_130416,D,20090204,000000,36.9800000,37.4100000,35.1000000,36.8000000,1.092
19960_090101_130416,D,20090205,000000,36.5000000,37.7000000,34.4000000,36.6000000,24.820
19960_090101_130416,D,20090206,000000,36.9800000,38.5200000,36.0900000,37.4900000,5.536
19960_090101_130416,D,20090209,000000,37.6000000,46.3200000,37.4600000,40.0100000,65.948
19960_090101_130416,D,20090210,000000,41.0000000,43.0000000,38.6000000,39.9900000,39.777
19960_090101_130416,D,20090211,000000,36.9000000,40.0000000,35.0000000,39.9600000,2.949
19960_090101_130416,D,20090212,000000,39.9900000,40.0000000,37.4000000,37.5000000,72.886
19960_090101_130416,D,20090213,000000,39.9500000,39.9500000,35.1100000,36.5500000,47.205
19960_090101_130416,D,20090216,000000,36.5500000,38.7000000,35.0000000,36.0000000,13.233
19960_090101_130416,D,20090217,000000,36.0100000,36.9900000,32.9900000,33.9700000,23.964
19960_090101_130416,D,20090218,000000,35.5000000,36.0000000,32.0200000,35.7700000,3.638
19960_090101_130416,D,20090219,000000,36.4700000,36.9500000,35.0000000,35.0100000,8.411
19960_090101_130416,D,20090220,000000,34.0000000,36.3600000,33.0100000,35.0100000,7.804
19960_090101_130416,D,20090224,000000,34.9900000,34.9900000,33.5500000,34.9800000,2.172
19960_090101_130416,D,20090225,000000,34.9900000,36.5000000,34.1500000,34.9900000,3.150
19960_090101_130416,D,20090226,000000,34.0100000,36.0400000,34.0100000,35.1700000,3.992
19960_090101_130416,D,20090227,000000,34.0000000,35.9700000,34.0000000,34.2100000,990
19960_090101_130416,D,20090302,000000,35.0000000,35.5500000,34.9900000,35.0000000,2.688
19960_090101_130416,D,20090303,000000,34.9900000,35.3000000,34.3000000,35.2700000,6.629
19960_090101_130416,D,20090304,000000,34.5100000,35.9000000,34.0000000,34.6900000,6.000
19960_090101_130416,D,20090305,000000,35.2100000,35.2100000,34.1500000,34.1500000,668
19960_090101_130416,D,20090306,000000,34.9000000,34.9000000,34.2500000,34.8900000,380
19960_090101_130416,D,20090310,000000,35.7500000,35.8000000,33.9900000,35.7000000,5.619
19960_090101_130416,D,20090311,000000,35.5000000,40.0000000,31.7500000,32.4000000,44.701
19960_090101_130416,D,20090312,000000,32.5000000,32.9200000,31.5800000,32.2300000,4.206
19960_090101_130416,D,20090313,000000,32.4700000,35.0000000,31.5000000,32.4200000,27.368
19960_090101_130416,D,20090316,000000,32.3500000,34.4800000,32.2800000,34.0900000,9.744
19960_090101_130416,D,20090317,000000,34.4300000,34.8900000,33.2200000,34.8900000,11.672
19960_090101_130416,D,20090318,000000,34.8900000,38.4900000,33.9900000,38.0000000,31.698
19960_090101_130416,D,20090319,000000,37.9900000,40.0000000,37.9900000,39.1500000,44.626
19960_090101_130416,D,20090320,000000,39.6000000,43.0000000,36.1500000,40.0000000,15.257
19960_090101_130416,D,20090323,000000,40.0000000,41.8700000,39.5000000,41.0000000,17.692
19960_090101_130416,D,20090324,000000,41.0000000,42.0000000,38.3000000,39.2000000,8.640
19960_090101_130416,D,20090325,000000,38.8500000,39.9800000,37.0000000,39.6900000,13.676
19960_090101_130416,D,20090326,000000,41.7000000,43.2500000,39.0100000,41.2000000,59.420
19960_090101_130416,D,20090327,000000,41.5000000,42.5000000,39.5000000,41.5000000,262.907
19960_090101_130416,D,20090330,000000,41.0800000,41.0800000,39.0000000,39.4100000,266.947
19960_090101_130416,D,20090331,000000,40.0000000,42.9900000,40.0000000,40.8000000,13.575
19960_090101_130416,D,20090401,000000,41.0000000,42.8400000,39.5000000,40.3300000,7.123
19960_090101_130416,D,20090402,000000,41.0100000,42.0000000,39.6600000,40.0400000,2.828
19960_090101_130416,D,20090403,000000,40.0000000,41.7500000,39.5000000,41.5000000,9.902
19960_090101_130416,D,20090406,000000,41.4000000,44.9000000,41.0600000,42.3900000,21.249
19960_090101_130416,D,20090407,000000,42.9000000,43.6500000,41.0000000,42.7000000,8.265
19960_090101_130416,D,20090408,000000,42.0000000,43.3000000,41.5000000,42.2700000,6.583
19960_090101_130416,D,20090409,000000,42.0000000,49.8000000,42.0000000,45.9700000,72.819
19960_090101_130416,D,20090410,000000,45.0500000,47.0000000,44.4000000,46.9500000,21.626
19960_090101_130416,D,20090413,000000,46.9500000,48.0000000,44.9000000,45.4000000,24.416
19960_090101_130416,D,20090414,000000,47.2000000,47.2000000,44.4900000,45.0000000,48.237
19960_090101_130416,D,20090415,000000,44.1900000,45.0000000,44.0000000,44.0000000,14.495
19960_090101_130416,D,20090416,000000,44.0100000,45.5700000,44.0100000,45.5700000,8.880
19960_090101_130416,D,20090417,000000,45.5700000,46.2900000,45.3100000,45.9900000,35.936
19960_090101_130416,D,20090420,000000,46.1800000,46.2000000,44.0000000,45.1500000,12.866
19960_090101_130416,D,20090421,000000,44.0000000,45.4900000,42.4000000,44.6500000,24.637
19960_090101_130416,D,20090422,000000,45.0000000,45.0000000,43.6100000,44.0500000,6.303
19960_090101_130416,D,20090423,000000,44.0500000,45.5300000,43.9900000,45.5200000,25.926
19960_090101_130416,D,20090424,000000,46.0900000,46.7000000,44.1000000,46.6900000,60.633
19960_090101_130416,D,20090427,000000,45.5400000,47.5000000,45.5400000,47.4800000,13.190
19960_090101_130416,D,20090428,000000,47.9900000,47.9900000,44.0100000,46.2000000,8.723
19960_090101_130416,D,20090429,000000,46.2000000,47.4000000,45.1500000,47.4000000,9.326
19960_090101_130416,D,20090430,000000,47.0600000,50.0000000,47.0600000,49.4400000,35.553
19960_090101_130416,D,20090504,000000,50.0000000,64.3100000,50.0000000,64.3100000,209.541
19960_090101_130416,D,20090505,000000,66.0000000,69.9600000,58.0000000,60.0300000,113.541
19960_090101_130416,D,20090506,000000,60.9900000,75.0000000,56.4100000,68.5000000,196.852
19960_090101_130416,D,20090507,000000,70.0000000,79.0100000,68.5000000,71.0000000,124.332
19960_090101_130416,D,20090508,000000,71.0000000,75.0000000,68.0000000,72.0000000,30.320
19960_090101_130416,D,20090512,000000,71.0000000,79.0000000,70.0000000,74.0800000,17.381
19960_090101_130416,D,20090513,000000,74.9600000,78.0700000,65.9100000,68.0000000,48.253
19960_090101_130416,D,20090514,000000,66.0000000,67.6500000,60.0000000,65.8400000,29.886
19960_090101_130416,D,20090515,000000,67.7300000,68.0000000,64.0000000,64.9900000,22.921
19960_090101_130416,D,20090518,000000,64.2000000,64.9900000,60.3000000,64.7000000,30.638
19960_090101_130416,D,20090519,000000,65.3000000,69.6600000,63.5000000,64.6400000,16.837
19960_090101_130416,D,20090520,000000,65.3000000,74.4100000,63.0000000,71.7700000,37.950
19960_090101_130416,D,20090521,000000,70.0000000,73.0000000,64.0000000,69.7800000,35.931
19960_090101_130416,D,20090522,000000,69.1000000,69.1100000,65.9000000,68.1000000,7.597
19960_090101_130416,D,20090525,000000,69.0000000,78.0000000,69.0000000,75.9300000,45.686
19960_090101_130416,D,20090526,000000,76.9000000,79.0000000,69.0000000,73.4400000,28.580
19960_090101_130416,D,20090527,000000,74.0000000,74.0000000,70.5500000,71.0400000,21.941
19960_090101_130416,D,20090528,000000,71.0400000,76.7100000,71.0400000,72.7000000,18.092
19960_090101_130416,D,20090529,000000,73.6000000,74.0000000,71.0700000,71.9400000,7.108
19960_090101_130416,D,20090601,000000,72.2900000,75.0700000,72.2900000,74.1400000,21.240
19960_090101_130416,D,20090602,000000,74.0000000,74.0000000,70.0000000,71.0000000,11.657
19960_090101_130416,D,20090603,000000,70.5800000,70.6900000,66.9100000,67.7000000,17.490
19960_090101_130416,D,20090604,000000,68.0200000,72.7000000,65.1100000,69.7500000,15.424
19960_090101_130416,D,20090605,000000,70.0000000,70.2300000,63.5100000,66.4400000,35.288
19960_090101_130416,D,20090608,000000,66.3700000,66.3700000,59.9200000,61.7800000,66.754
19960_090101_130416,D,20090609,000000,62.4000000,66.5000000,60.8200000,63.5100000,30.483
19960_090101_130416,D,20090610,000000,64.1300000,66.5400000,62.8300000,63.0000000,39.439
19960_090101_130416,D,20090611,000000,62.9900000,63.9000000,61.9900000,63.2500000,8.053
19960_090101_130416,D,20090615,000000,63.2800000,63.9800000,61.2000000,62.0000000,10.332
19960_090101_130416,D,20090616,000000,62.5000000,62.8900000,60.2000000,62.0000000,31.257
19960_090101_130416,D,20090617,000000,62.2000000,63.0000000,58.1300000,60.0000000,39.750
19960_090101_130416,D,20090618,000000,60.2000000,63.0000000,57.5000000,58.9100000,21.323
19960_090101_130416,D,20090619,000000,58.9400000,60.1900000,57.3200000,60.0400000,8.535
19960_090101_130416,D,20090622,000000,58.9500000,59.3000000,51.4000000,52.2800000,35.851
19960_090101_130416,D,20090623,000000,52.0000000,52.0000000,43.1100000,49.2000000,27.247
19960_090101_130416,D,20090624,000000,51.9900000,56.0000000,50.5000000,56.0000000,7.367
19960_090101_130416,D,20090625,000000,53.6300000,53.9600000,50.8100000,53.0000000,7.959
19960_090101_130416,D,20090626,000000,53.0000000,53.8100000,51.0200000,51.9700000,11.198
19960_090101_130416,D,20090629,000000,51.9700000,52.9500000,51.6500000,52.9500000,3.441
19960_090101_130416,D,20090630,000000,52.9800000,56.0000000,52.6100000,54.9000000,15.116
19960_090101_130416,D,20090701,000000,52.9900000,55.5000000,52.9500000,55.2900000,2.455
19960_090101_130416,D,20090702,000000,55.2900000,55.3400000,51.1000000,51.8000000,61.105
19960_090101_130416,D,20090703,000000,52.0000000,53.0000000,51.0400000,53.0000000,9.729
19960_090101_130416,D,20090706,000000,51.0000000,53.7500000,51.0000000,53.7500000,6.594
19960_090101_130416,D,20090707,000000,51.8600000,52.5000000,49.2600000,51.5000000,114.196
19960_090101_130416,D,20090708,000000,51.2000000,51.2000000,48.5000000,48.9300000,35.248
19960_090101_130416,D,20090709,000000,49.9300000,50.0000000,48.0100000,49.0000000,5.035
19960_090101_130416,D,20090710,000000,49.9000000,49.9000000,47.0000000,47.6000000,7.407
19960_090101_130416,D,20090713,000000,45.1300000,49.0000000,45.0000000,48.5000000,2.616
19960_090101_130416,D,20090714,000000,49.8700000,50.0000000,48.2400000,49.5000000,6.211
19960_090101_130416,D,20090715,000000,50.1000000,53.0000000,48.5000000,50.8000000,14.351
19960_090101_130416,D,20090716,000000,51.8800000,51.8800000,49.4400000,49.9700000,4.074
19960_090101_130416,D,20090717,000000,51.8000000,53.0000000,49.5500000,53.0000000,12.055
19960_090101_130416,D,20090720,000000,54.0000000,54.0000000,52.0000000,52.2900000,16.929
19960_090101_130416,D,20090721,000000,52.0100000,52.8800000,50.3100000,52.0000000,11.570
19960_090101_130416,D,20090722,000000,51.0500000,52.6000000,50.0000000,51.4000000,19.400
19960_090101_130416,D,20090723,000000,50.3300000,52.4700000,50.0900000,51.8800000,8.550
19960_090101_130416,D,20090724,000000,52.8000000,52.8000000,50.5000000,52.0000000,10.997
19960_090101_130416,D,20090727,000000,52.0000000,52.1200000,50.1700000,50.4200000,60.507
19960_090101_130416,D,20090728,000000,50.4500000,50.4500000,47.1600000,48.4600000,45.293
19960_090101_130416,D,20090729,000000,48.4600000,48.4600000,46.1500000,47.6800000,15.709
19960_090101_130416,D,20090730,000000,48.0700000,48.4900000,47.4500000,48.1600000,33.790
19960_090101_130416,D,20090731,000000,48.2000000,50.4000000,47.0000000,49.4000000,51.598
19960_090101_130416,D,20090803,000000,51.0000000,52.5000000,50.3000000,51.3000000,25.264
19960_090101_130416,D,20090804,000000,51.9000000,51.9000000,49.8000000,51.0000000,21.537
19960_090101_130416,D,20090805,000000,50.2000000,52.3000000,49.8000000,51.9000000,17.102
19960_090101_130416,D,20090806,000000,52.0000000,52.2700000,49.9500000,50.5100000,28.283
19960_090101_130416,D,20090807,000000,50.5700000,51.9000000,49.0700000,50.6500000,7.880
19960_090101_130416,D,20090810,000000,52.0000000,52.5000000,50.5700000,50.8600000,5.982
19960_090101_130416,D,20090811,000000,51.6000000,52.5000000,50.1800000,51.0000000,29.838
19960_090101_130416,D,20090812,000000,51.4000000,52.0000000,50.9100000,51.7900000,27.305
19960_090101_130416,D,20090813,000000,51.9900000,54.2000000,50.0000000,53.3800000,71.376
19960_090101_130416,D,20090814,000000,53.9700000,54.2500000,51.0000000,51.9500000,92.940
19960_090101_130416,D,20090817,000000,50.9000000,54.0000000,50.0000000,53.4700000,28.462
19960_090101_130416,D,20090818,000000,52.1000000,53.9800000,51.8600000,53.9000000,23.029
19960_090101_130416,D,20090819,000000,54.3000000,55.1000000,53.0100000,55.0000000,11.114
19960_090101_130416,D,20090820,000000,55.0000000,56.9000000,55.0000000,56.0000000,15.333
19960_090101_130416,D,20090821,000000,56.0000000,57.9700000,55.4400000,57.3900000,12.160
19960_090101_130416,D,20090824,000000,58.0000000,60.5000000,57.0100000,59.3700000,52.530
19960_090101_130416,D,20090825,000000,59.9000000,60.2400000,58.6500000,59.6400000,23.885
19960_090101_130416,D,20090826,000000,58.9500000,60.5000000,58.1100000,59.4300000,18.139
19960_090101_130416,D,20090827,000000,58.5400000,59.7500000,56.0000000,56.7200000,12.180
19960_090101_130416,D,20090828,000000,57.4300000,58.4800000,56.8600000,57.9800000,3.152
19960_090101_130416,D,20090831,000000,57.5000000,59.1500000,55.5500000,56.6900000,6.953
19960_090101_130416,D,20090901,000000,56.9900000,58.3500000,56.8500000,58.3500000,8.334
19960_090101_130416,D,20090902,000000,58.4200000,58.4200000,56.3700000,56.8000000,6.547
19960_090101_130416,D,20090903,000000,57.4400000,58.0900000,56.5000000,57.5400000,6.671
19960_090101_130416,D,20090904,000000,57.6300000,58.6700000,57.2600000,57.7000000,6.549
19960_090101_130416,D,20090907,000000,58.6500000,58.9000000,57.5200000,58.9000000,5.029
19960_090101_130416,D,20090908,000000,59.0000000,60.0000000,57.6000000,59.9000000,12.505
19960_090101_130416,D,20090909,000000,59.9900000,63.1900000,58.6100000,62.7000000,48.073
19960_090101_130416,D,20090910,000000,62.7000000,73.3100000,62.3500000,73.0000000,104.963
19960_090101_130416,D,20090911,000000,76.0000000,76.0000000,68.3000000,70.9800000,76.696
19960_090101_130416,D,20090914,000000,69.8000000,72.3000000,67.3600000,71.2000000,63.738
19960_090101_130416,D,20090915,000000,71.2000000,77.7700000,71.2000000,73.6500000,65.506
19960_090101_130416,D,20090916,000000,73.8300000,76.8900000,71.5500000,74.9900000,86.527
19960_090101_130416,D,20090917,000000,75.4000000,76.0000000,70.1500000,72.9800000,52.268
19960_090101_130416,D,20090918,000000,73.0000000,75.5000000,71.0100000,74.7700000,25.776
19960_090101_130416,D,20090921,000000,75.0000000,75.9500000,68.1700000,71.4300000,126.764
19960_090101_130416,D,20090922,000000,71.7800000,85.4000000,70.5100000,80.5000000,118.178
19960_090101_130416,D,20090923,000000,81.0000000,81.0000000,76.9900000,79.7500000,64.700
19960_090101_130416,D,20090924,000000,75.7500000,80.9900000,75.7500000,78.5600000,29.755
19960_090101_130416,D,20090925,000000,78.4600000,78.9900000,75.7500000,76.7000000,35.355
19960_090101_130416,D,20090928,000000,77.2300000,81.1000000,77.1500000,79.4900000,47.054
19960_090101_130416,D,20090929,000000,80.0000000,87.0000000,75.0000000,76.0000000,350.855
19960_090101_130416,D,20090930,000000,76.9700000,77.6500000,75.5000000,76.9800000,74.113
19960_090101_130416,D,20091001,000000,77.5000000,78.4000000,76.6700000,77.5000000,19.279
19960_090101_130416,D,20091002,000000,76.4800000,78.1000000,72.3300000,74.7500000,65.504
19960_090101_130416,D,20091005,000000,75.4000000,76.0000000,73.1000000,73.5500000,44.522
19960_090101_130416,D,20091006,000000,74.8700000,75.8800000,73.5000000,75.0100000,65.921
19960_090101_130416,D,20091007,000000,75.4000000,77.2600000,74.1200000,75.0700000,35.009
19960_090101_130416,D,20091008,000000,75.4000000,78.9000000,74.2500000,77.9900000,80.974
19960_090101_130416,D,20091009,000000,78.0000000,83.0000000,77.0000000,80.9900000,97.595
19960_090101_130416,D,20091012,000000,80.9900000,82.4000000,77.0000000,80.2000000,60.325
19960_090101_130416,D,20091013,000000,80.0000000,81.7400000,77.5600000,78.4800000,45.304
19960_090101_130416,D,20091014,000000,78.6500000,80.6000000,78.5500000,79.5900000,88.908
19960_090101_130416,D,20091015,000000,80.3200000,80.6900000,77.5000000,78.1400000,34.572
19960_090101_130416,D,20091016,000000,78.6500000,79.0000000,77.5100000,77.5200000,20.999
19960_090101_130416,D,20091019,000000,78.4400000,78.5000000,76.5100000,77.4800000,58.144
19960_090101_130416,D,20091020,000000,78.1000000,79.6000000,77.2200000,79.0000000,234.621
19960_090101_130416,D,20091021,000000,79.0000000,79.6000000,77.5800000,78.8000000,76.795
19960_090101_130416,D,20091022,000000,77.8700000,78.6500000,77.0200000,78.5000000,8.673
19960_090101_130416,D,20091023,000000,80.0000000,84.0000000,78.5100000,82.0000000,81.772
19960_090101_130416,D,20091026,000000,83.1900000,86.9900000,79.0000000,84.0000000,84.761
19960_090101_130416,D,20091027,000000,83.2000000,83.9400000,80.5500000,83.8400000,15.627
19960_090101_130416,D,20091028,000000,82.6200000,84.2000000,77.7500000,78.1500000,60.403
19960_090101_130416,D,20091029,000000,77.9900000,81.4500000,77.5100000,80.5200000,41.500
19960_090101_130416,D,20091030,000000,83.0000000,83.0000000,79.7000000,80.4900000,23.811
19960_090101_130416,D,20091102,000000,81.4500000,81.9700000,78.0000000,79.9200000,4.987
19960_090101_130416,D,20091103,000000,80.3200000,81.4500000,78.1000000,79.4200000,7.158
19960_090101_130416,D,20091105,000000,79.7600000,81.4500000,78.1800000,81.0000000,8.231
19960_090101_130416,D,20091106,000000,81.1000000,81.5000000,78.0000000,79.5000000,10.767
19960_090101_130416,D,20091109,000000,80.8900000,89.0000000,79.9600000,88.9900000,99.065
19960_090101_130416,D,20091110,000000,89.3200000,89.3200000,85.1300000,86.5800000,50.598
19960_090101_130416,D,20091111,000000,87.3800000,88.9700000,85.0000000,85.0000000,24.060
19960_090101_130416,D,20091112,000000,87.2000000,93.0000000,84.5000000,87.0000000,43.391
19960_090101_130416,D,20091113,000000,86.0000000,89.4900000,86.0000000,89.3100000,15.672
19960_090101_130416,D,20091116,000000,88.6100000,93.4700000,88.3100000,91.4500000,64.808
19960_090101_130416,D,20091117,000000,90.5000000,92.8000000,90.0000000,91.9100000,27.412
19960_090101_130416,D,20091118,000000,92.4300000,96.0000000,91.0500000,92.0000000,98.971
19960_090101_130416,D,20091119,000000,92.0000000,95.0500000,92.0000000,93.7300000,27.166
19960_090101_130416,D,20091120,000000,94.0000000,98.7800000,92.5500000,94.0000000,45.154
19960_090101_130416,D,20091123,000000,95.0600000,96.9700000,94.0000000,95.9000000,13.117
19960_090101_130416,D,20091124,000000,96.0000000,99.0000000,94.1100000,95.5000000,42.571
19960_090101_130416,D,20091125,000000,95.8000000,96.2700000,92.9800000,93.9000000,78.531
19960_090101_130416,D,20091126,000000,93.9100000,94.0000000,89.9900000,90.6000000,44.429
19960_090101_130416,D,20091127,000000,89.8800000,90.5000000,66.1100000,90.0000000,50.821
19960_090101_130416,D,20091130,000000,90.5000000,90.5000000,86.1500000,86.9500000,13.009
19960_090101_130416,D,20091201,000000,87.3800000,93.9400000,87.0500000,91.1500000,22.425
19960_090101_130416,D,20091202,000000,92.0600000,93.0800000,89.5100000,92.5000000,36.722
19960_090101_130416,D,20091203,000000,92.8000000,97.0000000,92.2900000,94.0100000,38.440
19960_090101_130416,D,20091204,000000,93.0000000,95.4700000,92.1600000,95.4700000,7.826
19960_090101_130416,D,20091207,000000,94.0000000,94.9900000,92.5000000,93.9100000,8.609
19960_090101_130416,D,20091208,000000,93.0000000,93.9200000,91.1500000,92.5000000,10.468
19960_090101_130416,D,20091209,000000,92.0600000,96.7700000,92.0600000,94.1900000,23.718
19960_090101_130416,D,20091210,000000,93.0900000,95.8000000,92.4900000,94.4700000,25.530
19960_090101_130416,D,20091211,000000,93.7500000,94.7900000,92.5000000,93.1100000,5.905
19960_090101_130416,D,20091214,000000,92.6800000,102.1500000,92.6000000,98.0000000,101.604
19960_090101_130416,D,20091215,000000,97.1000000,100.5500000,96.0000000,98.3800000,67.532
19960_090101_130416,D,20091216,000000,98.0000000,102.0000000,97.8200000,99.5000000,26.912
19960_090101_130416,D,20091217,000000,99.8500000,101.0000000,94.8100000,99.3100000,19.166
19960_090101_130416,D,20091218,000000,99.8500000,100.0000000,97.7500000,98.0000000,12.764
19960_090101_130416,D,20091221,000000,99.0100000,100.5500000,98.8400000,99.1000000,31.951
19960_090101_130416,D,20091222,000000,99.9400000,100.1000000,98.5000000,99.5000000,6.282
19960_090101_130416,D,20091223,000000,100.0000000,104.4400000,98.6000000,99.0900000,16.202
19960_090101_130416,D,20091224,000000,100.4900000,100.4900000,98.7100000,98.9000000,14.843
19960_090101_130416,D,20091225,000000,98.4700000,99.3000000,98.0300000,99.0000000,32.540
19960_090101_130416,D,20091228,000000,98.0300000,98.9900000,96.5100000,97.7000000,14.579
19960_090101_130416,D,20091229,000000,98.0300000,100.3100000,98.0300000,99.9400000,42.241
19960_090101_130416,D,20091230,000000,100.0000000,101.8800000,99.0000000,100.9900000,59.091
19960_090101_130416,D,20091231,000000,100.9900000,104.0000000,100.0000000,103.9000000,8.725
19960_090101_130416,D,20100111,000000,105.9000000,116.0000000,105.1000000,113.8000000,33.503
19960_090101_130416,D,20100112,000000,113.2000000,118.0000000,113.2000000,114.4100000,26.834
19960_090101_130416,D,20100113,000000,115.9800000,119.9500000,113.3100000,119.9500000,31.025
19960_090101_130416,D,20100114,000000,119.9500000,128.8900000,119.9500000,127.1000000,57.019
19960_090101_130416,D,20100115,000000,127.1000000,134.5000000,125.7000000,132.0000000,70.478
19960_090101_130416,D,20100118,000000,133.1600000,134.2000000,130.0000000,132.8800000,49.160
19960_090101_130416,D,20100119,000000,132.8800000,133.0500000,126.5100000,129.0000000,20.763
19960_090101_130416,D,20100120,000000,128.0000000,131.9700000,128.0000000,129.9900000,51.383
19960_090101_130416,D,20100121,000000,130.0000000,131.3000000,126.5100000,128.8900000,40.755
19960_090101_130416,D,20100122,000000,127.1100000,127.1100000,113.0000000,120.0200000,65.840
19960_090101_130416,D,20100125,000000,118.0500000,123.2900000,116.0000000,118.6200000,26.410
19960_090101_130416,D,20100126,000000,117.5000000,118.6200000,115.0000000,117.7500000,30.519
19960_090101_130416,D,20100127,000000,117.7500000,120.0000000,116.0300000,119.4500000,29.171
19960_090101_130416,D,20100128,000000,120.6600000,124.9500000,119.4100000,119.4100000,39.058
19960_090101_130416,D,20100129,000000,120.0000000,120.6600000,116.5400000,119.9900000,46.522
19960_090101_130416,D,20100201,000000,118.1900000,119.9900000,115.9000000,117.0200000,53.258
19960_090101_130416,D,20100202,000000,119.0000000,124.8600000,117.5100000,124.7000000,85.533
19960_090101_130416,D,20100203,000000,124.9000000,127.9400000,123.0000000,124.6700000,30.642
19960_090101_130416,D,20100204,000000,122.6700000,124.7700000,119.8900000,120.0400000,34.376
19960_090101_130416,D,20100205,000000,120.0000000,120.0000000,116.0000000,116.9700000,109.175
19960_090101_130416,D,20100208,000000,119.3700000,119.9900000,115.8900000,116.0000000,16.128
19960_090101_130416,D,20100209,000000,117.0000000,117.5000000,115.8300000,117.0000000,19.728
19960_090101_130416,D,20100210,000000,118.0000000,127.9700000,117.0000000,118.0000000,33.930
19960_090101_130416,D,20100211,000000,119.0000000,120.0000000,117.1100000,118.0000000,11.690
19960_090101_130416,D,20100212,000000,118.8300000,120.0000000,116.0000000,116.9200000,47.511
19960_090101_130416,D,20100215,000000,117.3000000,117.7700000,115.9900000,116.2500000,7.471
19960_090101_130416,D,20100216,000000,116.2500000,123.9800000,116.0300000,122.9900000,18.467
19960_090101_130416,D,20100217,000000,123.8800000,125.0000000,120.9000000,122.0000000,3.839
19960_090101_130416,D,20100218,000000,120.7000000,120.7000000,116.1500000,117.0000000,56.611
19960_090101_130416,D,20100219,000000,117.8800000,120.0700000,115.2300000,116.1000000,92.107
19960_090101_130416,D,20100224,000000,116.9700000,118.2100000,116.0000000,117.6500000,10.781
19960_090101_130416,D,20100225,000000,116.7000000,118.1700000,114.7000000,115.4900000,30.190
19960_090101_130416,D,20100226,000000,116.5200000,119.8400000,115.7700000,115.7800000,18.420
19960_090101_130416,D,20100227,000000,116.8800000,118.7200000,115.7000000,118.5900000,12.165
19960_090101_130416,D,20100301,000000,119.0000000,120.6900000,117.1400000,117.6100000,16.979
19960_090101_130416,D,20100302,000000,118.9900000,119.0000000,115.1800000,116.3000000,21.583
19960_090101_130416,D,20100303,000000,116.0000000,116.9900000,113.5000000,115.8500000,24.624
19960_090101_130416,D,20100304,000000,116.1000000,118.8600000,115.4000000,116.9900000,83.928
19960_090101_130416,D,20100305,000000,117.1000000,120.0000000,117.0000000,119.7800000,29.326
19960_090101_130416,D,20100309,000000,119.7700000,120.5000000,118.1100000,119.9900000,18.761
19960_090101_130416,D,20100310,000000,119.9900000,120.3000000,116.0000000,116.2500000,20.978
19960_090101_130416,D,20100311,000000,118.1700000,118.7700000,116.5100000,117.1000000,16.234
19960_090101_130416,D,20100312,000000,118.1100000,122.7800000,115.5000000,121.3700000,49.177
19960_090101_130416,D,20100315,000000,120.1000000,123.0000000,119.8600000,119.8600000,15.972
19960_090101_130416,D,20100316,000000,120.8700000,128.0000000,120.8700000,126.5500000,58.995
19960_090101_130416,D,20100317,000000,127.0000000,128.9800000,126.5000000,128.2800000,28.363
19960_090101_130416,D,20100318,000000,128.5000000,128.8000000,123.9100000,126.8900000,14.056
19960_090101_130416,D,20100319,000000,126.9800000,126.9900000,123.2900000,123.5000000,43.765
19960_090101_130416,D,20100322,000000,123.5000000,127.0000000,121.5000000,127.0000000,19.524
19960_090101_130416,D,20100323,000000,127.2000000,127.2000000,123.5400000,125.0600000,4.216
19960_090101_130416,D,20100324,000000,124.5000000,128.0000000,123.5200000,125.0000000,21.581
19960_090101_130416,D,20100325,000000,126.2500000,128.0000000,125.5000000,126.0000000,19.649
19960_090101_130416,D,20100326,000000,126.0000000,127.2000000,124.9900000,126.0000000,35.015
19960_090101_130416,D,20100329,000000,126.0000000,129.8000000,126.0000000,127.9900000,29.460
19960_090101_130416,D,20100330,000000,129.0000000,136.0000000,129.0000000,135.5000000,106.433
19960_090101_130416,D,20100331,000000,134.8000000,139.0000000,133.7100000,135.0300000,77.760
19960_090101_130416,D,20100401,000000,136.7700000,143.0000000,136.7700000,141.0000000,65.051
19960_090101_130416,D,20100402,000000,142.3800000,145.8000000,141.0000000,145.8000000,27.548
19960_090101_130416,D,20100405,000000,145.9000000,147.9700000,135.5600000,139.3100000,38.522
19960_090101_130416,D,20100406,000000,139.9600000,142.0700000,138.3900000,141.0000000,19.902
19960_090101_130416,D,20100407,000000,141.9900000,142.0000000,137.1100000,139.5000000,17.105
19960_090101_130416,D,20100408,000000,139.0200000,141.4800000,136.0000000,141.4800000,68.605
19960_090101_130416,D,20100409,000000,138.6300000,144.0000000,138.1700000,144.0000000,25.256
19960_090101_130416,D,20100412,000000,144.6200000,145.9000000,140.0300000,142.2500000,25.244
19960_090101_130416,D,20100413,000000,143.4800000,143.4800000,138.8700000,141.0000000,15.206
19960_090101_130416,D,20100414,000000,141.0000000,142.8600000,140.0900000,142.0000000,22.537
19960_090101_130416,D,20100415,000000,141.1300000,145.0000000,140.5000000,142.5000000,66.746
19960_090101_130416,D,20100416,000000,141.0000000,141.4000000,138.5200000,139.5100000,33.833
19960_090101_130416,D,20100419,000000,137.9500000,138.0000000,133.6600000,138.0000000,53.600
19960_090101_130416,D,20100420,000000,138.0000000,144.0000000,136.5600000,143.9500000,86.697
19960_090101_130416,D,20100421,000000,144.0600000,147.9500000,141.0000000,142.0000000,44.109
19960_090101_130416,D,20100422,000000,141.5000000,143.0000000,139.9000000,139.9000000,31.467
19960_090101_130416,D,20100423,000000,139.9300000,141.0000000,138.3500000,141.0000000,22.389
19960_090101_130416,D,20100426,000000,141.4300000,144.0000000,140.0000000,141.9400000,18.849
19960_090101_130416,D,20100427,000000,141.0000000,141.4900000,138.5000000,140.0000000,10.007
19960_090101_130416,D,20100428,000000,138.4300000,138.7300000,133.9200000,135.3600000,78.868
19960_090101_130416,D,20100429,000000,135.1300000,137.4100000,135.0000000,136.0000000,34.766
19960_090101_130416,D,20100430,000000,136.4800000,137.5000000,132.0000000,135.0000000,39.916
19960_090101_130416,D,20100504,000000,135.0400000,135.8800000,130.0000000,130.1100000,32.943
19960_090101_130416,D,20100505,000000,129.0000000,131.2900000,123.4000000,128.0000000,59.715
19960_090101_130416,D,20100506,000000,127.0000000,128.0000000,121.7100000,122.3000000,41.546
19960_090101_130416,D,20100507,000000,119.2200000,122.3900000,113.1500000,118.2500000,45.458
19960_090101_130416,D,20100511,000000,121.5400000,125.0000000,119.0300000,120.9800000,36.981
19960_090101_130416,D,20100512,000000,121.5400000,126.4000000,118.0800000,122.6700000,99.460
19960_090101_130416,D,20100513,000000,121.5400000,127.0000000,121.0000000,122.2100000,34.277
19960_090101_130416,D,20100514,000000,122.4500000,122.4500000,117.9600000,117.9600000,13.166
19960_090101_130416,D,20100517,000000,117.4000000,117.4000000,112.9200000,116.6000000,29.119
19960_090101_130416,D,20100518,000000,117.3300000,121.0000000,116.0000000,120.8000000,28.588
19960_090101_130416,D,20100519,000000,118.2000000,118.4400000,114.6500000,114.7600000,25.223
19960_090101_130416,D,20100520,000000,114.2200000,119.0000000,110.0000000,111.2800000,24.491
19960_090101_130416,D,20100521,000000,112.0000000,112.5000000,102.1600000,109.5700000,71.905
19960_090101_130416,D,20100524,000000,110.0200000,111.7100000,104.5000000,106.9900000,32.133
19960_090101_130416,D,20100525,000000,104.8800000,104.8800000,100.0000000,101.2500000,35.530
19960_090101_130416,D,20100526,000000,101.9700000,107.5000000,101.9700000,106.2600000,17.399
19960_090101_130416,D,20100527,000000,107.8500000,114.7900000,107.0000000,112.9900000,13.812
19960_090101_130416,D,20100528,000000,113.0000000,114.8800000,110.0000000,112.8800000,18.692
19960_090101_130416,D,20100531,000000,113.2900000,114.4700000,109.0000000,110.9900000,14.191
19960_090101_130416,D,20100601,000000,109.4000000,109.4000000,105.2200000,108.2500000,14.216
19960_090101_130416,D,20100602,000000,106.3600000,110.7100000,106.0000000,110.7100000,11.083
19960_090101_130416,D,20100603,000000,111.7100000,114.0000000,111.0000000,112.5000000,57.960
19960_090101_130416,D,20100604,000000,113.0000000,115.4900000,108.6300000,111.0000000,79.692
19960_090101_130416,D,20100607,000000,109.4000000,111.0000000,105.3900000,107.8700000,9.832
19960_090101_130416,D,20100608,000000,109.3600000,110.9800000,106.5500000,106.5500000,9.346
19960_090101_130416,D,20100609,000000,108.6100000,110.0000000,106.6800000,109.0000000,6.579
19960_090101_130416,D,20100610,000000,109.3800000,110.1500000,107.6700000,108.5000000,5.500
19960_090101_130416,D,20100611,000000,109.3800000,110.0100000,105.0600000,105.2500000,6.957
19960_090101_130416,D,20100615,000000,107.1000000,109.5900000,106.0000000,106.4000000,7.319
19960_090101_130416,D,20100616,000000,107.0000000,107.8700000,105.6300000,107.5000000,5.090
19960_090101_130416,D,20100617,000000,107.1100000,109.3200000,106.5000000,107.9900000,32.644
19960_090101_130416,D,20100618,000000,108.0000000,108.0000000,105.7000000,107.9700000,48.180
19960_090101_130416,D,20100621,000000,108.5000000,109.2400000,107.3000000,108.1300000,22.650
19960_090101_130416,D,20100622,000000,108.4900000,108.5000000,106.9600000,107.9500000,2.035
19960_090101_130416,D,20100623,000000,105.0100000,106.9700000,105.0000000,105.6300000,20.477
19960_090101_130416,D,20100624,000000,105.5600000,107.2700000,104.9900000,106.0000000,10.459
19960_090101_130416,D,20100625,000000,105.3000000,105.3000000,101.9100000,103.8900000,13.666
19960_090101_130416,D,20100628,000000,103.8900000,104.9800000,102.7600000,103.5500000,3.149
19960_090101_130416,D,20100629,000000,102.7600000,107.0000000,98.1100000,98.3000000,36.375
19960_090101_130416,D,20100630,000000,99.0000000,99.0000000,96.5500000,98.9700000,10.430
19960_090101_130416,D,20100701,000000,99.1500000,99.1500000,94.5700000,95.8600000,5.415
19960_090101_130416,D,20100702,000000,97.2800000,98.4600000,95.0000000,98.4000000,8.253
19960_090101_130416,D,20100705,000000,97.9900000,98.1000000,95.0100000,97.2300000,7.186
19960_090101_130416,D,20100706,000000,97.6100000,99.7200000,95.5900000,99.7200000,12.065
19960_090101_130416,D,20100707,000000,99.1200000,99.1200000,95.6100000,98.4500000,7.873
19960_090101_130416,D,20100708,000000,98.4600000,100.5400000,98.4600000,99.6900000,4.373
19960_090101_130416,D,20100709,000000,99.9900000,100.9600000,98.4000000,99.9700000,9.600
19960_090101_130416,D,20100712,000000,100.0000000,102.5000000,97.2200000,101.4300000,19.645
19960_090101_130416,D,20100713,000000,101.0300000,104.0000000,97.5500000,101.9500000,24.535
19960_090101_130416,D,20100714,000000,101.9000000,104.0000000,100.0000000,101.8000000,15.783
19960_090101_130416,D,20100715,000000,102.0000000,104.8500000,101.5500000,102.0000000,12.109
19960_090101_130416,D,20100716,000000,102.2300000,103.8300000,100.5100000,102.9900000,4.870
19960_090101_130416,D,20100719,000000,102.2500000,104.5000000,101.0000000,103.8000000,10.260
19960_090101_130416,D,20100720,000000,103.4300000,104.0000000,101.0100000,102.0000000,2.917
19960_090101_130416,D,20100721,000000,102.2300000,103.8300000,101.5300000,103.5000000,9.692
19960_090101_130416,D,20100722,000000,103.7800000,105.0000000,102.8500000,104.6300000,14.434
19960_090101_130416,D,20100723,000000,104.6400000,106.0000000,104.0000000,105.2500000,7.843
19960_090101_130416,D,20100726,000000,105.6100000,106.7100000,104.1600000,106.5000000,14.242
19960_090101_130416,D,20100727,000000,106.8400000,108.4900000,105.1300000,105.5600000,29.022
19960_090101_130416,D,20100728,000000,105.8000000,106.3500000,103.9700000,105.6000000,9.125
19960_090101_130416,D,20100729,000000,106.0600000,114.7400000,105.9500000,110.5000000,78.769
19960_090101_130416,D,20100730,000000,110.0000000,110.0000000,104.0000000,107.4800000,20.861
19960_090101_130416,D,20100802,000000,108.6100000,117.0000000,107.4300000,113.2400000,83.321
19960_090101_130416,D,20100803,000000,112.9900000,112.9900000,110.4200000,111.0000000,162.654
19960_090101_130416,D,20100804,000000,110.2500000,112.5000000,110.2500000,111.7000000,45.584
19960_090101_130416,D,20100805,000000,112.0000000,113.6900000,111.1500000,113.2400000,24.846
19960_090101_130416,D,20100806,000000,112.3700000,115.0000000,112.3700000,113.9900000,33.174
19960_090101_130416,D,20100809,000000,113.2900000,116.0000000,113.2900000,114.7800000,15.374
19960_090101_130416,D,20100810,000000,113.3100000,114.5000000,111.0500000,112.0000000,10.543
19960_090101_130416,D,20100811,000000,111.3700000,111.8100000,108.0000000,108.0000000,12.499
19960_090101_130416,D,20100812,000000,106.9800000,114.8000000,106.5000000,111.9000000,55.137
19960_090101_130416,D,20100813,000000,112.0900000,113.8500000,111.6500000,112.0000000,9.179
19960_090101_130416,D,20100816,000000,111.2100000,114.0000000,110.3300000,111.1800000,5.024
19960_090101_130416,D,20100817,000000,111.2000000,115.5000000,110.1900000,114.9900000,26.665
19960_090101_130416,D,20100818,000000,114.1900000,114.9500000,112.9900000,113.8500000,38.638
19960_090101_130416,D,20100819,000000,113.7500000,115.3500000,113.7000000,114.6400000,25.095
19960_090101_130416,D,20100820,000000,114.1900000,114.1900000,112.3500000,113.7000000,8.900
19960_090101_130416,D,20100823,000000,113.7300000,114.3000000,113.1500000,113.8000000,3.782
19960_090101_130416,D,20100824,000000,112.5200000,113.0000000,110.5500000,111.0900000,9.868
19960_090101_130416,D,20100825,000000,111.5100000,116.3600000,111.1000000,112.5500000,38.096
19960_090101_130416,D,20100826,000000,113.2300000,114.1100000,112.8500000,112.8600000,3.327
19960_090101_130416,D,20100827,000000,113.0000000,113.8500000,112.0000000,113.0000000,5.732
19960_090101_130416,D,20100830,000000,113.0000000,114.4900000,113.0000000,114.0000000,16.387
19960_090101_130416,D,20100831,000000,113.2300000,113.9900000,112.0000000,113.2000000,3.791
19960_090101_130416,D,20100901,000000,113.2300000,114.3000000,112.7000000,114.0000000,10.237
19960_090101_130416,D,20100902,000000,113.6700000,115.2000000,113.6000000,114.8800000,8.344
19960_090101_130416,D,20100903,000000,114.5600000,117.3200000,113.8500000,116.5000000,29.580
19960_090101_130416,D,20100906,000000,117.3400000,120.3600000,116.8200000,119.1400000,17.101
19960_090101_130416,D,20100907,000000,118.1800000,118.1800000,116.4500000,116.5000000,12.126
19960_090101_130416,D,20100908,000000,117.7600000,117.7600000,115.0000000,117.2000000,15.272
19960_090101_130416,D,20100909,000000,116.5000000,121.0000000,116.0000000,117.5200000,37.710
19960_090101_130416,D,20100910,000000,117.5100000,119.0900000,117.0000000,119.0500000,5.321
19960_090101_130416,D,20100913,000000,120.0000000,121.0000000,119.0000000,119.1000000,14.519
19960_090101_130416,D,20100914,000000,118.7300000,118.9200000,117.3800000,117.7000000,17.306
19960_090101_130416,D,20100915,000000,118.0000000,118.0000000,116.0000000,117.6800000,10.532
19960_090101_130416,D,20100916,000000,117.6800000,118.1700000,116.0900000,116.9900000,6.802
19960_090101_130416,D,20100917,000000,116.9900000,118.1900000,116.1000000,116.1000000,15.921
19960_090101_130416,D,20100920,000000,117.5400000,117.9000000,116.0300000,117.9000000,3.484
19960_090101_130416,D,20100921,000000,117.2700000,120.0000000,116.3100000,119.1100000,8.883
19960_090101_130416,D,20100922,000000,118.6400000,120.0000000,118.5000000,119.7500000,7.628
19960_090101_130416,D,20100923,000000,119.5700000,119.7500000,117.6200000,118.7900000,18.182
19960_090101_130416,D,20100924,000000,117.7300000,120.0000000,117.0800000,118.5000000,15.277
19960_090101_130416,D,20100927,000000,118.8000000,119.4400000,117.7700000,118.5000000,23.746
19960_090101_130416,D,20100928,000000,118.3500000,118.3500000,117.0000000,117.2700000,12.950
19960_090101_130416,D,20100929,000000,117.7200000,120.3300000,116.8100000,117.7000000,11.396
19960_090101_130416,D,20100930,000000,117.7000000,118.1500000,117.0000000,118.1500000,18.909
19960_090101_130416,D,20101001,000000,117.7500000,118.2200000,116.5000000,117.9900000,7.044
19960_090101_130416,D,20101004,000000,118.1800000,131.5000000,117.7200000,122.5000000,79.488
19960_090101_130416,D,20101005,000000,122.8600000,127.9500000,122.5400000,124.4700000,14.578
19960_090101_130416,D,20101006,000000,124.8000000,126.4900000,124.1300000,125.4900000,12.683
19960_090101_130416,D,20101007,000000,125.2500000,125.2500000,122.0000000,123.2400000,4.543
19960_090101_130416,D,20101008,000000,121.9200000,122.2200000,118.8700000,119.7600000,25.523
19960_090101_130416,D,20101011,000000,120.0400000,125.2900000,118.0300000,122.0500000,68.059
19960_090101_130416,D,20101012,000000,121.9200000,125.0000000,121.4500000,123.5000000,9.832
19960_090101_130416,D,20101013,000000,124.3200000,125.1000000,123.2700000,124.9900000,11.963
19960_090101_130416,D,20101014,000000,125.0000000,126.4300000,121.3100000,124.1000000,23.965
19960_090101_130416,D,20101015,000000,122.9800000,126.2000000,122.9800000,125.9500000,11.921
19960_090101_130416,D,20101018,000000,125.2900000,127.9800000,124.3200000,127.2000000,7.670
19960_090101_130416,D,20101019,000000,127.2500000,129.9700000,125.5100000,126.6400000,26.323
19960_090101_130416,D,20101020,000000,126.9000000,128.9600000,126.2700000,127.6000000,11.138
19960_090101_130416,D,20101021,000000,127.7500000,129.5000000,126.5100000,128.0000000,10.165
19960_090101_130416,D,20101022,000000,127.9900000,129.0000000,126.5000000,127.5000000,13.580
19960_090101_130416,D,20101025,000000,128.9100000,131.4000000,128.0000000,128.7700000,15.689
19960_090101_130416,D,20101026,000000,128.7800000,129.9000000,126.5200000,128.5000000,21.998
19960_090101_130416,D,20101027,000000,127.7600000,129.1200000,126.6000000,127.8000000,29.171
19960_090101_130416,D,20101028,000000,128.6100000,129.4400000,127.0000000,127.8700000,17.482
19960_090101_130416,D,20101029,000000,128.0000000,128.0000000,127.3000000,127.5300000,6.566
19960_090101_130416,D,20101101,000000,128.2500000,129.9700000,128.0000000,129.4200000,5.803
19960_090101_130416,D,20101102,000000,129.4300000,129.5000000,128.0000000,128.9700000,12.939
19960_090101_130416,D,20101103,000000,128.3000000,128.9000000,127.6000000,128.5400000,7.680
19960_090101_130416,D,20101108,000000,130.0000000,130.5000000,128.0000000,128.9500000,35.482
19960_090101_130416,D,20101109,000000,129.1600000,134.9900000,128.0000000,130.6800000,65.918
19960_090101_130416,D,20101110,000000,129.5000000,130.6800000,127.5500000,128.2100000,56.536
19960_090101_130416,D,20101111,000000,128.2500000,130.2000000,127.9300000,128.0000000,33.268
19960_090101_130416,D,20101112,000000,128.0000000,129.5000000,127.9500000,128.8800000,44.543
19960_090101_130416,D,20101113,000000,129.4400000,130.3200000,128.0500000,129.1500000,8.454
19960_090101_130416,D,20101115,000000,128.9000000,129.9700000,128.7500000,129.9000000,7.933
19960_090101_130416,D,20101116,000000,128.7500000,129.2000000,128.3500000,128.4200000,4.177
19960_090101_130416,D,20101117,000000,128.2500000,128.2500000,125.0500000,127.6900000,11.628
19960_090101_130416,D,20101118,000000,128.2300000,130.0000000,127.5000000,127.5000000,20.303
19960_090101_130416,D,20101119,000000,127.6000000,128.6100000,127.6000000,128.1900000,3.412
19960_090101_130416,D,20101122,000000,128.2500000,129.0000000,127.4000000,127.6600000,18.086
19960_090101_130416,D,20101123,000000,127.3400000,127.6600000,126.7500000,126.8000000,5.632
19960_090101_130416,D,20101124,000000,126.8000000,128.6000000,126.5000000,128.5500000,18.321
19960_090101_130416,D,20101125,000000,128.1000000,129.3400000,128.1000000,129.3300000,17.759
19960_090101_130416,D,20101126,000000,129.4400000,130.0200000,128.8000000,129.4500000,14.119
19960_090101_130416,D,20101129,000000,129.5000000,129.5000000,127.0500000,128.4800000,8.322
19960_090101_130416,D,20101130,000000,128.7500000,129.5000000,127.7500000,128.7500000,3.737
19960_090101_130416,D,20101201,000000,128.7500000,129.7100000,128.2600000,129.6000000,16.381
19960_090101_130416,D,20101202,000000,129.6600000,133.2500000,129.0000000,130.5000000,60.768
19960_090101_130416,D,20101203,000000,130.7700000,135.3000000,130.7700000,133.3400000,87.016
19960_090101_130416,D,20101206,000000,133.3400000,135.0000000,132.0000000,133.5000000,37.034
19960_090101_130416,D,20101207,000000,133.2000000,135.3100000,133.0000000,135.0000000,50.061
19960_090101_130416,D,20101208,000000,134.9900000,134.9900000,131.5000000,132.5000000,32.002
19960_090101_130416,D,20101209,000000,133.5000000,135.9900000,132.5000000,134.3800000,25.466
19960_090101_130416,D,20101210,000000,134.3700000,136.8000000,133.0000000,134.8900000,42.364
19960_090101_130416,D,20101213,000000,134.3800000,135.9000000,132.6300000,133.3400000,28.118
19960_090101_130416,D,20101214,000000,133.9500000,133.9500000,131.6100000,132.1000000,31.402
19960_090101_130416,D,20101215,000000,132.1000000,132.8000000,131.0000000,132.7400000,19.654
19960_090101_130416,D,20101216,000000,132.8200000,133.0000000,131.1200000,132.0200000,6.171
19960_090101_130416,D,20101217,000000,132.1000000,132.5000000,131.8000000,131.8000000,4.305
19960_090101_130416,D,20101220,000000,132.7500000,132.8000000,128.2500000,132.7900000,23.695
19960_090101_130416,D,20101221,000000,132.8200000,137.0000000,131.0600000,135.0000000,40.636
19960_090101_130416,D,20101222,000000,135.4300000,138.6300000,135.4300000,136.0000000,29.552
19960_090101_130416,D,20101223,000000,137.0000000,137.0000000,134.0900000,135.5000000,31.987
19960_090101_130416,D,20101224,000000,135.3800000,135.3800000,133.0400000,134.9000000,27.114
19960_090101_130416,D,20101227,000000,134.9000000,134.9000000,132.4000000,132.5100000,13.680
19960_090101_130416,D,20101228,000000,133.3400000,134.0500000,132.2000000,133.2000000,10.102
19960_090101_130416,D,20101229,000000,133.8600000,137.0000000,132.8000000,135.0000000,23.336
19960_090101_130416,D,20101230,000000,134.0000000,135.6800000,133.5500000,134.8900000,26.114
19960_090101_130416,D,20110111,000000,134.9100000,142.0000000,134.9100000,141.5000000,81.373
19960_090101_130416,D,20110112,000000,142.1000000,145.5700000,138.5500000,144.0000000,75.421
19960_090101_130416,D,20110113,000000,145.0000000,149.5000000,143.0700000,148.5100000,142.151
19960_090101_130416,D,20110114,000000,149.0000000,151.7600000,148.0200000,149.5000000,107.808
19960_090101_130416,D,20110117,000000,150.3000000,150.3000000,148.0000000,148.8000000,77.391
19960_090101_130416,D,20110118,000000,148.0900000,149.6000000,145.0000000,147.9300000,74.451
19960_090101_130416,D,20110119,000000,148.1200000,149.5000000,145.1000000,146.5100000,63.560
19960_090101_130416,D,20110120,000000,146.7900000,147.5000000,145.4200000,146.5000000,34.154
19960_090101_130416,D,20110121,000000,146.9700000,152.2000000,146.0500000,152.2000000,152.946
19960_090101_130416,D,20110124,000000,150.1100000,159.0000000,150.1100000,155.0000000,104.104
19960_090101_130416,D,20110125,000000,155.9100000,161.5000000,155.0200000,160.1000000,137.179
19960_090101_130416,D,20110126,000000,160.1000000,165.3200000,160.1000000,165.3200000,85.329
19960_090101_130416,D,20110127,000000,165.3200000,168.6000000,162.0000000,162.8000000,54.593
19960_090101_130416,D,20110128,000000,161.4000000,161.9500000,155.8000000,160.0000000,89.771
19960_090101_130416,D,20110131,000000,157.3500000,157.9800000,152.5500000,156.1000000,85.041
19960_090101_130416,D,20110201,000000,157.1400000,164.3000000,157.1400000,164.3000000,88.602
19960_090101_130416,D,20110202,000000,164.7600000,167.0000000,158.8000000,160.9700000,77.662
19960_090101_130416,D,20110203,000000,162.1200000,163.2500000,159.0000000,160.0000000,17.273
19960_090101_130416,D,20110204,000000,160.7100000,163.0000000,160.1000000,160.9900000,10.580
19960_090101_130416,D,20110207,000000,157.8900000,160.5000000,157.0000000,158.5000000,21.473
19960_090101_130416,D,20110208,000000,160.6900000,160.6900000,150.5500000,154.0000000,64.009
19960_090101_130416,D,20110209,000000,155.4300000,156.5500000,150.1500000,152.7800000,30.551
19960_090101_130416,D,20110210,000000,152.7800000,153.0000000,144.9800000,146.3400000,55.576
19960_090101_130416,D,20110211,000000,147.0000000,152.0000000,141.0000000,151.1000000,34.846
19960_090101_130416,D,20110214,000000,151.1200000,154.9700000,148.5300000,150.0000000,16.759
19960_090101_130416,D,20110215,000000,149.1800000,151.0000000,148.6900000,148.6900000,17.241
19960_090101_130416,D,20110216,000000,148.9900000,151.0000000,148.0000000,151.0000000,22.163
19960_090101_130416,D,20110217,000000,150.2900000,150.3900000,147.1700000,148.0000000,20.256
19960_090101_130416,D,20110218,000000,149.3500000,149.3500000,146.2100000,148.0000000,32.754
19960_090101_130416,D,20110221,000000,147.0000000,149.0000000,146.3200000,148.5900000,4.215
19960_090101_130416,D,20110222,000000,147.0200000,147.0200000,142.4100000,144.5500000,13.104
19960_090101_130416,D,20110224,000000,143.5800000,144.0000000,132.5500000,140.5900000,27.087
19960_090101_130416,D,20110225,000000,140.0000000,149.8900000,139.1700000,146.4000000,18.530
19960_090101_130416,D,20110228,000000,148.9900000,149.0200000,147.1600000,148.3600000,16.393
19960_090101_130416,D,20110301,000000,148.0000000,151.9800000,146.5100000,148.8900000,27.360
19960_090101_130416,D,20110302,000000,148.0000000,149.0000000,146.4100000,149.0000000,14.900
19960_090101_130416,D,20110303,000000,148.9900000,150.0000000,146.1500000,147.1000000,7.700
19960_090101_130416,D,20110304,000000,148.9900000,150.5000000,148.0000000,149.7400000,12.460
19960_090101_130416,D,20110305,000000,149.4200000,149.4200000,147.0300000,148.4700000,3.510
19960_090101_130416,D,20110309,000000,148.4700000,149.0000000,148.0000000,148.5000000,10.950
19960_090101_130416,D,20110310,000000,148.6200000,148.6200000,145.0100000,145.1600000,15.570
19960_090101_130416,D,20110311,000000,145.0000000,146.1000000,143.3000000,145.0000000,5.490
19960_090101_130416,D,20110314,000000,143.3100000,146.9500000,139.0100000,144.0000000,20.400
19960_090101_130416,D,20110315,000000,143.2600000,143.2600000,136.0000000,137.5000000,36.690
19960_090101_130416,D,20110316,000000,138.0000000,142.0000000,136.0000000,136.0000000,32.990
19960_090101_130416,D,20110317,000000,136.0000000,137.8000000,136.0000000,137.0000000,7.070
19960_090101_130416,D,20110318,000000,140.8400000,141.0500000,136.0100000,137.0600000,8.420
19960_090101_130416,D,20110321,000000,140.0000000,140.9800000,138.0100000,140.9800000,4.660
19960_090101_130416,D,20110322,000000,140.0000000,143.9500000,140.0000000,141.9900000,18.310
19960_090101_130416,D,20110323,000000,140.3600000,144.2400000,140.3400000,144.2000000,14.110
19960_090101_130416,D,20110324,000000,144.6000000,148.0000000,144.0000000,148.0000000,28.250
19960_090101_130416,D,20110325,000000,147.3100000,150.0000000,147.0100000,148.9800000,3.940
19960_090101_130416,D,20110328,000000,149.3800000,149.8000000,146.4000000,147.9800000,9.370
19960_090101_130416,D,20110329,000000,149.3700000,149.4000000,141.6000000,143.0600000,12.690
19960_090101_130416,D,20110330,000000,144.2400000,147.5000000,144.0000000,147.0000000,39.760
19960_090101_130416,D,20110331,000000,147.4700000,155.0000000,147.4700000,149.0300000,122.400
19960_090101_130416,D,20110401,000000,149.0000000,154.0000000,148.1000000,150.5100000,66.720
19960_090101_130416,D,20110404,000000,151.0100000,151.0100000,148.0000000,150.7900000,30.160
19960_090101_130416,D,20110405,000000,151.5100000,154.0000000,145.5800000,149.7000000,13.000
19960_090101_130416,D,20110406,000000,152.5000000,152.7000000,148.5000000,149.0000000,13.940
19960_090101_130416,D,20110407,000000,151.5100000,151.7000000,145.0100000,150.4000000,60.290
19960_090101_130416,D,20110408,000000,150.4500000,152.9900000,148.0200000,150.1500000,64.400
19960_090101_130416,D,20110411,000000,150.1500000,150.1500000,147.0000000,148.5900000,27.670
19960_090101_130416,D,20110412,000000,147.3400000,147.3400000,142.0500000,144.0000000,23.310
19960_090101_130416,D,20110413,000000,146.2700000,146.2700000,140.4000000,140.6500000,16.680
19960_090101_130416,D,20110414,000000,141.8600000,143.9900000,140.0000000,143.9900000,19.330
19960_090101_130416,D,20110415,000000,140.1800000,145.0000000,140.1800000,143.9900000,7.800
19960_090101_130416,D,20110418,000000,143.9900000,143.9900000,136.1100000,139.5000000,15.470
19960_090101_130416,D,20110419,000000,138.0000000,142.8800000,134.0200000,142.3600000,17.910
19960_090101_130416,D,20110420,000000,142.8700000,147.0000000,141.7900000,141.7900000,21.970
19960_090101_130416,D,20110421,000000,142.1000000,144.8800000,138.0000000,139.9000000,29.700
19960_090101_130416,D,20110422,000000,141.6900000,141.8100000,139.0000000,140.0000000,4.060
19960_090101_130416,D,20110425,000000,141.0000000,141.4600000,139.5000000,139.5000000,6.410
19960_090101_130416,D,20110426,000000,139.0000000,139.0100000,135.1400000,138.2500000,3.060
19960_090101_130416,D,20110427,000000,138.5000000,138.5000000,135.8500000,135.8600000,2.990
19960_090101_130416,D,20110428,000000,136.0000000,138.4900000,134.5000000,136.7400000,8.310
19960_090101_130416,D,20110429,000000,136.7400000,139.0000000,135.2700000,136.8600000,10.590
19960_090101_130416,D,20110503,000000,137.3900000,137.3900000,134.5000000,134.5000000,9.770
19960_090101_130416,D,20110504,000000,135.0000000,135.0000000,128.2100000,131.1000000,4.090
19960_090101_130416,D,20110505,000000,131.9900000,133.4900000,128.2000000,128.6000000,15.570
19960_090101_130416,D,20110506,000000,129.0000000,132.4700000,120.1100000,128.0000000,12.910
19960_090101_130416,D,20110510,000000,127.5000000,128.5000000,127.0000000,128.0000000,19.320
19960_090101_130416,D,20110511,000000,128.5000000,130.3200000,128.0300000,129.5000000,49.220
19960_090101_130416,D,20110512,000000,128.0100000,129.7300000,127.5000000,128.7700000,9.360
19960_090101_130416,D,20110513,000000,129.7200000,130.9000000,128.9900000,129.9900000,10.130
19960_090101_130416,D,20110516,000000,129.0000000,129.3100000,126.2000000,129.3100000,6.120
19960_090101_130416,D,20110517,000000,128.0100000,130.0000000,128.0000000,129.2500000,16.270
19960_090101_130416,D,20110518,000000,133.9400000,133.9400000,127.0000000,128.0000000,36.230
19960_090101_130416,D,20110519,000000,128.6000000,129.1500000,128.0000000,129.0000000,20.290
19960_090101_130416,D,20110520,000000,128.0100000,129.1700000,127.0200000,129.1600000,15.250
19960_090101_130416,D,20110523,000000,127.2600000,127.2600000,123.6300000,126.1400000,5.110
19960_090101_130416,D,20110524,000000,128.9800000,129.2500000,126.2000000,127.7000000,14.250
19960_090101_130416,D,20110525,000000,127.9800000,128.4900000,127.1300000,128.3700000,350
19960_090101_130416,D,20110526,000000,128.1600000,129.0000000,128.1500000,128.2500000,2.680
19960_090101_130416,D,20110527,000000,128.3100000,128.3100000,127.1500000,128.3000000,8.760
19960_090101_130416,D,20110530,000000,128.3000000,129.2400000,127.2300000,128.4700000,5.700
19960_090101_130416,D,20110531,000000,129.0100000,129.0100000,126.6100000,127.3000000,123.130
19960_090101_130416,D,20110601,000000,127.2100000,127.2500000,126.7200000,127.0000000,46.980
19960_090101_130416,D,20110602,000000,126.6200000,127.1900000,123.3300000,124.4600000,14.040
19960_090101_130416,D,20110603,000000,123.0100000,124.5000000,123.0100000,124.5000000,23.650
19960_090101_130416,D,20110606,000000,124.0000000,124.5000000,123.1200000,124.2300000,910
19960_090101_130416,D,20110607,000000,124.1300000,124.6000000,123.9000000,124.6000000,6.760
19960_090101_130416,D,20110608,000000,124.6100000,125.0000000,124.0000000,125.0000000,75.510
19960_090101_130416,D,20110609,000000,125.0000000,126.0000000,125.0000000,125.9600000,17.450
19960_090101_130416,D,20110610,000000,125.9900000,125.9900000,124.1000000,124.9000000,8.170
19960_090101_130416,D,20110614,000000,124.8900000,127.0000000,124.3200000,125.0200000,5.350
19960_090101_130416,D,20110615,000000,125.4000000,126.8000000,123.2000000,125.9200000,42.640
19960_090101_130416,D,20110616,000000,124.5200000,125.9900000,124.5100000,125.8400000,2.050
19960_090101_130416,D,20110617,000000,125.9600000,125.9700000,123.6000000,124.5900000,4.400
19960_090101_130416,D,20110620,000000,124.1200000,124.5700000,122.5200000,123.8800000,3.440
19960_090101_130416,D,20110621,000000,123.8900000,124.0000000,122.5000000,123.7900000,7.270
19960_090101_130416,D,20110622,000000,123.7900000,124.0000000,122.1300000,123.9900000,10.340
19960_090101_130416,D,20110623,000000,123.9800000,124.5000000,122.5500000,123.5100000,21.940
19960_090101_130416,D,20110624,000000,123.5000000,123.7000000,122.0000000,123.6900000,10.620
19960_090101_130416,D,20110627,000000,120.7900000,123.7000000,120.7900000,123.5000000,12.140
19960_090101_130416,D,20110628,000000,124.9700000,124.9700000,122.5200000,123.6000000,2.120
19960_090101_130416,D,20110629,000000,124.9900000,124.9900000,123.0100000,124.2900000,6.030
19960_090101_130416,D,20110630,000000,125.7900000,125.9700000,124.5300000,124.5300000,10.640
19960_090101_130416,D,20110701,000000,124.9900000,125.0000000,122.9900000,125.0000000,2.850
19960_090101_130416,D,20110704,000000,125.5000000,125.5000000,123.0000000,124.0000000,12.890
19960_090101_130416,D,20110705,000000,123.9900000,124.0000000,123.6000000,123.7000000,9.840
19960_090101_130416,D,20110706,000000,124.0000000,124.1000000,123.3000000,123.5000000,6.820
19960_090101_130416,D,20110707,000000,123.8300000,126.0000000,123.0100000,123.0500000,84.550
19960_090101_130416,D,20110708,000000,123.4000000,124.1500000,123.1000000,123.6500000,124.620
19960_090101_130416,D,20110711,000000,123.1100000,123.9000000,122.9900000,123.6600000,12.170
19960_090101_130416,D,20110712,000000,123.3500000,124.0500000,123.0000000,123.6500000,48.280
19960_090101_130416,D,20110713,000000,123.7000000,124.2500000,123.4000000,124.1000000,9.590
19960_090101_130416,D,20110714,000000,123.7000000,123.9500000,123.0600000,123.6000000,93.810
19960_090101_130416,D,20110715,000000,123.1100000,124.1400000,123.1100000,123.6200000,28.150
19960_090101_130416,D,20110718,000000,123.8900000,124.2000000,123.7000000,124.0400000,26.590
19960_090101_130416,D,20110719,000000,124.0400000,124.1000000,123.2500000,123.2500000,3.250
19960_090101_130416,D,20110720,000000,123.5000000,123.8100000,123.4000000,123.5000000,73.220
19960_090101_130416,D,20110721,000000,123.5000000,123.8300000,123.1700000,123.2000000,46.470
19960_090101_130416,D,20110722,000000,123.1000000,123.1000000,122.4600000,122.9000000,24.600
19960_090101_130416,D,20110725,000000,122.4100000,122.5000000,121.0000000,121.9800000,10.310
19960_090101_130416,D,20110726,000000,121.8000000,122.0000000,121.1200000,121.7400000,9.170
19960_090101_130416,D,20110727,000000,121.7500000,121.7500000,120.1400000,120.5500000,9.870
19960_090101_130416,D,20110728,000000,120.7500000,121.1700000,120.0000000,121.1700000,8.080
19960_090101_130416,D,20110729,000000,121.0000000,121.2500000,120.0400000,120.9400000,3.760
19960_090101_130416,D,20110801,000000,121.4400000,124.2500000,121.2500000,121.7000000,15.390
19960_090101_130416,D,20110802,000000,121.7000000,122.5500000,121.7000000,122.5500000,4.810
19960_090101_130416,D,20110803,000000,122.4000000,122.4000000,121.0000000,121.3900000,9.200
19960_090101_130416,D,20110804,000000,121.9000000,122.4000000,119.0000000,119.0000000,24.690
19960_090101_130416,D,20110805,000000,118.1800000,118.1800000,105.0000000,115.8800000,17.220
19960_090101_130416,D,20110808,000000,107.2200000,113.3200000,102.2100000,108.9900000,43.950
19960_090101_130416,D,20110809,000000,106.7200000,107.9900000,101.5200000,106.6500000,28.920
19960_090101_130416,D,20110810,000000,107.5300000,113.9900000,103.0800000,104.9900000,14.510
19960_090101_130416,D,20110811,000000,107.2800000,107.2800000,102.3000000,104.4200000,15.800
19960_090101_130416,D,20110812,000000,104.9900000,107.0000000,103.0100000,106.8200000,6.080
19960_090101_130416,D,20110815,000000,112.2000000,112.2000000,107.0200000,111.7000000,8.240
19960_090101_130416,D,20110816,000000,113.3000000,113.3000000,107.0100000,109.0000000,10.120
19960_090101_130416,D,20110817,000000,110.0000000,111.0000000,108.0000000,109.9200000,4.730
19960_090101_130416,D,20110818,000000,107.1000000,110.7400000,106.0500000,106.8400000,4.360
19960_090101_130416,D,20110819,000000,103.3100000,106.6000000,102.5000000,106.0000000,5.060
19960_090101_130416,D,20110822,000000,102.3900000,108.9900000,102.3900000,108.9900000,9.600
19960_090101_130416,D,20110823,000000,109.9000000,109.9000000,107.0300000,108.9800000,120
19960_090101_130416,D,20110824,000000,111.5400000,111.5400000,103.4900000,106.0200000,2.160
19960_090101_130416,D,20110825,000000,107.0000000,107.5000000,104.9300000,104.9300000,2.630
19960_090101_130416,D,20110826,000000,104.5200000,106.5600000,103.0000000,106.1200000,1.850
19960_090101_130416,D,20110829,000000,106.5400000,108.8000000,106.5400000,108.7700000,1.850
19960_090101_130416,D,20110830,000000,109.0000000,109.0000000,105.0500000,106.7700000,3.260
19960_090101_130416,D,20110831,000000,108.5800000,108.8000000,106.1500000,108.1000000,17.680
19960_090101_130416,D,20110901,000000,108.4400000,109.8900000,106.0000000,107.5300000,4.840
19960_090101_130416,D,20110902,000000,104.5500000,106.7700000,104.5500000,106.4500000,2.400
19960_090101_130416,D,20110905,000000,104.5600000,104.9000000,102.1500000,103.9300000,4.190
19960_090101_130416,D,20110906,000000,103.9400000,107.6000000,103.9400000,107.2200000,18.950
19960_090101_130416,D,20110907,000000,106.8100000,107.8000000,106.5000000,107.8000000,12.790
19960_090101_130416,D,20110908,000000,107.6000000,108.2000000,106.5300000,107.3500000,7.980
19960_090101_130416,D,20110909,000000,107.3500000,107.3500000,105.6200000,106.8000000,1.790
19960_090101_130416,D,20110912,000000,105.9800000,106.7000000,103.1500000,104.7500000,14.110
19960_090101_130416,D,20110913,000000,105.1600000,107.7000000,104.3400000,104.3400000,15.160
19960_090101_130416,D,20110914,000000,103.9400000,105.0000000,103.2500000,104.9900000,1.710
19960_090101_130416,D,20110915,000000,105.1600000,109.5000000,105.1600000,107.2300000,12.760
19960_090101_130416,D,20110916,000000,107.2300000,107.7300000,105.9800000,105.9800000,320
19960_090101_130416,D,20110919,000000,105.9800000,105.9900000,103.1500000,103.9300000,31.660
19960_090101_130416,D,20110920,000000,103.2100000,104.0000000,100.0100000,103.9400000,8.190
19960_090101_130416,D,20110921,000000,104.2100000,105.0000000,102.7300000,103.9300000,6.580
19960_090101_130416,D,20110922,000000,100.2300000,102.2200000,99.0000000,99.0000000,23.240
19960_090101_130416,D,20110923,000000,96.0000000,99.9900000,89.7100000,91.7700000,14.300
19960_090101_130416,D,20110926,000000,90.0300000,91.4100000,88.0000000,91.4000000,6.150
19960_090101_130416,D,20110927,000000,91.7700000,117.9000000,88.5600000,96.1200000,30.170
19960_090101_130416,D,20110928,000000,97.9600000,97.9600000,92.1500000,93.7300000,5.690
19960_090101_130416,D,20110929,000000,93.8900000,95.0000000,90.2200000,95.0000000,4.680
19960_090101_130416,D,20110930,000000,92.1200000,98.6900000,90.5000000,92.0400000,11.300
19960_090101_130416,D,20111003,000000,89.3000000,92.2500000,74.3000000,88.7000000,8.910
19960_090101_130416,D,20111004,000000,87.2400000,90.9000000,81.6100000,86.8800000,7.620
19960_090101_130416,D,20111005,000000,89.9900000,90.9900000,83.0000000,90.9900000,5.150
19960_090101_130416,D,20111006,000000,87.5900000,94.9700000,86.5100000,89.7600000,12.210
19960_090101_130416,D,20111007,000000,90.9900000,90.9900000,87.9900000,89.9000000,40.120
19960_090101_130416,D,20111010,000000,89.4900000,91.7400000,86.1500000,89.7800000,29.270
19960_090101_130416,D,20111011,000000,89.7600000,90.4400000,87.5900000,88.4900000,6.790
19960_090101_130416,D,20111012,000000,88.2500000,91.0000000,87.5800000,88.7000000,25.820
19960_090101_130416,D,20111013,000000,88.1100000,93.1300000,88.0300000,88.8700000,46.610
19960_090101_130416,D,20111014,000000,88.9400000,89.9600000,87.8600000,88.9800000,37.440
19960_090101_130416,D,20111017,000000,89.8700000,89.9600000,87.0300000,87.9100000,32.210
19960_090101_130416,D,20111018,000000,87.9200000,88.0000000,86.0500000,87.1400000,7.240
19960_090101_130416,D,20111019,000000,87.5800000,89.0000000,86.2200000,87.5000000,9.190
19960_090101_130416,D,20111020,000000,86.9000000,87.9500000,84.5500000,86.5800000,8.670
19960_090101_130416,D,20111021,000000,86.9000000,88.8000000,84.6000000,88.7000000,6.380
19960_090101_130416,D,20111024,000000,87.7500000,89.8900000,87.5100000,87.9000000,112.050
19960_090101_130416,D,20111025,000000,87.9000000,87.9000000,82.6600000,87.0000000,31.000
19960_090101_130416,D,20111026,000000,87.0900000,87.9500000,86.1500000,87.9100000,19.780
19960_090101_130416,D,20111027,000000,88.4800000,92.9900000,84.1300000,88.0000000,103.460
19960_090101_130416,D,20111028,000000,88.8700000,88.9500000,86.9900000,87.8300000,18.810
19960_090101_130416,D,20111031,000000,87.5000000,88.3000000,86.5000000,87.2700000,9.190
19960_090101_130416,D,20111101,000000,86.5400000,87.2600000,80.0000000,82.0000000,40.600
19960_090101_130416,D,20111102,000000,82.8900000,82.8900000,78.0000000,81.5000000,54.430
19960_090101_130416,D,20111103,000000,80.0100000,80.9900000,79.1700000,79.7900000,23.250
19960_090101_130416,D,20111107,000000,79.4900000,80.9700000,79.4900000,79.9100000,23.500
19960_090101_130416,D,20111108,000000,79.7000000,81.7500000,79.7000000,81.7500000,39.600
19960_090101_130416,D,20111109,000000,81.3400000,81.3400000,78.5000000,79.1500000,44.470
19960_090101_130416,D,20111110,000000,79.0100000,79.0100000,77.0400000,78.4400000,7.850
19960_090101_130416,D,20111111,000000,78.0400000,80.0600000,78.0000000,80.0000000,11.680
19960_090101_130416,D,20111114,000000,79.9900000,80.2200000,77.7500000,78.7100000,24.900
19960_090101_130416,D,20111115,000000,78.0100000,79.3200000,77.0000000,78.0000000,37.720
19960_090101_130416,D,20111116,000000,78.0000000,78.6900000,77.0000000,78.3000000,6.300
19960_090101_130416,D,20111117,000000,77.6200000,79.7500000,77.6200000,79.7500000,6.500
19960_090101_130416,D,20111118,000000,77.0700000,79.7400000,77.0700000,79.6800000,3.890
19960_090101_130416,D,20111121,000000,79.7400000,79.7500000,76.5100000,77.1000000,17.610
19960_090101_130416,D,20111122,000000,77.4900000,79.6600000,77.4900000,78.3800000,22.390
19960_090101_130416,D,20111123,000000,78.5500000,80.2200000,77.4900000,79.8700000,18.410
19960_090101_130416,D,20111124,000000,79.9800000,80.3000000,79.5000000,80.2900000,11.840
19960_090101_130416,D,20111125,000000,78.7100000,79.4900000,76.5100000,77.1200000,20.010
19960_090101_130416,D,20111128,000000,78.1800000,79.2900000,77.7000000,79.2900000,15.110
19960_090101_130416,D,20111129,000000,78.4000000,79.5000000,77.9900000,78.0000000,29.530
19960_090101_130416,D,20111130,000000,78.0500000,78.5900000,76.5700000,78.5900000,16.060
19960_090101_130416,D,20111201,000000,80.3900000,80.4000000,77.4400000,80.0800000,39.320
19960_090101_130416,D,20111202,000000,80.0000000,80.2100000,79.5000000,80.0000000,12.650
19960_090101_130416,D,20111205,000000,80.0000000,84.3000000,80.0000000,82.9900000,44.120
19960_090101_130416,D,20111206,000000,80.1800000,82.5000000,78.2400000,78.3000000,266.280
19960_090101_130416,D,20111207,000000,78.6000000,79.7400000,78.1300000,79.0900000,10.210
19960_090101_130416,D,20111208,000000,79.4900000,80.1800000,78.5100000,79.0000000,43.420
19960_090101_130416,D,20111209,000000,78.2000000,79.0000000,76.1500000,77.6900000,131.280
19960_090101_130416,D,20111212,000000,77.9600000,79.7000000,76.0500000,76.4900000,15.080
19960_090101_130416,D,20111213,000000,76.0400000,80.5000000,76.0400000,77.5800000,23.740
19960_090101_130416,D,20111214,000000,78.0000000,78.9800000,77.0000000,77.8700000,1.910
19960_090101_130416,D,20111215,000000,77.3100000,78.4400000,77.0100000,77.4700000,2.580
19960_090101_130416,D,20111216,000000,77.9600000,79.0000000,76.0900000,77.5700000,5.100
19960_090101_130416,D,20111219,000000,77.4800000,77.4800000,76.5100000,77.3700000,2.730
19960_090101_130416,D,20111220,000000,76.2600000,77.7000000,76.2600000,77.4000000,4.070
19960_090101_130416,D,20111221,000000,78.9400000,79.0000000,76.5000000,77.2500000,7.360
19960_090101_130416,D,20111222,000000,77.2300000,77.8000000,74.0700000,74.9500000,13.730
19960_090101_130416,D,20111223,000000,75.0000000,75.8000000,72.0000000,73.3600000,10.850
19960_090101_130416,D,20111226,000000,73.6000000,76.5000000,73.6000000,75.4900000,16.070
19960_090101_130416,D,20111227,000000,75.9900000,76.3000000,74.5500000,75.0000000,89.250
19960_090101_130416,D,20111228,000000,72.6600000,76.7600000,72.2400000,72.9300000,19.620
19960_090101_130416,D,20111229,000000,73.0000000,73.1900000,70.0000000,70.0000000,53.430
19960_090101_130416,D,20111230,000000,70.8000000,72.0000000,69.0000000,71.1800000,21.140
19960_090101_130416,D,20120103,000000,71.5600000,74.6800000,70.7000000,73.4000000,10.860
19960_090101_130416,D,20120104,000000,74.1400000,74.1600000,72.5000000,73.2100000,1.810
19960_090101_130416,D,20120105,000000,73.5100000,73.6900000,72.0500000,73.5100000,810
19960_090101_130416,D,20120106,000000,73.2000000,73.2900000,71.7000000,73.0000000,3.910
19960_090101_130416,D,20120109,000000,73.3000000,76.0000000,71.0300000,76.0000000,6.130
19960_090101_130416,D,20120110,000000,74.0700000,77.5000000,73.5300000,75.9400000,7.160
19960_090101_130416,D,20120111,000000,75.7500000,76.3800000,74.0400000,74.6700000,2.500
19960_090101_130416,D,20120112,000000,75.0600000,77.4900000,74.5000000,76.0000000,3.530
19960_090101_130416,D,20120113,000000,76.7600000,77.1400000,75.4100000,76.5300000,2.670
19960_090101_130416,D,20120116,000000,75.8000000,76.0300000,75.1100000,75.4400000,2.960
19960_090101_130416,D,20120117,000000,76.2600000,77.9000000,75.6100000,75.9800000,24.140
19960_090101_130416,D,20120118,000000,75.7100000,76.0000000,75.0200000,75.8000000,12.260
19960_090101_130416,D,20120119,000000,75.8500000,81.3000000,75.8400000,79.5100000,35.180
19960_090101_130416,D,20120120,000000,79.8000000,83.9900000,77.1500000,81.5500000,21.500
19960_090101_130416,D,20120123,000000,82.6900000,82.6900000,80.1400000,81.5400000,7.630
19960_090101_130416,D,20120124,000000,81.9900000,81.9900000,78.8000000,81.0000000,113.230
19960_090101_130416,D,20120125,000000,82.6500000,82.6500000,81.0000000,81.6000000,7.890
19960_090101_130416,D,20120126,000000,82.9800000,88.0000000,82.9800000,87.0000000,108.490
19960_090101_130416,D,20120127,000000,86.9900000,91.7200000,86.5100000,89.4800000,76.960
19960_090101_130416,D,20120130,000000,88.9700000,91.9500000,85.0000000,86.6700000,22.190
19960_090101_130416,D,20120131,000000,87.0000000,87.5000000,85.0200000,86.8000000,24.420
19960_090101_130416,D,20120201,000000,87.4600000,87.4600000,85.1500000,85.8700000,15.630
19960_090101_130416,D,20120202,000000,85.1100000,85.9500000,82.5300000,83.6000000,81.340
19960_090101_130416,D,20120203,000000,83.7200000,83.8500000,82.5600000,83.8500000,40.620
19960_090101_130416,D,20120206,000000,84.0100000,85.8000000,83.5500000,85.3800000,18.410
19960_090101_130416,D,20120207,000000,84.0000000,84.6000000,82.6500000,83.3000000,31.420
19960_090101_130416,D,20120208,000000,83.3300000,84.1000000,83.3300000,83.9900000,26.430
19960_090101_130416,D,20120209,000000,83.5100000,84.1000000,82.2300000,82.9900000,25.590
19960_090101_130416,D,20120210,000000,83.0000000,83.0000000,81.0000000,82.0500000,19.170
19960_090101_130416,D,20120213,000000,82.1200000,84.0000000,81.6000000,83.9800000,20.610
19960_090101_130416,D,20120214,000000,83.5000000,84.0000000,83.4000000,83.5000000,21.070
19960_090101_130416,D,20120215,000000,84.1000000,84.4000000,82.5000000,83.3900000,21.460
19960_090101_130416,D,20120216,000000,82.5500000,83.0000000,81.9000000,82.9400000,5.990
19960_090101_130416,D,20120217,000000,82.9200000,84.0000000,82.1100000,83.5000000,13.410
19960_090101_130416,D,20120220,000000,83.5100000,83.9900000,82.1500000,82.6900000,6.640
19960_090101_130416,D,20120221,000000,83.3300000,83.6800000,81.8400000,82.1900000,3.820
19960_090101_130416,D,20120222,000000,81.5200000,84.0000000,81.5200000,82.1300000,10.000
19960_090101_130416,D,20120224,000000,82.9100000,83.0800000,81.2200000,82.2200000,20.230
19960_090101_130416,D,20120227,000000,82.9600000,83.2800000,81.2600000,82.5200000,11.580
19960_090101_130416,D,20120228,000000,83.4400000,83.8000000,82.1200000,82.4900000,23.940
19960_090101_130416,D,20120229,000000,82.3000000,83.4900000,81.0600000,83.0000000,16.840
19960_090101_130416,D,20120301,000000,83.4000000,83.4800000,82.7500000,82.8100000,1.950
19960_090101_130416,D,20120302,000000,82.4200000,83.0000000,81.2400000,82.5000000,12.400
19960_090101_130416,D,20120305,000000,82.5000000,83.9000000,82.5000000,83.7500000,17.470
19960_090101_130416,D,20120306,000000,83.7900000,84.0000000,82.5000000,82.9900000,25.500
19960_090101_130416,D,20120307,000000,82.3000000,82.8000000,82.1000000,82.6600000,2.860
19960_090101_130416,D,20120311,000000,82.6800000,83.5000000,82.6600000,83.4400000,4.430
19960_090101_130416,D,20120312,000000,83.0100000,83.0100000,81.5800000,82.8900000,2.110
19960_090101_130416,D,20120313,000000,82.9700000,82.9800000,82.9000000,82.9800000,1.730
19960_090101_130416,D,20120314,000000,82.5100000,83.5000000,82.5000000,83.3900000,2.090
19960_090101_130416,D,20120315,000000,82.5300000,83.3300000,79.1700000,82.9000000,7.330
19960_090101_130416,D,20120316,000000,83.4000000,83.4900000,80.1100000,80.9500000,12.580
19960_090101_130416,D,20120319,000000,80.3000000,81.8500000,77.6100000,78.5000000,27.410
19960_090101_130416,D,20120320,000000,78.9700000,79.3900000,77.5100000,77.9700000,28.420
19960_090101_130416,D,20120321,000000,75.6300000,78.8800000,75.6300000,77.9900000,18.620
19960_090101_130416,D,20120322,000000,78.4600000,79.0000000,77.3100000,77.9900000,16.960
19960_090101_130416,D,20120323,000000,78.4300000,79.0000000,77.3200000,79.0000000,8.160
19960_090101_130416,D,20120326,000000,79.4900000,81.0000000,77.1500000,80.2100000,9.760
19960_090101_130416,D,20120327,000000,80.2100000,80.5000000,77.5000000,78.6100000,21.500
19960_090101_130416,D,20120328,000000,79.9200000,79.9200000,77.5900000,78.7700000,11.120
19960_090101_130416,D,20120329,000000,78.0200000,79.8400000,77.0000000,77.9100000,17.740
19960_090101_130416,D,20120330,000000,78.6000000,79.9000000,77.2700000,77.8800000,19.750
19960_090101_130416,D,20120402,000000,77.7700000,78.3800000,77.2300000,77.8900000,6.380
19960_090101_130416,D,20120403,000000,77.9900000,77.9900000,76.6700000,77.5200000,12.040
19960_090101_130416,D,20120404,000000,77.4000000,77.9500000,76.0000000,76.4200000,18.230
19960_090101_130416,D,20120405,000000,76.9600000,77.3000000,75.7400000,76.8000000,19.530
19960_090101_130416,D,20120406,000000,76.9900000,78.8900000,76.3000000,78.0400000,4.010
19960_090101_130416,D,20120409,000000,78.0400000,80.0000000,77.0500000,78.7700000,2.460
19960_090101_130416,D,20120410,000000,78.0000000,79.8900000,77.7700000,77.7700000,5.480
19960_090101_130416,D,20120411,000000,77.0100000,78.4400000,77.0100000,77.1900000,8.380
19960_090101_130416,D,20120412,000000,77.0800000,77.0800000,75.5000000,76.0000000,59.910
19960_090101_130416,D,20120413,000000,75.8300000,77.9000000,74.2700000,74.5600000,34.590
19960_090101_130416,D,20120416,000000,75.0000000,75.1800000,74.3600000,74.5000000,9.120
19960_090101_130416,D,20120417,000000,75.2300000,76.5000000,74.8000000,75.2300000,19.580
19960_090101_130416,D,20120418,000000,75.2400000,76.1300000,74.5000000,76.1100000,45.550
19960_090101_130416,D,20120419,000000,75.3400000,77.4700000,75.3400000,77.4700000,5.800
19960_090101_130416,D,20120420,000000,77.4600000,77.7700000,76.0000000,76.2900000,14.960
19960_090101_130416,D,20120423,000000,76.3000000,76.4900000,76.0000000,76.0000000,10.620
19960_090101_130416,D,20120424,000000,75.9900000,76.1000000,75.8000000,76.0000000,3.360
19960_090101_130416,D,20120425,000000,75.5900000,75.8100000,74.5500000,75.4400000,1.280
19960_090101_130416,D,20120426,000000,76.0200000,76.0200000,74.0000000,75.7700000,14.090
19960_090101_130416,D,20120427,000000,74.8600000,77.0000000,73.0300000,77.0000000,4.580
19960_090101_130416,D,20120428,000000,76.5000000,78.4500000,75.0500000,75.5800000,37.470
19960_090101_130416,D,20120502,000000,77.5000000,77.5000000,70.1700000,74.5500000,2.830
19960_090101_130416,D,20120503,000000,74.9800000,74.9800000,72.4500000,73.5100000,5.960
19960_090101_130416,D,20120504,000000,73.5200000,73.5200000,70.1200000,71.4000000,21.410
19960_090101_130416,D,20120505,000000,70.9400000,70.9400000,68.1600000,70.2300000,2.190
19960_090101_130416,D,20120507,000000,70.2300000,70.4100000,65.1300000,67.5500000,5.010
19960_090101_130416,D,20120508,000000,69.4300000,69.4300000,67.0200000,68.0000000,3.100
19960_090101_130416,D,20120510,000000,70.8900000,70.8900000,69.5000000,70.0000000,1.010
19960_090101_130416,D,20120511,000000,69.5000000,69.7500000,66.1400000,69.7500000,32.780
19960_090101_130416,D,20120512,000000,69.5000000,69.5000000,67.0000000,68.1400000,2.550
19960_090101_130416,D,20120514,000000,68.4700000,70.9800000,65.0000000,65.9900000,74.390
19960_090101_130416,D,20120515,000000,66.4300000,67.0000000,66.0000000,66.0500000,12.270
19960_090101_130416,D,20120516,000000,66.0900000,67.6900000,66.0000000,67.6900000,7.370
19960_090101_130416,D,20120517,000000,66.7000000,67.3300000,64.9900000,66.9400000,12.480
19960_090101_130416,D,20120518,000000,65.7600000,66.9500000,65.0000000,66.9500000,17.320
19960_090101_130416,D,20120521,000000,67.0000000,68.9900000,66.0100000,67.2000000,9.500
19960_090101_130416,D,20120522,000000,68.9000000,68.9000000,66.5600000,67.2000000,1.010
19960_090101_130416,D,20120523,000000,66.0500000,66.8900000,64.0500000,64.7900000,22.870
19960_090101_130416,D,20120524,000000,64.2900000,66.3000000,63.3000000,63.9400000,85.890
19960_090101_130416,D,20120525,000000,63.8000000,63.9900000,63.3300000,63.7700000,2.320
19960_090101_130416,D,20120528,000000,63.7700000,65.8000000,62.0400000,62.4800000,57.290
19960_090101_130416,D,20120529,000000,62.8000000,64.0700000,62.5100000,62.9600000,19.360
19960_090101_130416,D,20120530,000000,62.9900000,63.3700000,62.7400000,63.0000000,1.020
19960_090101_130416,D,20120531,000000,66.8600000,70.0000000,62.5600000,70.0000000,14.890
19960_090101_130416,D,20120601,000000,64.0000000,65.6900000,63.6500000,65.6900000,4.650
19960_090101_130416,D,20120604,000000,65.7100000,65.7100000,62.0000000,62.9700000,4.920
19960_090101_130416,D,20120605,000000,63.9700000,64.6700000,62.4200000,62.9900000,3.950
19960_090101_130416,D,20120606,000000,63.4600000,63.4800000,62.2200000,63.4300000,5.090
19960_090101_130416,D,20120607,000000,63.8700000,63.9900000,62.5000000,63.8800000,8.860
19960_090101_130416,D,20120608,000000,63.5000000,63.9900000,63.0200000,63.5000000,17.900
19960_090101_130416,D,20120609,000000,64.4900000,64.5000000,63.1000000,63.1000000,3.470
19960_090101_130416,D,20120613,000000,63.9500000,63.9500000,62.0600000,63.6800000,15.210
19960_090101_130416,D,20120614,000000,63.4000000,63.8000000,62.4000000,63.0000000,7.070
19960_090101_130416,D,20120615,000000,63.4600000,65.6000000,62.6200000,65.2800000,111.600
19960_090101_130416,D,20120618,000000,65.9000000,65.9100000,64.0000000,64.4000000,4.150
19960_090101_130416,D,20120619,000000,64.3100000,64.9700000,63.6200000,64.2400000,9.750
19960_090101_130416,D,20120620,000000,64.3000000,65.1700000,64.3000000,64.4100000,16.120
19960_090101_130416,D,20120621,000000,64.4000000,64.9000000,64.4000000,64.4000000,1.120
19960_090101_130416,D,20120622,000000,64.0000000,64.7200000,62.9000000,64.6000000,2.450
19960_090101_130416,D,20120625,000000,64.4700000,65.2600000,64.0000000,65.2600000,1.530
19960_090101_130416,D,20120626,000000,65.4500000,66.0000000,65.2500000,65.2500000,12.240
19960_090101_130416,D,20120627,000000,66.3600000,66.3600000,63.0000000,65.5000000,4.590
19960_090101_130416,D,20120628,000000,65.9100000,66.5000000,64.5000000,64.5000000,5.650
19960_090101_130416,D,20120629,000000,65.0100000,66.4000000,64.7500000,66.4000000,28.320
19960_090101_130416,D,20120702,000000,67.6500000,67.7000000,65.4500000,66.1700000,4.590
19960_090101_130416,D,20120703,000000,67.7300000,68.7300000,65.0000000,67.0500000,34.630
19960_090101_130416,D,20120704,000000,67.7200000,67.9100000,65.0000000,65.8700000,41.440
19960_090101_130416,D,20120705,000000,66.0900000,66.5600000,65.0500000,65.2600000,72.040
19960_090101_130416,D,20120706,000000,65.9500000,65.9500000,65.0100000,65.3200000,2.840
19960_090101_130416,D,20120709,000000,65.9700000,65.9700000,61.7500000,62.0200000,42.810
19960_090101_130416,D,20120710,000000,62.5900000,63.4000000,62.3000000,63.3000000,3.680
19960_090101_130416,D,20120711,000000,63.9500000,65.1000000,63.0900000,63.9900000,14.660
19960_090101_130416,D,20120712,000000,63.0300000,63.5000000,62.2200000,62.7300000,1.480
19960_090101_130416,D,20120713,000000,63.1900000,63.8000000,62.4900000,63.3300000,9.860
19960_090101_130416,D,20120716,000000,63.7200000,69.4000000,63.4400000,69.0000000,48.090
19960_090101_130416,D,20120717,000000,67.8000000,70.0000000,67.8000000,69.0000000,12.880
19960_090101_130416,D,20120718,000000,69.0100000,70.5100000,69.0100000,69.5000000,7.480
19960_090101_130416,D,20120719,000000,71.4900000,71.5000000,69.9700000,70.4300000,1.340
19960_090101_130416,D,20120720,000000,69.0000000,71.2200000,69.0000000,69.0000000,12.990
19960_090101_130416,D,20120723,000000,69.2800000,71.5000000,66.1300000,69.8900000,9.300
19960_090101_130416,D,20120724,000000,68.9900000,68.9900000,67.1100000,68.4400000,3.930
19960_090101_130416,D,20120725,000000,66.1200000,68.8000000,66.1200000,68.0000000,16.970
19960_090101_130416,D,20120726,000000,68.5100000,69.9100000,68.5000000,68.7800000,5.110
19960_090101_130416,D,20120727,000000,69.0000000,69.4100000,68.0000000,69.0000000,3.840
19960_090101_130416,D,20120730,000000,74.4400000,74.4400000,68.5800000,69.2000000,1.090
19960_090101_130416,D,20120731,000000,68.0600000,70.0000000,68.0600000,70.0000000,4.680
19960_090101_130416,D,20120801,000000,70.9700000,70.9800000,69.8100000,70.0000000,260
19960_090101_130416,D,20120802,000000,70.0000000,70.0000000,68.4100000,69.4700000,15.030
19960_090101_130416,D,20120803,000000,67.1600000,71.7400000,67.1600000,69.8800000,4.190
19960_090101_130416,D,20120806,000000,73.7700000,73.7700000,68.2900000,69.8400000,33.030
19960_090101_130416,D,20120807,000000,69.1200000,72.3400000,67.5500000,70.0000000,9.670
19960_090101_130416,D,20120808,000000,71.2800000,74.7400000,69.0200000,73.1000000,4.810
19960_090101_130416,D,20120809,000000,74.9800000,74.9800000,72.0500000,72.0500000,10.180
19960_090101_130416,D,20120810,000000,73.9700000,73.9700000,70.0100000,70.9900000,2.340
19960_090101_130416,D,20120813,000000,73.9800000,73.9800000,70.0000000,71.0900000,2.780
19960_090101_130416,D,20120814,000000,69.5100000,74.8700000,69.5100000,72.2800000,109.200
19960_090101_130416,D,20120815,000000,73.0000000,74.9800000,71.5100000,73.1000000,1.180
19960_090101_130416,D,20120816,000000,73.9100000,74.8900000,71.8900000,71.8900000,1.750
19960_090101_130416,D,20120817,000000,72.0100000,72.4400000,70.1100000,71.3500000,54.290
19960_090101_130416,D,20120820,000000,71.9000000,72.9000000,68.1200000,69.6400000,32.590
19960_090101_130416,D,20120821,000000,69.7000000,70.9400000,68.2500000,69.9900000,19.360
19960_090101_130416,D,20120822,000000,69.5300000,70.6600000,69.5000000,70.0000000,1.030
19960_090101_130416,D,20120823,000000,71.9400000,71.9400000,70.4500000,70.4500000,450
19960_090101_130416,D,20120824,000000,71.4900000,71.4900000,70.0000000,70.6700000,640
19960_090101_130416,D,20120827,000000,72.0900000,72.0900000,69.0300000,70.3400000,2.190
19960_090101_130416,D,20120828,000000,71.4900000,71.4900000,69.0200000,69.8500000,780
19960_090101_130416,D,20120829,000000,72.0000000,72.0000000,68.5600000,69.0000000,4.380
19960_090101_130416,D,20120830,000000,69.9400000,69.9900000,69.2000000,69.7300000,17.420
19960_090101_130416,D,20120831,000000,69.9800000,72.0000000,69.9800000,71.0000000,2.410
19960_090101_130416,D,20120903,000000,71.9000000,73.4000000,71.9000000,72.0000000,8.760
19960_090101_130416,D,20120904,000000,73.3900000,73.3900000,71.0100000,72.2500000,2.510
19960_090101_130416,D,20120905,000000,73.4000000,73.4000000,71.0000000,73.2100000,6.380
19960_090101_130416,D,20120906,000000,73.4600000,73.4800000,72.0500000,72.3000000,4.880
19960_090101_130416,D,20120907,000000,69.2900000,73.4900000,69.2900000,72.0500000,250
19960_090101_130416,D,20120910,000000,72.9900000,73.3900000,71.1900000,71.5000000,1.400
19960_090101_130416,D,20120911,000000,70.5400000,72.5000000,70.5400000,72.3000000,16.310
19960_090101_130416,D,20120912,000000,72.9900000,75.7000000,72.9800000,74.6900000,46.530
19960_090101_130416,D,20120913,000000,74.7000000,76.5000000,73.9000000,76.0000000,87.220
19960_090101_130416,D,20120914,000000,76.5200000,79.8300000,75.0100000,79.0000000,127.740
19960_090101_130416,D,20120917,000000,79.9100000,80.0000000,76.5100000,78.9900000,9.530
19960_090101_130416,D,20120918,000000,79.0000000,79.5000000,75.2900000,77.0000000,11.780
19960_090101_130416,D,20120919,000000,80.0000000,80.0000000,76.0000000,77.0000000,6.980
19960_090101_130416,D,20120920,000000,77.0100000,77.5000000,74.6000000,76.5000000,15.940
19960_090101_130416,D,20120921,000000,77.9600000,77.9600000,76.3100000,76.3100000,820
19960_090101_130416,D,20120924,000000,76.9700000,79.8400000,75.9900000,77.7500000,21.100
19960_090101_130416,D,20120925,000000,79.7800000,81.2400000,78.0000000,80.5000000,33.650
19960_090101_130416,D,20120926,000000,80.3900000,85.8800000,80.3600000,84.2600000,110.990
19960_090101_130416,D,20120927,000000,81.7900000,84.5000000,81.5000000,83.9000000,45.940
19960_090101_130416,D,20120928,000000,84.4800000,84.7900000,83.4000000,84.6300000,15.300
19960_090101_130416,D,20121001,000000,84.8000000,84.8000000,84.2500000,84.2500000,3.170
19960_090101_130416,D,20121002,000000,84.8100000,84.8100000,83.8300000,84.4400000,400
19960_090101_130416,D,20121003,000000,83.0200000,84.6500000,83.0200000,84.0000000,3.740
19960_090101_130416,D,20121004,000000,80.4700000,84.4100000,80.4700000,83.9300000,3.600
19960_090101_130416,D,20121005,000000,84.1800000,87.5000000,83.1200000,86.2500000,7.420
19960_090101_130416,D,20121008,000000,86.3000000,87.0900000,83.7800000,83.7800000,11.550
19960_090101_130416,D,20121009,000000,86.0400000,86.0400000,83.7500000,84.2100000,13.690
19960_090101_130416,D,20121010,000000,82.9800000,84.9500000,82.9800000,84.1000000,2.020
19960_090101_130416,D,20121011,000000,84.1500000,84.9300000,83.7500000,83.7500000,3.250
19960_090101_130416,D,20121012,000000,82.5000000,85.5000000,82.5000000,84.0000000,3.870
19960_090101_130416,D,20121015,000000,82.8000000,85.5000000,80.2600000,84.5000000,9.600
19960_090101_130416,D,20121016,000000,81.0200000,84.8100000,81.0200000,82.3600000,3.460
19960_090101_130416,D,20121017,000000,82.0000000,85.9700000,82.0000000,85.0000000,11.200
19960_090101_130416,D,20121018,000000,85.6100000,85.9800000,84.2300000,84.2300000,2.140
19960_090101_130416,D,20121019,000000,85.6200000,86.5000000,83.0000000,84.9000000,2.940
19960_090101_130416,D,20121022,000000,86.4500000,86.4500000,82.9700000,84.5900000,4.410
19960_090101_130416,D,20121023,000000,84.7500000,84.7500000,81.0000000,83.0000000,6.630
19960_090101_130416,D,20121024,000000,83.0000000,86.4100000,80.5900000,84.6500000,5.660
19960_090101_130416,D,20121025,000000,84.3800000,85.0000000,84.3800000,85.0000000,2.300
19960_090101_130416,D,20121026,000000,85.0000000,89.8000000,85.0000000,88.0000000,53.720
19960_090101_130416,D,20121029,000000,86.6000000,86.6800000,85.0100000,85.7100000,4.980
19960_090101_130416,D,20121030,000000,85.2100000,86.9700000,85.0000000,86.0000000,15.980
19960_090101_130416,D,20121031,000000,84.7800000,86.3800000,84.7700000,85.0000000,5.570
19960_090101_130416,D,20121101,000000,86.2100000,89.0000000,84.7000000,84.7000000,7.300
19960_090101_130416,D,20121102,000000,84.7400000,86.2400000,84.7300000,86.2400000,5.720
19960_090101_130416,D,20121106,000000,86.9400000,88.8000000,85.3100000,87.1900000,1.660
19960_090101_130416,D,20121107,000000,85.8900000,86.2000000,85.0000000,85.0000000,5.190
19960_090101_130416,D,20121108,000000,86.5000000,86.8800000,85.1900000,85.5000000,42.000
19960_090101_130416,D,20121109,000000,85.0000000,85.7500000,85.0000000,85.0000000,3.210
19960_090101_130416,D,20121112,000000,86.9700000,86.9700000,84.5500000,84.5500000,370
19960_090101_130416,D,20121113,000000,85.6000000,85.6000000,83.3900000,85.6000000,13.470
19960_090101_130416,D,20121114,000000,84.2300000,88.3300000,84.2300000,84.9800000,1.080
19960_090101_130416,D,20121115,000000,84.2300000,85.0000000,84.2300000,85.0000000,14.310
19960_090101_130416,D,20121116,000000,85.0000000,85.0000000,84.4000000,84.4000000,2.750
19960_090101_130416,D,20121119,000000,84.2300000,84.5600000,82.6700000,83.5000000,4.940
19960_090101_130416,D,20121120,000000,83.9100000,85.9900000,80.2000000,83.5500000,18.510
19960_090101_130416,D,20121121,000000,83.4800000,83.5800000,80.0100000,81.6800000,5.130
19960_090101_130416,D,20121122,000000,81.7700000,84.2300000,81.7700000,82.3000000,1.720
19960_090101_130416,D,20121123,000000,82.6000000,82.6000000,80.9000000,81.0100000,6.500
19960_090101_130416,D,20121126,000000,81.0000000,81.6000000,80.0400000,80.0400000,10.320
19960_090101_130416,D,20121127,000000,80.0000000,80.8000000,80.0000000,80.5000000,5.190
19960_090101_130416,D,20121128,000000,81.0000000,81.0000000,78.0500000,80.2000000,740
19960_090101_130416,D,20121129,000000,80.7000000,80.9900000,78.8900000,80.9800000,8.420
19960_090101_130416,D,20121130,000000,81.0100000,82.0000000,80.4000000,82.0000000,1.150
19960_090101_130416,D,20121203,000000,81.3300000,81.3300000,80.7000000,81.3300000,3.060
19960_090101_130416,D,20121204,000000,81.6500000,82.0000000,80.0600000,80.0600000,2.640
19960_090101_130416,D,20121205,000000,81.0200000,81.3000000,80.9100000,81.0000000,1.170
19960_090101_130416,D,20121206,000000,80.7000000,80.7000000,78.0000000,80.6900000,1.230
19960_090101_130416,D,20121207,000000,80.0800000,81.9900000,76.6600000,80.0000000,5.290
19960_090101_130416,D,20121210,000000,80.0800000,80.0800000,78.6600000,79.0000000,640
19960_090101_130416,D,20121211,000000,78.9000000,79.7400000,78.0000000,79.1100000,12.570
19960_090101_130416,D,20121212,000000,79.4800000,79.7000000,78.7000000,79.0900000,1.400
19960_090101_130416,D,20121213,000000,78.7100000,78.8200000,75.0000000,78.1400000,8.500
19960_090101_130416,D,20121214,000000,78.0400000,81.0000000,78.0100000,80.3900000,18.100
19960_090101_130416,D,20121217,000000,80.7000000,88.6000000,78.8900000,79.1900000,10.710
19960_090101_130416,D,20121218,000000,79.0100000,79.8000000,78.0900000,79.1800000,1.860
19960_090101_130416,D,20121219,000000,79.1900000,81.0500000,78.0900000,79.1100000,4.250
19960_090101_130416,D,20121220,000000,78.5300000,78.9000000,75.5800000,78.5100000,3.700
19960_090101_130416,D,20121221,000000,78.9900000,78.9900000,77.7100000,77.7900000,1.820
19960_090101_130416,D,20121224,000000,78.9700000,78.9700000,76.4500000,77.3000000,5.290
19960_090101_130416,D,20121225,000000,77.4400000,85.0000000,76.5100000,78.2400000,94.900
19960_090101_130416,D,20121226,000000,78.8700000,82.9900000,77.4200000,79.8100000,140.800
19960_090101_130416,D,20121227,000000,77.5100000,81.4100000,75.7700000,79.5100000,4.520
19960_090101_130416,D,20121228,000000,81.4300000,84.9900000,77.1000000,82.4900000,65.630
19960_090101_130416,D,20130108,000000,79.5200000,83.3300000,79.5200000,82.8200000,540
19960_090101_130416,D,20130109,000000,80.0800000,82.0100000,80.0800000,81.6500000,1.120
19960_090101_130416,D,20130110,000000,81.3300000,85.0000000,80.1100000,82.5000000,4.530
19960_090101_130416,D,20130111,000000,82.5000000,86.0000000,82.5000000,83.9000000,4.130
19960_090101_130416,D,20130114,000000,83.2800000,88.7800000,83.1000000,86.8800000,8.600
19960_090101_130416,D,20130115,000000,86.0000000,86.0000000,85.7000000,85.7000000,1.530
19960_090101_130416,D,20130116,000000,84.2400000,85.9000000,83.9200000,84.5500000,1.400
19960_090101_130416,D,20130117,000000,83.9200000,86.4900000,83.9200000,86.0900000,13.390
19960_090101_130416,D,20130118,000000,86.5000000,89.6200000,86.0000000,86.0000000,8.250
19960_090101_130416,D,20130121,000000,86.3500000,88.9700000,86.1000000,86.2200000,2.540
19960_090101_130416,D,20130122,000000,86.9800000,87.0100000,86.0000000,86.2300000,12.040
19960_090101_130416,D,20130123,000000,86.9700000,87.8800000,86.0000000,86.4400000,860
19960_090101_130416,D,20130124,000000,86.9400000,86.9400000,85.8000000,86.3700000,890
19960_090101_130416,D,20130125,000000,85.8100000,86.3900000,85.8000000,86.3700000,1.030
19960_090101_130416,D,20130128,000000,87.3000000,87.5000000,85.5300000,86.3700000,360
19960_090101_130416,D,20130129,000000,86.4100000,86.4100000,80.1300000,86.0000000,62.130
19960_090101_130416,D,20130130,000000,86.5000000,87.7000000,86.0000000,86.1900000,1.840
19960_090101_130416,D,20130131,000000,85.7600000,85.7600000,84.0000000,84.5500000,2.860
19960_090101_130416,D,20130201,000000,84.5500000,86.3100000,84.5500000,85.9900000,4.180
19960_090101_130416,D,20130204,000000,85.7000000,86.0000000,85.5000000,85.5000000,9.540
19960_090101_130416,D,20130205,000000,85.5000000,85.9700000,84.5000000,85.5500000,4.770
19960_090101_130416,D,20130206,000000,86.0000000,87.3000000,84.6100000,85.0000000,10.390
19960_090101_130416,D,20130207,000000,85.0100000,85.5000000,84.5600000,85.3700000,7.370
19960_090101_130416,D,20130208,000000,85.0000000,85.3700000,85.0000000,85.3700000,12.280
19960_090101_130416,D,20130211,000000,85.3000000,86.2200000,85.3000000,86.0000000,1.970
19960_090101_130416,D,20130212,000000,85.8600000,86.2000000,85.3000000,86.2000000,8.360
19960_090101_130416,D,20130213,000000,86.4700000,87.5900000,85.3000000,87.0000000,1.900
19960_090101_130416,D,20130214,000000,87.9900000,89.0000000,86.1600000,86.2300000,90
19960_090101_130416,D,20130215,000000,86.0100000,86.0100000,83.5700000,85.0000000,3.100
19960_090101_130416,D,20130218,000000,86.5600000,88.3300000,83.5100000,84.9900000,1.330
19960_090101_130416,D,20130219,000000,85.2900000,85.2900000,85.1300000,85.1300000,320
19960_090101_130416,D,20130220,000000,85.0000000,85.1300000,84.0100000,85.0000000,5.300
19960_090101_130416,D,20130221,000000,85.0000000,85.2000000,83.0000000,84.8600000,5.360
19960_090101_130416,D,20130222,000000,85.0800000,85.9900000,84.9900000,85.3700000,6.360
19960_090101_130416,D,20130225,000000,85.5600000,85.8500000,85.0000000,85.4800000,1.580
19960_090101_130416,D,20130226,000000,85.1200000,85.1200000,85.0000000,85.0000000,6.280
19960_090101_130416,D,20130227,000000,85.0600000,85.3500000,84.8800000,85.3500000,15.430
19960_090101_130416,D,20130228,000000,85.5400000,85.5400000,85.0000000,85.1000000,5.650
19960_090101_130416,D,20130301,000000,85.1500000,87.8900000,85.0000000,87.8900000,7.670
19960_090101_130416,D,20130304,000000,87.1500000,87.2000000,85.9900000,86.2500000,14.660
19960_090101_130416,D,20130305,000000,86.3700000,86.4500000,86.0000000,86.4500000,2.940
19960_090101_130416,D,20130306,000000,86.1600000,87.0300000,86.1600000,87.0300000,3.010
19960_090101_130416,D,20130307,000000,86.2300000,86.6500000,86.0000000,86.5100000,3.180
19960_090101_130416,D,20130311,000000,87.0000000,87.4800000,87.0000000,87.3000000,350
19960_090101_130416,D,20130312,000000,86.9300000,87.0000000,86.9300000,86.9300000,3.620
19960_090101_130416,D,20130313,000000,86.6100000,87.3400000,86.6000000,87.3400000,1.930
19960_090101_130416,D,20130314,000000,86.8900000,88.9700000,86.8900000,87.5000000,2.730
19960_090101_130416,D,20130315,000000,87.3800000,88.0000000,87.3000000,87.9900000,350
19960_090101_130416,D,20130318,000000,87.9900000,87.9900000,86.0200000,87.2000000,12.420
19960_090101_130416,D,20130319,000000,87.0100000,87.1800000,87.0000000,87.0000000,32.320
19960_090101_130416,D,20130320,000000,87.0100000,93.0000000,87.0000000,92.8000000,44.760
19960_090101_130416,D,20130321,000000,89.9000000,97.3400000,89.9000000,95.7100000,33.430
19960_090101_130416,D,20130322,000000,97.2500000,97.2500000,95.7000000,95.7100000,10.170
19960_090101_130416,D,20130325,000000,95.2600000,95.5700000,95.2500000,95.2500000,18.190
19960_090101_130416,D,20130326,000000,95.9500000,95.9500000,88.6600000,95.5100000,26.890
19960_090101_130416,D,20130327,000000,95.5100000,95.5100000,95.5000000,95.5000000,5.140
19960_090101_130416,D,20130328,000000,96.0000000,96.4000000,90.4000000,96.0000000,29.750
19960_090101_130416,D,20130329,000000,96.0000000,96.1000000,95.0200000,95.0200000,7.130
19960_090101_130416,D,20130401,000000,96.0000000,96.0200000,96.0000000,96.0000000,3.910
19960_090101_130416,D,20130402,000000,96.3100000,101.8000000,96.3000000,101.5100000,32.590
19960_090101_130416,D,20130403,000000,100.0900000,103.6500000,99.6200000,102.0000000,9.860
