<TICKER>,<PER>,<DATE>,<TIME>,<OPEN>,<HIGH>,<LOW>,<CLOSE>,<VOL>
20030_090101_130416,D,20090111,000000,0.0810000,0.0970000,0.0630000,0.0970000,4.900
20030_090101_130416,D,20090112,000000,0.0890000,0.0890000,0.0890000,0.0890000,100
20030_090101_130416,D,20090113,000000,0.0900000,0.0900000,0.0900000,0.0900000,700
20030_090101_130416,D,20090114,000000,0.0670000,0.0750000,0.0670000,0.0750000,50.900
20030_090101_130416,D,20090115,000000,0.0710000,0.0850000,0.0690000,0.0750000,54.700
20030_090101_130416,D,20090119,000000,0.0870000,0.0870000,0.0870000,0.0870000,100
20030_090101_130416,D,20090121,000000,0.0530000,0.0750000,0.0530000,0.0750000,55.300
20030_090101_130416,D,20090122,000000,0.0810000,0.0820000,0.0810000,0.0820000,1.000
20030_090101_130416,D,20090205,000000,0.0830000,0.0830000,0.0490000,0.0750000,3.800
20030_090101_130416,D,20090209,000000,0.0700000,0.0820000,0.0700000,0.0820000,1.100
20030_090101_130416,D,20090213,000000,0.0860000,0.1150000,0.0510000,0.0960000,64.200
20030_090101_130416,D,20090216,000000,0.1360000,0.1360000,0.1330000,0.1330000,21.200
20030_090101_130416,D,20090217,000000,0.1830000,0.1840000,0.1830000,0.1840000,1.000
20030_090101_130416,D,20090218,000000,0.2300000,0.2300000,0.1100000,0.1550000,332.600
20030_090101_130416,D,20090219,000000,0.1690000,0.1800000,0.1300000,0.1800000,410.900
20030_090101_130416,D,20090220,000000,0.1700000,0.1800000,0.1080000,0.1600000,72.400
20030_090101_130416,D,20090224,000000,0.1600000,0.2200000,0.1100000,0.1540000,5.600
20030_090101_130416,D,20090225,000000,0.2000000,0.2000000,0.2000000,0.2000000,100
20030_090101_130416,D,20090226,000000,0.1780000,0.1880000,0.1200000,0.1350000,474.700
20030_090101_130416,D,20090227,000000,0.1360000,0.1390000,0.1200000,0.1390000,300
20030_090101_130416,D,20090302,000000,0.1200000,0.1370000,0.1090000,0.1190000,224.100
20030_090101_130416,D,20090303,000000,0.1290000,0.1290000,0.1090000,0.1290000,2.400
20030_090101_130416,D,20090304,000000,0.1090000,0.1290000,0.1090000,0.1290000,500
20030_090101_130416,D,20090305,000000,0.1230000,0.1300000,0.1230000,0.1300000,18.900
20030_090101_130416,D,20090306,000000,0.1300000,0.1300000,0.1110000,0.1290000,4.400
20030_090101_130416,D,20090310,000000,0.1100000,0.1300000,0.1100000,0.1270000,132.500
20030_090101_130416,D,20090311,000000,0.1110000,0.1270000,0.1110000,0.1270000,36.700
20030_090101_130416,D,20090312,000000,0.1140000,0.1300000,0.1140000,0.1300000,200
20030_090101_130416,D,20090313,000000,0.1120000,0.1250000,0.1120000,0.1250000,21.600
20030_090101_130416,D,20090316,000000,0.1300000,0.1300000,0.1160000,0.1160000,200
20030_090101_130416,D,20090317,000000,0.1280000,0.1280000,0.1280000,0.1280000,100
20030_090101_130416,D,20090318,000000,0.1160000,0.1230000,0.1150000,0.1230000,47.700
20030_090101_130416,D,20090319,000000,0.1190000,0.1190000,0.1190000,0.1190000,300
20030_090101_130416,D,20090320,000000,0.1200000,0.1230000,0.1100000,0.1230000,59.800
20030_090101_130416,D,20090323,000000,0.1200000,0.1250000,0.1200000,0.1250000,41.000
20030_090101_130416,D,20090324,000000,0.1200000,0.1200000,0.1180000,0.1200000,40.900
20030_090101_130416,D,20090325,000000,0.1190000,0.1220000,0.1180000,0.1190000,123.500
20030_090101_130416,D,20090326,000000,0.1320000,0.1320000,0.1140000,0.1200000,90.800
20030_090101_130416,D,20090327,000000,0.1220000,0.1220000,0.1170000,0.1200000,8.400
20030_090101_130416,D,20090330,000000,0.1280000,0.1280000,0.1220000,0.1220000,30.000
20030_090101_130416,D,20090331,000000,0.1140000,0.1230000,0.1140000,0.1230000,66.000
20030_090101_130416,D,20090401,000000,0.1220000,0.1230000,0.1200000,0.1220000,149.800
20030_090101_130416,D,20090402,000000,0.1190000,0.1270000,0.1150000,0.1260000,548.300
20030_090101_130416,D,20090403,000000,0.1130000,0.1350000,0.1080000,0.1350000,115.100
20030_090101_130416,D,20090406,000000,0.1210000,0.1440000,0.1210000,0.1410000,17.500
20030_090101_130416,D,20090407,000000,0.1570000,0.1570000,0.1250000,0.1270000,220.700
20030_090101_130416,D,20090408,000000,0.1430000,0.1430000,0.1430000,0.1430000,100
20030_090101_130416,D,20090409,000000,0.1380000,0.1580000,0.1280000,0.1570000,163.500
20030_090101_130416,D,20090410,000000,0.1630000,0.2000000,0.1630000,0.1660000,199.700
20030_090101_130416,D,20090413,000000,0.1690000,0.1750000,0.1520000,0.1750000,58.100
20030_090101_130416,D,20090414,000000,0.1990000,0.1990000,0.1650000,0.1650000,46.200
20030_090101_130416,D,20090415,000000,0.1870000,0.2000000,0.1510000,0.1650000,164.700
20030_090101_130416,D,20090416,000000,0.1780000,0.1780000,0.1400000,0.1650000,165.500
20030_090101_130416,D,20090417,000000,0.1700000,0.1700000,0.1530000,0.1660000,162.200
20030_090101_130416,D,20090420,000000,0.1490000,0.1710000,0.1480000,0.1550000,156.400
20030_090101_130416,D,20090421,000000,0.1550000,0.1820000,0.1550000,0.1720000,61.700
20030_090101_130416,D,20090422,000000,0.1700000,0.1700000,0.1700000,0.1700000,5.000
20030_090101_130416,D,20090423,000000,0.1540000,0.1800000,0.1540000,0.1640000,185.200
20030_090101_130416,D,20090424,000000,0.1700000,0.1790000,0.1700000,0.1750000,14.100
20030_090101_130416,D,20090427,000000,0.1700000,0.1700000,0.1700000,0.1700000,25.000
20030_090101_130416,D,20090428,000000,0.1950000,0.1950000,0.1700000,0.1700000,30.100
20030_090101_130416,D,20090429,000000,0.1530000,0.1690000,0.1520000,0.1690000,211.000
20030_090101_130416,D,20090430,000000,0.1550000,0.1680000,0.1520000,0.1570000,252.200
20030_090101_130416,D,20090504,000000,0.1570000,0.1680000,0.1550000,0.1680000,55.700
20030_090101_130416,D,20090505,000000,0.1700000,0.2150000,0.1520000,0.1750000,280.600
20030_090101_130416,D,20090506,000000,0.1700000,0.1700000,0.1580000,0.1650000,28.100
20030_090101_130416,D,20090507,000000,0.1770000,0.1980000,0.1540000,0.1550000,666.900
20030_090101_130416,D,20090508,000000,0.1710000,0.1710000,0.1570000,0.1570000,1.000
20030_090101_130416,D,20090512,000000,0.1560000,0.1670000,0.1560000,0.1670000,54.100
20030_090101_130416,D,20090513,000000,0.1840000,0.1840000,0.1680000,0.1680000,57.000
20030_090101_130416,D,20090514,000000,0.1700000,0.1750000,0.1570000,0.1570000,62.400
20030_090101_130416,D,20090515,000000,0.1500000,0.1760000,0.1500000,0.1670000,595.900
20030_090101_130416,D,20090518,000000,0.1730000,0.1730000,0.1680000,0.1680000,13.000
20030_090101_130416,D,20090519,000000,0.1580000,0.1690000,0.1580000,0.1690000,200
20030_090101_130416,D,20090520,000000,0.1750000,0.1750000,0.1540000,0.1690000,21.200
20030_090101_130416,D,20090522,000000,0.1590000,0.1660000,0.1590000,0.1660000,90.800
20030_090101_130416,D,20090525,000000,0.1640000,0.1650000,0.1640000,0.1650000,3.100
20030_090101_130416,D,20090526,000000,0.1600000,0.1600000,0.1590000,0.1600000,64.300
20030_090101_130416,D,20090527,000000,0.1580000,0.1580000,0.1570000,0.1580000,3.100
20030_090101_130416,D,20090528,000000,0.1570000,0.1660000,0.1570000,0.1660000,7.500
20030_090101_130416,D,20090602,000000,0.1580000,0.1580000,0.1510000,0.1560000,283.200
20030_090101_130416,D,20090603,000000,0.1550000,0.1550000,0.1520000,0.1520000,68.700
20030_090101_130416,D,20090604,000000,0.1520000,0.1640000,0.1520000,0.1570000,101.400
20030_090101_130416,D,20090605,000000,0.1580000,0.1600000,0.1550000,0.1550000,121.000
20030_090101_130416,D,20090608,000000,0.1280000,0.1740000,0.1280000,0.1700000,391.100
20030_090101_130416,D,20090609,000000,0.1730000,0.1880000,0.1600000,0.1790000,51.100
20030_090101_130416,D,20090610,000000,0.1780000,0.1780000,0.1550000,0.1710000,23.400
20030_090101_130416,D,20090611,000000,0.1830000,0.1830000,0.1830000,0.1830000,100
20030_090101_130416,D,20090616,000000,0.1560000,0.1660000,0.1550000,0.1660000,286.200
20030_090101_130416,D,20090617,000000,0.1550000,0.1660000,0.1000000,0.1470000,672.500
20030_090101_130416,D,20090618,000000,0.1270000,0.1620000,0.1270000,0.1600000,445.200
20030_090101_130416,D,20090619,000000,0.1550000,0.1590000,0.1430000,0.1570000,96.400
20030_090101_130416,D,20090622,000000,0.1540000,0.1560000,0.1340000,0.1560000,5.300
20030_090101_130416,D,20090623,000000,0.1120000,0.1750000,0.1120000,0.1750000,63.400
20030_090101_130416,D,20090624,000000,0.1300000,0.1730000,0.1240000,0.1720000,186.100
20030_090101_130416,D,20090625,000000,0.1410000,0.1710000,0.1280000,0.1630000,41.400
20030_090101_130416,D,20090626,000000,0.1590000,0.1590000,0.1590000,0.1590000,100
20030_090101_130416,D,20090629,000000,0.1630000,0.1650000,0.1310000,0.1600000,30.700
20030_090101_130416,D,20090701,000000,0.1300000,0.1610000,0.1300000,0.1610000,10.200
20030_090101_130416,D,20090702,000000,0.1310000,0.1600000,0.1310000,0.1600000,149.700
20030_090101_130416,D,20090703,000000,0.1330000,0.1540000,0.1330000,0.1540000,200
20030_090101_130416,D,20090706,000000,0.1310000,0.1480000,0.1300000,0.1480000,39.500
20030_090101_130416,D,20090707,000000,0.1530000,0.1530000,0.1530000,0.1530000,100
20030_090101_130416,D,20090708,000000,0.1480000,0.1480000,0.1250000,0.1470000,1.400
20030_090101_130416,D,20090709,000000,0.1120000,0.1380000,0.1110000,0.1380000,130.200
20030_090101_130416,D,20090710,000000,0.1120000,0.1370000,0.1120000,0.1370000,36.700
20030_090101_130416,D,20090713,000000,0.1170000,0.1240000,0.1170000,0.1240000,87.000
20030_090101_130416,D,20090717,000000,0.1450000,0.1450000,0.1450000,0.1450000,1.000
20030_090101_130416,D,20090720,000000,0.1380000,0.1380000,0.1180000,0.1340000,1.400
20030_090101_130416,D,20090721,000000,0.1210000,0.1370000,0.1210000,0.1370000,141.000
20030_090101_130416,D,20090723,000000,0.1430000,0.1430000,0.1430000,0.1430000,16.200
20030_090101_130416,D,20090724,000000,0.1390000,0.1390000,0.1280000,0.1380000,12.600
20030_090101_130416,D,20090727,000000,0.1500000,0.1570000,0.1500000,0.1570000,300
20030_090101_130416,D,20090728,000000,0.1570000,0.1610000,0.1210000,0.1520000,82.900
20030_090101_130416,D,20090729,000000,0.1230000,0.1480000,0.1210000,0.1480000,30.200
20030_090101_130416,D,20090730,000000,0.1300000,0.1450000,0.1300000,0.1310000,8.600
20030_090101_130416,D,20090731,000000,0.1430000,0.1430000,0.1430000,0.1430000,200
20030_090101_130416,D,20090807,000000,0.1260000,0.1400000,0.1260000,0.1400000,292.000
20030_090101_130416,D,20090810,000000,0.1300000,0.1320000,0.1260000,0.1320000,1.526.800
20030_090101_130416,D,20090811,000000,0.1280000,0.1340000,0.1250000,0.1340000,9.800
20030_090101_130416,D,20090812,000000,0.1420000,0.1420000,0.1420000,0.1420000,300
20030_090101_130416,D,20090813,000000,0.1230000,0.1380000,0.1220000,0.1380000,153.600
20030_090101_130416,D,20090814,000000,0.1210000,0.1400000,0.1210000,0.1400000,4.500
20030_090101_130416,D,20090817,000000,0.1390000,0.1400000,0.1390000,0.1400000,14.400
20030_090101_130416,D,20090819,000000,0.1070000,0.1390000,0.1070000,0.1390000,200
20030_090101_130416,D,20090820,000000,0.1360000,0.1360000,0.1180000,0.1350000,2.000
20030_090101_130416,D,20090824,000000,0.1180000,0.1380000,0.1180000,0.1380000,285.600
20030_090101_130416,D,20090825,000000,0.1220000,0.1910000,0.1220000,0.1550000,1.301.900
20030_090101_130416,D,20090826,000000,0.1700000,0.1700000,0.1500000,0.1500000,232.100
20030_090101_130416,D,20090827,000000,0.1350000,0.1840000,0.1250000,0.1370000,858.800
20030_090101_130416,D,20090828,000000,0.1460000,0.1460000,0.1300000,0.1380000,120.500
20030_090101_130416,D,20090831,000000,0.1300000,0.1600000,0.0850000,0.1320000,10.176.300
20030_090101_130416,D,20090901,000000,0.1370000,0.1380000,0.1260000,0.1260000,310.700
20030_090101_130416,D,20090902,000000,0.1320000,0.1320000,0.1220000,0.1250000,588.500
20030_090101_130416,D,20090903,000000,0.1330000,0.1330000,0.1210000,0.1260000,31.200
20030_090101_130416,D,20090904,000000,0.1270000,0.1270000,0.1270000,0.1270000,1.100
20030_090101_130416,D,20090907,000000,0.1280000,0.1310000,0.1260000,0.1270000,37.000
20030_090101_130416,D,20090908,000000,0.1280000,0.1280000,0.1240000,0.1270000,180.100
20030_090101_130416,D,20090909,000000,0.1360000,0.1360000,0.1210000,0.1280000,400
20030_090101_130416,D,20090910,000000,0.1380000,0.1380000,0.1150000,0.1270000,138.500
20030_090101_130416,D,20090911,000000,0.1270000,0.1360000,0.1270000,0.1360000,552.000
20030_090101_130416,D,20090914,000000,0.1350000,0.1350000,0.1230000,0.1300000,302.100
20030_090101_130416,D,20090915,000000,0.1370000,0.1370000,0.1300000,0.1320000,1.050.500
20030_090101_130416,D,20090916,000000,0.1380000,0.1400000,0.1300000,0.1320000,186.600
20030_090101_130416,D,20090917,000000,0.1360000,0.1360000,0.1250000,0.1310000,308.000
20030_090101_130416,D,20090918,000000,0.1390000,0.1390000,0.1270000,0.1310000,173.500
20030_090101_130416,D,20090921,000000,0.1260000,0.1280000,0.1220000,0.1280000,106.100
20030_090101_130416,D,20090922,000000,0.1250000,0.1380000,0.1250000,0.1380000,262.300
20030_090101_130416,D,20090923,000000,0.1430000,0.1430000,0.1340000,0.1350000,30.200
20030_090101_130416,D,20090924,000000,0.1360000,0.1360000,0.1340000,0.1350000,42.900
20030_090101_130416,D,20090925,000000,0.1430000,0.1430000,0.1430000,0.1430000,100
20030_090101_130416,D,20090928,000000,0.1370000,0.1370000,0.1300000,0.1360000,115.300
20030_090101_130416,D,20090929,000000,0.1360000,0.1360000,0.1350000,0.1360000,43.600
20030_090101_130416,D,20090930,000000,0.1360000,0.1440000,0.1320000,0.1410000,554.100
20030_090101_130416,D,20091001,000000,0.1390000,0.1430000,0.1390000,0.1430000,35.400
20030_090101_130416,D,20091005,000000,0.1420000,0.1420000,0.1340000,0.1420000,21.700
20030_090101_130416,D,20091006,000000,0.1310000,0.1420000,0.1310000,0.1420000,135.700
20030_090101_130416,D,20091007,000000,0.1390000,0.1390000,0.1390000,0.1390000,3.000
20030_090101_130416,D,20091008,000000,0.1430000,0.1580000,0.1430000,0.1430000,830.300
20030_090101_130416,D,20091009,000000,0.1500000,0.1500000,0.1440000,0.1480000,249.000
20030_090101_130416,D,20091012,000000,0.1500000,0.1500000,0.1440000,0.1490000,62.900
20030_090101_130416,D,20091013,000000,0.1450000,0.1490000,0.1450000,0.1490000,147.000
20030_090101_130416,D,20091014,000000,0.1420000,0.1490000,0.1340000,0.1460000,953.400
20030_090101_130416,D,20091015,000000,0.1470000,0.1490000,0.1410000,0.1470000,44.800
20030_090101_130416,D,20091016,000000,0.1490000,0.1490000,0.1470000,0.1470000,25.300
20030_090101_130416,D,20091019,000000,0.1520000,0.1520000,0.1500000,0.1520000,189.400
20030_090101_130416,D,20091020,000000,0.1520000,0.1590000,0.1460000,0.1500000,216.400
20030_090101_130416,D,20091021,000000,0.1530000,0.1530000,0.1490000,0.1520000,25.900
20030_090101_130416,D,20091022,000000,0.1530000,0.1530000,0.1410000,0.1480000,86.200
20030_090101_130416,D,20091023,000000,0.1530000,0.1540000,0.1460000,0.1520000,731.500
20030_090101_130416,D,20091026,000000,0.1540000,0.1540000,0.1410000,0.1490000,279.900
20030_090101_130416,D,20091027,000000,0.1550000,0.1550000,0.1440000,0.1500000,1.500
20030_090101_130416,D,20091028,000000,0.1500000,0.1520000,0.1450000,0.1470000,316.500
20030_090101_130416,D,20091029,000000,0.1400000,0.1460000,0.1360000,0.1450000,231.000
20030_090101_130416,D,20091030,000000,0.1460000,0.1540000,0.1370000,0.1440000,203.400
20030_090101_130416,D,20091102,000000,0.1480000,0.1480000,0.1330000,0.1420000,236.500
20030_090101_130416,D,20091103,000000,0.1380000,0.1510000,0.1330000,0.1510000,603.100
20030_090101_130416,D,20091105,000000,0.1540000,0.1540000,0.1440000,0.1500000,41.200
20030_090101_130416,D,20091106,000000,0.1460000,0.1460000,0.1430000,0.1460000,14.800
20030_090101_130416,D,20091109,000000,0.1490000,0.1490000,0.1450000,0.1460000,4.800
20030_090101_130416,D,20091110,000000,0.1490000,0.1490000,0.1410000,0.1490000,23.000
20030_090101_130416,D,20091111,000000,0.1490000,0.1490000,0.1420000,0.1490000,17.000
20030_090101_130416,D,20091112,000000,0.1490000,0.1490000,0.1420000,0.1420000,10.700
20030_090101_130416,D,20091113,000000,0.1470000,0.1470000,0.1210000,0.1440000,480.200
20030_090101_130416,D,20091116,000000,0.1500000,0.1500000,0.1450000,0.1470000,250.100
20030_090101_130416,D,20091117,000000,0.1520000,0.1520000,0.1400000,0.1470000,55.800
20030_090101_130416,D,20091118,000000,0.1410000,0.1460000,0.1410000,0.1460000,18.600
20030_090101_130416,D,20091119,000000,0.1400000,0.1410000,0.1300000,0.1410000,272.200
20030_090101_130416,D,20091120,000000,0.1410000,0.1420000,0.1410000,0.1420000,21.000
20030_090101_130416,D,20091123,000000,0.1460000,0.1460000,0.1340000,0.1430000,560.800
20030_090101_130416,D,20091124,000000,0.1430000,0.1430000,0.1370000,0.1420000,5.300
20030_090101_130416,D,20091125,000000,0.1420000,0.1470000,0.1400000,0.1400000,12.600
20030_090101_130416,D,20091126,000000,0.1420000,0.1420000,0.1420000,0.1420000,100
20030_090101_130416,D,20091127,000000,0.1420000,0.1420000,0.1420000,0.1420000,49.200
20030_090101_130416,D,20091130,000000,0.1440000,0.1440000,0.1420000,0.1420000,130.000
20030_090101_130416,D,20091201,000000,0.1440000,0.1440000,0.1350000,0.1440000,1.400
20030_090101_130416,D,20091202,000000,0.1320000,0.1430000,0.1320000,0.1430000,200
20030_090101_130416,D,20091203,000000,0.1420000,0.1420000,0.1420000,0.1420000,270.400
20030_090101_130416,D,20091204,000000,0.1350000,0.1440000,0.1350000,0.1440000,17.000
20030_090101_130416,D,20091207,000000,0.1370000,0.1450000,0.1370000,0.1440000,400
20030_090101_130416,D,20091208,000000,0.1450000,0.1450000,0.1390000,0.1400000,23.700
20030_090101_130416,D,20091209,000000,0.1340000,0.1410000,0.1210000,0.1400000,288.400
20030_090101_130416,D,20091211,000000,0.1370000,0.1370000,0.1370000,0.1370000,18.200
20030_090101_130416,D,20091214,000000,0.1410000,0.1410000,0.1410000,0.1410000,500
20030_090101_130416,D,20091215,000000,0.1410000,0.1410000,0.1400000,0.1400000,2.400
20030_090101_130416,D,20091216,000000,0.1370000,0.1440000,0.1250000,0.1440000,51.200
20030_090101_130416,D,20091217,000000,0.1370000,0.1430000,0.1370000,0.1430000,300
20030_090101_130416,D,20091218,000000,0.1280000,0.1500000,0.1280000,0.1450000,108.200
20030_090101_130416,D,20091221,000000,0.1440000,0.1460000,0.1440000,0.1450000,64.600
20030_090101_130416,D,20091222,000000,0.1530000,0.1530000,0.1490000,0.1510000,376.700
20030_090101_130416,D,20091223,000000,0.1520000,0.1590000,0.1520000,0.1540000,350.200
20030_090101_130416,D,20091224,000000,0.1600000,0.1600000,0.1410000,0.1460000,61.600
20030_090101_130416,D,20091225,000000,0.1520000,0.1520000,0.1330000,0.1440000,547.500
20030_090101_130416,D,20091228,000000,0.1470000,0.1470000,0.1390000,0.1450000,42.100
20030_090101_130416,D,20091229,000000,0.1490000,0.1500000,0.1420000,0.1450000,113.800
20030_090101_130416,D,20091230,000000,0.1470000,0.1490000,0.1430000,0.1480000,1.400
20030_090101_130416,D,20100111,000000,0.1430000,0.1580000,0.1430000,0.1510000,224.300
20030_090101_130416,D,20100112,000000,0.1540000,0.1540000,0.1450000,0.1470000,4.100
20030_090101_130416,D,20100113,000000,0.1510000,0.1580000,0.1470000,0.1470000,270.500
20030_090101_130416,D,20100114,000000,0.1520000,0.1530000,0.1460000,0.1460000,33.400
20030_090101_130416,D,20100115,000000,0.1460000,0.1460000,0.1430000,0.1460000,65.500
20030_090101_130416,D,20100118,000000,0.1480000,0.1570000,0.1480000,0.1570000,284.600
20030_090101_130416,D,20100119,000000,0.1520000,0.1570000,0.1500000,0.1570000,119.000
20030_090101_130416,D,20100120,000000,0.1570000,0.2200000,0.1570000,0.2010000,4.381.200
20030_090101_130416,D,20100121,000000,0.2200000,0.2200000,0.1950000,0.2080000,419.800
20030_090101_130416,D,20100122,000000,0.1720000,0.1900000,0.1680000,0.1850000,544.000
20030_090101_130416,D,20100125,000000,0.1850000,0.1970000,0.1720000,0.1900000,232.200
20030_090101_130416,D,20100126,000000,0.1910000,0.2050000,0.1730000,0.1950000,271.800
20030_090101_130416,D,20100127,000000,0.1990000,0.2150000,0.1780000,0.1990000,380.100
20030_090101_130416,D,20100128,000000,0.2000000,0.2130000,0.1820000,0.1980000,99.500
20030_090101_130416,D,20100129,000000,0.2040000,0.2140000,0.1920000,0.2000000,61.800
20030_090101_130416,D,20100201,000000,0.1880000,0.2070000,0.1830000,0.2040000,4.300
20030_090101_130416,D,20100202,000000,0.2080000,0.2090000,0.1920000,0.2010000,117.900
20030_090101_130416,D,20100203,000000,0.1920000,0.2150000,0.1800000,0.1990000,633.900
20030_090101_130416,D,20100204,000000,0.1890000,0.2040000,0.1890000,0.2020000,13.000
20030_090101_130416,D,20100205,000000,0.1840000,0.1990000,0.1840000,0.1990000,65.000
20030_090101_130416,D,20100208,000000,0.1840000,0.2030000,0.1840000,0.1990000,18.300
20030_090101_130416,D,20100209,000000,0.1780000,0.2000000,0.1780000,0.1850000,17.200
20030_090101_130416,D,20100210,000000,0.1840000,0.2000000,0.1820000,0.1900000,67.400
20030_090101_130416,D,20100211,000000,0.1840000,0.2040000,0.1830000,0.2040000,150.300
20030_090101_130416,D,20100212,000000,0.2020000,0.2060000,0.1870000,0.1970000,276.700
20030_090101_130416,D,20100215,000000,0.1850000,0.2040000,0.1850000,0.1950000,6.800
20030_090101_130416,D,20100216,000000,0.1950000,0.2030000,0.1900000,0.1990000,402.800
20030_090101_130416,D,20100217,000000,0.2030000,0.2030000,0.1910000,0.1950000,43.300
20030_090101_130416,D,20100218,000000,0.1880000,0.2030000,0.1880000,0.1950000,8.600
20030_090101_130416,D,20100219,000000,0.1860000,0.2030000,0.1860000,0.2010000,22.300
20030_090101_130416,D,20100224,000000,0.2040000,0.2050000,0.1790000,0.2050000,84.700
20030_090101_130416,D,20100225,000000,0.2040000,0.2050000,0.1800000,0.1900000,315.700
20030_090101_130416,D,20100226,000000,0.1840000,0.1970000,0.1790000,0.1920000,341.000
20030_090101_130416,D,20100227,000000,0.1840000,0.1920000,0.1840000,0.1910000,4.800
20030_090101_130416,D,20100301,000000,0.1840000,0.1990000,0.1840000,0.1900000,215.700
20030_090101_130416,D,20100302,000000,0.1860000,0.1970000,0.1860000,0.1950000,1.600
20030_090101_130416,D,20100303,000000,0.1970000,0.1990000,0.1840000,0.1990000,10.100
20030_090101_130416,D,20100304,000000,0.1990000,0.2040000,0.1990000,0.1990000,98.700
20030_090101_130416,D,20100305,000000,0.1870000,0.2030000,0.1870000,0.1970000,87.700
20030_090101_130416,D,20100309,000000,0.1900000,0.2000000,0.1900000,0.1990000,51.900
20030_090101_130416,D,20100310,000000,0.2040000,0.2050000,0.1930000,0.2000000,20.000
20030_090101_130416,D,20100311,000000,0.1990000,0.2030000,0.1950000,0.2030000,10.400
20030_090101_130416,D,20100312,000000,0.2030000,0.2100000,0.1900000,0.2100000,118.100
20030_090101_130416,D,20100315,000000,0.1940000,0.2140000,0.1900000,0.2140000,15.300
20030_090101_130416,D,20100316,000000,0.2150000,0.2250000,0.2020000,0.2160000,42.800
20030_090101_130416,D,20100317,000000,0.2250000,0.2250000,0.2010000,0.2140000,895.200
20030_090101_130416,D,20100318,000000,0.2050000,0.2120000,0.2050000,0.2100000,358.500
20030_090101_130416,D,20100319,000000,0.2060000,0.2100000,0.2000000,0.2080000,189.500
20030_090101_130416,D,20100322,000000,0.2050000,0.2130000,0.2010000,0.2090000,154.800
20030_090101_130416,D,20100323,000000,0.2020000,0.2090000,0.2020000,0.2090000,36.500
20030_090101_130416,D,20100324,000000,0.2030000,0.2120000,0.2030000,0.2080000,486.800
20030_090101_130416,D,20100325,000000,0.2150000,0.2190000,0.2030000,0.2070000,306.500
20030_090101_130416,D,20100326,000000,0.2020000,0.2150000,0.1940000,0.2090000,62.400
20030_090101_130416,D,20100329,000000,0.2210000,0.2660000,0.2050000,0.2390000,2.071.400
20030_090101_130416,D,20100330,000000,0.2550000,0.2550000,0.2210000,0.2390000,500.200
20030_090101_130416,D,20100331,000000,0.2440000,0.2440000,0.2220000,0.2350000,204.500
20030_090101_130416,D,20100401,000000,0.2220000,0.2660000,0.2200000,0.2420000,1.213.200
20030_090101_130416,D,20100402,000000,0.2400000,0.2590000,0.2400000,0.2410000,1.482.100
20030_090101_130416,D,20100405,000000,0.2630000,0.2660000,0.2410000,0.2490000,828.100
20030_090101_130416,D,20100406,000000,0.2400000,0.2450000,0.2260000,0.2440000,1.155.000
20030_090101_130416,D,20100407,000000,0.2450000,0.2450000,0.2220000,0.2220000,825.800
20030_090101_130416,D,20100408,000000,0.2230000,0.2420000,0.2230000,0.2410000,147.400
20030_090101_130416,D,20100409,000000,0.2430000,0.2490000,0.2370000,0.2490000,439.300
20030_090101_130416,D,20100412,000000,0.2370000,0.2500000,0.2370000,0.2500000,2.642.900
20030_090101_130416,D,20100413,000000,0.2380000,0.2500000,0.2300000,0.2450000,1.122.600
20030_090101_130416,D,20100414,000000,0.2310000,0.2490000,0.2310000,0.2370000,8.500
20030_090101_130416,D,20100415,000000,0.2310000,0.2560000,0.2310000,0.2550000,2.890.500
20030_090101_130416,D,20100416,000000,0.2540000,0.2610000,0.2540000,0.2600000,1.223.800
20030_090101_130416,D,20100419,000000,0.2590000,0.2600000,0.2340000,0.2490000,2.578.800
20030_090101_130416,D,20100420,000000,0.2500000,0.2590000,0.2420000,0.2430000,278.900
20030_090101_130416,D,20100421,000000,0.2560000,0.2560000,0.2360000,0.2450000,123.100
20030_090101_130416,D,20100422,000000,0.2340000,0.2560000,0.2320000,0.2400000,102.700
20030_090101_130416,D,20100423,000000,0.2330000,0.2470000,0.2330000,0.2360000,23.100
20030_090101_130416,D,20100426,000000,0.2360000,0.2540000,0.2360000,0.2510000,113.600
20030_090101_130416,D,20100427,000000,0.2540000,0.2540000,0.2400000,0.2400000,52.500
20030_090101_130416,D,20100428,000000,0.2350000,0.2470000,0.2260000,0.2320000,278.600
20030_090101_130416,D,20100429,000000,0.2460000,0.2500000,0.2300000,0.2400000,97.000
20030_090101_130416,D,20100430,000000,0.2570000,0.2570000,0.2400000,0.2400000,9.900
20030_090101_130416,D,20100504,000000,0.2400000,0.2400000,0.2250000,0.2270000,35.000
20030_090101_130416,D,20100505,000000,0.2390000,0.2390000,0.2110000,0.2150000,24.400
20030_090101_130416,D,20100506,000000,0.2130000,0.2370000,0.2130000,0.2130000,600
20030_090101_130416,D,20100507,000000,0.2140000,0.2140000,0.1710000,0.1900000,741.500
20030_090101_130416,D,20100511,000000,0.1930000,0.2150000,0.1770000,0.2070000,223.700
20030_090101_130416,D,20100512,000000,0.2090000,0.2160000,0.1940000,0.2160000,51.100
20030_090101_130416,D,20100513,000000,0.2190000,0.2200000,0.2010000,0.2090000,3.400
20030_090101_130416,D,20100514,000000,0.2140000,0.2180000,0.1880000,0.2180000,3.100
20030_090101_130416,D,20100517,000000,0.1970000,0.2120000,0.1910000,0.2000000,9.300
20030_090101_130416,D,20100518,000000,0.2000000,0.2080000,0.1950000,0.2080000,167.300
20030_090101_130416,D,20100519,000000,0.2070000,0.2070000,0.1930000,0.2040000,1.100
20030_090101_130416,D,20100520,000000,0.2090000,0.2090000,0.1780000,0.2050000,264.100
20030_090101_130416,D,20100521,000000,0.1940000,0.1950000,0.1850000,0.1920000,6.700
20030_090101_130416,D,20100524,000000,0.1770000,0.2000000,0.1770000,0.1990000,800
20030_090101_130416,D,20100525,000000,0.2000000,0.2070000,0.1670000,0.1710000,329.800
20030_090101_130416,D,20100526,000000,0.1660000,0.1960000,0.1590000,0.1760000,241.600
20030_090101_130416,D,20100527,000000,0.1700000,0.1930000,0.1650000,0.1850000,74.600
20030_090101_130416,D,20100528,000000,0.1670000,0.1800000,0.1670000,0.1730000,900
20030_090101_130416,D,20100531,000000,0.1670000,0.1880000,0.1670000,0.1750000,36.000
20030_090101_130416,D,20100601,000000,0.1700000,0.1900000,0.1670000,0.1710000,44.100
20030_090101_130416,D,20100602,000000,0.1670000,0.1670000,0.1670000,0.1670000,100
20030_090101_130416,D,20100603,000000,0.1800000,0.2080000,0.1760000,0.1930000,174.500
20030_090101_130416,D,20100604,000000,0.2150000,0.2150000,0.1810000,0.2110000,87.400
20030_090101_130416,D,20100607,000000,0.2150000,0.2150000,0.1720000,0.1970000,6.500
20030_090101_130416,D,20100608,000000,0.1880000,0.2120000,0.1860000,0.2020000,1.200
20030_090101_130416,D,20100609,000000,0.1830000,0.2000000,0.1770000,0.1980000,6.600
20030_090101_130416,D,20100610,000000,0.1980000,0.2000000,0.1780000,0.1930000,11.600
20030_090101_130416,D,20100611,000000,0.1900000,0.1900000,0.1750000,0.1900000,61.300
20030_090101_130416,D,20100615,000000,0.1920000,0.2000000,0.1720000,0.1880000,516.900
20030_090101_130416,D,20100616,000000,0.1770000,0.1950000,0.1770000,0.1860000,14.300
20030_090101_130416,D,20100617,000000,0.1800000,0.1940000,0.1750000,0.1750000,162.800
20030_090101_130416,D,20100618,000000,0.1800000,0.1940000,0.1740000,0.1780000,16.800
20030_090101_130416,D,20100621,000000,0.1950000,0.1950000,0.1660000,0.1860000,323.100
20030_090101_130416,D,20100622,000000,0.1850000,0.1860000,0.1710000,0.1840000,93.100
20030_090101_130416,D,20100623,000000,0.1710000,0.1820000,0.1700000,0.1800000,123.100
20030_090101_130416,D,20100624,000000,0.1780000,0.1790000,0.1700000,0.1790000,21.400
20030_090101_130416,D,20100625,000000,0.1790000,0.1790000,0.1710000,0.1710000,70.400
20030_090101_130416,D,20100628,000000,0.1830000,0.1830000,0.1800000,0.1800000,39.300
20030_090101_130416,D,20100629,000000,0.1830000,0.1910000,0.1700000,0.1780000,12.900
20030_090101_130416,D,20100630,000000,0.1670000,0.1840000,0.1640000,0.1790000,139.400
20030_090101_130416,D,20100701,000000,0.1640000,0.1760000,0.1640000,0.1660000,56.800
20030_090101_130416,D,20100702,000000,0.1700000,0.1780000,0.1700000,0.1780000,10.800
20030_090101_130416,D,20100705,000000,0.1810000,0.1830000,0.1660000,0.1800000,80.200
20030_090101_130416,D,20100706,000000,0.1830000,0.1890000,0.1830000,0.1880000,216.900
20030_090101_130416,D,20100707,000000,0.1870000,0.1870000,0.1790000,0.1820000,1.200
20030_090101_130416,D,20100708,000000,0.1900000,0.1900000,0.1730000,0.1900000,300
20030_090101_130416,D,20100709,000000,0.1900000,0.1950000,0.1820000,0.1900000,48.600
20030_090101_130416,D,20100712,000000,0.1910000,0.2000000,0.1820000,0.1970000,162.400
20030_090101_130416,D,20100713,000000,0.1840000,0.1940000,0.1840000,0.1860000,24.100
20030_090101_130416,D,20100714,000000,0.1950000,0.1950000,0.1850000,0.1900000,83.900
20030_090101_130416,D,20100715,000000,0.1950000,0.1950000,0.1860000,0.1930000,80.900
20030_090101_130416,D,20100716,000000,0.1910000,0.1910000,0.1910000,0.1910000,2.200
20030_090101_130416,D,20100719,000000,0.1820000,0.1910000,0.1820000,0.1870000,311.600
20030_090101_130416,D,20100720,000000,0.1880000,0.1880000,0.1740000,0.1870000,103.500
20030_090101_130416,D,20100721,000000,0.1930000,0.1930000,0.1790000,0.1830000,2.400
20030_090101_130416,D,20100722,000000,0.1890000,0.1890000,0.1780000,0.1860000,5.300
20030_090101_130416,D,20100723,000000,0.1920000,0.1920000,0.1870000,0.1890000,700
20030_090101_130416,D,20100726,000000,0.1920000,0.1920000,0.1770000,0.1790000,54.800
20030_090101_130416,D,20100727,000000,0.1770000,0.1840000,0.1760000,0.1760000,276.700
20030_090101_130416,D,20100728,000000,0.1860000,0.1860000,0.1760000,0.1800000,69.700
20030_090101_130416,D,20100729,000000,0.1820000,0.1830000,0.1760000,0.1780000,91.900
20030_090101_130416,D,20100730,000000,0.1770000,0.1790000,0.1640000,0.1720000,119.200
20030_090101_130416,D,20100802,000000,0.1760000,0.1790000,0.1760000,0.1760000,26.500
20030_090101_130416,D,20100803,000000,0.1770000,0.1820000,0.1770000,0.1770000,130.100
20030_090101_130416,D,20100804,000000,0.1800000,0.1800000,0.1770000,0.1790000,17.900
20030_090101_130416,D,20100805,000000,0.1750000,0.1830000,0.1750000,0.1750000,12.400
20030_090101_130416,D,20100806,000000,0.1810000,0.1830000,0.1790000,0.1830000,2.800
20030_090101_130416,D,20100809,000000,0.1790000,0.1840000,0.1730000,0.1840000,560.900
20030_090101_130416,D,20100810,000000,0.1790000,0.1820000,0.1720000,0.1810000,25.500
20030_090101_130416,D,20100811,000000,0.1720000,0.1810000,0.1720000,0.1770000,300
20030_090101_130416,D,20100812,000000,0.1760000,0.1810000,0.1760000,0.1760000,800
20030_090101_130416,D,20100813,000000,0.1770000,0.1820000,0.1770000,0.1820000,50.500
20030_090101_130416,D,20100816,000000,0.1770000,0.1880000,0.1700000,0.1820000,524.500
20030_090101_130416,D,20100817,000000,0.1820000,0.1960000,0.1820000,0.1930000,105.600
20030_090101_130416,D,20100818,000000,0.1940000,0.1960000,0.1790000,0.1960000,3.300
20030_090101_130416,D,20100819,000000,0.1980000,0.1980000,0.1980000,0.1980000,100
20030_090101_130416,D,20100823,000000,0.1950000,0.1950000,0.1820000,0.1950000,5.600
20030_090101_130416,D,20100824,000000,0.1780000,0.1950000,0.1770000,0.1950000,80.500
20030_090101_130416,D,20100825,000000,0.1910000,0.1910000,0.1910000,0.1910000,2.300
20030_090101_130416,D,20100826,000000,0.1910000,0.1920000,0.1910000,0.1920000,21.800
20030_090101_130416,D,20100827,000000,0.1900000,0.1910000,0.1830000,0.1910000,13.800
20030_090101_130416,D,20100830,000000,0.1840000,0.1950000,0.1820000,0.1950000,280.900
20030_090101_130416,D,20100831,000000,0.1930000,0.2000000,0.1890000,0.1970000,184.800
20030_090101_130416,D,20100901,000000,0.1990000,0.2000000,0.1970000,0.2000000,185.600
20030_090101_130416,D,20100902,000000,0.2010000,0.2010000,0.2010000,0.2010000,7.500
20030_090101_130416,D,20100903,000000,0.2010000,0.2060000,0.2010000,0.2060000,42.000
20030_090101_130416,D,20100906,000000,0.2100000,0.2120000,0.1330000,0.1970000,1.136.800
20030_090101_130416,D,20100907,000000,0.1950000,0.2060000,0.1950000,0.1950000,5.500
20030_090101_130416,D,20100908,000000,0.1990000,0.2050000,0.1990000,0.1990000,3.300
20030_090101_130416,D,20100909,000000,0.2030000,0.2100000,0.1900000,0.2070000,171.800
20030_090101_130416,D,20100910,000000,0.1820000,0.2100000,0.1820000,0.2100000,23.700
20030_090101_130416,D,20100913,000000,0.2060000,0.2150000,0.1960000,0.2150000,30.900
20030_090101_130416,D,20100914,000000,0.2050000,0.2050000,0.1900000,0.1950000,358.000
20030_090101_130416,D,20100915,000000,0.2000000,0.2010000,0.1980000,0.2010000,1.400
20030_090101_130416,D,20100916,000000,0.1940000,0.2040000,0.1940000,0.1980000,44.200
20030_090101_130416,D,20100917,000000,0.1930000,0.2080000,0.1930000,0.1980000,38.900
20030_090101_130416,D,20100920,000000,0.2020000,0.2090000,0.2020000,0.2060000,5.600
20030_090101_130416,D,20100921,000000,0.2040000,0.2060000,0.1940000,0.1980000,272.600
20030_090101_130416,D,20100922,000000,0.2000000,0.2050000,0.1850000,0.2050000,3.200
20030_090101_130416,D,20100923,000000,0.2050000,0.2070000,0.1960000,0.1960000,22.000
20030_090101_130416,D,20100924,000000,0.2050000,0.2050000,0.1980000,0.1980000,5.700
20030_090101_130416,D,20100927,000000,0.2000000,0.2050000,0.1950000,0.1990000,475.400
20030_090101_130416,D,20100928,000000,0.2000000,0.2000000,0.1940000,0.2000000,240.500
20030_090101_130416,D,20100929,000000,0.2000000,0.2000000,0.1940000,0.1960000,1.800
20030_090101_130416,D,20100930,000000,0.2000000,0.2000000,0.1910000,0.2000000,9.700
20030_090101_130416,D,20101001,000000,0.2000000,0.2100000,0.1920000,0.2080000,388.800
20030_090101_130416,D,20101004,000000,0.2040000,0.2110000,0.1880000,0.2040000,41.600
20030_090101_130416,D,20101005,000000,0.2020000,0.2110000,0.1930000,0.2080000,181.700
20030_090101_130416,D,20101006,000000,0.2100000,0.2100000,0.2100000,0.2100000,100
20030_090101_130416,D,20101007,000000,0.2060000,0.2480000,0.1990000,0.2290000,1.373.200
20030_090101_130416,D,20101008,000000,0.2250000,0.2390000,0.2100000,0.2330000,843.600
20030_090101_130416,D,20101011,000000,0.2110000,0.2320000,0.2070000,0.2150000,1.525.900
20030_090101_130416,D,20101012,000000,0.2150000,0.2150000,0.2090000,0.2120000,12.700
20030_090101_130416,D,20101013,000000,0.2120000,0.2150000,0.2100000,0.2150000,34.600
20030_090101_130416,D,20101014,000000,0.2150000,0.2190000,0.2080000,0.2130000,127.800
20030_090101_130416,D,20101015,000000,0.2130000,0.2180000,0.2010000,0.2060000,69.900
20030_090101_130416,D,20101018,000000,0.2110000,0.2130000,0.2030000,0.2110000,56.600
20030_090101_130416,D,20101019,000000,0.2110000,0.2170000,0.2090000,0.2140000,59.200
20030_090101_130416,D,20101020,000000,0.2130000,0.2140000,0.2040000,0.2120000,40.600
20030_090101_130416,D,20101021,000000,0.2130000,0.2190000,0.2020000,0.2100000,2.096.900
20030_090101_130416,D,20101022,000000,0.2130000,0.2210000,0.2040000,0.2110000,219.500
20030_090101_130416,D,20101025,000000,0.2110000,0.2190000,0.1950000,0.2070000,1.583.100
20030_090101_130416,D,20101026,000000,0.2040000,0.2060000,0.2020000,0.2060000,17.200
20030_090101_130416,D,20101027,000000,0.2050000,0.2050000,0.2030000,0.2030000,600
20030_090101_130416,D,20101028,000000,0.2070000,0.2070000,0.1990000,0.2040000,8.000
20030_090101_130416,D,20101029,000000,0.2000000,0.2050000,0.2000000,0.2040000,90.600
20030_090101_130416,D,20101101,000000,0.2000000,0.2030000,0.1990000,0.2030000,354.900
20030_090101_130416,D,20101102,000000,0.2020000,0.2030000,0.2010000,0.2010000,24.600
20030_090101_130416,D,20101103,000000,0.2020000,0.2070000,0.2020000,0.2070000,130.500
20030_090101_130416,D,20101108,000000,0.2070000,0.2140000,0.2010000,0.2070000,251.300
20030_090101_130416,D,20101109,000000,0.2110000,0.2110000,0.2010000,0.2070000,74.500
20030_090101_130416,D,20101110,000000,0.2030000,0.2070000,0.2010000,0.2050000,3.300
20030_090101_130416,D,20101111,000000,0.2070000,0.2080000,0.2000000,0.2010000,318.200
20030_090101_130416,D,20101112,000000,0.2030000,0.2050000,0.2020000,0.2050000,1.600
20030_090101_130416,D,20101113,000000,0.2000000,0.2070000,0.2000000,0.2060000,9.400
20030_090101_130416,D,20101115,000000,0.2010000,0.2070000,0.2010000,0.2040000,1.500
20030_090101_130416,D,20101116,000000,0.2010000,0.2170000,0.2000000,0.2020000,629.300
20030_090101_130416,D,20101117,000000,0.2070000,0.2480000,0.2070000,0.2400000,4.799.600
20030_090101_130416,D,20101118,000000,0.2300000,0.2450000,0.2300000,0.2440000,249.900
20030_090101_130416,D,20101119,000000,0.2420000,0.2650000,0.2250000,0.2560000,1.512.100
20030_090101_130416,D,20101122,000000,0.2500000,0.2620000,0.2400000,0.2520000,377.300
20030_090101_130416,D,20101123,000000,0.2600000,0.2700000,0.2570000,0.2680000,4.436.600
20030_090101_130416,D,20101124,000000,0.2610000,0.3400000,0.2510000,0.2900000,12.073.700
20030_090101_130416,D,20101125,000000,0.2900000,0.3800000,0.2900000,0.3610000,6.745.200
20030_090101_130416,D,20101126,000000,0.3610000,0.3700000,0.3270000,0.3460000,1.275.600
20030_090101_130416,D,20101129,000000,0.3400000,0.3450000,0.3000000,0.3220000,1.351.200
20030_090101_130416,D,20101130,000000,0.2890000,0.3200000,0.2890000,0.3200000,663.400
20030_090101_130416,D,20101201,000000,0.3140000,0.3270000,0.2860000,0.3270000,1.216.100
20030_090101_130416,D,20101202,000000,0.3280000,0.3390000,0.3010000,0.3210000,888.600
20030_090101_130416,D,20101203,000000,0.3100000,0.3250000,0.2950000,0.3100000,1.096.400
20030_090101_130416,D,20101206,000000,0.3100000,0.3310000,0.3100000,0.3300000,1.116.100
20030_090101_130416,D,20101207,000000,0.3330000,0.3330000,0.3080000,0.3200000,233.100
20030_090101_130416,D,20101208,000000,0.3240000,0.3350000,0.3020000,0.3240000,388.100
20030_090101_130416,D,20101209,000000,0.3310000,0.3310000,0.3100000,0.3200000,320.500
20030_090101_130416,D,20101210,000000,0.3200000,0.3390000,0.3100000,0.3150000,112.200
20030_090101_130416,D,20101213,000000,0.3230000,0.4520000,0.3230000,0.3480000,9.871.600
20030_090101_130416,D,20101214,000000,0.3300000,0.3590000,0.3270000,0.3400000,918.800
20030_090101_130416,D,20101215,000000,0.3410000,0.3500000,0.3200000,0.3300000,557.500
20030_090101_130416,D,20101216,000000,0.3320000,0.4400000,0.3170000,0.3650000,2.193.700
20030_090101_130416,D,20101217,000000,0.3560000,0.3750000,0.3460000,0.3750000,1.091.700
20030_090101_130416,D,20101220,000000,0.3660000,0.4070000,0.3580000,0.3930000,774.300
20030_090101_130416,D,20101221,000000,0.4040000,0.4360000,0.4000000,0.4000000,209.600
20030_090101_130416,D,20101222,000000,0.4100000,0.4260000,0.3770000,0.3900000,730.800
20030_090101_130416,D,20101223,000000,0.3960000,0.3960000,0.3200000,0.3410000,1.874.000
20030_090101_130416,D,20101224,000000,0.3430000,0.3500000,0.3350000,0.3400000,1.951.300
20030_090101_130416,D,20101227,000000,0.3460000,0.3460000,0.3120000,0.3340000,445.500
20030_090101_130416,D,20101228,000000,0.3270000,0.3280000,0.2920000,0.3000000,3.594.000
20030_090101_130416,D,20101229,000000,0.3000000,0.3000000,0.2700000,0.2810000,1.545.800
20030_090101_130416,D,20101230,000000,0.2740000,0.2930000,0.2700000,0.2830000,127.100
20030_090101_130416,D,20110111,000000,0.2840000,0.2980000,0.2830000,0.2960000,658.900
20030_090101_130416,D,20110112,000000,0.2980000,0.3090000,0.2610000,0.2710000,10.472.600
20030_090101_130416,D,20110113,000000,0.2700000,0.2850000,0.2660000,0.2750000,2.251.400
20030_090101_130416,D,20110114,000000,0.2790000,0.2800000,0.2710000,0.2770000,1.096.800
20030_090101_130416,D,20110117,000000,0.2800000,0.2860000,0.2630000,0.2730000,1.556.000
20030_090101_130416,D,20110118,000000,0.2750000,0.2770000,0.2710000,0.2730000,136.200
20030_090101_130416,D,20110119,000000,0.2760000,0.2760000,0.2700000,0.2730000,41.500
20030_090101_130416,D,20110120,000000,0.2690000,0.2740000,0.2510000,0.2650000,2.809.900
20030_090101_130416,D,20110121,000000,0.2650000,0.2750000,0.2560000,0.2720000,3.021.100
20030_090101_130416,D,20110124,000000,0.2720000,0.2770000,0.2630000,0.2680000,382.500
20030_090101_130416,D,20110125,000000,0.2700000,0.2710000,0.2650000,0.2670000,929.500
20030_090101_130416,D,20110126,000000,0.2660000,0.2730000,0.2650000,0.2660000,506.200
20030_090101_130416,D,20110127,000000,0.2700000,0.2700000,0.2650000,0.2700000,165.200
20030_090101_130416,D,20110128,000000,0.2710000,0.2710000,0.2590000,0.2680000,280.500
20030_090101_130416,D,20110131,000000,0.2630000,0.2680000,0.2610000,0.2610000,105.600
20030_090101_130416,D,20110201,000000,0.2690000,0.2700000,0.2590000,0.2590000,79.900
20030_090101_130416,D,20110202,000000,0.2620000,0.2650000,0.2590000,0.2640000,303.100
20030_090101_130416,D,20110203,000000,0.2640000,0.2640000,0.2640000,0.2640000,5.000
20030_090101_130416,D,20110204,000000,0.2620000,0.2640000,0.2530000,0.2580000,296.300
20030_090101_130416,D,20110207,000000,0.2590000,0.2610000,0.2510000,0.2580000,106.100
20030_090101_130416,D,20110208,000000,0.2590000,0.2590000,0.2540000,0.2580000,326.900
20030_090101_130416,D,20110209,000000,0.2600000,0.2650000,0.2480000,0.2560000,320.900
20030_090101_130416,D,20110210,000000,0.2580000,0.2680000,0.2500000,0.2600000,175.000
20030_090101_130416,D,20110211,000000,0.2600000,0.2680000,0.2550000,0.2680000,167.700
20030_090101_130416,D,20110214,000000,0.2700000,0.2740000,0.2590000,0.2590000,289.200
20030_090101_130416,D,20110215,000000,0.2610000,0.2690000,0.2590000,0.2680000,241.100
20030_090101_130416,D,20110216,000000,0.2680000,0.2680000,0.2600000,0.2660000,160.500
20030_090101_130416,D,20110217,000000,0.2680000,0.2680000,0.2620000,0.2660000,300
20030_090101_130416,D,20110218,000000,0.2660000,0.2660000,0.2660000,0.2660000,100
20030_090101_130416,D,20110221,000000,0.2590000,0.2620000,0.2560000,0.2560000,43.500
20030_090101_130416,D,20110222,000000,0.2630000,0.2650000,0.2530000,0.2630000,30.200
20030_090101_130416,D,20110224,000000,0.2690000,0.2690000,0.2550000,0.2600000,19.500
20030_090101_130416,D,20110225,000000,0.2550000,0.2620000,0.2350000,0.2540000,133.100
20030_090101_130416,D,20110228,000000,0.2490000,0.2670000,0.2490000,0.2670000,264.500
20030_090101_130416,D,20110301,000000,0.2622200,0.2622200,0.2500000,0.2600000,310.000
20030_090101_130416,D,20110302,000000,0.2550200,0.2550200,0.2390300,0.2390300,90.000
20030_090101_130416,D,20110303,000000,0.2579400,0.2579400,0.2409600,0.2409600,110.000
20030_090101_130416,D,20110304,000000,0.2522200,0.2522200,0.2330000,0.2502500,60.000
20030_090101_130416,D,20110305,000000,0.2508700,0.2513700,0.2508700,0.2513700,70.000
20030_090101_130416,D,20110309,000000,0.2506000,0.2506000,0.2506000,0.2506000,10.000
20030_090101_130416,D,20110310,000000,0.2649300,0.2658900,0.2513100,0.2513100,80.000
20030_090101_130416,D,20110311,000000,0.2500200,0.2500200,0.2490000,0.2490000,40.000
20030_090101_130416,D,20110314,000000,0.2559900,0.2559900,0.2559900,0.2559900,10.000
20030_090101_130416,D,20110315,000000,0.2327900,0.2459900,0.2327800,0.2330000,110.000
20030_090101_130416,D,20110316,000000,0.2328000,0.2328000,0.2327700,0.2327700,60.000
20030_090101_130416,D,20110317,000000,0.2227800,0.2355500,0.2009000,0.2355500,630.000
20030_090101_130416,D,20110318,000000,0.2155700,0.2261400,0.2155600,0.2200000,430.000
20030_090101_130416,D,20110321,000000,0.2200000,0.2299300,0.2200000,0.2299300,230.000
20030_090101_130416,D,20110322,000000,0.2250000,0.2250000,0.2220200,0.2220200,90.000
20030_090101_130416,D,20110323,000000,0.2204900,0.2204900,0.2204900,0.2204900,10.000
20030_090101_130416,D,20110324,000000,0.2205500,0.2205500,0.2205500,0.2205500,10.000
20030_090101_130416,D,20110325,000000,0.2207100,0.2310800,0.2207100,0.2310800,70.000
20030_090101_130416,D,20110328,000000,0.2300000,0.2330000,0.2210300,0.2330000,90.000
20030_090101_130416,D,20110329,000000,0.2230100,0.2350000,0.2230100,0.2300000,80.000
20030_090101_130416,D,20110331,000000,0.2249500,0.2399600,0.2249500,0.2398500,50.000
20030_090101_130416,D,20110401,000000,0.2236000,0.2399500,0.2236000,0.2399500,70.000
20030_090101_130416,D,20110404,000000,0.2400000,0.2557000,0.2400000,0.2557000,240.000
20030_090101_130416,D,20110405,000000,0.2500000,0.2500000,0.2345200,0.2345200,70.000
20030_090101_130416,D,20110407,000000,0.2300300,0.2539300,0.2300300,0.2539300,70.000
20030_090101_130416,D,20110408,000000,0.2071700,0.2468000,0.2071700,0.2468000,60.000
20030_090101_130416,D,20110411,000000,0.2232100,0.2400000,0.2232100,0.2349900,750.000
20030_090101_130416,D,20110412,000000,0.2257700,0.2257700,0.2257700,0.2257700,30.000
20030_090101_130416,D,20110414,000000,0.2298900,0.2298900,0.2270200,0.2270200,110.000
20030_090101_130416,D,20110415,000000,0.2202400,0.2202400,0.2201000,0.2201000,140.000
20030_090101_130416,D,20110419,000000,0.2078800,0.2305800,0.2078800,0.2305800,30.000
20030_090101_130416,D,20110425,000000,0.2078500,0.2288900,0.2078500,0.2288900,320.000
20030_090101_130416,D,20110426,000000,0.2100500,0.2100500,0.2100500,0.2100500,10.000
20030_090101_130416,D,20110429,000000,0.2093100,0.2093300,0.2093100,0.2093300,30.000
20030_090101_130416,D,20110503,000000,0.2091500,0.2091500,0.2067100,0.2067100,60.000
20030_090101_130416,D,20110504,000000,0.2000100,0.2000100,0.2000000,0.2000000,50.000
20030_090101_130416,D,20110505,000000,0.2100000,0.2100000,0.2100000,0.2100000,10.000
20030_090101_130416,D,20110506,000000,0.1828900,0.1998300,0.1800000,0.1998300,260.000
20030_090101_130416,D,20110510,000000,0.1984000,0.1984000,0.1984000,0.1984000,50.000
20030_090101_130416,D,20110512,000000,0.2000000,0.2049700,0.1887000,0.1887000,130.000
20030_090101_130416,D,20110513,000000,0.2009900,0.2009900,0.2009900,0.2009900,10.000
20030_090101_130416,D,20110517,000000,0.1800400,0.1920000,0.1800400,0.1920000,30.000
20030_090101_130416,D,20110518,000000,0.1920000,0.1920000,0.1920000,0.1920000,10.000
20030_090101_130416,D,20110519,000000,0.1800600,0.1900000,0.1800600,0.1900000,30.000
20030_090101_130416,D,20110520,000000,0.1988500,0.1988600,0.1899900,0.1900000,170.000
20030_090101_130416,D,20110523,000000,0.1900000,0.1900000,0.1900000,0.1900000,10.000
20030_090101_130416,D,20110524,000000,0.1899900,0.1900000,0.1899900,0.1900000,30.000
20030_090101_130416,D,20110525,000000,0.1778200,0.1889900,0.1778200,0.1889900,40.000
20030_090101_130416,D,20110526,000000,0.1810100,0.1879900,0.1810100,0.1879900,20.000
20030_090101_130416,D,20110527,000000,0.1869900,0.1989800,0.1859900,0.1989800,100.000
20030_090101_130416,D,20110530,000000,0.1900000,0.1969800,0.1900000,0.1969800,30.000
20030_090101_130416,D,20110531,000000,0.1899900,0.1900000,0.1899900,0.1900000,50.000
20030_090101_130416,D,20110601,000000,0.1821300,0.1899900,0.1821300,0.1899900,40.000
20030_090101_130416,D,20110602,000000,0.1949800,0.1949900,0.1854800,0.1939900,140.000
20030_090101_130416,D,20110603,000000,0.1950000,0.2039900,0.1825200,0.1929500,180.000
20030_090101_130416,D,20110606,000000,0.1999900,0.1999900,0.1820200,0.1889700,100.000
20030_090101_130416,D,20110607,000000,0.1870000,0.1870000,0.1717700,0.1835500,330.000
20030_090101_130416,D,20110608,000000,0.1799900,0.1819900,0.1799900,0.1819900,60.000
20030_090101_130416,D,20110609,000000,0.1825000,0.1897000,0.1825000,0.1897000,60.000
20030_090101_130416,D,20110610,000000,0.1790300,0.1849900,0.1790300,0.1839900,120.000
20030_090101_130416,D,20110614,000000,0.1800000,0.1869800,0.1800000,0.1830000,130.000
20030_090101_130416,D,20110615,000000,0.1752500,0.1884600,0.1751800,0.1810500,110.000
20030_090101_130416,D,20110616,000000,0.1772800,0.1884700,0.1760400,0.1802500,230.000
20030_090101_130416,D,20110620,000000,0.1829700,0.1830000,0.1829700,0.1830000,60.000
20030_090101_130416,D,20110621,000000,0.1830000,0.1830000,0.1830000,0.1830000,10.000
20030_090101_130416,D,20110622,000000,0.1830000,0.1830000,0.1790300,0.1810000,30.000
20030_090101_130416,D,20110623,000000,0.1830000,0.1830000,0.1830000,0.1830000,50.000
20030_090101_130416,D,20110624,000000,0.1780100,0.1830000,0.1760000,0.1760000,130.000
20030_090101_130416,D,20110628,000000,0.1829300,0.1830000,0.1801200,0.1801200,100.000
20030_090101_130416,D,20110629,000000,0.1879900,0.1880000,0.1830100,0.1830100,40.000
20030_090101_130416,D,20110704,000000,0.1899800,0.1950000,0.1899800,0.1950000,50.000
20030_090101_130416,D,20110705,000000,0.1874700,0.1950000,0.1874700,0.1900000,90.000
20030_090101_130416,D,20110706,000000,0.1850100,0.1900000,0.1850100,0.1900000,70.000
20030_090101_130416,D,20110712,000000,0.1870500,0.1871000,0.1870100,0.1870900,80.000
20030_090101_130416,D,20110713,000000,0.1810400,0.1815600,0.1808000,0.1808000,1.380.000
20030_090101_130416,D,20110714,000000,0.1820000,0.1820000,0.1820000,0.1820000,20.000
20030_090101_130416,D,20110715,000000,0.1810000,0.1810000,0.1810000,0.1810000,50.000
20030_090101_130416,D,20110718,000000,0.1819900,0.1844700,0.1784000,0.1844700,160.000
20030_090101_130416,D,20110719,000000,0.1859000,0.1994100,0.1800000,0.1849800,1.030.000
20030_090101_130416,D,20110720,000000,0.1889800,0.1899800,0.1800500,0.1849500,180.000
20030_090101_130416,D,20110721,000000,0.1850000,0.1919700,0.1801300,0.1849900,120.000
20030_090101_130416,D,20110722,000000,0.1949000,0.1949000,0.1813000,0.1820100,460.000
20030_090101_130416,D,20110725,000000,0.1781200,0.1849700,0.1781200,0.1849700,20.000
20030_090101_130416,D,20110726,000000,0.1800000,0.1800000,0.1800000,0.1800000,90.000
20030_090101_130416,D,20110727,000000,0.1859000,0.1859000,0.1859000,0.1859000,10.000
20030_090101_130416,D,20110729,000000,0.1854900,0.1854900,0.1800000,0.1800000,70.000
20030_090101_130416,D,20110801,000000,0.1801000,0.1801000,0.1771000,0.1800000,100.000
20030_090101_130416,D,20110802,000000,0.1767700,0.1819600,0.1767700,0.1819600,20.000
20030_090101_130416,D,20110803,000000,0.1760300,0.1831000,0.1759300,0.1759300,180.000
20030_090101_130416,D,20110804,000000,0.1800000,0.1824300,0.1800000,0.1824300,20.000
20030_090101_130416,D,20110805,000000,0.1726100,0.1810000,0.1726000,0.1786000,650.000
20030_090101_130416,D,20110808,000000,0.1707700,0.1707700,0.1672000,0.1672000,490.000
20030_090101_130416,D,20110809,000000,0.1672000,0.1672100,0.1550000,0.1649800,180.000
20030_090101_130416,D,20110810,000000,0.1730000,0.1731000,0.1730000,0.1731000,30.000
20030_090101_130416,D,20110811,000000,0.1558000,0.1558000,0.1411200,0.1500000,520.000
20030_090101_130416,D,20110812,000000,0.1410900,0.1540000,0.1400000,0.1482700,1.090.000
20030_090101_130416,D,20110815,000000,0.1400000,0.1490000,0.1385000,0.1489900,170.000
20030_090101_130416,D,20110816,000000,0.1530000,0.1530000,0.1459500,0.1459700,30.000
20030_090101_130416,D,20110817,000000,0.1459700,0.1459700,0.1459700,0.1459700,170.000
20030_090101_130416,D,20110823,000000,0.1333800,0.1499900,0.1333800,0.1448900,140.000
20030_090101_130416,D,20110824,000000,0.1468800,0.1468800,0.1464500,0.1464500,100.000
20030_090101_130416,D,20110825,000000,0.1457700,0.1460100,0.1455700,0.1460100,100.000
20030_090101_130416,D,20110826,000000,0.1459900,0.1459900,0.1400500,0.1400500,110.000
20030_090101_130416,D,20110829,000000,0.1457200,0.1588000,0.1457200,0.1529200,200.000
20030_090101_130416,D,20110830,000000,0.1500000,0.1500000,0.1445000,0.1445000,20.000
20030_090101_130416,D,20110831,000000,0.1530000,0.1530100,0.1480100,0.1530100,130.000
20030_090101_130416,D,20110901,000000,0.1536000,0.1599600,0.1535900,0.1599600,90.000
20030_090101_130416,D,20110902,000000,0.1500100,0.1580000,0.1500000,0.1515100,180.000
20030_090101_130416,D,20110905,000000,0.1566600,0.1566900,0.1470300,0.1470300,100.000
20030_090101_130416,D,20110907,000000,0.1621700,0.1742000,0.1580000,0.1650000,970.000
20030_090101_130416,D,20110908,000000,0.1640000,0.1777600,0.1640000,0.1670000,120.000
20030_090101_130416,D,20110909,000000,0.1795000,0.1795000,0.1653300,0.1790000,40.000
20030_090101_130416,D,20110912,000000,0.1631600,0.1631600,0.1599900,0.1629800,420.000
20030_090101_130416,D,20110913,000000,0.1599000,0.1619700,0.1500300,0.1608500,300.000
20030_090101_130416,D,20110914,000000,0.1593400,0.1593400,0.1593400,0.1593400,10.000
20030_090101_130416,D,20110915,000000,0.1588500,0.1590000,0.1588500,0.1590000,80.000
20030_090101_130416,D,20110916,000000,0.1649900,0.1799900,0.1633000,0.1667600,1.290.000
20030_090101_130416,D,20110919,000000,0.1774500,0.1774500,0.1700000,0.1700500,40.000
20030_090101_130416,D,20110920,000000,0.1570100,0.1599900,0.1445400,0.1599900,770.000
20030_090101_130416,D,20110921,000000,0.1597600,0.1600000,0.1540000,0.1600000,50.000
20030_090101_130416,D,20110923,000000,0.1414800,0.1547000,0.1414800,0.1547000,20.000
20030_090101_130416,D,20110926,000000,0.1494300,0.1500100,0.1494300,0.1500000,430.000
20030_090101_130416,D,20110927,000000,0.1540000,0.1540000,0.1540000,0.1540000,10.000
20030_090101_130416,D,20110929,000000,0.1424300,0.1500000,0.1357300,0.1500000,160.000
20030_090101_130416,D,20111004,000000,0.1569000,0.1569000,0.1469900,0.1569000,50.000
20030_090101_130416,D,20111005,000000,0.1356100,0.1469900,0.1200000,0.1469900,680.000
20030_090101_130416,D,20111006,000000,0.1470000,0.1470000,0.1455500,0.1470000,50.000
20030_090101_130416,D,20111007,000000,0.1400000,0.1450000,0.1341700,0.1431400,150.000
20030_090101_130416,D,20111010,000000,0.1300000,0.1300000,0.1300000,0.1300000,340.000
20030_090101_130416,D,20111012,000000,0.1383700,0.1383700,0.1383700,0.1383700,10.000
20030_090101_130416,D,20111013,000000,0.1410700,0.1410700,0.1369900,0.1369900,40.000
20030_090101_130416,D,20111017,000000,0.1350100,0.1350100,0.1350100,0.1350100,10.000
20030_090101_130416,D,20111018,000000,0.1300100,0.1300100,0.1300100,0.1300100,10.000
20030_090101_130416,D,20111020,000000,0.1300100,0.1300100,0.1300100,0.1300100,10.000
20030_090101_130416,D,20111021,000000,0.1350000,0.1442500,0.1350000,0.1380000,220.000
20030_090101_130416,D,20111024,000000,0.1409900,0.1419600,0.1409900,0.1417100,210.000
20030_090101_130416,D,20111025,000000,0.1410000,0.1410000,0.1409200,0.1409200,30.000
20030_090101_130416,D,20111026,000000,0.1400000,0.1406100,0.1400000,0.1406100,30.000
20030_090101_130416,D,20111028,000000,0.1440000,0.1440000,0.1360400,0.1360400,30.000
20030_090101_130416,D,20111101,000000,0.1395000,0.1395000,0.1280200,0.1380000,520.000
20030_090101_130416,D,20111103,000000,0.1444000,0.1486000,0.1444000,0.1486000,40.000
20030_090101_130416,D,20111107,000000,0.1529900,0.1529900,0.1529900,0.1529900,30.000
20030_090101_130416,D,20111108,000000,0.1450000,0.1450000,0.1450000,0.1450000,10.000
20030_090101_130416,D,20111109,000000,0.1333300,0.1340000,0.1315500,0.1340000,50.000
20030_090101_130416,D,20111110,000000,0.1290100,0.1399300,0.1275100,0.1399200,190.000
20030_090101_130416,D,20111111,000000,0.1399500,0.1399500,0.1350000,0.1350000,20.000
20030_090101_130416,D,20111114,000000,0.1547500,0.1547500,0.1310000,0.1310000,130.000
20030_090101_130416,D,20111115,000000,0.1310000,0.1439700,0.1286200,0.1386200,150.000
20030_090101_130416,D,20111117,000000,0.1341600,0.1489500,0.1341600,0.1489500,670.000
20030_090101_130416,D,20111118,000000,0.1291200,0.1634700,0.1291200,0.1634700,90.000
20030_090101_130416,D,20111121,000000,0.1480800,0.1480800,0.1480700,0.1480700,100.000
20030_090101_130416,D,20111123,000000,0.1321700,0.1499500,0.1321700,0.1334500,70.000
20030_090101_130416,D,20111124,000000,0.1316200,0.1386500,0.1315500,0.1386500,80.000
20030_090101_130416,D,20111125,000000,0.1300300,0.1468000,0.1300300,0.1467100,100.000
20030_090101_130416,D,20111128,000000,0.1349900,0.1444000,0.1349900,0.1444000,70.000
20030_090101_130416,D,20111129,000000,0.1439600,0.1439600,0.1439600,0.1439600,10.000
20030_090101_130416,D,20111130,000000,0.1439300,0.1439300,0.1439300,0.1439300,30.000
20030_090101_130416,D,20111201,000000,0.1332300,0.1439300,0.1332300,0.1434500,120.000
20030_090101_130416,D,20111205,000000,0.1397500,0.1397500,0.1397500,0.1397500,40.000
20030_090101_130416,D,20111212,000000,0.1300100,0.1352200,0.1300100,0.1352200,40.000
20030_090101_130416,D,20111214,000000,0.1330300,0.1330300,0.1330200,0.1330200,30.000
20030_090101_130416,D,20111216,000000,0.1285200,0.1377400,0.1285200,0.1377400,130.000
20030_090101_130416,D,20111222,000000,0.1365000,0.1365000,0.1365000,0.1365000,100.000
20030_090101_130416,D,20111226,000000,0.1300100,0.1300100,0.1300000,0.1300000,50.000
20030_090101_130416,D,20111227,000000,0.1349000,0.1349000,0.1285700,0.1285700,20.000
20030_090101_130416,D,20111229,000000,0.1233500,0.1292000,0.1121500,0.1200000,1.120.000
20030_090101_130416,D,20111230,000000,0.1270000,0.1285000,0.1200000,0.1200000,220.000
20030_090101_130416,D,20120103,000000,0.1249900,0.1249900,0.1249900,0.1249900,20.000
20030_090101_130416,D,20120104,000000,0.1209900,0.1209900,0.1209900,0.1209900,40.000
20030_090101_130416,D,20120105,000000,0.1280000,0.1284900,0.1250000,0.1284900,60.000
20030_090101_130416,D,20120109,000000,0.1150000,0.1284200,0.1150000,0.1284200,20.000
20030_090101_130416,D,20120110,000000,0.1249800,0.1249800,0.1248300,0.1248300,30.000
20030_090101_130416,D,20120111,000000,0.1324000,0.1324000,0.1323500,0.1323500,20.000
20030_090101_130416,D,20120113,000000,0.1182100,0.1349000,0.1182100,0.1349000,20.000
20030_090101_130416,D,20120116,000000,0.1279900,0.1279900,0.1279900,0.1279900,10.000
20030_090101_130416,D,20120118,000000,0.1299400,0.1299400,0.1299400,0.1299400,10.000
20030_090101_130416,D,20120119,000000,0.1203300,0.1299400,0.1195000,0.1299400,260.000
20030_090101_130416,D,20120120,000000,0.1210600,0.1210600,0.1210500,0.1210500,40.000
20030_090101_130416,D,20120123,000000,0.1296900,0.1296900,0.1210900,0.1210900,60.000
20030_090101_130416,D,20120125,000000,0.1296700,0.1296700,0.1296700,0.1296700,10.000
20030_090101_130416,D,20120126,000000,0.1255000,0.1255000,0.1241500,0.1241500,130.000
20030_090101_130416,D,20120127,000000,0.1254100,0.1374800,0.1254100,0.1374800,230.000
20030_090101_130416,D,20120130,000000,0.1250600,0.1328700,0.1250600,0.1258500,90.000
20030_090101_130416,D,20120201,000000,0.1309900,0.1309900,0.1309900,0.1309900,10.000
20030_090101_130416,D,20120202,000000,0.1331800,0.1331800,0.1331800,0.1331800,10.000
20030_090101_130416,D,20120206,000000,0.1334900,0.1334900,0.1329900,0.1329900,30.000
20030_090101_130416,D,20120209,000000,0.1368700,0.1368700,0.1251600,0.1251600,20.000
20030_090101_130416,D,20120210,000000,0.1334900,0.1366300,0.1309300,0.1309300,160.000
20030_090101_130416,D,20120214,000000,0.1364800,0.1364900,0.1364800,0.1364900,30.000
20030_090101_130416,D,20120215,000000,0.1299000,0.1369800,0.1280400,0.1330000,170.000
20030_090101_130416,D,20120216,000000,0.1371000,0.1371000,0.1314000,0.1324000,190.000
20030_090101_130416,D,20120217,000000,0.1261700,0.1330300,0.1261700,0.1329400,30.000
20030_090101_130416,D,20120221,000000,0.1360000,0.1369800,0.1330000,0.1369800,220.000
20030_090101_130416,D,20120222,000000,0.1377300,0.1377300,0.1236500,0.1370000,180.000
20030_090101_130416,D,20120224,000000,0.1236200,0.1236200,0.1236200,0.1236200,10.000
20030_090101_130416,D,20120227,000000,0.1369200,0.1369200,0.1300300,0.1300300,30.000
20030_090101_130416,D,20120228,000000,0.1280000,0.1280000,0.1280000,0.1280000,10.000
20030_090101_130416,D,20120229,000000,0.1234000,0.1234000,0.1234000,0.1234000,10.000
20030_090101_130416,D,20120301,000000,0.1369000,0.1369000,0.1369000,0.1369000,10.000
20030_090101_130416,D,20120302,000000,0.1298600,0.1300100,0.1298600,0.1300000,210.000
20030_090101_130416,D,20120306,000000,0.1300100,0.1300100,0.1300100,0.1300100,20.000
20030_090101_130416,D,20120311,000000,0.1320900,0.1320900,0.1280000,0.1280000,20.000
20030_090101_130416,D,20120312,000000,0.1319700,0.1320000,0.1319700,0.1320000,50.000
20030_090101_130416,D,20120314,000000,0.1390000,0.1789600,0.1300000,0.1577700,1.310.000
20030_090101_130416,D,20120315,000000,0.1386100,0.1479700,0.1300100,0.1349900,330.000
20030_090101_130416,D,20120316,000000,0.1403100,0.1403100,0.1403100,0.1403100,10.000
20030_090101_130416,D,20120319,000000,0.1404100,0.1405000,0.1350000,0.1405000,50.000
20030_090101_130416,D,20120320,000000,0.1310000,0.1336600,0.1283000,0.1336600,180.000
20030_090101_130416,D,20120321,000000,0.1287800,0.1401200,0.1287800,0.1401200,40.000
20030_090101_130416,D,20120323,000000,0.1300000,0.1300000,0.1286300,0.1286300,50.000
20030_090101_130416,D,20120326,000000,0.1286300,0.1399000,0.1255700,0.1399000,250.000
20030_090101_130416,D,20120327,000000,0.1399900,0.1399900,0.1399900,0.1399900,10.000
20030_090101_130416,D,20120330,000000,0.1330400,0.1395200,0.1329900,0.1395200,70.000
20030_090101_130416,D,20120402,000000,0.1399900,0.1399900,0.1279900,0.1279900,80.000
20030_090101_130416,D,20120403,000000,0.1390000,0.1390000,0.1390000,0.1390000,10.000
20030_090101_130416,D,20120404,000000,0.1401000,0.1401000,0.1329900,0.1351400,40.000
20030_090101_130416,D,20120405,000000,0.1405000,0.1405000,0.1405000,0.1405000,10.000
20030_090101_130416,D,20120409,000000,0.1205600,0.1405000,0.1205600,0.1369900,90.000
20030_090101_130416,D,20120410,000000,0.1405000,0.1464200,0.1400000,0.1410100,930.000
20030_090101_130416,D,20120411,000000,0.1250000,0.1434800,0.1250000,0.1311500,30.000
20030_090101_130416,D,20120412,000000,0.1323300,0.1323300,0.1323300,0.1323300,310.000
20030_090101_130416,D,20120418,000000,0.1320700,0.1320700,0.1320700,0.1320700,10.000
20030_090101_130416,D,20120419,000000,0.1311500,0.1461200,0.1241200,0.1350500,160.000
20030_090101_130416,D,20120420,000000,0.1300800,0.1444400,0.1300800,0.1444400,20.000
20030_090101_130416,D,20120424,000000,0.1249400,0.1249400,0.1249400,0.1249400,10.000
20030_090101_130416,D,20120425,000000,0.1205700,0.1205700,0.1205700,0.1205700,10.000
20030_090101_130416,D,20120426,000000,0.1309900,0.1333300,0.1309900,0.1333300,20.000
20030_090101_130416,D,20120427,000000,0.1330100,0.1330100,0.1330100,0.1330100,10.000
20030_090101_130416,D,20120502,000000,0.1198500,0.1270100,0.1198500,0.1270100,20.000
20030_090101_130416,D,20120503,000000,0.1349900,0.1349900,0.1270700,0.1270700,30.000
20030_090101_130416,D,20120504,000000,0.1250000,0.1250000,0.1250000,0.1250000,390.000
20030_090101_130416,D,20120511,000000,0.1200100,0.1250000,0.1200100,0.1230000,630.000
20030_090101_130416,D,20120515,000000,0.1021200,0.1021200,0.1000000,0.1000000,70.000
20030_090101_130416,D,20120516,000000,0.1127300,0.1128000,0.1127300,0.1128000,50.000
20030_090101_130416,D,20120517,000000,0.1000400,0.1000400,0.0825500,0.0825500,200.000
20030_090101_130416,D,20120518,000000,0.0880000,0.0880000,0.0880000,0.0880000,10.000
20030_090101_130416,D,20120523,000000,0.0900000,0.0900000,0.0900000,0.0900000,300.000
20030_090101_130416,D,20120524,000000,0.0998500,0.0998800,0.0998500,0.0998800,70.000
20030_090101_130416,D,20120525,000000,0.0900900,0.0900900,0.0900900,0.0900900,10.000
20030_090101_130416,D,20120601,000000,0.0880800,0.0880800,0.0880800,0.0880800,50.000
20030_090101_130416,D,20120604,000000,0.0880000,0.1019900,0.0590000,0.0838900,930.000
20030_090101_130416,D,20120605,000000,0.0833000,0.0890000,0.0790000,0.0890000,60.000
20030_090101_130416,D,20120606,000000,0.0888000,0.0964000,0.0888000,0.0964000,30.000
20030_090101_130416,D,20120607,000000,0.0800000,0.0983000,0.0800000,0.0977700,40.000
20030_090101_130416,D,20120608,000000,0.0949900,0.0949900,0.0949900,0.0949900,10.000
20030_090101_130416,D,20120609,000000,0.0999600,0.0999800,0.0999600,0.0999800,80.000
20030_090101_130416,D,20120613,000000,0.0995000,0.1042800,0.0995000,0.1042800,20.000
20030_090101_130416,D,20120614,000000,0.0770700,0.1039700,0.0730000,0.0909900,150.000
20030_090101_130416,D,20120615,000000,0.1019800,0.1019800,0.0751500,0.0997400,270.000
20030_090101_130416,D,20120618,000000,0.1010000,0.1022400,0.0814100,0.0950000,500.000
20030_090101_130416,D,20120619,000000,0.1024800,0.1024800,0.0900900,0.0900900,20.000
20030_090101_130416,D,20120620,000000,0.1024200,0.1024200,0.0818100,0.0818100,20.000
20030_090101_130416,D,20120622,000000,0.0841700,0.0841700,0.0841700,0.0841700,10.000
20030_090101_130416,D,20120625,000000,0.0950000,0.0950000,0.0841600,0.0841600,20.000
20030_090101_130416,D,20120626,000000,0.0999700,0.0999700,0.0841900,0.0841900,30.000
20030_090101_130416,D,20120628,000000,0.0814700,0.0814700,0.0814700,0.0814700,10.000
20030_090101_130416,D,20120629,000000,0.0814400,0.0882800,0.0666700,0.0882800,690.000
20030_090101_130416,D,20120702,000000,0.0874800,0.0874800,0.0874800,0.0874800,10.000
20030_090101_130416,D,20120703,000000,0.0777700,0.1024200,0.0777700,0.1024200,30.000
20030_090101_130416,D,20120704,000000,0.1039300,0.1039300,0.1039300,0.1039300,10.000
20030_090101_130416,D,20120705,000000,0.0870000,0.0974300,0.0870000,0.0918000,80.000
20030_090101_130416,D,20120706,000000,0.1039800,0.1039800,0.0901200,0.0901500,220.000
20030_090101_130416,D,20120709,000000,0.0999700,0.0999700,0.0850500,0.0915500,80.000
20030_090101_130416,D,20120710,000000,0.0950000,0.0969100,0.0850800,0.0945000,40.000
20030_090101_130416,D,20120711,000000,0.0900300,0.0964600,0.0851500,0.0920200,80.000
20030_090101_130416,D,20120712,000000,0.0840400,0.0949700,0.0840400,0.0900300,50.000
20030_090101_130416,D,20120713,000000,0.0988000,0.0988000,0.0840800,0.0949600,80.000
20030_090101_130416,D,20120716,000000,0.0999900,0.0999900,0.0901200,0.0901200,20.000
20030_090101_130416,D,20120717,000000,0.0969900,0.1039700,0.0831800,0.1039700,290.000
20030_090101_130416,D,20120718,000000,0.1039700,0.1039800,0.0950700,0.1039000,50.000
20030_090101_130416,D,20120719,000000,0.1039700,0.1039700,0.0970300,0.1039000,30.000
20030_090101_130416,D,20120720,000000,0.1039000,0.1039900,0.0950500,0.1039000,70.000
20030_090101_130416,D,20120723,000000,0.1039500,0.1039900,0.0950500,0.0980000,430.000
20030_090101_130416,D,20120724,000000,0.0980000,0.1100000,0.0980000,0.1020500,280.000
20030_090101_130416,D,20120725,000000,0.0980500,0.1149400,0.0980500,0.1149400,40.000
20030_090101_130416,D,20120726,000000,0.1020200,0.1250000,0.1020200,0.1120200,50.000
20030_090101_130416,D,20120727,000000,0.1440000,0.1440000,0.1000000,0.1250000,240.000
20030_090101_130416,D,20120730,000000,0.1300000,0.1300000,0.1300000,0.1300000,10.000
20030_090101_130416,D,20120731,000000,0.1200000,0.1350000,0.1200000,0.1350000,20.000
20030_090101_130416,D,20120801,000000,0.1200200,0.1474600,0.1200200,0.1474600,70.000
20030_090101_130416,D,20120802,000000,0.1301100,0.1399900,0.1105800,0.1105800,120.000
20030_090101_130416,D,20120813,000000,0.1349900,0.1349900,0.1301900,0.1301900,20.000
20030_090101_130416,D,20120814,000000,0.1300100,0.1399900,0.1300100,0.1399900,20.000
20030_090101_130416,D,20120820,000000,0.1480000,0.1480000,0.1480000,0.1480000,10.000
20030_090101_130416,D,20120821,000000,0.1360300,0.1495000,0.1360300,0.1495000,90.000
20030_090101_130416,D,20120822,000000,0.1495000,0.1560000,0.1495000,0.1560000,30.000
20030_090101_130416,D,20120823,000000,0.1420100,0.1557100,0.1400000,0.1557100,740.000
20030_090101_130416,D,20120824,000000,0.1400300,0.1549500,0.1400000,0.1470000,220.000
20030_090101_130416,D,20120827,000000,0.1549700,0.1549700,0.1400300,0.1500000,80.000
20030_090101_130416,D,20120830,000000,0.1420000,0.1420000,0.1400000,0.1400000,150.000
20030_090101_130416,D,20120903,000000,0.1480000,0.1549900,0.1480000,0.1490100,50.000
20030_090101_130416,D,20120906,000000,0.1425100,0.1425100,0.1425100,0.1425100,50.000
20030_090101_130416,D,20120907,000000,0.1560000,0.1560000,0.1200000,0.1200000,110.000
20030_090101_130416,D,20120910,000000,0.1399900,0.1400000,0.1399900,0.1400000,50.000
20030_090101_130416,D,20120911,000000,0.1350000,0.1435900,0.1300000,0.1435900,70.000
20030_090101_130416,D,20120914,000000,0.1519900,0.1519900,0.1519900,0.1519900,10.000
20030_090101_130416,D,20120918,000000,0.1439900,0.1439900,0.1350500,0.1350500,20.000
20030_090101_130416,D,20120919,000000,0.1589900,0.1589900,0.1589900,0.1589900,10.000
20030_090101_130416,D,20120920,000000,0.1420300,0.1420300,0.1420300,0.1420300,20.000
20030_090101_130416,D,20120926,000000,0.1400100,0.1400100,0.1400000,0.1400000,240.000
20030_090101_130416,D,20120927,000000,0.1470000,0.1500000,0.1409900,0.1500000,110.000
20030_090101_130416,D,20121003,000000,0.1425100,0.1500000,0.1425000,0.1500000,40.000
20030_090101_130416,D,20121008,000000,0.1425100,0.1425100,0.1425000,0.1425000,160.000
20030_090101_130416,D,20121011,000000,0.1599500,0.1599500,0.1599500,0.1599500,40.000
20030_090101_130416,D,20121012,000000,0.1599500,0.1599500,0.1380100,0.1380100,90.000
20030_090101_130416,D,20121016,000000,0.1375000,0.1400000,0.1375000,0.1400000,30.000
20030_090101_130416,D,20121018,000000,0.1400000,0.1400000,0.1400000,0.1400000,100.000
20030_090101_130416,D,20121019,000000,0.1350000,0.1350000,0.1350000,0.1350000,20.000
20030_090101_130416,D,20121022,000000,0.1603700,0.1603700,0.1300000,0.1300000,20.000
20030_090101_130416,D,20121024,000000,0.1400000,0.1597600,0.1400000,0.1597600,20.000
20030_090101_130416,D,20121029,000000,0.1070000,0.1075000,0.1070000,0.1075000,20.000
20030_090101_130416,D,20121030,000000,0.1200000,0.1200000,0.1200000,0.1200000,10.000
20030_090101_130416,D,20121031,000000,0.1200000,0.1200000,0.1200000,0.1200000,10.000
20030_090101_130416,D,20121101,000000,0.1250000,0.1353900,0.1250000,0.1353900,80.000
20030_090101_130416,D,20121102,000000,0.1200000,0.1250000,0.1200000,0.1250000,30.000
20030_090101_130416,D,20121106,000000,0.1050900,0.1050900,0.1050900,0.1050900,10.000
20030_090101_130416,D,20121108,000000,0.1361400,0.1361400,0.1275000,0.1275000,20.000
20030_090101_130416,D,20121113,000000,0.1225100,0.1225100,0.1225000,0.1225000,110.000
20030_090101_130416,D,20121115,000000,0.1180100,0.1180100,0.1180100,0.1180100,10.000
20030_090101_130416,D,20121116,000000,0.1399800,0.1399800,0.1399800,0.1399800,10.000
20030_090101_130416,D,20121120,000000,0.1200100,0.1200100,0.1200000,0.1200000,40.000
20030_090101_130416,D,20121126,000000,0.1002100,0.1204700,0.1002100,0.1204700,20.000
20030_090101_130416,D,20121211,000000,0.1361200,0.1361200,0.1361200,0.1361200,20.000
20030_090101_130416,D,20121212,000000,0.1361000,0.1361000,0.1361000,0.1361000,50.000
20030_090101_130416,D,20121214,000000,0.1100000,0.1333400,0.1030000,0.1299900,50.000
20030_090101_130416,D,20121217,000000,0.1266600,0.1266600,0.1266600,0.1266600,30.000
20030_090101_130416,D,20130109,000000,0.1109800,0.1109800,0.1109800,0.1109800,10.000
20030_090101_130416,D,20130116,000000,0.1202900,0.1202900,0.1202900,0.1202900,10.000
20030_090101_130416,D,20130117,000000,0.1102100,0.1150000,0.1102100,0.1150000,220.000
20030_090101_130416,D,20130122,000000,0.1299900,0.1299900,0.1299900,0.1299900,230.000
20030_090101_130416,D,20130125,000000,0.1101100,0.1298100,0.1101100,0.1200000,160.000
20030_090101_130416,D,20130128,000000,0.1295000,0.1295000,0.1295000,0.1295000,10.000
20030_090101_130416,D,20130130,000000,0.1150000,0.1150000,0.1150000,0.1150000,10.000
20030_090101_130416,D,20130131,000000,0.1150000,0.1249900,0.1150000,0.1249900,230.000
20030_090101_130416,D,20130201,000000,0.1360000,0.1360000,0.1060600,0.1249000,160.000
20030_090101_130416,D,20130204,000000,0.1355000,0.1355000,0.1355000,0.1355000,10.000
20030_090101_130416,D,20130207,000000,0.1200000,0.1200000,0.1200000,0.1200000,70.000
20030_090101_130416,D,20130211,000000,0.1060100,0.1060100,0.1060000,0.1060000,40.000
20030_090101_130416,D,20130212,000000,0.1060000,0.1060000,0.1060000,0.1060000,10.000
20030_090101_130416,D,20130213,000000,0.1060300,0.1060300,0.1060300,0.1060300,40.000
20030_090101_130416,D,20130214,000000,0.1100000,0.1122000,0.1100000,0.1122000,120.000
20030_090101_130416,D,20130215,000000,0.1144400,0.1144400,0.1121600,0.1121600,70.000
20030_090101_130416,D,20130219,000000,0.1098900,0.1120000,0.1098900,0.1120000,50.000
20030_090101_130416,D,20130226,000000,0.1060100,0.1060100,0.1060000,0.1060000,80.000
20030_090101_130416,D,20130227,000000,0.1098800,0.1098800,0.1098800,0.1098800,10.000
20030_090101_130416,D,20130228,000000,0.1120600,0.1197900,0.1060200,0.1097000,170.000
20030_090101_130416,D,20130301,000000,0.1060100,0.1060100,0.1060000,0.1060000,270.000
20030_090101_130416,D,20130304,000000,0.1060000,0.1060000,0.1060000,0.1060000,40.000
20030_090101_130416,D,20130306,000000,0.1060100,0.1060100,0.1060000,0.1060000,130.000
20030_090101_130416,D,20130311,000000,0.1097000,0.1097000,0.1097000,0.1097000,10.000
20030_090101_130416,D,20130315,000000,0.1109900,0.1449500,0.1109900,0.1111600,1.030.000
20030_090101_130416,D,20130318,000000,0.1060500,0.1210000,0.1000100,0.1200000,290.000
20030_090101_130416,D,20130319,000000,0.1150000,0.1300000,0.1150000,0.1300000,30.000
20030_090101_130416,D,20130325,000000,0.1150000,0.1290000,0.1150000,0.1290000,30.000
20030_090101_130416,D,20130326,000000,0.1000500,0.1211100,0.0999900,0.1211100,100.000
20030_090101_130416,D,20130401,000000,0.1099800,0.1289000,0.1099800,0.1288000,110.000
