<TICKER>,<PER>,<DATE>,<TIME>,<OPEN>,<HIGH>,<LOW>,<CLOSE>,<VOL>
20066_090101_130416,D,20090111,000000,34.9800000,34.9800000,34.9800000,34.9800000,1
20066_090101_130416,D,20090112,000000,33.4100000,33.4100000,32.0500000,32.5000000,720
20066_090101_130416,D,20090113,000000,32.0500000,32.0500000,30.0600000,32.0000000,236
20066_090101_130416,D,20090114,000000,32.0000000,32.0000000,28.4100000,28.4100000,19.196
20066_090101_130416,D,20090115,000000,30.0000000,30.0500000,28.5000000,29.0000000,410
20066_090101_130416,D,20090116,000000,28.5500000,29.6300000,27.6000000,28.0000000,50.978
20066_090101_130416,D,20090119,000000,28.0000000,28.0000000,28.0000000,28.0000000,20
20066_090101_130416,D,20090120,000000,27.7000000,27.7000000,26.9900000,27.0500000,1.091
20066_090101_130416,D,20090121,000000,27.0000000,27.0000000,26.2500000,26.5500000,237
20066_090101_130416,D,20090122,000000,27.0000000,27.0500000,26.4100000,27.0500000,1.225
20066_090101_130416,D,20090123,000000,26.5500000,27.0500000,25.0000000,27.0500000,1.447
20066_090101_130416,D,20090126,000000,26.0500000,27.0000000,25.9700000,27.0000000,742
20066_090101_130416,D,20090127,000000,26.5000000,26.5000000,26.0500000,26.0500000,30
20066_090101_130416,D,20090128,000000,26.0500000,26.0500000,26.0000000,26.0500000,26.836
20066_090101_130416,D,20090129,000000,26.0500000,26.0500000,23.0000000,23.1300000,4.853
20066_090101_130416,D,20090130,000000,23.5500000,25.0000000,23.4900000,25.0000000,2.163
20066_090101_130416,D,20090202,000000,24.9000000,24.9000000,24.5000000,24.5000000,775
20066_090101_130416,D,20090203,000000,24.0500000,25.9800000,23.5000000,25.9800000,1.585
20066_090101_130416,D,20090204,000000,24.7100000,24.7100000,24.6000000,24.6900000,8.414
20066_090101_130416,D,20090205,000000,24.5500000,25.5300000,24.4400000,25.4900000,183
20066_090101_130416,D,20090206,000000,24.0600000,26.4800000,24.0600000,26.4800000,76.731
20066_090101_130416,D,20090209,000000,26.5000000,26.5000000,25.0000000,26.0000000,23.290
20066_090101_130416,D,20090210,000000,25.9900000,28.6000000,25.0000000,26.1000000,56.053
20066_090101_130416,D,20090211,000000,25.3400000,26.0000000,25.3400000,25.6200000,1.834
20066_090101_130416,D,20090212,000000,25.0600000,25.4500000,24.5500000,24.5500000,14.588
20066_090101_130416,D,20090213,000000,24.5500000,24.5500000,24.3700000,24.5000000,817
20066_090101_130416,D,20090216,000000,24.5000000,25.0400000,24.5000000,24.9000000,18.379
20066_090101_130416,D,20090217,000000,25.0400000,25.1000000,25.0000000,25.1000000,12.001
20066_090101_130416,D,20090218,000000,25.1000000,25.1000000,24.7000000,25.1000000,2.645
20066_090101_130416,D,20090219,000000,25.1000000,25.1000000,25.0500000,25.1000000,11
20066_090101_130416,D,20090220,000000,24.5500000,25.1000000,23.8000000,25.1000000,5.068
20066_090101_130416,D,20090224,000000,24.9900000,25.1000000,24.4000000,25.1000000,65
20066_090101_130416,D,20090226,000000,25.1000000,25.1000000,24.9000000,25.1000000,5.719
20066_090101_130416,D,20090227,000000,25.1000000,25.1000000,25.1000000,25.1000000,1
20066_090101_130416,D,20090302,000000,25.1000000,25.1000000,25.1000000,25.1000000,12
20066_090101_130416,D,20090303,000000,25.1000000,25.1000000,24.1000000,25.1000000,219
20066_090101_130416,D,20090304,000000,25.1000000,25.1000000,24.1500000,25.1000000,20.202
20066_090101_130416,D,20090305,000000,25.1000000,28.0000000,24.8500000,25.1900000,22.426
20066_090101_130416,D,20090306,000000,24.5600000,25.0000000,24.5500000,25.0000000,1.016
20066_090101_130416,D,20090310,000000,25.0000000,26.5000000,24.3000000,25.0500000,3.125
20066_090101_130416,D,20090311,000000,25.0500000,25.0500000,23.5600000,25.0000000,1.409
20066_090101_130416,D,20090312,000000,24.0100000,24.9700000,20.0700000,24.9700000,638
20066_090101_130416,D,20090313,000000,24.9700000,24.9700000,24.9600000,24.9600000,13
20066_090101_130416,D,20090316,000000,23.8000000,24.0100000,22.9900000,24.0000000,5.949
20066_090101_130416,D,20090317,000000,24.0000000,24.2500000,23.6900000,24.0000000,2.553
20066_090101_130416,D,20090318,000000,24.0000000,24.2600000,23.5000000,23.9900000,17.201
20066_090101_130416,D,20090319,000000,24.2400000,24.5000000,23.6000000,23.8500000,11.175
20066_090101_130416,D,20090320,000000,23.6000000,25.0000000,23.6000000,24.5000000,27.764
20066_090101_130416,D,20090323,000000,24.0500000,27.1000000,22.0000000,25.4500000,303.918
20066_090101_130416,D,20090324,000000,24.8100000,26.0000000,24.6800000,25.7500000,41.123
20066_090101_130416,D,20090325,000000,25.7500000,26.9800000,25.5000000,25.9900000,1.104.955
20066_090101_130416,D,20090326,000000,26.4400000,27.4000000,25.4000000,26.8500000,143.023
20066_090101_130416,D,20090327,000000,26.3500000,26.7900000,25.5800000,26.2000000,377.425
20066_090101_130416,D,20090330,000000,26.2000000,26.2000000,25.5500000,26.2000000,21.854
20066_090101_130416,D,20090331,000000,25.6900000,26.2000000,25.6900000,26.0000000,46.046
20066_090101_130416,D,20090401,000000,26.2500000,26.2500000,25.9000000,26.0000000,11.499
20066_090101_130416,D,20090402,000000,25.8400000,26.0000000,25.5000000,26.0000000,14.911
20066_090101_130416,D,20090403,000000,25.9000000,26.2400000,25.9000000,26.0000000,70.618
20066_090101_130416,D,20090406,000000,25.8500000,25.8500000,25.0000000,25.5000000,123.566
20066_090101_130416,D,20090407,000000,25.5000000,25.5000000,24.5000000,25.5000000,3.582
20066_090101_130416,D,20090408,000000,25.4600000,25.7500000,25.3000000,25.5000000,35.694
20066_090101_130416,D,20090409,000000,25.5000000,27.0000000,25.0000000,27.0000000,501.050
20066_090101_130416,D,20090410,000000,27.2000000,28.0000000,26.5000000,28.0000000,124.156
20066_090101_130416,D,20090413,000000,27.0200000,28.0900000,27.0200000,28.0000000,137.249
20066_090101_130416,D,20090414,000000,27.9000000,28.2400000,27.7500000,28.1000000,169.788
20066_090101_130416,D,20090415,000000,28.1000000,28.9000000,28.1000000,28.4500000,101.172
20066_090101_130416,D,20090416,000000,28.5000000,28.5000000,28.0000000,28.3700000,53.479
20066_090101_130416,D,20090417,000000,28.3700000,28.6000000,27.4900000,28.0000000,197.125
20066_090101_130416,D,20090420,000000,28.1900000,29.1000000,27.6000000,28.9700000,300.235
20066_090101_130416,D,20090421,000000,28.5000000,31.1400000,27.9000000,31.0000000,287.989
20066_090101_130416,D,20090422,000000,30.5200000,31.2000000,29.0000000,29.5100000,296.415
20066_090101_130416,D,20090423,000000,29.6000000,30.2500000,28.1000000,30.0000000,158.328
20066_090101_130416,D,20090424,000000,29.9900000,30.0000000,29.0000000,29.4000000,13.425
20066_090101_130416,D,20090427,000000,28.7600000,29.4000000,28.4000000,28.9000000,32.446
20066_090101_130416,D,20090428,000000,28.8900000,29.0000000,28.2100000,28.5700000,14.807
20066_090101_130416,D,20090429,000000,28.6000000,29.2500000,28.5900000,28.8000000,68.970
20066_090101_130416,D,20090430,000000,28.8000000,29.9500000,27.9900000,29.1200000,52.679
20066_090101_130416,D,20090504,000000,29.6000000,30.2200000,28.9900000,29.0000000,84.070
20066_090101_130416,D,20090505,000000,29.1100000,32.5400000,29.0000000,29.1000000,795.482
20066_090101_130416,D,20090506,000000,29.3000000,32.4600000,29.3000000,31.8500000,802.654
20066_090101_130416,D,20090507,000000,31.8500000,41.3400000,31.7000000,37.5000000,980.414
20066_090101_130416,D,20090508,000000,37.7000000,42.9300000,37.0100000,37.7500000,138.631
20066_090101_130416,D,20090512,000000,37.5000000,40.8900000,37.0000000,39.2000000,127.626
20066_090101_130416,D,20090513,000000,40.5900000,41.5000000,36.7000000,37.8600000,146.926
20066_090101_130416,D,20090514,000000,36.9900000,37.8300000,35.5100000,37.4900000,75.183
20066_090101_130416,D,20090515,000000,37.9600000,40.0000000,36.1800000,40.0000000,80.598
20066_090101_130416,D,20090518,000000,38.3800000,39.9000000,38.0000000,38.9000000,34.446
20066_090101_130416,D,20090519,000000,38.9000000,39.9000000,38.0000000,39.9000000,42.838
20066_090101_130416,D,20090520,000000,39.0000000,43.3900000,38.1000000,42.9900000,88.236
20066_090101_130416,D,20090521,000000,41.6500000,41.9900000,38.6500000,39.9900000,44.753
20066_090101_130416,D,20090522,000000,40.9900000,41.4000000,38.9000000,41.4000000,16.078
20066_090101_130416,D,20090525,000000,41.9600000,42.0000000,39.0000000,40.9800000,20.775
20066_090101_130416,D,20090526,000000,41.0000000,41.5000000,38.5100000,40.5000000,38.040
20066_090101_130416,D,20090527,000000,40.0000000,43.6900000,40.0000000,42.0000000,65.452
20066_090101_130416,D,20090528,000000,41.7000000,42.9400000,40.5600000,41.5000000,116.165
20066_090101_130416,D,20090529,000000,41.4900000,42.0000000,41.0000000,41.9800000,40.140
20066_090101_130416,D,20090601,000000,42.4400000,44.0000000,41.9500000,43.7000000,67.260
20066_090101_130416,D,20090602,000000,43.7000000,44.6700000,42.9200000,43.0000000,63.167
20066_090101_130416,D,20090603,000000,43.5500000,45.8400000,43.0000000,43.0000000,233.830
20066_090101_130416,D,20090604,000000,43.0000000,43.8200000,42.0000000,42.4200000,35.051
20066_090101_130416,D,20090605,000000,43.3000000,43.7500000,42.0600000,42.9000000,69.163
20066_090101_130416,D,20090608,000000,42.9000000,43.0000000,42.1600000,42.7700000,3.231
20066_090101_130416,D,20090609,000000,42.7700000,43.9000000,42.7700000,43.9000000,21.414
20066_090101_130416,D,20090610,000000,43.8000000,45.5000000,43.0300000,44.1000000,37.725
20066_090101_130416,D,20090611,000000,44.2000000,47.8700000,43.8000000,45.0000000,8.764
20066_090101_130416,D,20090615,000000,45.5000000,45.5000000,37.3500000,40.9500000,17.799
20066_090101_130416,D,20090616,000000,40.0000000,43.8900000,39.0000000,42.0000000,42.443
20066_090101_130416,D,20090617,000000,41.5000000,41.5000000,38.5000000,39.2500000,67.421
20066_090101_130416,D,20090618,000000,38.1100000,39.9000000,37.6500000,39.4400000,23.082
20066_090101_130416,D,20090619,000000,38.2100000,39.8100000,37.5500000,38.9900000,696
20066_090101_130416,D,20090622,000000,40.3000000,40.3000000,35.3500000,37.5500000,22.034
20066_090101_130416,D,20090623,000000,37.3000000,38.0000000,31.6600000,37.3500000,51.055
20066_090101_130416,D,20090624,000000,38.8700000,39.9900000,37.9000000,39.3500000,21.647
20066_090101_130416,D,20090625,000000,39.3200000,39.3500000,37.5000000,38.9300000,6.095
20066_090101_130416,D,20090626,000000,39.0000000,40.0100000,38.1800000,39.3400000,13.113
20066_090101_130416,D,20090629,000000,38.8100000,39.9600000,38.5000000,39.9600000,4.961
20066_090101_130416,D,20090630,000000,38.3600000,39.7300000,38.2300000,38.2600000,528
20066_090101_130416,D,20090701,000000,38.9900000,40.0000000,38.0000000,40.0000000,12.891
20066_090101_130416,D,20090702,000000,39.0000000,39.9500000,38.7000000,39.9300000,50
20066_090101_130416,D,20090703,000000,39.9900000,40.0000000,38.3900000,39.5200000,283
20066_090101_130416,D,20090706,000000,38.3600000,39.6200000,38.0000000,39.6200000,14.044
20066_090101_130416,D,20090707,000000,38.3800000,40.4000000,38.0500000,40.3800000,33.755
20066_090101_130416,D,20090708,000000,38.0800000,40.2000000,37.0100000,39.4800000,1.235
20066_090101_130416,D,20090709,000000,39.9800000,39.9900000,38.1100000,39.9900000,1.345
20066_090101_130416,D,20090710,000000,39.0100000,39.0100000,38.0000000,38.9800000,769
20066_090101_130416,D,20090713,000000,38.5100000,39.9600000,37.0100000,39.0000000,1.142
20066_090101_130416,D,20090714,000000,39.3600000,39.3600000,32.0000000,37.8900000,10.294
20066_090101_130416,D,20090715,000000,38.4800000,38.9800000,38.4400000,38.9800000,1.001
20066_090101_130416,D,20090716,000000,39.0100000,42.5500000,38.2600000,40.0000000,31.423
20066_090101_130416,D,20090717,000000,38.0100000,41.7700000,38.0100000,41.7700000,5
20066_090101_130416,D,20090720,000000,38.5100000,40.9800000,38.2400000,40.7900000,13.554
20066_090101_130416,D,20090721,000000,39.9900000,39.9900000,39.7600000,39.7900000,2.550
20066_090101_130416,D,20090722,000000,40.9800000,45.7900000,40.1500000,40.1500000,3.425
20066_090101_130416,D,20090723,000000,39.0000000,44.0000000,38.6200000,43.9000000,6.121
20066_090101_130416,D,20090724,000000,43.9800000,44.7700000,43.9000000,44.7700000,2.826
20066_090101_130416,D,20090727,000000,42.0100000,44.0000000,42.0000000,43.5000000,14.705
20066_090101_130416,D,20090728,000000,43.5000000,43.8800000,40.3400000,43.8800000,7.002
20066_090101_130416,D,20090729,000000,43.5100000,43.5200000,41.0000000,43.3200000,14.072
20066_090101_130416,D,20090730,000000,42.5000000,43.3300000,42.5000000,43.3300000,5.183
20066_090101_130416,D,20090731,000000,43.3300000,43.5000000,41.5600000,43.4900000,7.345
20066_090101_130416,D,20090803,000000,43.5000000,44.2300000,43.0000000,44.2300000,14.068
20066_090101_130416,D,20090804,000000,44.2400000,45.7800000,44.2400000,45.7600000,9.639
20066_090101_130416,D,20090805,000000,45.0000000,48.0000000,45.0000000,47.9500000,9.317
20066_090101_130416,D,20090806,000000,48.9900000,52.0000000,48.0000000,51.4700000,10.905
20066_090101_130416,D,20090807,000000,51.4700000,66.9000000,50.0100000,57.4900000,22.990
20066_090101_130416,D,20090810,000000,59.9700000,60.0000000,57.5000000,59.9900000,11.457
20066_090101_130416,D,20090811,000000,62.4000000,64.9800000,54.0000000,61.5000000,77.890
20066_090101_130416,D,20090812,000000,61.4900000,61.4900000,57.5000000,59.5000000,2.814
20066_090101_130416,D,20090813,000000,59.5000000,60.0000000,54.5500000,55.9200000,12.261
20066_090101_130416,D,20090814,000000,54.5500000,56.5000000,52.1800000,56.5000000,779
20066_090101_130416,D,20090817,000000,56.5000000,56.5000000,53.5100000,55.0000000,10.022
20066_090101_130416,D,20090818,000000,54.9500000,58.0000000,54.0000000,58.0000000,458
20066_090101_130416,D,20090819,000000,56.0000000,57.0000000,55.5100000,57.0000000,271
20066_090101_130416,D,20090820,000000,57.4900000,57.4900000,55.2000000,57.0000000,490
20066_090101_130416,D,20090821,000000,58.0000000,58.0000000,57.0000000,57.9700000,1.060
20066_090101_130416,D,20090824,000000,57.8500000,58.0000000,52.5500000,57.8600000,29.770
20066_090101_130416,D,20090825,000000,57.0000000,57.9900000,57.0000000,57.9900000,5.301
20066_090101_130416,D,20090826,000000,57.7400000,58.9000000,56.1500000,58.2000000,3.675
20066_090101_130416,D,20090827,000000,57.5000000,58.0000000,56.1300000,57.9600000,46
20066_090101_130416,D,20090828,000000,57.9900000,60.0000000,57.1800000,60.0000000,3.172
20066_090101_130416,D,20090831,000000,58.0000000,59.4600000,57.9500000,59.3500000,2.593
20066_090101_130416,D,20090901,000000,58.0100000,59.8500000,55.0000000,58.5000000,11.826
20066_090101_130416,D,20090902,000000,59.8500000,59.8500000,57.5100000,59.8500000,12.831
20066_090101_130416,D,20090903,000000,59.7000000,66.4800000,59.7000000,66.4800000,5.217
20066_090101_130416,D,20090904,000000,66.5000000,84.5000000,66.5000000,71.9900000,4.866
20066_090101_130416,D,20090907,000000,69.0600000,72.0000000,69.0600000,72.0000000,1.786
20066_090101_130416,D,20090908,000000,72.0000000,90.5000000,71.0100000,75.4600000,7.875
20066_090101_130416,D,20090909,000000,73.1600000,75.0000000,73.1600000,75.0000000,1.319
20066_090101_130416,D,20090910,000000,73.3100000,75.4600000,71.0500000,75.0000000,13.902
20066_090101_130416,D,20090911,000000,74.4000000,77.0000000,74.4000000,76.7700000,3.683
20066_090101_130416,D,20090914,000000,74.8100000,75.0100000,74.0000000,75.0000000,15.598
20066_090101_130416,D,20090915,000000,77.0000000,77.0000000,74.0000000,74.9000000,3.298
20066_090101_130416,D,20090916,000000,75.5000000,80.0000000,75.5000000,78.0000000,14.303
20066_090101_130416,D,20090917,000000,78.1200000,78.5100000,74.5000000,74.8000000,4.276
20066_090101_130416,D,20090918,000000,74.0000000,76.0000000,73.1200000,74.7300000,1.078
20066_090101_130416,D,20090921,000000,76.9000000,76.9000000,73.0100000,74.9000000,2.752
20066_090101_130416,D,20090922,000000,74.7700000,80.0000000,74.7700000,79.9800000,13.813
20066_090101_130416,D,20090923,000000,79.2700000,80.0000000,78.0000000,80.0000000,7.322
20066_090101_130416,D,20090924,000000,79.9300000,79.9300000,73.8100000,76.5200000,5.074
20066_090101_130416,D,20090925,000000,76.5000000,77.9000000,71.5000000,73.3500000,11.393
20066_090101_130416,D,20090928,000000,73.0000000,73.3500000,71.0500000,73.3500000,1.397
20066_090101_130416,D,20090929,000000,73.0000000,73.0000000,70.0000000,70.5000000,4.328
20066_090101_130416,D,20090930,000000,72.0100000,74.9900000,70.0500000,74.9900000,11.763
20066_090101_130416,D,20091001,000000,75.0500000,82.5200000,75.0500000,76.0700000,23.753
20066_090101_130416,D,20091002,000000,75.1000000,75.1000000,70.0100000,74.6900000,14.573
20066_090101_130416,D,20091005,000000,74.0000000,80.0000000,72.3300000,79.0000000,45.219
20066_090101_130416,D,20091006,000000,76.2400000,80.9900000,74.1000000,80.0000000,31.876
20066_090101_130416,D,20091007,000000,80.0500000,81.0000000,76.7500000,78.4900000,16.547
20066_090101_130416,D,20091008,000000,80.4800000,80.4800000,77.6500000,79.6600000,6.135
20066_090101_130416,D,20091009,000000,78.6800000,79.3500000,74.2100000,78.9900000,9.597
20066_090101_130416,D,20091012,000000,79.3200000,79.3200000,76.5500000,78.1200000,3.483
20066_090101_130416,D,20091013,000000,78.0000000,78.9900000,76.2600000,78.3800000,32.686
20066_090101_130416,D,20091014,000000,79.0000000,81.9900000,78.2700000,81.5000000,394.327
20066_090101_130416,D,20091015,000000,82.4800000,82.4800000,80.7500000,81.8000000,158.771
20066_090101_130416,D,20091016,000000,82.8900000,84.4900000,80.9900000,83.7900000,430.945
20066_090101_130416,D,20091019,000000,82.9900000,85.5000000,82.9900000,85.5000000,343.916
20066_090101_130416,D,20091020,000000,85.5000000,87.0000000,84.6000000,85.0000000,195.517
20066_090101_130416,D,20091021,000000,85.2000000,86.9900000,85.0100000,86.6000000,732
20066_090101_130416,D,20091022,000000,85.1000000,86.0000000,82.0900000,85.9700000,5.113
20066_090101_130416,D,20091023,000000,86.1000000,86.9800000,84.0000000,85.9200000,16.688
20066_090101_130416,D,20091026,000000,86.0000000,86.5000000,85.0000000,86.0000000,39.284
20066_090101_130416,D,20091027,000000,85.1500000,90.0000000,84.0100000,88.4900000,161.026
20066_090101_130416,D,20091028,000000,88.5000000,88.5000000,84.0000000,85.8000000,53.650
20066_090101_130416,D,20091029,000000,85.0000000,87.4800000,81.0000000,87.4800000,16.345
20066_090101_130416,D,20091030,000000,87.7700000,87.7700000,82.3500000,84.5000000,30.198
20066_090101_130416,D,20091102,000000,85.9900000,85.9900000,82.7000000,84.9900000,2.688
20066_090101_130416,D,20091103,000000,85.2200000,90.9800000,73.4600000,76.7900000,34.323
20066_090101_130416,D,20091105,000000,76.8200000,81.9800000,73.6800000,81.9800000,11.611
20066_090101_130416,D,20091106,000000,82.9400000,84.7500000,79.6900000,84.5000000,19.948
20066_090101_130416,D,20091109,000000,84.9900000,84.9900000,82.0000000,84.9800000,6.308
20066_090101_130416,D,20091110,000000,85.0000000,86.0000000,82.5000000,85.5000000,8.356
20066_090101_130416,D,20091111,000000,86.0000000,89.0400000,82.6000000,88.7500000,22.255
20066_090101_130416,D,20091112,000000,87.5000000,88.0000000,86.5900000,88.0000000,33.303
20066_090101_130416,D,20091113,000000,88.0000000,88.0000000,84.3000000,86.0000000,1.724
20066_090101_130416,D,20091116,000000,86.0000000,90.0000000,85.7500000,88.7700000,34.448
20066_090101_130416,D,20091117,000000,88.9900000,114.4100000,88.9900000,91.0000000,80.818
20066_090101_130416,D,20091118,000000,91.5000000,96.6200000,86.0700000,88.4900000,474.110
20066_090101_130416,D,20091119,000000,89.9400000,89.9500000,86.0000000,87.4900000,6.599
20066_090101_130416,D,20091120,000000,88.6300000,90.0000000,86.2200000,88.4300000,24.325
20066_090101_130416,D,20091123,000000,89.0000000,89.0000000,86.6000000,88.1000000,6.608
20066_090101_130416,D,20091124,000000,88.4900000,88.4900000,83.0600000,87.0000000,20.373
20066_090101_130416,D,20091125,000000,87.6000000,87.6000000,86.8100000,87.0000000,31.617
20066_090101_130416,D,20091126,000000,87.4900000,88.5000000,82.0300000,86.8900000,4.303
20066_090101_130416,D,20091127,000000,82.0000000,86.0000000,73.1200000,85.5000000,13.201
20066_090101_130416,D,20091130,000000,85.9900000,86.9000000,82.7000000,84.8200000,698
20066_090101_130416,D,20091201,000000,84.9900000,89.0000000,83.5200000,87.5000000,83.787
20066_090101_130416,D,20091202,000000,88.9900000,88.9900000,84.0100000,86.2700000,501
20066_090101_130416,D,20091203,000000,88.0000000,89.0000000,85.0000000,87.0000000,18.846
20066_090101_130416,D,20091204,000000,88.0000000,88.0000000,85.2100000,86.0000000,4.279
20066_090101_130416,D,20091207,000000,87.9700000,87.9700000,83.5000000,86.8100000,1.894
20066_090101_130416,D,20091208,000000,86.5700000,86.9300000,84.8000000,86.0000000,13.899
20066_090101_130416,D,20091209,000000,86.9900000,86.9900000,83.0000000,84.4800000,4.017
20066_090101_130416,D,20091210,000000,84.4700000,84.9800000,83.0800000,83.5800000,7.423
20066_090101_130416,D,20091211,000000,83.9800000,88.0000000,83.9800000,85.7700000,64.817
20066_090101_130416,D,20091214,000000,86.9100000,86.9200000,84.8100000,85.4900000,1.947
20066_090101_130416,D,20091215,000000,84.8700000,85.4900000,84.8100000,85.0000000,3.195
20066_090101_130416,D,20091216,000000,85.2300000,86.0000000,85.0600000,85.8400000,9.738
20066_090101_130416,D,20091217,000000,85.0000000,86.9900000,82.5000000,85.4900000,502.558
20066_090101_130416,D,20091218,000000,85.0000000,87.6000000,85.0000000,87.0000000,41.482
20066_090101_130416,D,20091221,000000,87.0000000,87.0000000,84.0000000,85.9600000,87.977
20066_090101_130416,D,20091222,000000,84.7500000,85.8500000,84.0000000,85.4900000,655
20066_090101_130416,D,20091223,000000,84.6600000,85.4800000,84.6400000,85.0000000,66.054
20066_090101_130416,D,20091224,000000,84.8000000,85.7400000,83.5300000,85.7400000,7.475
20066_090101_130416,D,20091225,000000,85.5000000,85.5000000,83.7600000,84.0000000,15.465
20066_090101_130416,D,20091228,000000,85.2500000,85.5000000,84.1000000,84.8500000,7.724
20066_090101_130416,D,20091229,000000,84.8500000,85.2700000,84.0000000,84.4300000,7.912
20066_090101_130416,D,20091230,000000,84.7500000,84.7500000,81.1200000,83.3800000,5.453
20066_090101_130416,D,20091231,000000,83.5000000,83.9700000,83.5000000,83.9700000,176
20066_090101_130416,D,20100111,000000,85.5000000,89.9500000,75.6100000,87.3900000,24.713
20066_090101_130416,D,20100112,000000,87.5000000,87.6000000,81.0000000,84.4400000,577.364
20066_090101_130416,D,20100113,000000,84.4400000,89.9400000,83.0300000,87.0300000,10.849
20066_090101_130416,D,20100114,000000,89.8000000,99.4800000,89.8000000,95.0000000,59.653
20066_090101_130416,D,20100115,000000,95.0000000,99.4900000,95.0000000,95.8900000,35.462
20066_090101_130416,D,20100118,000000,98.8900000,104.9000000,95.1600000,100.5000000,58.619
20066_090101_130416,D,20100119,000000,100.3200000,109.5000000,100.3200000,106.4100000,55.047
20066_090101_130416,D,20100120,000000,109.9500000,111.0000000,100.1000000,101.9000000,166.479
20066_090101_130416,D,20100121,000000,102.5000000,103.0000000,87.7700000,98.0000000,17.545
20066_090101_130416,D,20100122,000000,96.0500000,97.0000000,94.0500000,96.0000000,6.594
20066_090101_130416,D,20100125,000000,96.9800000,99.7600000,90.0600000,98.0000000,12.478
20066_090101_130416,D,20100126,000000,92.2400000,98.2500000,92.2400000,97.0000000,9.700
20066_090101_130416,D,20100127,000000,94.2100000,97.5600000,94.2000000,95.9500000,26.557
20066_090101_130416,D,20100128,000000,97.5500000,100.4000000,97.0100000,98.9900000,74.759
20066_090101_130416,D,20100129,000000,99.0000000,102.9900000,97.2100000,102.7300000,52.257
20066_090101_130416,D,20100201,000000,103.0000000,103.9900000,100.5200000,101.0000000,13.154
20066_090101_130416,D,20100202,000000,103.9400000,103.9400000,100.9500000,102.9600000,25.795
20066_090101_130416,D,20100203,000000,102.9800000,106.8900000,100.0000000,102.9800000,30.042
20066_090101_130416,D,20100204,000000,102.9600000,103.0000000,99.0000000,100.1900000,57.519
20066_090101_130416,D,20100205,000000,97.3000000,101.0000000,94.9900000,99.9200000,26.221
20066_090101_130416,D,20100208,000000,100.5300000,101.4600000,81.0000000,91.5000000,66.457
20066_090101_130416,D,20100209,000000,93.6800000,94.9700000,89.0300000,94.8500000,31.114
20066_090101_130416,D,20100210,000000,94.8500000,95.7500000,92.0600000,92.4900000,8.851
20066_090101_130416,D,20100211,000000,94.0600000,94.9800000,90.0600000,93.8000000,6.048
20066_090101_130416,D,20100212,000000,92.0700000,94.9000000,92.0700000,94.3000000,21.194
20066_090101_130416,D,20100215,000000,94.0000000,100.0000000,94.0000000,95.5000000,48.698
20066_090101_130416,D,20100216,000000,95.5000000,98.0000000,95.5000000,97.3900000,27.606
20066_090101_130416,D,20100217,000000,97.9100000,105.0100000,97.9100000,99.0200000,69.039
20066_090101_130416,D,20100218,000000,100.7500000,100.7500000,97.5000000,98.4800000,29.800
20066_090101_130416,D,20100219,000000,98.1500000,100.7500000,97.0400000,99.7000000,6.610
20066_090101_130416,D,20100224,000000,98.0100000,100.2000000,97.0400000,100.1600000,6.683
20066_090101_130416,D,20100225,000000,99.9800000,101.9500000,97.6100000,100.0000000,113.620
20066_090101_130416,D,20100226,000000,100.5000000,105.0000000,99.5000000,103.9500000,91.328
20066_090101_130416,D,20100227,000000,104.0000000,104.3000000,101.1300000,102.7400000,6.364
20066_090101_130416,D,20100301,000000,103.5400000,104.2900000,97.0000000,100.9800000,71.323
20066_090101_130416,D,20100302,000000,100.5000000,103.9700000,100.0000000,102.6000000,118.713
20066_090101_130416,D,20100303,000000,103.5400000,103.9100000,101.9000000,102.9400000,3.532
20066_090101_130416,D,20100304,000000,101.9000000,107.2600000,101.5000000,103.9700000,28.951
20066_090101_130416,D,20100305,000000,105.0000000,107.0000000,101.5100000,105.5500000,158.840
20066_090101_130416,D,20100309,000000,105.9000000,109.0000000,102.9900000,106.4000000,48.661
20066_090101_130416,D,20100310,000000,106.5000000,106.7000000,105.5600000,106.5000000,23.122
20066_090101_130416,D,20100311,000000,105.4400000,106.4100000,102.8100000,105.2700000,16.368
20066_090101_130416,D,20100312,000000,105.9900000,106.0000000,104.0200000,104.9900000,17.808
20066_090101_130416,D,20100315,000000,105.2600000,105.5400000,104.4600000,105.5000000,9.866
20066_090101_130416,D,20100316,000000,104.6200000,104.7900000,103.5000000,104.2200000,21.333
20066_090101_130416,D,20100317,000000,103.6200000,104.4000000,103.5300000,104.3200000,13.030
20066_090101_130416,D,20100318,000000,104.3900000,104.3900000,103.5600000,104.0100000,1.190
20066_090101_130416,D,20100319,000000,103.8000000,104.2800000,102.8100000,103.5600000,3.633
20066_090101_130416,D,20100322,000000,104.0000000,105.9400000,102.0100000,103.4100000,36.294
20066_090101_130416,D,20100323,000000,102.4000000,103.4700000,102.0000000,102.9900000,6.078
20066_090101_130416,D,20100324,000000,102.9100000,103.1600000,101.0000000,102.7500000,4.765
20066_090101_130416,D,20100325,000000,103.1500000,103.4900000,101.7000000,102.9900000,6.560
20066_090101_130416,D,20100326,000000,102.4000000,104.9500000,102.4000000,103.7000000,7.590
20066_090101_130416,D,20100329,000000,103.4900000,104.9800000,102.8000000,103.5000000,32.886
20066_090101_130416,D,20100330,000000,104.4700000,104.9900000,101.8800000,104.0000000,4.183
20066_090101_130416,D,20100331,000000,103.9900000,104.9700000,103.7000000,104.7500000,10.940
20066_090101_130416,D,20100401,000000,104.9000000,105.0000000,103.4900000,103.5200000,11.974
20066_090101_130416,D,20100402,000000,104.4600000,104.9900000,102.2100000,104.2900000,12.038
20066_090101_130416,D,20100405,000000,103.6200000,105.2500000,102.8900000,104.4500000,26.434
20066_090101_130416,D,20100406,000000,104.4500000,106.0000000,103.0000000,104.5100000,26.318
20066_090101_130416,D,20100407,000000,104.9500000,105.5000000,103.0000000,104.2000000,67.483
20066_090101_130416,D,20100408,000000,104.0000000,105.9700000,104.0000000,105.7300000,24.562
20066_090101_130416,D,20100409,000000,105.8400000,116.9000000,105.8400000,114.7800000,314.143
20066_090101_130416,D,20100412,000000,116.8500000,122.0000000,111.8200000,119.9700000,67.346
20066_090101_130416,D,20100413,000000,120.0000000,120.0600000,116.5200000,118.5000000,16.697
20066_090101_130416,D,20100414,000000,120.7400000,120.7500000,117.5200000,120.0000000,52.865
20066_090101_130416,D,20100415,000000,120.0000000,120.0000000,118.9000000,119.7900000,24.528
20066_090101_130416,D,20100416,000000,119.7900000,120.7300000,118.5000000,119.3900000,25.536
20066_090101_130416,D,20100419,000000,119.3900000,119.3900000,110.0000000,114.6700000,26.353
20066_090101_130416,D,20100420,000000,114.8400000,117.0000000,114.1700000,115.2500000,27.574
20066_090101_130416,D,20100421,000000,115.2500000,115.2500000,113.8000000,114.7200000,3.867
20066_090101_130416,D,20100422,000000,114.3400000,114.8000000,110.1600000,111.9200000,31.668
20066_090101_130416,D,20100423,000000,112.2900000,115.0000000,112.0900000,115.0000000,13.379
20066_090101_130416,D,20100426,000000,115.2500000,115.2500000,113.6700000,114.5500000,9.538
20066_090101_130416,D,20100427,000000,114.5500000,115.2500000,111.0000000,113.0000000,26.180
20066_090101_130416,D,20100428,000000,112.0000000,114.0000000,109.0400000,113.7900000,6.392
20066_090101_130416,D,20100429,000000,114.0000000,114.0000000,112.0000000,112.0100000,35.935
20066_090101_130416,D,20100430,000000,112.9900000,112.9900000,111.0000000,112.6800000,10.460
20066_090101_130416,D,20100504,000000,113.0000000,113.5000000,107.5500000,107.9600000,11.781
20066_090101_130416,D,20100505,000000,110.9900000,110.9900000,96.5800000,99.3800000,72.523
20066_090101_130416,D,20100506,000000,99.0000000,99.7800000,95.0000000,95.9900000,58.576
20066_090101_130416,D,20100507,000000,94.0500000,99.9800000,90.0300000,94.4900000,75.343
20066_090101_130416,D,20100511,000000,99.2300000,99.7000000,95.3900000,99.6800000,18.316
20066_090101_130416,D,20100512,000000,98.5300000,103.0000000,97.9900000,99.4800000,43.619
20066_090101_130416,D,20100513,000000,99.4700000,100.0000000,97.8000000,99.9000000,16.719
20066_090101_130416,D,20100514,000000,98.8900000,99.9900000,98.0000000,98.5000000,10.889
20066_090101_130416,D,20100517,000000,97.5100000,99.9400000,92.9800000,93.8300000,19.269
20066_090101_130416,D,20100518,000000,95.3700000,97.4900000,93.5500000,94.5000000,1.038.658
20066_090101_130416,D,20100519,000000,93.5600000,94.0000000,92.0500000,93.9400000,13.643
20066_090101_130416,D,20100520,000000,94.0000000,96.3500000,81.6200000,84.3000000,29.936
20066_090101_130416,D,20100521,000000,85.0000000,85.0000000,75.5500000,84.4100000,73.162
20066_090101_130416,D,20100524,000000,87.0300000,89.0800000,85.0000000,86.2300000,21.339
20066_090101_130416,D,20100525,000000,84.9000000,89.2200000,80.5000000,84.9900000,21.894
20066_090101_130416,D,20100526,000000,86.0600000,95.0100000,86.0500000,92.2400000,132.150
20066_090101_130416,D,20100527,000000,92.2500000,95.0100000,91.0000000,93.4700000,52.589
20066_090101_130416,D,20100528,000000,92.9800000,93.2500000,90.1600000,92.0000000,23.196
20066_090101_130416,D,20100531,000000,90.1200000,94.2500000,90.1200000,92.0000000,54.789
20066_090101_130416,D,20100601,000000,91.8800000,92.7500000,89.3500000,90.8000000,34.592
20066_090101_130416,D,20100602,000000,90.6000000,93.4900000,89.5000000,91.0000000,234.535
20066_090101_130416,D,20100603,000000,91.1000000,91.8000000,88.9900000,91.7900000,379.096
20066_090101_130416,D,20100604,000000,91.5900000,92.8700000,90.0900000,91.9900000,20.082
20066_090101_130416,D,20100607,000000,87.8000000,91.4900000,83.4600000,91.4000000,24.162
20066_090101_130416,D,20100608,000000,91.1500000,92.4400000,88.5000000,91.3500000,2.139
20066_090101_130416,D,20100609,000000,90.0200000,92.0700000,89.8000000,91.5500000,26.210
20066_090101_130416,D,20100610,000000,91.0000000,92.0000000,88.1700000,90.1600000,46.525
20066_090101_130416,D,20100611,000000,90.0900000,90.0900000,87.9600000,88.8000000,6.018
20066_090101_130416,D,20100615,000000,89.0000000,90.5000000,88.9800000,90.2100000,12.415
20066_090101_130416,D,20100616,000000,90.2100000,90.2500000,89.3000000,89.9500000,6.455
20066_090101_130416,D,20100617,000000,89.1100000,90.2500000,88.0100000,89.6100000,9.944
20066_090101_130416,D,20100618,000000,89.9300000,90.4900000,88.4000000,90.4500000,6.423
20066_090101_130416,D,20100621,000000,90.5000000,91.2500000,90.1000000,91.2300000,159.046
20066_090101_130416,D,20100622,000000,90.2100000,91.9300000,90.2100000,91.0000000,19.515
20066_090101_130416,D,20100623,000000,90.7500000,90.9900000,87.1400000,90.0000000,2.072
20066_090101_130416,D,20100624,000000,90.0200000,91.0000000,88.0100000,89.9900000,16.743
20066_090101_130416,D,20100625,000000,90.0100000,90.0100000,88.1200000,88.7400000,8.372
20066_090101_130416,D,20100628,000000,91.0000000,91.0000000,88.5500000,90.3200000,30.588
20066_090101_130416,D,20100629,000000,90.3000000,91.0000000,88.0000000,88.9700000,112.513
20066_090101_130416,D,20100630,000000,88.9900000,89.9000000,84.4400000,88.5200000,21.860
20066_090101_130416,D,20100701,000000,87.8900000,87.8900000,77.7700000,80.0700000,40.810
20066_090101_130416,D,20100702,000000,82.0000000,82.0000000,76.9900000,78.9600000,46.696
20066_090101_130416,D,20100705,000000,79.0000000,79.0000000,77.1000000,78.6000000,6.265
20066_090101_130416,D,20100706,000000,79.0000000,84.7000000,78.8500000,84.0000000,52.771
20066_090101_130416,D,20100707,000000,80.1100000,86.4000000,80.1100000,85.0000000,85.232
20066_090101_130416,D,20100708,000000,88.2500000,91.0000000,86.0000000,87.9600000,16.033
20066_090101_130416,D,20100709,000000,89.7400000,89.9900000,87.0000000,89.2300000,3.489
20066_090101_130416,D,20100712,000000,90.1400000,90.1400000,87.5600000,88.9800000,2.974
20066_090101_130416,D,20100713,000000,88.8200000,91.9600000,88.8200000,91.1800000,5.996
20066_090101_130416,D,20100714,000000,91.1800000,92.0000000,90.0100000,90.2000000,15.310
20066_090101_130416,D,20100715,000000,91.1400000,92.4600000,90.0000000,90.9600000,26.464
20066_090101_130416,D,20100716,000000,91.3300000,91.3300000,89.6400000,90.4300000,12.032
20066_090101_130416,D,20100719,000000,90.9100000,93.4200000,90.0000000,92.5700000,59.472
20066_090101_130416,D,20100720,000000,92.9900000,95.0000000,91.0000000,91.0000000,85.702
20066_090101_130416,D,20100721,000000,91.8500000,93.0000000,91.5000000,91.5000000,19.993
20066_090101_130416,D,20100722,000000,91.4900000,91.5100000,90.0000000,91.5100000,3.492
20066_090101_130416,D,20100723,000000,92.1400000,92.4000000,91.5800000,91.5800000,4.126
20066_090101_130416,D,20100726,000000,91.9800000,93.0000000,91.5000000,92.0000000,6.416
20066_090101_130416,D,20100727,000000,92.2500000,93.2000000,91.6100000,92.9600000,13.865
20066_090101_130416,D,20100728,000000,92.8000000,93.6000000,92.0000000,92.7900000,16.725
20066_090101_130416,D,20100729,000000,93.1600000,97.7500000,92.0400000,96.6700000,237.814
20066_090101_130416,D,20100730,000000,95.6700000,98.3000000,95.0000000,98.2900000,53.378
20066_090101_130416,D,20100802,000000,97.3100000,102.2300000,97.3100000,101.8900000,64.127
20066_090101_130416,D,20100803,000000,102.0100000,102.9500000,98.1200000,100.5600000,33.845
20066_090101_130416,D,20100804,000000,100.3200000,101.9900000,99.1600000,99.7200000,20.409
20066_090101_130416,D,20100805,000000,99.1800000,101.8300000,98.0000000,100.7800000,61.469
20066_090101_130416,D,20100806,000000,100.1600000,103.5000000,99.0300000,103.4800000,96.734
20066_090101_130416,D,20100809,000000,103.9500000,104.7000000,101.5000000,102.9700000,12.095
20066_090101_130416,D,20100810,000000,103.9300000,103.9800000,100.6000000,103.0400000,66.113
20066_090101_130416,D,20100811,000000,102.1000000,104.5500000,102.0000000,104.4900000,35.367
20066_090101_130416,D,20100812,000000,104.0000000,107.3900000,104.0000000,105.4200000,102.443
20066_090101_130416,D,20100813,000000,106.3200000,110.0000000,105.2500000,107.7500000,29.920
20066_090101_130416,D,20100816,000000,107.4200000,108.5000000,105.0000000,107.0000000,74.436
20066_090101_130416,D,20100817,000000,106.9900000,108.0000000,106.0300000,107.0100000,10.324
20066_090101_130416,D,20100818,000000,107.5000000,107.9800000,106.0000000,106.7500000,20.120
20066_090101_130416,D,20100819,000000,107.0000000,107.0000000,104.3000000,105.9600000,26.393
20066_090101_130416,D,20100820,000000,105.0100000,105.7700000,100.5100000,101.0100000,65.697
20066_090101_130416,D,20100823,000000,101.5000000,104.4900000,101.2800000,103.0000000,34.888
20066_090101_130416,D,20100824,000000,103.9800000,103.9800000,101.0000000,101.9200000,34.463
20066_090101_130416,D,20100825,000000,101.4300000,102.4000000,100.2500000,101.0000000,11.389
20066_090101_130416,D,20100826,000000,102.1900000,104.0000000,100.9900000,101.9500000,11.549
20066_090101_130416,D,20100827,000000,102.9700000,102.9700000,100.9200000,100.9200000,10.648
20066_090101_130416,D,20100830,000000,101.4400000,101.4400000,99.0700000,100.1900000,6.315
20066_090101_130416,D,20100831,000000,100.1800000,101.8400000,100.1800000,101.0200000,17.990
20066_090101_130416,D,20100901,000000,101.8800000,102.8600000,101.1700000,102.3500000,9.504
20066_090101_130416,D,20100902,000000,102.3400000,103.0000000,101.8000000,103.0000000,13.029
20066_090101_130416,D,20100903,000000,103.2300000,104.0100000,100.1800000,103.6900000,19.427
20066_090101_130416,D,20100906,000000,102.8000000,103.5000000,102.5200000,103.2100000,16.737
20066_090101_130416,D,20100907,000000,103.1900000,103.9000000,101.6000000,102.5600000,5.042
20066_090101_130416,D,20100908,000000,102.0100000,103.6800000,101.2500000,103.0000000,15.203
20066_090101_130416,D,20100909,000000,102.8000000,105.5500000,102.0200000,105.0000000,39.143
20066_090101_130416,D,20100910,000000,104.9800000,106.0000000,104.0200000,105.9700000,20.321
20066_090101_130416,D,20100913,000000,106.3600000,114.0000000,106.0600000,111.5000000,139.499
20066_090101_130416,D,20100914,000000,111.0100000,114.5900000,109.0000000,113.0100000,102.158
20066_090101_130416,D,20100915,000000,114.9900000,115.0000000,112.0000000,113.6800000,39.377
20066_090101_130416,D,20100916,000000,113.6900000,115.1500000,112.9900000,114.5500000,58.989
20066_090101_130416,D,20100917,000000,115.0000000,115.9700000,114.0100000,114.8300000,5.331
20066_090101_130416,D,20100920,000000,114.0800000,115.2900000,114.0000000,114.7000000,24.804
20066_090101_130416,D,20100921,000000,114.0100000,117.0500000,114.0100000,116.9400000,15.950
20066_090101_130416,D,20100922,000000,115.6800000,122.0000000,115.5000000,120.0600000,119.573
20066_090101_130416,D,20100923,000000,120.9000000,127.0000000,120.0000000,124.0100000,108.673
20066_090101_130416,D,20100924,000000,123.6900000,126.8800000,122.0100000,126.8600000,50.469
20066_090101_130416,D,20100927,000000,128.9900000,128.9900000,124.0000000,125.0000000,53.951
20066_090101_130416,D,20100928,000000,124.3200000,127.0000000,123.0000000,126.9800000,54.335
20066_090101_130416,D,20100929,000000,128.4000000,129.4700000,127.0700000,128.9800000,10.995
20066_090101_130416,D,20100930,000000,129.5900000,130.0300000,126.0000000,130.0000000,38.613
20066_090101_130416,D,20101001,000000,131.3100000,134.0000000,128.5600000,133.2800000,62.149
20066_090101_130416,D,20101004,000000,134.3600000,135.0000000,133.0000000,133.4900000,41.272
20066_090101_130416,D,20101005,000000,133.0100000,134.2000000,129.2700000,130.2000000,58.780
20066_090101_130416,D,20101006,000000,130.4900000,131.3000000,127.5000000,128.0000000,17.522
20066_090101_130416,D,20101007,000000,127.0200000,127.9900000,125.0000000,126.5000000,15.497
20066_090101_130416,D,20101008,000000,126.2400000,127.6500000,125.1300000,127.2200000,62.886
20066_090101_130416,D,20101011,000000,127.4600000,128.5000000,127.0000000,128.4900000,25.679
20066_090101_130416,D,20101012,000000,128.0100000,132.0000000,127.9900000,130.9800000,26.106
20066_090101_130416,D,20101013,000000,131.3300000,136.3100000,129.6900000,132.0800000,204.430
20066_090101_130416,D,20101014,000000,132.0900000,132.6600000,129.9200000,131.0500000,23.017
20066_090101_130416,D,20101015,000000,131.1900000,132.8500000,130.1500000,132.8500000,88.972
20066_090101_130416,D,20101018,000000,132.9100000,133.4900000,131.5200000,133.4500000,7.570
20066_090101_130416,D,20101019,000000,133.9900000,136.0000000,130.0000000,132.4800000,64.148
20066_090101_130416,D,20101020,000000,132.4700000,133.8200000,131.9900000,133.8000000,9.337
20066_090101_130416,D,20101021,000000,134.0300000,137.9700000,133.1000000,137.9700000,109.876
20066_090101_130416,D,20101022,000000,138.9900000,139.3900000,137.0200000,139.0000000,34.455
20066_090101_130416,D,20101025,000000,138.8800000,140.0000000,138.0000000,138.9500000,26.641
20066_090101_130416,D,20101026,000000,141.4000000,149.9500000,137.7500000,140.8900000,39.536
20066_090101_130416,D,20101027,000000,141.0000000,153.3900000,140.9000000,148.9900000,114.253
20066_090101_130416,D,20101028,000000,149.8900000,150.4900000,145.4400000,146.4400000,32.765
20066_090101_130416,D,20101029,000000,147.4000000,147.4800000,143.5200000,147.2500000,46.393
20066_090101_130416,D,20101101,000000,148.9500000,150.0000000,144.4700000,144.9800000,34.623
20066_090101_130416,D,20101102,000000,146.9900000,147.3000000,142.0000000,146.3000000,50.813
20066_090101_130416,D,20101103,000000,147.7600000,148.0000000,145.0800000,147.0400000,9.394
20066_090101_130416,D,20101108,000000,150.1100000,151.3000000,147.8200000,151.1100000,81.128
20066_090101_130416,D,20101109,000000,151.2500000,153.5100000,150.5100000,153.0700000,94.573
20066_090101_130416,D,20101110,000000,153.2800000,153.5800000,152.0000000,153.4700000,36.973
20066_090101_130416,D,20101111,000000,153.6800000,155.5400000,153.0000000,155.5400000,63.241
20066_090101_130416,D,20101112,000000,152.1600000,163.9400000,152.0600000,158.8000000,16.660
20066_090101_130416,D,20101113,000000,158.2900000,160.5000000,155.5700000,158.5000000,6.703
20066_090101_130416,D,20101115,000000,158.5400000,160.9000000,156.9100000,158.4000000,9.699
20066_090101_130416,D,20101116,000000,159.9900000,159.9900000,151.5000000,152.8600000,28.476
20066_090101_130416,D,20101117,000000,160.0000000,160.0000000,150.9900000,153.1000000,102.647
20066_090101_130416,D,20101118,000000,153.1200000,155.3000000,153.1200000,154.7500000,19.191
20066_090101_130416,D,20101119,000000,155.0000000,155.0000000,149.0000000,149.5800000,30.098
20066_090101_130416,D,20101122,000000,149.5700000,152.0000000,149.5700000,151.7800000,29.091
20066_090101_130416,D,20101123,000000,152.0000000,153.0100000,150.9000000,150.9000000,17.899
20066_090101_130416,D,20101124,000000,150.8000000,152.9500000,150.0000000,152.9500000,15.987
20066_090101_130416,D,20101125,000000,153.0500000,153.3900000,151.4500000,152.8500000,14.704
20066_090101_130416,D,20101126,000000,152.7000000,153.2700000,152.0500000,152.4400000,27.399
20066_090101_130416,D,20101129,000000,152.4700000,153.1500000,152.0000000,152.1800000,7.135
20066_090101_130416,D,20101130,000000,153.0500000,153.2500000,152.0100000,152.9000000,21.122
20066_090101_130416,D,20101201,000000,152.1600000,152.9000000,151.4800000,151.5000000,23.313
20066_090101_130416,D,20101202,000000,151.5400000,152.8800000,151.4800000,152.8800000,30.337
20066_090101_130416,D,20101203,000000,152.5500000,155.9900000,152.5000000,154.4100000,39.998
20066_090101_130416,D,20101206,000000,155.0500000,157.0000000,153.0000000,153.3700000,6.322
20066_090101_130416,D,20101207,000000,154.0500000,154.0500000,151.5000000,151.9500000,14.800
20066_090101_130416,D,20101208,000000,152.0000000,154.0000000,149.4000000,150.0000000,13.755
20066_090101_130416,D,20101209,000000,152.9600000,153.4000000,150.0000000,153.4000000,10.660
20066_090101_130416,D,20101210,000000,153.9900000,154.7100000,152.4200000,153.0300000,3.223
20066_090101_130416,D,20101213,000000,153.0000000,158.5100000,153.0000000,157.9700000,33.799
20066_090101_130416,D,20101214,000000,157.9900000,160.9900000,155.8900000,156.8500000,49.371
20066_090101_130416,D,20101215,000000,156.8800000,157.5000000,154.0000000,156.9000000,21.375
20066_090101_130416,D,20101216,000000,155.8900000,159.9000000,155.8700000,159.9000000,97.268
20066_090101_130416,D,20101217,000000,160.0500000,166.5000000,157.9900000,166.5000000,30.712
20066_090101_130416,D,20101220,000000,166.6600000,179.1100000,159.1200000,173.7600000,110.831
20066_090101_130416,D,20101221,000000,173.7000000,173.7000000,166.9900000,170.4700000,17.737
20066_090101_130416,D,20101222,000000,170.7800000,171.8900000,169.1000000,171.8800000,5.666
20066_090101_130416,D,20101223,000000,171.9900000,172.9900000,170.5800000,171.4400000,5.224
20066_090101_130416,D,20101224,000000,171.9800000,172.0000000,170.9300000,171.3000000,6.336
20066_090101_130416,D,20101227,000000,171.3000000,171.3000000,167.0200000,171.2400000,30.695
20066_090101_130416,D,20101228,000000,171.4800000,171.4800000,167.5000000,168.2800000,11.185
20066_090101_130416,D,20101229,000000,168.9800000,168.9800000,167.0000000,168.3000000,5.793
20066_090101_130416,D,20101230,000000,168.3000000,170.4500000,167.7500000,170.0000000,7.713
20066_090101_130416,D,20110111,000000,170.9900000,177.7200000,170.9900000,175.0400000,80.984
20066_090101_130416,D,20110112,000000,175.4200000,177.7000000,174.0000000,177.5000000,173.810
20066_090101_130416,D,20110113,000000,177.4900000,177.6500000,175.0000000,175.0000000,189.216
20066_090101_130416,D,20110114,000000,175.9800000,177.0000000,174.1400000,175.7900000,50.468
20066_090101_130416,D,20110117,000000,175.8200000,175.8200000,172.0500000,174.9900000,3.423
20066_090101_130416,D,20110118,000000,175.2000000,175.9800000,172.0000000,172.4400000,11.798
20066_090101_130416,D,20110119,000000,172.4900000,172.5000000,170.0600000,172.0200000,4.369
20066_090101_130416,D,20110120,000000,171.0600000,172.6400000,170.0000000,172.6200000,62.717
20066_090101_130416,D,20110121,000000,172.3100000,184.9000000,172.3100000,178.0000000,66.497
20066_090101_130416,D,20110124,000000,179.7800000,179.9000000,170.9900000,173.0000000,11.142
20066_090101_130416,D,20110125,000000,173.6900000,175.8200000,171.0100000,174.2200000,16.755
20066_090101_130416,D,20110126,000000,175.1100000,176.4700000,173.0000000,176.4700000,28.528
20066_090101_130416,D,20110127,000000,176.4700000,178.9900000,174.0000000,175.4500000,14.927
20066_090101_130416,D,20110128,000000,175.4000000,175.5000000,174.1100000,175.0000000,6.536
20066_090101_130416,D,20110131,000000,174.2100000,174.2100000,168.9200000,171.9800000,14.913
20066_090101_130416,D,20110201,000000,171.9800000,175.4600000,171.0200000,175.1900000,69.477
20066_090101_130416,D,20110202,000000,176.1400000,179.9800000,174.5000000,176.1000000,80.659
20066_090101_130416,D,20110203,000000,177.4800000,177.4800000,172.1100000,174.0000000,29.692
20066_090101_130416,D,20110204,000000,174.9900000,175.8300000,173.4000000,175.8300000,9.862
20066_090101_130416,D,20110207,000000,174.0700000,176.0000000,174.0000000,175.2400000,7.823
20066_090101_130416,D,20110208,000000,174.4600000,176.4400000,174.0000000,175.4600000,13.738
20066_090101_130416,D,20110209,000000,175.9900000,175.9900000,174.0000000,174.9500000,13.665
20066_090101_130416,D,20110210,000000,174.1600000,174.9600000,174.0000000,174.9600000,5.491
20066_090101_130416,D,20110211,000000,175.3700000,175.3700000,174.0000000,174.7200000,13.983
20066_090101_130416,D,20110214,000000,175.4800000,175.4800000,174.0000000,174.0000000,8.604
20066_090101_130416,D,20110215,000000,174.5000000,174.5000000,170.4300000,171.7600000,26.232
20066_090101_130416,D,20110216,000000,172.0000000,174.0500000,171.0000000,172.2000000,69.401
20066_090101_130416,D,20110217,000000,172.5000000,172.9000000,171.0000000,171.4900000,62.093
20066_090101_130416,D,20110218,000000,172.1800000,172.1800000,168.9900000,169.9700000,9.975
20066_090101_130416,D,20110221,000000,170.8200000,170.8200000,169.0000000,169.4100000,5.430
20066_090101_130416,D,20110222,000000,168.0000000,168.0000000,161.5200000,165.7300000,12.499
20066_090101_130416,D,20110224,000000,166.9600000,166.9600000,162.0200000,164.2300000,4.439
20066_090101_130416,D,20110225,000000,164.0200000,164.0300000,162.0000000,162.7000000,9.037
20066_090101_130416,D,20110228,000000,163.9900000,168.5500000,162.1100000,168.5000000,40.487
20066_090101_130416,D,20110301,000000,167.1100000,167.9600000,164.0000000,167.4200000,7.680
20066_090101_130416,D,20110302,000000,167.4800000,167.4800000,162.9900000,163.2000000,12.580
20066_090101_130416,D,20110303,000000,164.8400000,164.8400000,160.0100000,162.7700000,4.420
20066_090101_130416,D,20110304,000000,163.9000000,163.9000000,160.8200000,161.0600000,9.840
20066_090101_130416,D,20110305,000000,161.0500000,168.0000000,160.0100000,167.9700000,4.530
20066_090101_130416,D,20110309,000000,171.9800000,178.9000000,161.0000000,172.2000000,20.720
20066_090101_130416,D,20110310,000000,170.4800000,172.5000000,163.0000000,172.5000000,26.590
20066_090101_130416,D,20110311,000000,168.0000000,168.9000000,160.6400000,162.0000000,24.880
20066_090101_130416,D,20110314,000000,161.9900000,164.0000000,158.5100000,160.9400000,29.350
20066_090101_130416,D,20110315,000000,160.0000000,161.7800000,147.0400000,153.0500000,23.610
20066_090101_130416,D,20110316,000000,154.0200000,154.8000000,150.0500000,151.9600000,6.750
20066_090101_130416,D,20110317,000000,152.0500000,153.0000000,147.5500000,150.5000000,35.000
20066_090101_130416,D,20110318,000000,150.6700000,152.9700000,147.5700000,148.5000000,8.660
20066_090101_130416,D,20110321,000000,150.0000000,151.1700000,149.9900000,150.1800000,31.780
20066_090101_130416,D,20110322,000000,150.4000000,156.4000000,150.4000000,152.4000000,15.690
20066_090101_130416,D,20110323,000000,152.8000000,154.5100000,151.0000000,152.9700000,73.490
20066_090101_130416,D,20110324,000000,154.0900000,169.0000000,152.7600000,153.6000000,78.360
20066_090101_130416,D,20110325,000000,153.6000000,153.6500000,152.0100000,152.9000000,23.070
20066_090101_130416,D,20110328,000000,152.1100000,152.9900000,151.0000000,151.5000000,14.330
20066_090101_130416,D,20110329,000000,151.0000000,151.5000000,149.0000000,149.9600000,11.680
20066_090101_130416,D,20110330,000000,150.0900000,152.2400000,150.0000000,150.5000000,26.400
20066_090101_130416,D,20110331,000000,150.0000000,151.2500000,147.0400000,147.4000000,43.160
20066_090101_130416,D,20110401,000000,147.0100000,147.8000000,146.0200000,146.7000000,28.520
20066_090101_130416,D,20110404,000000,146.7500000,146.8000000,145.5300000,146.0000000,23.220
20066_090101_130416,D,20110405,000000,146.2400000,146.2500000,142.0400000,143.7900000,14.390
20066_090101_130416,D,20110406,000000,143.0300000,145.9600000,141.0500000,145.0000000,94.550
20066_090101_130416,D,20110407,000000,144.0000000,151.5000000,143.7500000,149.8000000,35.090
20066_090101_130416,D,20110408,000000,150.9800000,157.8000000,150.0000000,155.7700000,83.910
20066_090101_130416,D,20110411,000000,157.9700000,157.9700000,153.4900000,154.9500000,25.080
20066_090101_130416,D,20110412,000000,153.5100000,155.5000000,150.0100000,153.9700000,20.450
20066_090101_130416,D,20110413,000000,154.0100000,154.6600000,150.0100000,151.1600000,23.270
20066_090101_130416,D,20110414,000000,151.4800000,153.2000000,143.7700000,148.0000000,26.220
20066_090101_130416,D,20110415,000000,146.0000000,149.9300000,144.0000000,147.5200000,23.650
20066_090101_130416,D,20110418,000000,146.0400000,146.0500000,133.2000000,136.0000000,26.050
20066_090101_130416,D,20110419,000000,139.9300000,142.0000000,137.0200000,142.0000000,37.880
20066_090101_130416,D,20110420,000000,142.0200000,144.5000000,142.0200000,142.2300000,8.210
20066_090101_130416,D,20110421,000000,143.9900000,144.1900000,142.0500000,142.8900000,4.440
20066_090101_130416,D,20110422,000000,143.0000000,145.0000000,142.0300000,145.0000000,8.030
20066_090101_130416,D,20110425,000000,145.0100000,147.0000000,140.0500000,143.8100000,18.590
20066_090101_130416,D,20110426,000000,141.9900000,143.7900000,138.9800000,143.7200000,41.070
20066_090101_130416,D,20110427,000000,142.6300000,145.8100000,141.0000000,144.0000000,37.570
20066_090101_130416,D,20110428,000000,143.2600000,144.3700000,140.7600000,141.0000000,16.240
20066_090101_130416,D,20110429,000000,144.9200000,144.9200000,140.5000000,142.0600000,3.770
20066_090101_130416,D,20110503,000000,141.0300000,141.0600000,138.0200000,138.4000000,3.800
20066_090101_130416,D,20110504,000000,138.0100000,139.0100000,136.0000000,136.4600000,3.080
20066_090101_130416,D,20110505,000000,135.4400000,137.2100000,135.1000000,137.2100000,8.580
20066_090101_130416,D,20110506,000000,135.0100000,140.0000000,135.0100000,140.0000000,8.650
20066_090101_130416,D,20110510,000000,140.0100000,140.0100000,135.0000000,139.7000000,3.670
20066_090101_130416,D,20110511,000000,139.7000000,139.7000000,136.1200000,138.2400000,8.050
20066_090101_130416,D,20110512,000000,137.7500000,138.2400000,137.0000000,137.5100000,14.840
20066_090101_130416,D,20110513,000000,137.5300000,139.4200000,137.0300000,139.2800000,10.660
20066_090101_130416,D,20110516,000000,141.2500000,141.2500000,137.3100000,137.9600000,9.880
20066_090101_130416,D,20110517,000000,137.0300000,138.0000000,136.3500000,138.0000000,5.800
20066_090101_130416,D,20110518,000000,138.0000000,138.0000000,137.1500000,137.5000000,13.110
20066_090101_130416,D,20110519,000000,137.0800000,139.0000000,136.6600000,139.0000000,38.300
20066_090101_130416,D,20110520,000000,140.0100000,140.0100000,137.0300000,137.4500000,29.430
20066_090101_130416,D,20110523,000000,136.6600000,136.6600000,131.6000000,132.7000000,17.750
20066_090101_130416,D,20110524,000000,132.7000000,133.7400000,131.0000000,131.4500000,19.030
20066_090101_130416,D,20110525,000000,132.8500000,132.8500000,129.0200000,129.9100000,36.320
20066_090101_130416,D,20110526,000000,132.7700000,134.0000000,130.8000000,131.0000000,52.750
20066_090101_130416,D,20110527,000000,133.0000000,133.0000000,130.0000000,130.9900000,23.650
20066_090101_130416,D,20110530,000000,132.5900000,132.5900000,130.0000000,130.7400000,5.800
20066_090101_130416,D,20110531,000000,131.0000000,135.9800000,128.9900000,131.8900000,152.150
20066_090101_130416,D,20110601,000000,132.0000000,132.0000000,130.5400000,131.5100000,1.870
20066_090101_130416,D,20110602,000000,129.9900000,131.0000000,129.0000000,130.4000000,2.640
20066_090101_130416,D,20110603,000000,130.0500000,131.9100000,129.1000000,130.7700000,15.950
20066_090101_130416,D,20110606,000000,130.5000000,130.9900000,130.2500000,130.5000000,8.030
20066_090101_130416,D,20110607,000000,130.4000000,133.4500000,130.4000000,133.4000000,16.030
20066_090101_130416,D,20110608,000000,136.0000000,145.0000000,136.0000000,139.9000000,169.210
20066_090101_130416,D,20110609,000000,140.7400000,150.9300000,140.7400000,148.0000000,156.520
20066_090101_130416,D,20110610,000000,148.0500000,152.8800000,147.5000000,148.9000000,259.140
20066_090101_130416,D,20110614,000000,149.5000000,150.9700000,149.0000000,150.0000000,81.360
20066_090101_130416,D,20110615,000000,149.0800000,150.7400000,148.0200000,150.0000000,73.480
20066_090101_130416,D,20110616,000000,149.9700000,149.9700000,145.0800000,146.9400000,17.120
20066_090101_130416,D,20110617,000000,147.0500000,147.9900000,143.8000000,144.6700000,24.110
20066_090101_130416,D,20110620,000000,145.0500000,145.0500000,141.0000000,143.9700000,61.560
20066_090101_130416,D,20110621,000000,144.0500000,145.4000000,143.0500000,145.2400000,17.750
20066_090101_130416,D,20110622,000000,145.7500000,145.8500000,141.0600000,145.3800000,24.920
20066_090101_130416,D,20110623,000000,145.0500000,145.2900000,141.5500000,142.6600000,15.210
20066_090101_130416,D,20110624,000000,143.0500000,144.3000000,142.0000000,143.9900000,11.740
20066_090101_130416,D,20110627,000000,144.0500000,144.0500000,136.2800000,137.0800000,26.470
20066_090101_130416,D,20110628,000000,139.7600000,139.7600000,136.1600000,139.4900000,25.040
20066_090101_130416,D,20110629,000000,139.5500000,142.7700000,139.0000000,141.2100000,9.840
20066_090101_130416,D,20110630,000000,141.2500000,141.6900000,139.0000000,139.9000000,5.830
20066_090101_130416,D,20110701,000000,140.0500000,143.0000000,138.0500000,140.1500000,32.580
20066_090101_130416,D,20110704,000000,141.6400000,143.6000000,141.6400000,142.9900000,21.490
20066_090101_130416,D,20110705,000000,142.9900000,144.7000000,141.9900000,142.0000000,33.350
20066_090101_130416,D,20110706,000000,142.1100000,143.0000000,142.0000000,142.0000000,26.750
20066_090101_130416,D,20110707,000000,142.3400000,142.9900000,141.1200000,141.5700000,10.710
20066_090101_130416,D,20110708,000000,142.5500000,145.6000000,141.2100000,142.6000000,35.230
20066_090101_130416,D,20110711,000000,142.6600000,143.1500000,140.9900000,141.4500000,7.160
20066_090101_130416,D,20110712,000000,140.0700000,140.0700000,138.2100000,139.9900000,26.160
20066_090101_130416,D,20110713,000000,139.0600000,141.4900000,136.8500000,139.9000000,37.810
20066_090101_130416,D,20110714,000000,138.8300000,141.0000000,138.8200000,140.7500000,10.900
20066_090101_130416,D,20110715,000000,139.2900000,141.0000000,139.2000000,140.9400000,28.970
20066_090101_130416,D,20110718,000000,140.9800000,140.9800000,139.6100000,140.7500000,10.090
20066_090101_130416,D,20110719,000000,140.7500000,142.8700000,139.0500000,142.8700000,2.340
20066_090101_130416,D,20110720,000000,142.9300000,143.9600000,141.6000000,142.3900000,10.160
20066_090101_130416,D,20110721,000000,143.0000000,143.0000000,140.0200000,141.9900000,18.430
20066_090101_130416,D,20110722,000000,141.9900000,142.0000000,140.0700000,141.7000000,34.840
20066_090101_130416,D,20110725,000000,141.1900000,141.9300000,140.0200000,141.7300000,4.850
20066_090101_130416,D,20110726,000000,141.0700000,141.7000000,141.0000000,141.7000000,9.070
20066_090101_130416,D,20110727,000000,141.7000000,141.8000000,139.5000000,140.3800000,17.200
20066_090101_130416,D,20110728,000000,139.9900000,139.9900000,138.0000000,139.8600000,7.760
20066_090101_130416,D,20110729,000000,139.8000000,139.8000000,137.0100000,137.9300000,15.470
20066_090101_130416,D,20110801,000000,139.0300000,141.4000000,138.0000000,141.4000000,51.010
20066_090101_130416,D,20110802,000000,140.4500000,141.3200000,139.7500000,140.2900000,6.460
20066_090101_130416,D,20110803,000000,139.2200000,139.6400000,138.5000000,139.4700000,33.110
20066_090101_130416,D,20110804,000000,140.0500000,140.0500000,135.0000000,136.8100000,5.180
20066_090101_130416,D,20110805,000000,133.4000000,134.9500000,121.7000000,134.5400000,14.850
20066_090101_130416,D,20110808,000000,128.5200000,132.0000000,120.0000000,120.0000000,26.900
20066_090101_130416,D,20110809,000000,116.7200000,119.0000000,102.8200000,115.3000000,91.200
20066_090101_130416,D,20110810,000000,116.0200000,122.1900000,109.2500000,110.8000000,20.130
20066_090101_130416,D,20110811,000000,113.9800000,118.3700000,104.0000000,113.8900000,153.700
20066_090101_130416,D,20110812,000000,114.7900000,120.0000000,108.0000000,119.8000000,24.300
20066_090101_130416,D,20110815,000000,119.8100000,125.2100000,119.8100000,125.2100000,16.120
20066_090101_130416,D,20110816,000000,125.0000000,126.0000000,122.0000000,122.0000000,19.320
20066_090101_130416,D,20110817,000000,122.0000000,124.0000000,121.7000000,123.9500000,14.890
20066_090101_130416,D,20110818,000000,120.0000000,122.7500000,110.0000000,113.1500000,30.760
20066_090101_130416,D,20110819,000000,110.0000000,115.0000000,99.9900000,108.4000000,113.330
20066_090101_130416,D,20110822,000000,102.5000000,109.9300000,101.3600000,109.9300000,9.120
20066_090101_130416,D,20110823,000000,109.1100000,113.3900000,109.1100000,112.4400000,56.090
20066_090101_130416,D,20110824,000000,112.0100000,115.0000000,112.0000000,113.0000000,14.450
20066_090101_130416,D,20110825,000000,113.1100000,115.0000000,112.6000000,114.0000000,18.140
20066_090101_130416,D,20110826,000000,117.0000000,117.0000000,113.5000000,114.5200000,8.290
20066_090101_130416,D,20110829,000000,117.9900000,119.9800000,115.4100000,118.9700000,4.290
20066_090101_130416,D,20110830,000000,118.9900000,123.5000000,118.9700000,120.7800000,42.480
20066_090101_130416,D,20110831,000000,118.0200000,120.9900000,117.9000000,120.6300000,10.120
20066_090101_130416,D,20110901,000000,118.5100000,120.9800000,118.0000000,118.0000000,5.140
20066_090101_130416,D,20110902,000000,117.6600000,118.0000000,116.2900000,116.5000000,9.960
20066_090101_130416,D,20110905,000000,115.0100000,115.4800000,113.0000000,113.4000000,9.790
20066_090101_130416,D,20110906,000000,114.9900000,115.0000000,112.9600000,114.0400000,9.050
20066_090101_130416,D,20110907,000000,116.0000000,123.0000000,115.0800000,116.0000000,65.040
20066_090101_130416,D,20110908,000000,116.6000000,116.6000000,114.6800000,115.0700000,213.770
20066_090101_130416,D,20110909,000000,115.0500000,116.2200000,113.2100000,114.9400000,21.310
20066_090101_130416,D,20110912,000000,113.4300000,114.9800000,105.5000000,110.0000000,12.180
20066_090101_130416,D,20110913,000000,114.2000000,114.2000000,108.0500000,111.0000000,19.790
20066_090101_130416,D,20110914,000000,111.9500000,113.0000000,107.1000000,108.4500000,54.160
20066_090101_130416,D,20110915,000000,109.0500000,109.2500000,105.2000000,108.5000000,116.840
20066_090101_130416,D,20110916,000000,108.7000000,108.7000000,105.6700000,106.4200000,9.150
20066_090101_130416,D,20110919,000000,107.2800000,107.3000000,102.1600000,102.7400000,25.820
20066_090101_130416,D,20110920,000000,103.0500000,103.9900000,102.5000000,103.0000000,50.710
20066_090101_130416,D,20110921,000000,103.9800000,105.0000000,102.5000000,102.7600000,46.740
20066_090101_130416,D,20110922,000000,101.5300000,104.9200000,80.1000000,91.3200000,96.800
20066_090101_130416,D,20110923,000000,88.0300000,94.0000000,82.0000000,83.0000000,47.580
20066_090101_130416,D,20110926,000000,84.1700000,90.2500000,78.9700000,87.9900000,24.190
20066_090101_130416,D,20110927,000000,90.0000000,93.0900000,89.9200000,92.4900000,42.660
20066_090101_130416,D,20110928,000000,92.3400000,92.3900000,87.4200000,90.0000000,10.560
20066_090101_130416,D,20110929,000000,88.0200000,91.9800000,87.9900000,90.5000000,17.660
20066_090101_130416,D,20110930,000000,89.2200000,89.3400000,81.5300000,84.0000000,18.630
20066_090101_130416,D,20111003,000000,82.2800000,82.2800000,74.0000000,78.3200000,126.340
20066_090101_130416,D,20111004,000000,80.0000000,80.3200000,67.1400000,69.9900000,117.710
20066_090101_130416,D,20111005,000000,72.0000000,73.0100000,63.8000000,65.9900000,119.620
20066_090101_130416,D,20111006,000000,67.0100000,70.2300000,67.0000000,68.0000000,47.520
20066_090101_130416,D,20111007,000000,68.8000000,69.7000000,68.0000000,69.1000000,85.470
20066_090101_130416,D,20111010,000000,69.3900000,73.9900000,68.5400000,73.8000000,119.030
20066_090101_130416,D,20111011,000000,74.0000000,78.4600000,74.0000000,76.6000000,70.570
20066_090101_130416,D,20111012,000000,76.5900000,89.9700000,76.5900000,87.0000000,214.320
20066_090101_130416,D,20111013,000000,85.9800000,100.0000000,85.9400000,92.0300000,251.580
20066_090101_130416,D,20111014,000000,93.0100000,97.8900000,88.2000000,91.3800000,136.390
20066_090101_130416,D,20111017,000000,92.6000000,95.0000000,88.0100000,89.8400000,109.740
20066_090101_130416,D,20111018,000000,88.9900000,94.2800000,87.1100000,92.0000000,72.170
20066_090101_130416,D,20111019,000000,94.2200000,96.0000000,92.3200000,94.8800000,31.000
20066_090101_130416,D,20111020,000000,93.3900000,93.3900000,87.4100000,90.9800000,47.080
20066_090101_130416,D,20111021,000000,90.9900000,91.0000000,89.1000000,90.3800000,47.970
20066_090101_130416,D,20111024,000000,93.1000000,93.9900000,89.5100000,90.9000000,90.870
20066_090101_130416,D,20111025,000000,91.0100000,92.7900000,89.5000000,90.0000000,47.870
20066_090101_130416,D,20111026,000000,91.0800000,92.3500000,89.5000000,91.4100000,36.690
20066_090101_130416,D,20111027,000000,92.6500000,97.9700000,92.6500000,96.9000000,136.060
20066_090101_130416,D,20111028,000000,98.0000000,104.0000000,97.4900000,100.3100000,214.990
20066_090101_130416,D,20111031,000000,100.0000000,102.4900000,98.4800000,101.7800000,39.680
20066_090101_130416,D,20111101,000000,100.1500000,100.5000000,95.5000000,99.5000000,58.400
20066_090101_130416,D,20111102,000000,99.6000000,100.9900000,98.5200000,100.0000000,56.320
20066_090101_130416,D,20111103,000000,100.9900000,102.0000000,96.0000000,100.4500000,65.310
20066_090101_130416,D,20111107,000000,100.0000000,100.5200000,97.0700000,98.4500000,40.560
20066_090101_130416,D,20111108,000000,98.9800000,100.0500000,97.7800000,99.3000000,35.340
20066_090101_130416,D,20111109,000000,99.9700000,101.4000000,91.0300000,95.1000000,63.090
20066_090101_130416,D,20111110,000000,94.7000000,94.9900000,92.0200000,93.0000000,115.940
20066_090101_130416,D,20111111,000000,93.1000000,96.5000000,92.0000000,95.9000000,95.420
20066_090101_130416,D,20111114,000000,96.2500000,97.0000000,94.8000000,95.0900000,81.670
20066_090101_130416,D,20111115,000000,94.5200000,94.9900000,93.0000000,94.0000000,76.320
20066_090101_130416,D,20111116,000000,93.9900000,96.0000000,92.2700000,94.2900000,57.610
20066_090101_130416,D,20111117,000000,95.4900000,95.4900000,93.4600000,93.8800000,51.140
20066_090101_130416,D,20111118,000000,93.3500000,94.0000000,88.3000000,89.0000000,251.500
20066_090101_130416,D,20111121,000000,89.1000000,89.3300000,82.0000000,82.9900000,54.970
20066_090101_130416,D,20111122,000000,83.4500000,84.9400000,79.9800000,81.2500000,201.200
20066_090101_130416,D,20111123,000000,81.2400000,82.2500000,80.7100000,81.0000000,212.000
20066_090101_130416,D,20111124,000000,81.1000000,82.2500000,80.5000000,80.5000000,99.660
20066_090101_130416,D,20111125,000000,80.2900000,80.9500000,76.6000000,78.2500000,233.290
20066_090101_130416,D,20111128,000000,79.5000000,82.1900000,78.5200000,81.4400000,198.520
20066_090101_130416,D,20111129,000000,81.5000000,82.2500000,77.7800000,79.6800000,182.990
20066_090101_130416,D,20111130,000000,78.9500000,80.9000000,77.7000000,79.9900000,590.040
20066_090101_130416,D,20111201,000000,81.5100000,85.8000000,81.5100000,85.0000000,475.240
20066_090101_130416,D,20111202,000000,85.8000000,88.8700000,82.4600000,83.5900000,241.110
20066_090101_130416,D,20111205,000000,84.7500000,85.3900000,82.9400000,83.4600000,236.540
20066_090101_130416,D,20111206,000000,83.0000000,83.0000000,77.1200000,78.9000000,150.990
20066_090101_130416,D,20111207,000000,79.3200000,80.8900000,77.2700000,78.3800000,122.010
20066_090101_130416,D,20111208,000000,78.7100000,79.8900000,75.5100000,77.3000000,126.770
20066_090101_130416,D,20111209,000000,75.6600000,76.0000000,70.1400000,71.6000000,430.010
20066_090101_130416,D,20111212,000000,72.2500000,74.9700000,68.0300000,69.5000000,636.610
20066_090101_130416,D,20111213,000000,68.8500000,71.0000000,67.0100000,70.2000000,126.800
20066_090101_130416,D,20111214,000000,69.4600000,71.2000000,69.4000000,70.6000000,164.380
20066_090101_130416,D,20111215,000000,70.2000000,72.9700000,69.1600000,70.0000000,77.820
20066_090101_130416,D,20111216,000000,69.8500000,70.4000000,69.5000000,70.0000000,56.900
20066_090101_130416,D,20111219,000000,69.9000000,70.0000000,68.5100000,69.2100000,89.990
20066_090101_130416,D,20111220,000000,69.4100000,69.7500000,68.9100000,69.7500000,48.340
20066_090101_130416,D,20111221,000000,69.7500000,70.7500000,69.0100000,70.2000000,115.960
20066_090101_130416,D,20111222,000000,69.7400000,73.5000000,69.6000000,72.1000000,142.100
20066_090101_130416,D,20111223,000000,72.9700000,76.0000000,72.9700000,75.2600000,264.310
20066_090101_130416,D,20111226,000000,75.5100000,76.4900000,74.3500000,74.7500000,23.630
20066_090101_130416,D,20111227,000000,74.2600000,74.5900000,72.1600000,73.1500000,45.550
20066_090101_130416,D,20111228,000000,73.0400000,73.3400000,71.9700000,72.4100000,68.020
20066_090101_130416,D,20111229,000000,72.9000000,72.9000000,71.0000000,71.5000000,68.030
20066_090101_130416,D,20111230,000000,71.4900000,73.4000000,71.1100000,72.5000000,28.700
20066_090101_130416,D,20120103,000000,72.5000000,75.5000000,72.5000000,75.0000000,22.890
20066_090101_130416,D,20120104,000000,74.9900000,75.0000000,73.5300000,74.5000000,15.600
20066_090101_130416,D,20120105,000000,74.7900000,75.0000000,73.2200000,73.9900000,20.310
20066_090101_130416,D,20120106,000000,74.0000000,74.0000000,73.2300000,73.9900000,24.370
20066_090101_130416,D,20120109,000000,73.0600000,75.0000000,73.0000000,75.0000000,21.730
20066_090101_130416,D,20120110,000000,75.0000000,76.0000000,74.4100000,74.8500000,122.720
20066_090101_130416,D,20120111,000000,74.9000000,76.0100000,74.0300000,75.0000000,52.310
20066_090101_130416,D,20120112,000000,75.0000000,76.7600000,74.5900000,75.7700000,43.310
20066_090101_130416,D,20120113,000000,75.7800000,77.9300000,75.1500000,77.0500000,266.790
20066_090101_130416,D,20120116,000000,75.5000000,76.8500000,74.2300000,76.4900000,216.110
20066_090101_130416,D,20120117,000000,76.5000000,81.8600000,76.5000000,81.7500000,164.540
20066_090101_130416,D,20120118,000000,81.9000000,84.4900000,80.5500000,84.4900000,81.970
20066_090101_130416,D,20120119,000000,84.7100000,88.8800000,83.1400000,88.0000000,253.510
20066_090101_130416,D,20120120,000000,88.0200000,91.0000000,86.9000000,87.7500000,187.020
20066_090101_130416,D,20120123,000000,87.4000000,91.9800000,85.3500000,88.4000000,65.520
20066_090101_130416,D,20120124,000000,89.9900000,91.0000000,86.0000000,87.8500000,75.590
20066_090101_130416,D,20120125,000000,88.0000000,88.9100000,86.2700000,86.8800000,79.190
20066_090101_130416,D,20120126,000000,86.9100000,91.5000000,86.9100000,90.1900000,208.990
20066_090101_130416,D,20120127,000000,88.1100000,90.8900000,87.5000000,90.7500000,150.910
20066_090101_130416,D,20120130,000000,90.7000000,91.0000000,88.5000000,90.3000000,131.560
20066_090101_130416,D,20120131,000000,92.5200000,94.7900000,91.5000000,94.7500000,329.840
20066_090101_130416,D,20120201,000000,93.5600000,95.5700000,93.5500000,93.7000000,63.290
20066_090101_130416,D,20120202,000000,94.9900000,95.4000000,91.5100000,92.3100000,53.820
20066_090101_130416,D,20120203,000000,92.3200000,92.5700000,90.1000000,91.9000000,83.120
20066_090101_130416,D,20120206,000000,92.4300000,92.4900000,90.7100000,91.0000000,53.840
20066_090101_130416,D,20120207,000000,92.2300000,92.3000000,90.7300000,91.2000000,84.020
20066_090101_130416,D,20120208,000000,91.9300000,92.1900000,88.9200000,91.2100000,68.450
20066_090101_130416,D,20120209,000000,91.9900000,91.9900000,88.8800000,90.3400000,34.960
20066_090101_130416,D,20120210,000000,89.4100000,90.0000000,86.5000000,87.2000000,96.830
20066_090101_130416,D,20120213,000000,87.5000000,89.9100000,87.5000000,88.4800000,444.680
20066_090101_130416,D,20120214,000000,88.2400000,89.0000000,87.0100000,88.0000000,69.860
20066_090101_130416,D,20120215,000000,88.4900000,89.3900000,87.9000000,88.4400000,50.190
20066_090101_130416,D,20120216,000000,87.2100000,87.2100000,85.0300000,86.5000000,82.190
20066_090101_130416,D,20120217,000000,87.5000000,88.0000000,86.6300000,87.0000000,57.820
20066_090101_130416,D,20120220,000000,87.8000000,88.8100000,87.4700000,87.9900000,66.880
20066_090101_130416,D,20120221,000000,87.9800000,87.9800000,86.4100000,86.4100000,44.500
20066_090101_130416,D,20120222,000000,86.8900000,86.9800000,84.3000000,85.8000000,33.510
20066_090101_130416,D,20120224,000000,85.8000000,88.4200000,85.8000000,88.4200000,134.410
20066_090101_130416,D,20120227,000000,88.4900000,89.4000000,88.1400000,88.5000000,63.000
20066_090101_130416,D,20120228,000000,89.2100000,89.2100000,86.5000000,86.5300000,45.150
20066_090101_130416,D,20120229,000000,87.5600000,88.1300000,86.7600000,87.8000000,34.040
20066_090101_130416,D,20120301,000000,86.5600000,87.9900000,85.6000000,86.3700000,56.210
20066_090101_130416,D,20120302,000000,87.0000000,87.7000000,86.1000000,86.5800000,16.840
20066_090101_130416,D,20120305,000000,86.6000000,88.4000000,86.6000000,87.2000000,115.810
20066_090101_130416,D,20120306,000000,87.4500000,87.9700000,83.7800000,84.0000000,95.890
20066_090101_130416,D,20120307,000000,81.4800000,84.7400000,81.4800000,84.6000000,54.610
20066_090101_130416,D,20120311,000000,86.0000000,87.4700000,85.4900000,86.2700000,146.030
20066_090101_130416,D,20120312,000000,81.7800000,85.2900000,81.7500000,83.8400000,140.060
20066_090101_130416,D,20120313,000000,84.0000000,85.0100000,82.2000000,82.5200000,118.220
20066_090101_130416,D,20120314,000000,83.9500000,83.9900000,80.1000000,80.5000000,204.720
20066_090101_130416,D,20120315,000000,80.8700000,81.1000000,78.5000000,79.9000000,314.470
20066_090101_130416,D,20120316,000000,80.0000000,80.8900000,78.8600000,79.5000000,89.280
20066_090101_130416,D,20120319,000000,80.5000000,80.9300000,78.4100000,79.4900000,68.800
20066_090101_130416,D,20120320,000000,79.0100000,80.9700000,78.5000000,80.8700000,97.980
20066_090101_130416,D,20120321,000000,80.9600000,81.0100000,78.7000000,79.2700000,61.810
20066_090101_130416,D,20120322,000000,80.9000000,80.9000000,76.0000000,76.3000000,107.560
20066_090101_130416,D,20120323,000000,76.8000000,78.0100000,75.7700000,77.8500000,93.550
20066_090101_130416,D,20120326,000000,78.5000000,78.8700000,75.8600000,76.9800000,402.380
20066_090101_130416,D,20120327,000000,77.5000000,79.8100000,76.9400000,78.7900000,102.620
20066_090101_130416,D,20120328,000000,78.9900000,79.9200000,77.3700000,78.4900000,319.550
20066_090101_130416,D,20120329,000000,78.0800000,78.0800000,74.8200000,76.4900000,35.170
20066_090101_130416,D,20120330,000000,76.4900000,80.4400000,76.2100000,78.8800000,123.380
20066_090101_130416,D,20120402,000000,78.7100000,79.6200000,75.0500000,77.3900000,221.340
20066_090101_130416,D,20120403,000000,77.8000000,78.4800000,76.5000000,77.2100000,73.360
20066_090101_130416,D,20120404,000000,75.5000000,76.8000000,75.0000000,75.3500000,18.370
20066_090101_130416,D,20120405,000000,75.1800000,75.5000000,73.0000000,74.2500000,75.610
20066_090101_130416,D,20120406,000000,74.9000000,74.9000000,72.2800000,72.7500000,95.810
20066_090101_130416,D,20120409,000000,72.5000000,72.7500000,70.7600000,71.2000000,94.700
20066_090101_130416,D,20120410,000000,71.2000000,71.9500000,70.2000000,70.3900000,93.510
20066_090101_130416,D,20120411,000000,70.1100000,72.0000000,69.6700000,71.5000000,68.510
20066_090101_130416,D,20120412,000000,71.5100000,72.1100000,70.8200000,71.4100000,78.710
20066_090101_130416,D,20120413,000000,72.1100000,72.3300000,70.5100000,71.1400000,56.220
20066_090101_130416,D,20120416,000000,71.1400000,71.7000000,70.1200000,70.5000000,189.690
20066_090101_130416,D,20120417,000000,70.9900000,71.3500000,70.0000000,70.2200000,58.680
20066_090101_130416,D,20120418,000000,70.5000000,71.4000000,70.5000000,71.0000000,72.780
20066_090101_130416,D,20120419,000000,70.9900000,71.5000000,70.3600000,70.9900000,223.360
20066_090101_130416,D,20120420,000000,70.6400000,70.9700000,70.4100000,70.9000000,16.190
20066_090101_130416,D,20120423,000000,70.9000000,70.9000000,70.0000000,70.0200000,30.730
20066_090101_130416,D,20120424,000000,70.7100000,70.7100000,68.7700000,69.9800000,74.970
20066_090101_130416,D,20120425,000000,70.0000000,70.6800000,69.6100000,69.7800000,127.620
20066_090101_130416,D,20120426,000000,69.9800000,70.2400000,67.9400000,69.0000000,73.140
20066_090101_130416,D,20120427,000000,69.0000000,70.5800000,69.0000000,69.9200000,81.350
20066_090101_130416,D,20120428,000000,69.9500000,70.1500000,69.8000000,70.1000000,3.240
20066_090101_130416,D,20120502,000000,70.2500000,70.7400000,69.0000000,69.2800000,15.660
20066_090101_130416,D,20120503,000000,69.9900000,69.9900000,68.5400000,69.0000000,11.700
20066_090101_130416,D,20120504,000000,68.9600000,69.3000000,67.0700000,67.9900000,42.290
20066_090101_130416,D,20120505,000000,67.0000000,68.5000000,67.0000000,67.8100000,62.750
20066_090101_130416,D,20120507,000000,67.6000000,67.8100000,65.0500000,66.4900000,11.340
20066_090101_130416,D,20120508,000000,67.7000000,67.7500000,66.5300000,67.6500000,1.620
20066_090101_130416,D,20120510,000000,67.4900000,70.0000000,65.8000000,68.9800000,50.860
20066_090101_130416,D,20120511,000000,68.2200000,68.2200000,65.3600000,66.4600000,51.210
20066_090101_130416,D,20120512,000000,66.7000000,67.1400000,66.7000000,66.7900000,18.760
20066_090101_130416,D,20120514,000000,66.2800000,66.9800000,63.3300000,63.4000000,40.210
20066_090101_130416,D,20120515,000000,63.2000000,64.4900000,61.4800000,62.0000000,37.590
20066_090101_130416,D,20120516,000000,61.4800000,61.4800000,57.2100000,60.0000000,123.800
20066_090101_130416,D,20120517,000000,60.0500000,60.0500000,55.0500000,58.7800000,81.920
20066_090101_130416,D,20120518,000000,55.3800000,57.3000000,55.0000000,56.9800000,31.660
20066_090101_130416,D,20120521,000000,58.7500000,58.7500000,56.6300000,58.0100000,24.860
20066_090101_130416,D,20120522,000000,58.4600000,58.4700000,56.3700000,57.1900000,20.550
20066_090101_130416,D,20120523,000000,56.5300000,56.8500000,51.9900000,53.4500000,94.270
20066_090101_130416,D,20120524,000000,53.0200000,54.1600000,52.0000000,53.3700000,42.290
20066_090101_130416,D,20120525,000000,53.8000000,54.0000000,53.0000000,53.9700000,51.480
20066_090101_130416,D,20120528,000000,55.9500000,56.4800000,54.0000000,54.5600000,20.430
20066_090101_130416,D,20120529,000000,55.1500000,57.5000000,54.2900000,57.2600000,74.560
20066_090101_130416,D,20120530,000000,56.2900000,56.7900000,53.7200000,56.0000000,17.600
20066_090101_130416,D,20120531,000000,55.6400000,56.4900000,54.1500000,55.0000000,23.410
20066_090101_130416,D,20120601,000000,55.5400000,55.5400000,53.0000000,54.0000000,64.010
20066_090101_130416,D,20120604,000000,52.6900000,55.6000000,52.6900000,54.4800000,33.930
20066_090101_130416,D,20120605,000000,55.9900000,56.5100000,54.4500000,56.5100000,63.660
20066_090101_130416,D,20120606,000000,56.5000000,58.0000000,56.5000000,57.0000000,30.980
20066_090101_130416,D,20120607,000000,58.0000000,58.5900000,56.9800000,57.2500000,286.350
20066_090101_130416,D,20120608,000000,56.9900000,57.0000000,55.3000000,55.9100000,60.690
20066_090101_130416,D,20120609,000000,56.6500000,57.1000000,55.0000000,57.0000000,41.410
20066_090101_130416,D,20120613,000000,57.0000000,57.2500000,56.0000000,56.4000000,20.000
20066_090101_130416,D,20120614,000000,57.5700000,57.9800000,54.9800000,56.0000000,39.450
20066_090101_130416,D,20120615,000000,56.2600000,57.8800000,56.2500000,56.9600000,91.880
20066_090101_130416,D,20120618,000000,57.8000000,58.6000000,56.5100000,57.4900000,95.110
20066_090101_130416,D,20120619,000000,57.6100000,58.5000000,57.4800000,58.0100000,120.310
20066_090101_130416,D,20120620,000000,57.0200000,59.5000000,56.9200000,58.8000000,34.400
20066_090101_130416,D,20120621,000000,58.0000000,59.9000000,58.0000000,59.0000000,104.580
20066_090101_130416,D,20120622,000000,58.1500000,58.1500000,56.0000000,57.0000000,47.100
20066_090101_130416,D,20120625,000000,57.6900000,57.7000000,54.5100000,54.7600000,22.500
20066_090101_130416,D,20120626,000000,55.2500000,56.9900000,53.0000000,55.4800000,85.360
20066_090101_130416,D,20120627,000000,54.9900000,55.4800000,40.1000000,54.8600000,50.170
20066_090101_130416,D,20120628,000000,53.6300000,54.0100000,53.0100000,53.0100000,20.160
20066_090101_130416,D,20120629,000000,54.1600000,56.8900000,53.5200000,55.3300000,47.850
20066_090101_130416,D,20120702,000000,55.5800000,56.9800000,54.4900000,56.7900000,34.500
20066_090101_130416,D,20120703,000000,56.9000000,59.9500000,56.9000000,59.9400000,86.730
20066_090101_130416,D,20120704,000000,58.6600000,60.9500000,58.0000000,60.1100000,40.130
20066_090101_130416,D,20120705,000000,60.1400000,60.2500000,59.0000000,60.1600000,47.410
20066_090101_130416,D,20120706,000000,60.3500000,60.3500000,58.2700000,59.4900000,42.950
20066_090101_130416,D,20120709,000000,59.4000000,60.5000000,58.0000000,58.3800000,23.930
20066_090101_130416,D,20120710,000000,57.9900000,58.7300000,57.2400000,58.5000000,46.840
20066_090101_130416,D,20120711,000000,57.7000000,58.4300000,57.5100000,58.4300000,13.590
20066_090101_130416,D,20120712,000000,58.4300000,58.5600000,57.0000000,58.4900000,33.720
20066_090101_130416,D,20120713,000000,57.6000000,59.7500000,57.6000000,59.6400000,12.870
20066_090101_130416,D,20120716,000000,60.0000000,60.9900000,59.3800000,59.4500000,24.440
20066_090101_130416,D,20120717,000000,58.1200000,59.9900000,58.1200000,58.9800000,19.950
20066_090101_130416,D,20120718,000000,58.4100000,58.9400000,58.0100000,58.5100000,3.080
20066_090101_130416,D,20120719,000000,58.8300000,60.5000000,58.1200000,59.7600000,111.300
20066_090101_130416,D,20120720,000000,59.7600000,60.2400000,58.6100000,59.4300000,83.560
20066_090101_130416,D,20120723,000000,58.3000000,58.8800000,56.0000000,57.1800000,47.460
20066_090101_130416,D,20120724,000000,58.0000000,59.9700000,56.7500000,56.7500000,296.410
20066_090101_130416,D,20120725,000000,56.0000000,56.8500000,55.6200000,56.8500000,9.780
20066_090101_130416,D,20120726,000000,58.0000000,58.0000000,56.4200000,56.8400000,10.410
20066_090101_130416,D,20120727,000000,56.5200000,58.1400000,56.5000000,57.1400000,21.450
20066_090101_130416,D,20120730,000000,58.2800000,58.9900000,56.9100000,57.3500000,273.860
20066_090101_130416,D,20120731,000000,57.4000000,57.4700000,56.4700000,56.5600000,93.980
20066_090101_130416,D,20120801,000000,56.4700000,56.7500000,55.6000000,56.3900000,27.140
20066_090101_130416,D,20120802,000000,55.7200000,56.3500000,55.5000000,55.5000000,37.770
20066_090101_130416,D,20120803,000000,55.3000000,55.7900000,53.9900000,55.7400000,53.930
20066_090101_130416,D,20120806,000000,54.8300000,55.6000000,54.7900000,55.2500000,85.230
20066_090101_130416,D,20120807,000000,55.1500000,56.7400000,55.0000000,56.5600000,50.510
20066_090101_130416,D,20120808,000000,56.1200000,57.7700000,56.0000000,56.8200000,46.350
20066_090101_130416,D,20120809,000000,56.8300000,57.8400000,56.4700000,57.8400000,186.550
20066_090101_130416,D,20120810,000000,58.0000000,60.1000000,56.5000000,57.0000000,311.370
20066_090101_130416,D,20120813,000000,57.0000000,57.5000000,56.5000000,57.0000000,46.660
20066_090101_130416,D,20120814,000000,57.0400000,59.8200000,57.0400000,59.0000000,112.780
20066_090101_130416,D,20120815,000000,58.9900000,60.9100000,58.5200000,60.0000000,71.100
20066_090101_130416,D,20120816,000000,60.0000000,60.5800000,59.5500000,59.8900000,67.770
20066_090101_130416,D,20120817,000000,60.0000000,60.8300000,59.7000000,60.0100000,36.320
20066_090101_130416,D,20120820,000000,60.7000000,62.9500000,59.5000000,61.8300000,86.810
20066_090101_130416,D,20120821,000000,62.8300000,63.9500000,62.1600000,62.5900000,131.650
20066_090101_130416,D,20120822,000000,62.0000000,62.9800000,60.8500000,62.0700000,53.120
20066_090101_130416,D,20120823,000000,63.9200000,64.4000000,62.3700000,64.4000000,102.410
20066_090101_130416,D,20120824,000000,63.7800000,64.9800000,62.9000000,64.2100000,22.080
20066_090101_130416,D,20120827,000000,64.9700000,64.9700000,63.6000000,64.6400000,45.450
20066_090101_130416,D,20120828,000000,64.9100000,64.9100000,63.4100000,63.8200000,228.260
20066_090101_130416,D,20120829,000000,64.0000000,64.0000000,62.0700000,62.8500000,63.280
20066_090101_130416,D,20120830,000000,63.3900000,63.3900000,62.0300000,62.1600000,29.960
20066_090101_130416,D,20120831,000000,62.1300000,63.9300000,61.5000000,63.6400000,13.300
20066_090101_130416,D,20120903,000000,63.8300000,63.8300000,63.0000000,63.7600000,6.780
20066_090101_130416,D,20120904,000000,63.1900000,63.7900000,63.0000000,63.2600000,17.900
20066_090101_130416,D,20120905,000000,63.6500000,63.6500000,62.1000000,63.2200000,40.150
20066_090101_130416,D,20120906,000000,63.9200000,65.6900000,63.0600000,63.5000000,189.290
20066_090101_130416,D,20120907,000000,63.3100000,63.4900000,62.4900000,63.1100000,30.760
20066_090101_130416,D,20120910,000000,63.0100000,63.2200000,62.5000000,62.7800000,60.190
20066_090101_130416,D,20120911,000000,62.8500000,63.9000000,62.7000000,62.8900000,76.570
20066_090101_130416,D,20120912,000000,63.0000000,63.4800000,62.0000000,62.6800000,22.810
20066_090101_130416,D,20120913,000000,62.2100000,63.6600000,62.2100000,62.9300000,12.370
20066_090101_130416,D,20120914,000000,63.7700000,67.9900000,63.7700000,66.3100000,60.560
20066_090101_130416,D,20120917,000000,68.0000000,70.9900000,66.1100000,67.6500000,54.620
20066_090101_130416,D,20120918,000000,65.5600000,68.8800000,59.0400000,68.2000000,36.890
20066_090101_130416,D,20120919,000000,67.2300000,69.4000000,65.8000000,66.2800000,15.970
20066_090101_130416,D,20120920,000000,66.7800000,66.7800000,63.7000000,66.5000000,11.340
20066_090101_130416,D,20120921,000000,66.0000000,66.3000000,64.6400000,65.5100000,16.610
20066_090101_130416,D,20120924,000000,65.9800000,65.9800000,64.0000000,64.9900000,36.570
20066_090101_130416,D,20120925,000000,64.9000000,67.9600000,64.8000000,65.5500000,20.000
20066_090101_130416,D,20120926,000000,65.9600000,65.9600000,62.4000000,62.9200000,47.110
20066_090101_130416,D,20120927,000000,62.9800000,63.8900000,62.4000000,63.5000000,16.840
20066_090101_130416,D,20120928,000000,63.9800000,64.9400000,62.1300000,63.5700000,32.940
20066_090101_130416,D,20121001,000000,63.5300000,65.7800000,63.2000000,65.5000000,13.940
20066_090101_130416,D,20121002,000000,63.4200000,66.5000000,63.4200000,65.2900000,101.610
20066_090101_130416,D,20121003,000000,64.5100000,66.1000000,64.3000000,65.2600000,85.260
20066_090101_130416,D,20121004,000000,65.1600000,67.0000000,64.0100000,64.6000000,59.970
20066_090101_130416,D,20121005,000000,66.0000000,69.8200000,65.4300000,68.4100000,140.490
20066_090101_130416,D,20121008,000000,67.9900000,68.4100000,66.3000000,66.5200000,230.190
20066_090101_130416,D,20121009,000000,66.9800000,67.6000000,64.8800000,65.3700000,116.690
20066_090101_130416,D,20121010,000000,64.7800000,66.5500000,63.6300000,64.5100000,17.040
20066_090101_130416,D,20121011,000000,64.1000000,68.0000000,62.4000000,66.9000000,20.680
20066_090101_130416,D,20121012,000000,66.0000000,66.0000000,63.6600000,64.0000000,25.310
20066_090101_130416,D,20121015,000000,64.1700000,64.9600000,63.5000000,64.5000000,34.210
20066_090101_130416,D,20121016,000000,65.7600000,65.7600000,63.0000000,65.4000000,36.170
20066_090101_130416,D,20121017,000000,65.9800000,66.9900000,64.0000000,65.8100000,45.300
20066_090101_130416,D,20121018,000000,65.9900000,66.6400000,64.3100000,65.0200000,12.610
20066_090101_130416,D,20121019,000000,64.7500000,65.7200000,63.2100000,63.4000000,18.530
20066_090101_130416,D,20121022,000000,63.2100000,63.3200000,62.4000000,63.0400000,30.310
20066_090101_130416,D,20121023,000000,63.6800000,63.9900000,61.5000000,61.5500000,20.440
20066_090101_130416,D,20121024,000000,61.5600000,62.3900000,61.1300000,62.2200000,31.280
20066_090101_130416,D,20121025,000000,61.6200000,62.6800000,61.0400000,62.3800000,23.570
20066_090101_130416,D,20121026,000000,61.2100000,61.3000000,60.0100000,60.7900000,13.540
20066_090101_130416,D,20121029,000000,60.9900000,60.9900000,57.7500000,58.2100000,33.150
20066_090101_130416,D,20121030,000000,58.6700000,59.2900000,57.8200000,57.8500000,37.880
20066_090101_130416,D,20121031,000000,58.9600000,59.7900000,57.6000000,57.9800000,28.960
20066_090101_130416,D,20121101,000000,57.4500000,58.5000000,54.5200000,55.7500000,53.560
20066_090101_130416,D,20121102,000000,55.8500000,57.1900000,55.2000000,56.8500000,27.960
20066_090101_130416,D,20121106,000000,56.5000000,57.7500000,56.0300000,57.2200000,17.960
20066_090101_130416,D,20121107,000000,57.6800000,58.3600000,56.9900000,57.0000000,21.380
20066_090101_130416,D,20121108,000000,56.7200000,56.7200000,54.6700000,55.5100000,15.880
20066_090101_130416,D,20121109,000000,55.2000000,55.4000000,54.6000000,55.3500000,8.180
20066_090101_130416,D,20121112,000000,55.1800000,55.7300000,54.3000000,54.7700000,17.780
20066_090101_130416,D,20121113,000000,54.8500000,56.0000000,53.9900000,53.9900000,69.180
20066_090101_130416,D,20121114,000000,55.2000000,55.2300000,53.5600000,53.9700000,21.360
20066_090101_130416,D,20121115,000000,53.5100000,53.8900000,52.7100000,53.1500000,57.810
20066_090101_130416,D,20121116,000000,53.4000000,53.4200000,52.3500000,53.0100000,11.020
20066_090101_130416,D,20121119,000000,53.3100000,53.9900000,53.3100000,53.5700000,14.420
20066_090101_130416,D,20121120,000000,53.0100000,53.5000000,52.7100000,53.1300000,13.890
20066_090101_130416,D,20121121,000000,52.3600000,54.5000000,52.3000000,54.5000000,42.190
20066_090101_130416,D,20121122,000000,54.5000000,56.0000000,54.0100000,55.0000000,14.930
20066_090101_130416,D,20121123,000000,55.4000000,56.4800000,53.4200000,55.4000000,10.830
20066_090101_130416,D,20121126,000000,55.3700000,55.3700000,54.2500000,54.5000000,13.620
20066_090101_130416,D,20121127,000000,54.9600000,54.9600000,53.1200000,53.4700000,26.020
20066_090101_130416,D,20121128,000000,53.0000000,53.3300000,52.5300000,53.0000000,14.970
20066_090101_130416,D,20121129,000000,53.5500000,53.5600000,52.5200000,52.9500000,9.230
20066_090101_130416,D,20121130,000000,52.5300000,52.9900000,51.4900000,52.8800000,42.070
20066_090101_130416,D,20121203,000000,53.9000000,53.9000000,52.3200000,52.8900000,25.440
20066_090101_130416,D,20121204,000000,52.0600000,52.7800000,51.8200000,52.1000000,45.000
20066_090101_130416,D,20121205,000000,52.9500000,53.0000000,51.9200000,52.7500000,79.810
20066_090101_130416,D,20121206,000000,52.9500000,53.8000000,51.2100000,51.5000000,70.210
20066_090101_130416,D,20121207,000000,52.0000000,52.0000000,50.8200000,51.5000000,28.970
20066_090101_130416,D,20121210,000000,51.1200000,51.7300000,50.2900000,51.0700000,29.620
20066_090101_130416,D,20121211,000000,50.7600000,51.3500000,49.5200000,50.4000000,133.080
20066_090101_130416,D,20121212,000000,50.4800000,51.0800000,50.3900000,50.8400000,38.750
20066_090101_130416,D,20121213,000000,50.8400000,51.5000000,50.6400000,51.0000000,21.350
20066_090101_130416,D,20121214,000000,51.5000000,52.2000000,50.9300000,52.1600000,15.690
20066_090101_130416,D,20121217,000000,52.2000000,52.7800000,51.6100000,52.0000000,17.180
20066_090101_130416,D,20121218,000000,51.9100000,52.5000000,51.6500000,52.5000000,16.830
20066_090101_130416,D,20121219,000000,52.5200000,53.2000000,52.3900000,52.3900000,31.530
20066_090101_130416,D,20121220,000000,52.0700000,52.5900000,51.1500000,51.4000000,27.960
20066_090101_130416,D,20121221,000000,51.3300000,51.5900000,50.3200000,50.5000000,17.680
20066_090101_130416,D,20121224,000000,50.5100000,50.8900000,50.3500000,50.7600000,23.970
20066_090101_130416,D,20121225,000000,50.4100000,51.3900000,50.4100000,51.2500000,8.060
20066_090101_130416,D,20121226,000000,51.1000000,51.3500000,50.6600000,50.8600000,6.320
20066_090101_130416,D,20121227,000000,51.0100000,51.3700000,49.0000000,49.7500000,186.450
20066_090101_130416,D,20121228,000000,49.7500000,50.4600000,49.0800000,49.8100000,32.600
20066_090101_130416,D,20130108,000000,50.7900000,51.5000000,50.5300000,50.5300000,24.220
20066_090101_130416,D,20130109,000000,50.5300000,50.9000000,50.1300000,50.9000000,19.730
20066_090101_130416,D,20130110,000000,50.9000000,50.9000000,50.0000000,50.2000000,96.080
20066_090101_130416,D,20130111,000000,50.4900000,50.8300000,50.2000000,50.2500000,60.710
20066_090101_130416,D,20130114,000000,50.1500000,51.4300000,49.9900000,50.4000000,172.620
20066_090101_130416,D,20130115,000000,50.3000000,50.8300000,49.6300000,50.0000000,150.960
20066_090101_130416,D,20130116,000000,49.9000000,50.4800000,49.5500000,49.5500000,72.800
20066_090101_130416,D,20130117,000000,49.5600000,49.5600000,49.2600000,49.4000000,94.090
20066_090101_130416,D,20130118,000000,49.4600000,49.9900000,48.5400000,49.7900000,496.170
20066_090101_130416,D,20130121,000000,49.6000000,51.7500000,49.5000000,50.0000000,485.850
20066_090101_130416,D,20130122,000000,50.0200000,50.4600000,49.6300000,49.7100000,48.470
20066_090101_130416,D,20130123,000000,49.7100000,51.7400000,49.5500000,51.5000000,150.190
20066_090101_130416,D,20130124,000000,51.1500000,55.4400000,50.2200000,54.2400000,204.450
20066_090101_130416,D,20130125,000000,54.2400000,55.9500000,53.8000000,54.9000000,180.960
20066_090101_130416,D,20130128,000000,55.7000000,56.0000000,54.0000000,54.4400000,58.270
20066_090101_130416,D,20130129,000000,54.6400000,55.0000000,52.5000000,53.8500000,111.500
20066_090101_130416,D,20130130,000000,53.7500000,53.9300000,52.5000000,52.9100000,50.250
20066_090101_130416,D,20130131,000000,52.9700000,53.1500000,52.0300000,52.2200000,14.470
20066_090101_130416,D,20130201,000000,52.5300000,52.5300000,51.6200000,51.8900000,39.390
20066_090101_130416,D,20130204,000000,52.0300000,52.1400000,51.3000000,51.7700000,27.380
20066_090101_130416,D,20130205,000000,51.7600000,51.7600000,50.5000000,51.3500000,109.590
20066_090101_130416,D,20130206,000000,51.3000000,51.7500000,50.4500000,50.6900000,54.750
20066_090101_130416,D,20130207,000000,50.6500000,50.8500000,50.0000000,50.2300000,94.030
20066_090101_130416,D,20130208,000000,50.2300000,50.2300000,49.7300000,49.9000000,29.840
20066_090101_130416,D,20130211,000000,50.0000000,50.2400000,49.1500000,49.9000000,117.750
20066_090101_130416,D,20130212,000000,49.5600000,49.8400000,49.5000000,49.7000000,24.670
20066_090101_130416,D,20130213,000000,49.8900000,50.3900000,49.8400000,50.1000000,66.790
20066_090101_130416,D,20130214,000000,50.2300000,50.4900000,49.4500000,49.8000000,34.850
20066_090101_130416,D,20130215,000000,49.8100000,50.2000000,49.1700000,49.8400000,37.440
20066_090101_130416,D,20130218,000000,49.6100000,49.9900000,49.5100000,49.8400000,11.980
20066_090101_130416,D,20130219,000000,49.8400000,50.3400000,49.6100000,50.2400000,33.090
20066_090101_130416,D,20130220,000000,50.2800000,50.2800000,49.7000000,50.1900000,32.920
20066_090101_130416,D,20130221,000000,49.5400000,49.8800000,48.8100000,49.1300000,23.510
20066_090101_130416,D,20130222,000000,49.2000000,49.6700000,49.2000000,49.4400000,5.360
20066_090101_130416,D,20130225,000000,49.2200000,49.4900000,49.0100000,49.4400000,9.130
20066_090101_130416,D,20130226,000000,49.1300000,49.1300000,48.1000000,48.3500000,45.200
20066_090101_130416,D,20130227,000000,48.1700000,48.4100000,47.0000000,47.2600000,39.540
20066_090101_130416,D,20130228,000000,47.6900000,47.9900000,46.9000000,47.1200000,16.930
20066_090101_130416,D,20130301,000000,47.0800000,47.1000000,46.2700000,46.4900000,22.150
20066_090101_130416,D,20130304,000000,46.4600000,46.4900000,45.3000000,45.3500000,64.670
20066_090101_130416,D,20130305,000000,45.8900000,46.6300000,45.5300000,46.2100000,21.490
20066_090101_130416,D,20130306,000000,46.1500000,46.4600000,45.8600000,46.1300000,60.130
20066_090101_130416,D,20130307,000000,46.1300000,46.2800000,45.3200000,45.3500000,11.440
20066_090101_130416,D,20130311,000000,45.8600000,46.2400000,45.3800000,45.6000000,28.050
20066_090101_130416,D,20130312,000000,45.5100000,45.9700000,44.4500000,44.9400000,28.990
20066_090101_130416,D,20130313,000000,45.0600000,45.0600000,43.7600000,43.9000000,96.750
20066_090101_130416,D,20130314,000000,43.8000000,43.8500000,43.0100000,43.6900000,38.460
20066_090101_130416,D,20130315,000000,43.1200000,43.7000000,42.5800000,42.5800000,49.810
20066_090101_130416,D,20130318,000000,42.0400000,42.8700000,40.5000000,40.5000000,82.070
20066_090101_130416,D,20130319,000000,40.9600000,41.1500000,40.5100000,40.7500000,33.820
20066_090101_130416,D,20130320,000000,40.5600000,41.0000000,40.3000000,41.0000000,94.520
20066_090101_130416,D,20130321,000000,40.6200000,40.9700000,40.2000000,40.2100000,5.530
20066_090101_130416,D,20130322,000000,39.6900000,40.7100000,38.0300000,38.7300000,100.240
20066_090101_130416,D,20130325,000000,38.9500000,39.3500000,37.6100000,37.8500000,31.470
20066_090101_130416,D,20130326,000000,38.2400000,38.2400000,35.0300000,36.7200000,140.670
20066_090101_130416,D,20130327,000000,36.9800000,37.2800000,36.2000000,36.6400000,104.750
20066_090101_130416,D,20130328,000000,36.6300000,37.4800000,36.5200000,37.0000000,15.150
20066_090101_130416,D,20130329,000000,36.7000000,36.9800000,36.5000000,36.5500000,9.000
20066_090101_130416,D,20130401,000000,36.9900000,36.9900000,36.5300000,36.8800000,20.030
20066_090101_130416,D,20130402,000000,37.1500000,37.3200000,36.0100000,36.8500000,24.110
20066_090101_130416,D,20130403,000000,36.8000000,37.1500000,36.1600000,36.2900000,37.950
