<TICKER>,<PER>,<DATE>,<TIME>,<OPEN>,<HIGH>,<LOW>,<CLOSE>,<VOL>
20712_090101_130416,D,20090112,000000,0.3037000,0.4107000,0.3037000,0.3529000,24.000
20712_090101_130416,D,20090113,000000,0.3108000,0.4043000,0.3108000,0.4043000,9.000
20712_090101_130416,D,20090114,000000,0.3116000,0.4088000,0.3116000,0.3985000,522.600
20712_090101_130416,D,20090115,000000,0.3205000,0.4099000,0.3205000,0.3383000,18.700
20712_090101_130416,D,20090119,000000,0.3721000,0.3721000,0.3721000,0.3721000,6.100
20712_090101_130416,D,20090120,000000,0.3998000,0.4399000,0.3220000,0.4300000,23.100
20712_090101_130416,D,20090121,000000,0.3171000,0.3899000,0.3171000,0.3899000,500
20712_090101_130416,D,20090122,000000,0.3238000,0.3245000,0.3238000,0.3239000,600
20712_090101_130416,D,20090123,000000,0.3300000,0.3300000,0.3300000,0.3300000,300
20712_090101_130416,D,20090126,000000,0.3999000,0.3999000,0.3999000,0.3999000,200
20712_090101_130416,D,20090127,000000,0.3201000,0.3201000,0.3000000,0.3000000,70.100
20712_090101_130416,D,20090128,000000,0.3061000,0.3817000,0.3060000,0.3070000,11.900
20712_090101_130416,D,20090129,000000,0.3220000,0.3227000,0.3220000,0.3227000,200
20712_090101_130416,D,20090130,000000,0.3320000,0.3965000,0.3320000,0.3320000,4.200
20712_090101_130416,D,20090202,000000,0.3320000,0.3496000,0.3320000,0.3496000,11.400
20712_090101_130416,D,20090203,000000,0.3845000,0.3900000,0.3100000,0.3200000,23.700
20712_090101_130416,D,20090204,000000,0.3199000,0.3599000,0.3000000,0.3450000,233.600
20712_090101_130416,D,20090205,000000,0.3590000,0.3697000,0.3250000,0.3600000,267.700
20712_090101_130416,D,20090206,000000,0.3960000,0.4298000,0.3250000,0.3900000,221.400
20712_090101_130416,D,20090209,000000,0.4290000,0.4495000,0.3750000,0.3750000,11.100
20712_090101_130416,D,20090210,000000,0.4200000,0.4200000,0.3503000,0.3700000,183.500
20712_090101_130416,D,20090211,000000,0.3900000,0.3900000,0.3411000,0.3411000,7.100
20712_090101_130416,D,20090212,000000,0.3350000,0.3835000,0.3000000,0.3109000,197.500
20712_090101_130416,D,20090213,000000,0.3695000,0.3700000,0.3037000,0.3350000,40.200
20712_090101_130416,D,20090216,000000,0.3799000,0.3799000,0.3353000,0.3520000,29.300
20712_090101_130416,D,20090217,000000,0.3850000,0.3850000,0.3699000,0.3700000,400
20712_090101_130416,D,20090218,000000,0.3900000,0.3900000,0.3020000,0.3330000,32.300
20712_090101_130416,D,20090220,000000,0.3200000,0.3200000,0.3200000,0.3200000,1.000
20712_090101_130416,D,20090225,000000,0.3100000,0.3100000,0.3000000,0.3000000,32.200
20712_090101_130416,D,20090226,000000,0.3002000,0.3333000,0.3001000,0.3002000,7.500
20712_090101_130416,D,20090227,000000,0.3003000,0.3297000,0.2600000,0.3295000,133.700
20712_090101_130416,D,20090304,000000,0.3229000,0.3229000,0.3199000,0.3200000,6.500
20712_090101_130416,D,20090305,000000,0.3000000,0.3255000,0.3000000,0.3254000,6.900
20712_090101_130416,D,20090310,000000,0.3000000,0.3394000,0.3000000,0.3130000,25.900
20712_090101_130416,D,20090311,000000,0.3199000,0.3199000,0.3186000,0.3198000,13.500
20712_090101_130416,D,20090313,000000,0.3100000,0.3198000,0.2860000,0.3198000,21.700
20712_090101_130416,D,20090316,000000,0.2900000,0.3092000,0.2900000,0.3091000,1.400
20712_090101_130416,D,20090317,000000,0.2900000,0.3000000,0.2900000,0.2901000,127.600
20712_090101_130416,D,20090319,000000,0.3038000,0.3039000,0.2900000,0.2900000,17.300
20712_090101_130416,D,20090320,000000,0.2780000,0.2850000,0.2711000,0.2850000,56.900
20712_090101_130416,D,20090323,000000,0.3049000,0.3990000,0.2680000,0.3500000,587.100
20712_090101_130416,D,20090324,000000,0.3600000,0.4900000,0.3600000,0.4002000,343.900
20712_090101_130416,D,20090325,000000,0.3259000,0.5603000,0.3259000,0.5603000,76.000
20712_090101_130416,D,20090326,000000,0.5604000,0.6365000,0.5604000,0.5900000,33.500
20712_090101_130416,D,20090327,000000,0.5530000,0.5530000,0.5000000,0.5500000,20.700
20712_090101_130416,D,20090330,000000,0.6000000,0.6000000,0.4500000,0.4500000,5.800
20712_090101_130416,D,20090331,000000,0.5900000,0.5900000,0.4000000,0.5200000,190.700
20712_090101_130416,D,20090401,000000,0.4410000,0.4499000,0.4111000,0.4499000,259.800
20712_090101_130416,D,20090402,000000,0.4900000,0.4900000,0.4200000,0.4655000,593.900
20712_090101_130416,D,20090403,000000,0.4749000,0.4750000,0.4000000,0.4390000,225.900
20712_090101_130416,D,20090406,000000,0.4699000,0.4699000,0.4215000,0.4555000,23.600
20712_090101_130416,D,20090407,000000,0.5010000,0.5319000,0.4001000,0.4482000,116.800
20712_090101_130416,D,20090408,000000,0.4555000,0.4555000,0.4000000,0.4239000,224.100
20712_090101_130416,D,20090409,000000,0.4462000,0.4462000,0.4030000,0.4340000,260.400
20712_090101_130416,D,20090410,000000,0.4100000,0.4279000,0.4053000,0.4165000,198.700
20712_090101_130416,D,20090413,000000,0.4035000,0.4750000,0.4031000,0.4350000,146.200
20712_090101_130416,D,20090414,000000,0.4350000,0.4599000,0.4051000,0.4360000,101.300
20712_090101_130416,D,20090415,000000,0.4450000,0.4450000,0.3950000,0.4100000,181.500
20712_090101_130416,D,20090416,000000,0.4299000,0.4555000,0.4200000,0.4555000,424.000
20712_090101_130416,D,20090417,000000,0.4500000,0.6023000,0.4305000,0.4670000,1.636.300
20712_090101_130416,D,20090420,000000,0.4621000,0.5709000,0.4620000,0.4700000,163.600
20712_090101_130416,D,20090421,000000,0.4700000,0.4700000,0.4158000,0.4400000,69.700
20712_090101_130416,D,20090422,000000,0.4160000,0.4800000,0.4150000,0.4330000,278.900
20712_090101_130416,D,20090423,000000,0.4750000,0.4750000,0.4120000,0.4206000,47.000
20712_090101_130416,D,20090424,000000,0.4290000,0.4309000,0.4125000,0.4125000,101.200
20712_090101_130416,D,20090427,000000,0.4274000,0.5470000,0.4274000,0.4725000,220.600
20712_090101_130416,D,20090428,000000,0.4125000,0.4301000,0.4125000,0.4260000,3.100
20712_090101_130416,D,20090429,000000,0.4400000,0.4630000,0.4400000,0.4630000,59.000
20712_090101_130416,D,20090430,000000,0.4556000,0.4980000,0.4555000,0.4555000,27.000
20712_090101_130416,D,20090504,000000,0.4650000,0.4760000,0.4550000,0.4651000,26.700
20712_090101_130416,D,20090505,000000,0.4737000,0.4737000,0.4737000,0.4737000,10.000
20712_090101_130416,D,20090506,000000,0.4450000,0.4782000,0.4351000,0.4747000,177.100
20712_090101_130416,D,20090507,000000,0.4700000,0.4809000,0.4450000,0.4809000,178.800
20712_090101_130416,D,20090508,000000,0.4828000,0.4890000,0.4700000,0.4890000,14.600
20712_090101_130416,D,20090512,000000,0.4890000,0.4900000,0.4700000,0.4700000,66.100
20712_090101_130416,D,20090513,000000,0.4570000,0.4831000,0.4550000,0.4570000,145.600
20712_090101_130416,D,20090514,000000,0.4820000,0.4831000,0.4555000,0.4555000,30.100
20712_090101_130416,D,20090515,000000,0.4870000,0.4870000,0.4700000,0.4700000,102.000
20712_090101_130416,D,20090518,000000,0.4800000,0.4800000,0.4750000,0.4780000,13.800
20712_090101_130416,D,20090519,000000,0.4830000,0.4830000,0.4460000,0.4823000,23.500
20712_090101_130416,D,20090520,000000,0.4840000,0.4840000,0.4840000,0.4840000,500
20712_090101_130416,D,20090521,000000,0.4839000,0.4839000,0.4805000,0.4809000,2.900
20712_090101_130416,D,20090525,000000,0.4500000,0.4808000,0.4500000,0.4699000,41.700
20712_090101_130416,D,20090526,000000,0.4600000,0.4600000,0.4450000,0.4450000,22.000
20712_090101_130416,D,20090527,000000,0.4750000,0.4750000,0.4500000,0.4539000,40.900
20712_090101_130416,D,20090528,000000,0.4200000,0.4690000,0.4200000,0.4401000,96.700
20712_090101_130416,D,20090529,000000,0.4466000,0.4600000,0.4460000,0.4600000,6.300
20712_090101_130416,D,20090601,000000,0.4372000,0.4767000,0.4370000,0.4590000,50.400
20712_090101_130416,D,20090602,000000,0.4370000,0.4641000,0.4370000,0.4396000,24.700
20712_090101_130416,D,20090603,000000,0.4579000,0.4579000,0.4500000,0.4500000,26.100
20712_090101_130416,D,20090604,000000,0.4400000,0.4549000,0.4399000,0.4548000,45.900
20712_090101_130416,D,20090605,000000,0.4372000,0.4570000,0.4372000,0.4530000,5.400
20712_090101_130416,D,20090608,000000,0.4450000,0.4450000,0.4326000,0.4350000,5.200
20712_090101_130416,D,20090609,000000,0.4351000,0.4410000,0.4350000,0.4355000,53.200
20712_090101_130416,D,20090610,000000,0.4350000,0.4548000,0.4201000,0.4400000,40.300
20712_090101_130416,D,20090611,000000,0.4205000,0.4300000,0.4201000,0.4300000,26.200
20712_090101_130416,D,20090615,000000,0.4200000,0.4200000,0.4000000,0.4050000,144.500
20712_090101_130416,D,20090616,000000,0.4099000,0.4269000,0.4099000,0.4256000,35.800
20712_090101_130416,D,20090617,000000,0.4107000,0.4107000,0.4100000,0.4100000,20.100
20712_090101_130416,D,20090618,000000,0.4056000,0.4056000,0.4001000,0.4001000,2.500
20712_090101_130416,D,20090619,000000,0.4269000,0.4269000,0.4269000,0.4269000,200
20712_090101_130416,D,20090622,000000,0.4011000,0.4263000,0.3502000,0.4109000,63.200
20712_090101_130416,D,20090623,000000,0.3503000,0.4085000,0.3503000,0.4085000,38.400
20712_090101_130416,D,20090626,000000,0.4075000,0.4211000,0.3700000,0.3700000,10.100
20712_090101_130416,D,20090629,000000,0.3770000,0.3770000,0.3703000,0.3703000,8.700
20712_090101_130416,D,20090630,000000,0.4173000,0.4216000,0.4166000,0.4174000,152.300
20712_090101_130416,D,20090702,000000,0.4000000,0.4010000,0.4000000,0.4000000,5.200
20712_090101_130416,D,20090708,000000,0.3600000,0.3900000,0.3501000,0.3700000,12.200
20712_090101_130416,D,20090709,000000,0.3600000,0.3897000,0.3600000,0.3897000,23.800
20712_090101_130416,D,20090710,000000,0.3800000,0.3800000,0.3800000,0.3800000,100
20712_090101_130416,D,20090714,000000,0.3900000,0.3900000,0.3800000,0.3800000,300
20712_090101_130416,D,20090717,000000,0.3872000,0.3873000,0.3872000,0.3873000,1.600
20712_090101_130416,D,20090721,000000,0.4128000,0.4128000,0.4128000,0.4128000,100
20712_090101_130416,D,20090724,000000,0.4129000,0.4129000,0.3701000,0.4000000,18.600
20712_090101_130416,D,20090727,000000,0.4000000,0.4000000,0.3600000,0.3999000,9.300
20712_090101_130416,D,20090728,000000,0.3984000,0.3985000,0.3211000,0.3850000,100.000
20712_090101_130416,D,20090729,000000,0.3650000,0.3650000,0.3601000,0.3601000,2.400
20712_090101_130416,D,20090730,000000,0.3800000,0.3800000,0.3700000,0.3800000,5.000
20712_090101_130416,D,20090731,000000,0.3601000,0.3744000,0.3600000,0.3600000,58.800
20712_090101_130416,D,20090803,000000,0.3600000,0.4200000,0.3552000,0.3900000,1.301.700
20712_090101_130416,D,20090804,000000,0.4080000,0.4080000,0.3506000,0.3506000,257.800
20712_090101_130416,D,20090805,000000,0.3750000,0.4908000,0.3600000,0.4460000,810.800
20712_090101_130416,D,20090806,000000,0.5000000,0.5300000,0.4000000,0.4165000,3.036.500
20712_090101_130416,D,20090807,000000,0.4399000,0.4400000,0.4399000,0.4400000,200
20712_090101_130416,D,20090810,000000,0.4001000,0.4158000,0.4001000,0.4158000,4.600
20712_090101_130416,D,20090811,000000,0.4398000,0.4398000,0.4052000,0.4054000,7.700
20712_090101_130416,D,20090812,000000,0.4295000,0.4298000,0.3811000,0.3811000,800
20712_090101_130416,D,20090813,000000,0.4299000,0.4400000,0.4299000,0.4400000,51.000
20712_090101_130416,D,20090817,000000,0.3804000,0.4250000,0.3800000,0.3800000,168.100
20712_090101_130416,D,20090818,000000,0.3898000,0.3898000,0.3799000,0.3800000,121.000
20712_090101_130416,D,20090820,000000,0.3804000,0.3804000,0.3800000,0.3800000,31.100
20712_090101_130416,D,20090824,000000,0.4099000,0.4099000,0.3600000,0.3625000,578.300
20712_090101_130416,D,20090825,000000,0.3850000,0.4000000,0.3800000,0.3800000,240.500
20712_090101_130416,D,20090826,000000,0.3980000,0.3980000,0.3850000,0.3850000,110.100
20712_090101_130416,D,20090827,000000,0.3850000,0.3985000,0.3850000,0.3856000,99.200
20712_090101_130416,D,20090828,000000,0.3979000,0.4000000,0.3704000,0.3876000,203.800
20712_090101_130416,D,20090831,000000,0.3888000,0.3900000,0.3800000,0.3800000,176.400
20712_090101_130416,D,20090901,000000,0.4097000,0.4097000,0.4097000,0.4097000,100
20712_090101_130416,D,20090902,000000,0.3998000,0.3999000,0.3998000,0.3999000,400
20712_090101_130416,D,20090903,000000,0.4099000,0.4100000,0.3805000,0.3805000,36.300
20712_090101_130416,D,20090904,000000,0.4009000,0.4009000,0.4009000,0.4009000,100
20712_090101_130416,D,20090907,000000,0.3850000,0.5000000,0.3801000,0.4100000,8.044.600
20712_090101_130416,D,20090908,000000,0.4299000,0.4800000,0.4100000,0.4300000,996.200
20712_090101_130416,D,20090909,000000,0.4500000,0.4500000,0.4300000,0.4350000,20.300
20712_090101_130416,D,20090910,000000,0.4347000,0.4600000,0.4200000,0.4449000,500.200
20712_090101_130416,D,20090911,000000,0.4549000,0.4549000,0.4200000,0.4208000,85.700
20712_090101_130416,D,20090914,000000,0.4497000,0.4498000,0.4250000,0.4252000,295.500
20712_090101_130416,D,20090915,000000,0.4300000,0.4397000,0.4209000,0.4397000,136.800
20712_090101_130416,D,20090916,000000,0.4351000,0.4498000,0.4100000,0.4152000,1.292.600
20712_090101_130416,D,20090917,000000,0.4318000,0.4350000,0.4201000,0.4201000,234.700
20712_090101_130416,D,20090918,000000,0.4022000,0.4237000,0.4000000,0.4215000,233.500
20712_090101_130416,D,20090921,000000,0.4005000,0.4230000,0.4001000,0.4160000,23.500
20712_090101_130416,D,20090922,000000,0.4269000,0.4600000,0.4269000,0.4527000,564.300
20712_090101_130416,D,20090923,000000,0.4301000,0.4527000,0.4301000,0.4484000,89.900
20712_090101_130416,D,20090924,000000,0.4498000,0.4498000,0.4498000,0.4498000,100
20712_090101_130416,D,20090925,000000,0.4205000,0.4550000,0.4201000,0.4251000,531.800
20712_090101_130416,D,20090928,000000,0.4250000,0.4250000,0.4099000,0.4200000,139.100
20712_090101_130416,D,20090929,000000,0.4200000,0.4200000,0.4100000,0.4100000,117.900
20712_090101_130416,D,20090930,000000,0.4439000,0.4439000,0.4031000,0.4098000,741.600
20712_090101_130416,D,20091001,000000,0.4100000,0.4399000,0.4100000,0.4349000,263.100
20712_090101_130416,D,20091002,000000,0.4349000,0.4397000,0.4050000,0.4201000,56.000
20712_090101_130416,D,20091005,000000,0.4300000,0.4300000,0.4052000,0.4280000,185.400
20712_090101_130416,D,20091006,000000,0.4103000,0.4294000,0.4103000,0.4274000,73.300
20712_090101_130416,D,20091007,000000,0.4150000,0.4349000,0.4100000,0.4294000,113.400
20712_090101_130416,D,20091008,000000,0.4360000,0.4630000,0.4100000,0.4100000,1.103.600
20712_090101_130416,D,20091009,000000,0.4174000,0.4175000,0.4000000,0.4100000,648.100
20712_090101_130416,D,20091012,000000,0.4169000,0.4169000,0.4065000,0.4165000,129.000
20712_090101_130416,D,20091013,000000,0.4175000,0.4175000,0.4100000,0.4150000,208.400
20712_090101_130416,D,20091014,000000,0.4175000,0.4175000,0.4100000,0.4100000,389.900
20712_090101_130416,D,20091015,000000,0.4169000,0.4225000,0.4082000,0.4225000,1.267.400
20712_090101_130416,D,20091016,000000,0.4091000,0.4209000,0.4091000,0.4148000,17.800
20712_090101_130416,D,20091019,000000,0.4141000,0.4200000,0.4120000,0.4200000,94.600
20712_090101_130416,D,20091020,000000,0.4210000,0.4225000,0.4120000,0.4130000,1.129.900
20712_090101_130416,D,20091021,000000,0.4150000,0.4194000,0.4150000,0.4194000,45.200
20712_090101_130416,D,20091022,000000,0.4200000,0.4220000,0.4199000,0.4220000,61.600
20712_090101_130416,D,20091023,000000,0.4200000,0.4225000,0.4115000,0.4198000,52.100
20712_090101_130416,D,20091026,000000,0.4116000,0.4200000,0.4050000,0.4050000,315.800
20712_090101_130416,D,20091027,000000,0.4075000,0.4080000,0.3970000,0.4000000,298.800
20712_090101_130416,D,20091028,000000,0.3915000,0.3920000,0.3914000,0.3914000,2.000
20712_090101_130416,D,20091029,000000,0.3914000,0.4143000,0.3900000,0.4000000,151.700
20712_090101_130416,D,20091030,000000,0.4088000,0.4089000,0.4088000,0.4089000,7.200
20712_090101_130416,D,20091102,000000,0.3989000,0.3998000,0.3877000,0.3997000,88.500
20712_090101_130416,D,20091103,000000,0.4049000,0.4154000,0.3924000,0.3994000,21.700
20712_090101_130416,D,20091105,000000,0.4001000,0.4001000,0.4000000,0.4000000,32.100
20712_090101_130416,D,20091106,000000,0.4164000,0.4199000,0.3950000,0.4130000,560.200
20712_090101_130416,D,20091109,000000,0.4118000,0.4200000,0.4063000,0.4200000,1.461.800
20712_090101_130416,D,20091110,000000,0.4022000,0.4197000,0.3600000,0.3900000,2.777.200
20712_090101_130416,D,20091111,000000,0.3711000,0.4000000,0.3711000,0.3980000,2.004.100
20712_090101_130416,D,20091112,000000,0.3852000,0.3986000,0.3850000,0.3968000,41.300
20712_090101_130416,D,20091113,000000,0.3999000,0.3999000,0.3901000,0.3901000,3.700
20712_090101_130416,D,20091116,000000,0.3900000,0.3994000,0.3881000,0.3950000,893.700
20712_090101_130416,D,20091117,000000,0.3865000,0.3955000,0.3865000,0.3900000,66.000
20712_090101_130416,D,20091118,000000,0.3950000,0.3950000,0.3870000,0.3870000,2.000
20712_090101_130416,D,20091119,000000,0.3900000,0.3901000,0.3900000,0.3901000,88.700
20712_090101_130416,D,20091120,000000,0.3949000,0.3949000,0.3830000,0.3948000,4.100
20712_090101_130416,D,20091123,000000,0.3948000,0.3949000,0.3900000,0.3900000,44.800
20712_090101_130416,D,20091124,000000,0.3930000,0.3948000,0.3930000,0.3948000,147.600
20712_090101_130416,D,20091125,000000,0.3930000,0.3949000,0.3900000,0.3900000,239.500
20712_090101_130416,D,20091126,000000,0.3930000,0.3947000,0.3930000,0.3930000,42.100
20712_090101_130416,D,20091127,000000,0.3801000,0.3948000,0.3801000,0.3947000,242.200
20712_090101_130416,D,20091130,000000,0.3966000,0.3966000,0.3966000,0.3966000,1.000
20712_090101_130416,D,20091201,000000,0.3900000,0.4198000,0.3900000,0.4100000,1.064.100
20712_090101_130416,D,20091202,000000,0.4183000,0.4220000,0.4100000,0.4100000,972.200
20712_090101_130416,D,20091204,000000,0.4050000,0.4050000,0.4050000,0.4050000,100
20712_090101_130416,D,20091207,000000,0.4180000,0.4250000,0.4180000,0.4200000,234.300
20712_090101_130416,D,20091208,000000,0.4250000,0.4250000,0.4150000,0.4150000,32.500
20712_090101_130416,D,20091209,000000,0.4249000,0.4250000,0.4107000,0.4250000,19.200
20712_090101_130416,D,20091210,000000,0.4247000,0.4247000,0.4100000,0.4102000,9.600
20712_090101_130416,D,20091211,000000,0.3905000,0.4250000,0.3905000,0.4135000,437.400
20712_090101_130416,D,20091214,000000,0.3953000,0.4249000,0.3953000,0.4249000,29.200
20712_090101_130416,D,20091215,000000,0.4012000,0.4243000,0.4012000,0.4212000,11.200
20712_090101_130416,D,20091216,000000,0.4161000,0.4250000,0.4150000,0.4250000,220.000
20712_090101_130416,D,20091218,000000,0.4238000,0.4238000,0.4150000,0.4150000,140.200
20712_090101_130416,D,20091221,000000,0.4239000,0.4495000,0.4239000,0.4444000,312.400
20712_090101_130416,D,20091222,000000,0.4490000,0.4630000,0.4400000,0.4600000,1.515.800
20712_090101_130416,D,20091223,000000,0.4579000,0.5000000,0.4400000,0.4544000,4.644.400
20712_090101_130416,D,20091224,000000,0.4499000,0.5300000,0.4499000,0.4630000,6.527.400
20712_090101_130416,D,20091225,000000,0.4682000,0.5400000,0.4682000,0.4836000,1.196.500
20712_090101_130416,D,20091228,000000,0.4829000,0.4829000,0.4653000,0.4653000,113.100
20712_090101_130416,D,20091229,000000,0.4776000,0.4824000,0.4500000,0.4730000,84.500
20712_090101_130416,D,20091230,000000,0.4636000,0.5666000,0.4202000,0.5000000,4.397.500
20712_090101_130416,D,20091231,000000,0.4936000,0.4936000,0.4935000,0.4935000,2.900
20712_090101_130416,D,20100111,000000,0.4985000,0.5034000,0.4850000,0.5025000,1.566.700
20712_090101_130416,D,20100112,000000,0.4935000,0.4935000,0.4800000,0.4800000,20.500
20712_090101_130416,D,20100113,000000,0.4985000,0.4985000,0.4700000,0.4702000,890.300
20712_090101_130416,D,20100114,000000,0.4696000,0.4886000,0.4696000,0.4886000,154.000
20712_090101_130416,D,20100115,000000,0.4884000,0.4884000,0.4884000,0.4884000,200
20712_090101_130416,D,20100118,000000,0.4330000,0.4907000,0.4330000,0.4907000,27.300
20712_090101_130416,D,20100119,000000,0.4930000,0.4935000,0.4850000,0.4850000,141.800
20712_090101_130416,D,20100120,000000,0.4843000,0.4900000,0.4843000,0.4899000,6.700
20712_090101_130416,D,20100121,000000,0.4838000,0.4838000,0.4838000,0.4838000,1.300
20712_090101_130416,D,20100122,000000,0.4838000,0.4881000,0.4790000,0.4857000,8.700
20712_090101_130416,D,20100125,000000,0.4881000,0.4881000,0.4790000,0.4877000,44.900
20712_090101_130416,D,20100126,000000,0.4791000,0.4791000,0.4696000,0.4696000,31.900
20712_090101_130416,D,20100127,000000,0.4780000,0.4790000,0.4252000,0.4750000,525.000
20712_090101_130416,D,20100128,000000,0.4500000,0.5000000,0.4500000,0.4930000,144.900
20712_090101_130416,D,20100129,000000,0.4843000,0.4921000,0.4843000,0.4920000,10.600
20712_090101_130416,D,20100201,000000,0.4919000,0.4919000,0.4910000,0.4910000,2.100
20712_090101_130416,D,20100202,000000,0.4930000,0.5000000,0.4722000,0.4979000,705.900
20712_090101_130416,D,20100203,000000,0.4979000,0.5000000,0.4892000,0.4892000,2.948.200
20712_090101_130416,D,20100204,000000,0.4891000,0.4891000,0.4468000,0.4700000,824.300
20712_090101_130416,D,20100205,000000,0.4512000,0.4690000,0.4500000,0.4557000,363.900
20712_090101_130416,D,20100208,000000,0.4649000,0.4742000,0.4649000,0.4742000,7.500
20712_090101_130416,D,20100209,000000,0.4774000,0.4774000,0.4442000,0.4697000,224.600
20712_090101_130416,D,20100210,000000,0.4790000,0.4790000,0.4649000,0.4649000,7.900
20712_090101_130416,D,20100211,000000,0.4605000,0.4605000,0.4452000,0.4452000,1.700
20712_090101_130416,D,20100212,000000,0.4667000,0.4668000,0.4450000,0.4500000,62.100
20712_090101_130416,D,20100215,000000,0.4500000,0.4500000,0.4498000,0.4498000,8.000
20712_090101_130416,D,20100216,000000,0.4500000,0.4600000,0.4499000,0.4600000,206.400
20712_090101_130416,D,20100217,000000,0.4800000,0.4800000,0.4500000,0.4500000,377.700
20712_090101_130416,D,20100218,000000,0.4412000,0.4412000,0.4370000,0.4400000,357.000
20712_090101_130416,D,20100219,000000,0.4370000,0.4599000,0.4255000,0.4589000,1.940.600
20712_090101_130416,D,20100224,000000,0.4700000,0.4700000,0.4500000,0.4500000,123.400
20712_090101_130416,D,20100225,000000,0.4678000,0.5500000,0.4300000,0.4300000,2.986.500
20712_090101_130416,D,20100226,000000,0.4249000,0.4400000,0.4249000,0.4298000,649.000
20712_090101_130416,D,20100227,000000,0.4381000,0.4630000,0.4280000,0.4400000,24.234.800
20712_090101_130416,D,20100301,000000,0.4400000,0.4579000,0.4320000,0.4579000,464.500
20712_090101_130416,D,20100302,000000,0.4599000,0.4599000,0.4490000,0.4500000,14.800
20712_090101_130416,D,20100303,000000,0.4515000,0.4560000,0.4401000,0.4560000,4.866.200
20712_090101_130416,D,20100304,000000,0.4616000,0.4987000,0.4587000,0.4873000,5.031.400
20712_090101_130416,D,20100305,000000,0.5000000,0.5000000,0.4653000,0.4900000,4.922.400
20712_090101_130416,D,20100309,000000,0.4900000,0.4972000,0.4710000,0.4887000,412.900
20712_090101_130416,D,20100310,000000,0.4801000,0.4983000,0.4568000,0.4821000,4.973.400
20712_090101_130416,D,20100311,000000,0.4800000,0.4830000,0.4650000,0.4830000,2.043.000
20712_090101_130416,D,20100312,000000,0.4702000,0.4815000,0.4600000,0.4700000,6.538.100
20712_090101_130416,D,20100315,000000,0.4790000,0.4839000,0.4581000,0.4611000,1.391.700
20712_090101_130416,D,20100316,000000,0.4612000,0.4669000,0.4500000,0.4579000,2.318.600
20712_090101_130416,D,20100317,000000,0.4659000,0.4660000,0.4550000,0.4610000,242.600
20712_090101_130416,D,20100318,000000,0.4669000,0.4669000,0.4533000,0.4533000,216.200
20712_090101_130416,D,20100319,000000,0.4625000,0.4630000,0.4550000,0.4550000,112.300
20712_090101_130416,D,20100322,000000,0.4619000,0.4693000,0.4501000,0.4600000,13.600
20712_090101_130416,D,20100323,000000,0.4591000,0.4630000,0.4552000,0.4630000,57.400
20712_090101_130416,D,20100324,000000,0.4530000,0.4630000,0.4530000,0.4630000,100.400
20712_090101_130416,D,20100325,000000,0.4591000,0.4609000,0.4500000,0.4552000,726.900
20712_090101_130416,D,20100326,000000,0.4593000,0.4600000,0.4592000,0.4595000,35.400
20712_090101_130416,D,20100329,000000,0.4550000,0.4602000,0.4541000,0.4602000,437.600
20712_090101_130416,D,20100330,000000,0.4602000,0.4634000,0.4530000,0.4545000,94.800
20712_090101_130416,D,20100331,000000,0.4545000,0.4599000,0.4504000,0.4599000,152.200
20712_090101_130416,D,20100401,000000,0.4505000,0.4600000,0.4125000,0.4600000,5.672.200
20712_090101_130416,D,20100402,000000,0.4640000,0.4640000,0.4517000,0.4600000,64.000
20712_090101_130416,D,20100405,000000,0.4550000,0.4630000,0.4522000,0.4600000,250.700
20712_090101_130416,D,20100406,000000,0.4601000,0.4635000,0.4547000,0.4630000,92.800
20712_090101_130416,D,20100407,000000,0.4710000,0.4710000,0.4501000,0.4505000,145.200
20712_090101_130416,D,20100408,000000,0.4530000,0.4597000,0.4502000,0.4597000,106.600
20712_090101_130416,D,20100409,000000,0.4597000,0.4695000,0.4521000,0.4553000,581.800
20712_090101_130416,D,20100412,000000,0.4556000,0.4650000,0.4556000,0.4585000,228.600
20712_090101_130416,D,20100413,000000,0.4583000,0.4629000,0.4524000,0.4617000,289.300
20712_090101_130416,D,20100414,000000,0.4550000,0.4629000,0.4550000,0.4560000,70.900
20712_090101_130416,D,20100415,000000,0.4560000,0.4650000,0.4550000,0.4650000,450.900
20712_090101_130416,D,20100416,000000,0.4683000,0.4989000,0.4650000,0.4700000,2.885.600
20712_090101_130416,D,20100419,000000,0.4700000,0.4800000,0.4601000,0.4650000,651.400
20712_090101_130416,D,20100420,000000,0.4855000,0.4922000,0.4655000,0.4870000,486.300
20712_090101_130416,D,20100421,000000,0.4998000,0.4998000,0.4720000,0.4900000,224.700
20712_090101_130416,D,20100422,000000,0.4851000,0.4973000,0.4850000,0.4860000,252.400
20712_090101_130416,D,20100423,000000,0.4875000,0.4900000,0.4710000,0.4897000,624.300
20712_090101_130416,D,20100426,000000,0.4691000,0.4993000,0.4691000,0.4840000,25.500
20712_090101_130416,D,20100427,000000,0.4851000,0.4941000,0.4840000,0.4840000,21.600
20712_090101_130416,D,20100428,000000,0.4977000,0.4977000,0.4741000,0.4898000,76.200
20712_090101_130416,D,20100429,000000,0.4731000,0.4968000,0.4730000,0.4942000,55.500
20712_090101_130416,D,20100430,000000,0.4933000,0.4933000,0.4745000,0.4780000,67.200
20712_090101_130416,D,20100504,000000,0.4710000,0.4750000,0.4710000,0.4710000,106.200
20712_090101_130416,D,20100505,000000,0.4760000,0.4947000,0.4760000,0.4780000,601.500
20712_090101_130416,D,20100506,000000,0.4957000,0.4957000,0.4752000,0.4944000,203.900
20712_090101_130416,D,20100507,000000,0.4680000,0.4897000,0.4460000,0.4600000,701.300
20712_090101_130416,D,20100511,000000,0.4801000,0.4897000,0.4699000,0.4849000,128.300
20712_090101_130416,D,20100512,000000,0.4848000,0.4948000,0.4848000,0.4850000,29.600
20712_090101_130416,D,20100513,000000,0.4862000,0.4862000,0.4730000,0.4731000,36.100
20712_090101_130416,D,20100514,000000,0.4749000,0.4900000,0.4749000,0.4900000,70.100
20712_090101_130416,D,20100517,000000,0.4888000,0.4888000,0.4888000,0.4888000,200
20712_090101_130416,D,20100519,000000,0.4900000,0.4900000,0.4513000,0.4551000,525.000
20712_090101_130416,D,20100520,000000,0.4799000,0.4799000,0.4260000,0.4777000,115.800
20712_090101_130416,D,20100521,000000,0.4769000,0.4769000,0.4056000,0.4571000,10.098.700
20712_090101_130416,D,20100524,000000,0.4646000,0.4646000,0.4646000,0.4646000,100
20712_090101_130416,D,20100525,000000,0.4633000,0.4750000,0.4260000,0.4260000,29.900
20712_090101_130416,D,20100526,000000,0.4739000,0.4739000,0.4400000,0.4404000,4.500
20712_090101_130416,D,20100527,000000,0.4600000,0.4600000,0.4405000,0.4550000,9.800
20712_090101_130416,D,20100528,000000,0.4530000,0.4530000,0.4467000,0.4467000,95.800
20712_090101_130416,D,20100531,000000,0.4352000,0.4352000,0.4352000,0.4352000,1.000
20712_090101_130416,D,20100601,000000,0.4600000,0.4945000,0.4509000,0.4670000,130.200
20712_090101_130416,D,20100602,000000,0.4676000,0.4679000,0.4676000,0.4679000,11.000
20712_090101_130416,D,20100608,000000,0.4219000,0.4219000,0.4006000,0.4006000,31.700
20712_090101_130416,D,20100609,000000,0.4499000,0.4640000,0.4499000,0.4640000,40.200
20712_090101_130416,D,20100610,000000,0.4400000,0.4400000,0.4400000,0.4400000,15.100
20712_090101_130416,D,20100611,000000,0.4500000,0.4686000,0.4500000,0.4682000,11.300
20712_090101_130416,D,20100615,000000,0.4412000,0.4673000,0.4400000,0.4600000,29.600
20712_090101_130416,D,20100616,000000,0.4642000,0.4642000,0.4551000,0.4551000,11.000
20712_090101_130416,D,20100617,000000,0.4590000,0.4590000,0.4505000,0.4507000,25.000
20712_090101_130416,D,20100618,000000,0.4550000,0.4600000,0.4550000,0.4600000,14.800
20712_090101_130416,D,20100621,000000,0.4552000,0.4553000,0.4551000,0.4552000,35.600
20712_090101_130416,D,20100622,000000,0.4551000,0.4552000,0.4551000,0.4552000,6.100
20712_090101_130416,D,20100623,000000,0.4551000,0.4597000,0.4206000,0.4507000,7.100
20712_090101_130416,D,20100624,000000,0.4530000,0.4530000,0.4530000,0.4530000,9.300
20712_090101_130416,D,20100625,000000,0.4506000,0.4506000,0.4041000,0.4418000,5.300
20712_090101_130416,D,20100628,000000,0.4420000,0.4506000,0.4420000,0.4506000,6.500
20712_090101_130416,D,20100629,000000,0.4462000,0.4500000,0.4101000,0.4300000,103.200
20712_090101_130416,D,20100630,000000,0.4506000,0.4900000,0.4041000,0.4305000,94.300
20712_090101_130416,D,20100701,000000,0.4587000,0.4589000,0.4587000,0.4589000,3.000
20712_090101_130416,D,20100702,000000,0.4574000,0.4574000,0.4215000,0.4344000,700
20712_090101_130416,D,20100705,000000,0.4580000,0.4580000,0.4183000,0.4577000,5.200
20712_090101_130416,D,20100706,000000,0.4270000,0.4576000,0.4270000,0.4576000,1.100
20712_090101_130416,D,20100707,000000,0.4311000,0.4561000,0.4279000,0.4400000,68.600
20712_090101_130416,D,20100708,000000,0.4400000,0.4500000,0.4351000,0.4351000,47.100
20712_090101_130416,D,20100709,000000,0.4499000,0.4545000,0.4400000,0.4400000,8.000
20712_090101_130416,D,20100712,000000,0.4500000,0.4500000,0.4312000,0.4500000,59.700
20712_090101_130416,D,20100713,000000,0.4500000,0.4500000,0.4500000,0.4500000,2.700
20712_090101_130416,D,20100714,000000,0.4550000,0.4557000,0.4512000,0.4512000,1.500
20712_090101_130416,D,20100720,000000,0.4475000,0.4500000,0.4475000,0.4500000,10.000
20712_090101_130416,D,20100721,000000,0.4401000,0.4401000,0.4400000,0.4400000,6.300
20712_090101_130416,D,20100722,000000,0.4515000,0.4519000,0.4515000,0.4519000,9.000
20712_090101_130416,D,20100723,000000,0.4467000,0.4467000,0.4467000,0.4467000,500
20712_090101_130416,D,20100726,000000,0.4505000,0.4505000,0.4500000,0.4500000,5.200
20712_090101_130416,D,20100727,000000,0.4500000,0.4500000,0.4500000,0.4500000,3.200
20712_090101_130416,D,20100728,000000,0.4202000,0.4500000,0.4202000,0.4500000,50.000
20712_090101_130416,D,20100729,000000,0.4504000,0.4512000,0.4504000,0.4512000,20.000
20712_090101_130416,D,20100730,000000,0.4505000,0.4512000,0.4505000,0.4512000,5.000
20712_090101_130416,D,20100802,000000,0.4490000,0.4490000,0.4490000,0.4490000,2.800
20712_090101_130416,D,20100803,000000,0.4554000,0.4555000,0.4210000,0.4540000,40.121.200
20712_090101_130416,D,20100804,000000,0.4550000,0.4555000,0.4550000,0.4555000,77.700
20712_090101_130416,D,20100805,000000,0.4550000,0.4555000,0.4471000,0.4471000,44.000
20712_090101_130416,D,20100806,000000,0.4550000,0.4550000,0.4550000,0.4550000,100
20712_090101_130416,D,20100809,000000,0.4545000,0.4545000,0.4378000,0.4495000,138.700
20712_090101_130416,D,20100810,000000,0.4497000,0.4497000,0.4341000,0.4467000,67.800
20712_090101_130416,D,20100811,000000,0.4477000,0.4494000,0.4401000,0.4401000,6.400
20712_090101_130416,D,20100813,000000,0.4511000,0.4511000,0.4511000,0.4511000,2.200
20712_090101_130416,D,20100816,000000,0.4313000,0.4507000,0.4313000,0.4507000,10.200
20712_090101_130416,D,20100817,000000,0.4498000,0.4498000,0.4253000,0.4357000,400
20712_090101_130416,D,20100818,000000,0.4495000,0.4495000,0.4493000,0.4493000,4.800
20712_090101_130416,D,20100819,000000,0.4498000,0.4498000,0.4424000,0.4424000,1.500
20712_090101_130416,D,20100820,000000,0.4511000,0.4511000,0.4423000,0.4423000,200
20712_090101_130416,D,20100823,000000,0.4423000,0.4467000,0.4423000,0.4462000,3.600
20712_090101_130416,D,20100824,000000,0.4465000,0.4465000,0.4293000,0.4379000,5.400
20712_090101_130416,D,20100825,000000,0.4261000,0.4423000,0.4260000,0.4400000,27.400
20712_090101_130416,D,20100826,000000,0.4390000,0.4466000,0.4390000,0.4466000,10.300
20712_090101_130416,D,20100827,000000,0.4465000,0.4465000,0.4392000,0.4465000,400
20712_090101_130416,D,20100830,000000,0.4466000,0.4466000,0.4466000,0.4466000,5.600
20712_090101_130416,D,20100831,000000,0.4465000,0.4466000,0.4450000,0.4465000,61.100
20712_090101_130416,D,20100901,000000,0.4465000,0.4466000,0.4465000,0.4466000,147.400
20712_090101_130416,D,20100902,000000,0.4480000,0.4570000,0.4480000,0.4570000,3.500
20712_090101_130416,D,20100903,000000,0.4526000,0.4526000,0.4500000,0.4500000,8.800
20712_090101_130416,D,20100906,000000,0.4570000,0.4650000,0.4570000,0.4650000,7.300
20712_090101_130416,D,20100907,000000,0.4571000,0.4616000,0.4467000,0.4570000,96.100
20712_090101_130416,D,20100908,000000,0.4662000,0.4946000,0.4302000,0.4650000,125.800
20712_090101_130416,D,20100909,000000,0.4662000,0.4662000,0.4160000,0.4569000,260.500
20712_090101_130416,D,20100910,000000,0.4559000,0.4616000,0.4559000,0.4600000,400.300
20712_090101_130416,D,20100913,000000,0.4609000,0.4630000,0.4570000,0.4570000,182.700
20712_090101_130416,D,20100914,000000,0.4525000,0.4525000,0.4314000,0.4449000,329.600
20712_090101_130416,D,20100915,000000,0.4481000,0.4597000,0.4468000,0.4570000,378.200
20712_090101_130416,D,20100916,000000,0.4590000,0.4590000,0.4500000,0.4500000,400
20712_090101_130416,D,20100917,000000,0.4886000,0.4886000,0.4574000,0.4663000,36.000
20712_090101_130416,D,20100920,000000,0.4606000,0.4617000,0.4606000,0.4606000,26.900
20712_090101_130416,D,20100921,000000,0.4586000,0.4617000,0.4571000,0.4617000,44.300
20712_090101_130416,D,20100922,000000,0.4663000,0.4664000,0.4663000,0.4663000,1.200
20712_090101_130416,D,20100923,000000,0.4617000,0.4663000,0.4570000,0.4570000,406.300
20712_090101_130416,D,20100924,000000,0.4616000,0.4948000,0.4616000,0.4678000,312.100
20712_090101_130416,D,20100927,000000,0.4671000,0.4736000,0.4602000,0.4602000,16.500
20712_090101_130416,D,20100928,000000,0.4647000,0.4647000,0.4647000,0.4647000,2.000
20712_090101_130416,D,20100929,000000,0.4571000,0.4617000,0.4558000,0.4617000,19.500
20712_090101_130416,D,20100930,000000,0.4662000,0.4868000,0.4662000,0.4710000,3.000
20712_090101_130416,D,20101001,000000,0.4710000,0.4850000,0.4617000,0.4710000,427.900
20712_090101_130416,D,20101004,000000,0.4757000,0.4845000,0.4684000,0.4805000,21.700
20712_090101_130416,D,20101005,000000,0.4806000,0.4807000,0.4527000,0.4710000,16.300
20712_090101_130416,D,20101006,000000,0.4700000,0.4804000,0.4617000,0.4780000,22.700
20712_090101_130416,D,20101007,000000,0.4711000,0.4711000,0.4498000,0.4707000,11.300
20712_090101_130416,D,20101008,000000,0.4700000,0.4700000,0.4618000,0.4618000,2.500
20712_090101_130416,D,20101012,000000,0.4600000,0.4838000,0.4572000,0.4838000,350.400
20712_090101_130416,D,20101013,000000,0.4712000,0.4835000,0.4700000,0.4835000,29.300
20712_090101_130416,D,20101014,000000,0.4843000,0.4843000,0.4758000,0.4758000,10.700
20712_090101_130416,D,20101015,000000,0.4758000,0.4758000,0.4729000,0.4737000,3.200
20712_090101_130416,D,20101018,000000,0.4737000,0.4737000,0.4737000,0.4737000,1.800
20712_090101_130416,D,20101019,000000,0.4805000,0.4992000,0.4801000,0.4850000,215.100
20712_090101_130416,D,20101021,000000,0.4903000,0.4903000,0.4899000,0.4899000,200
20712_090101_130416,D,20101022,000000,0.4830000,0.4850000,0.4806000,0.4806000,72.800
20712_090101_130416,D,20101025,000000,0.4903000,0.4903000,0.4807000,0.4807000,400
20712_090101_130416,D,20101026,000000,0.4806000,0.4806000,0.4806000,0.4806000,100
20712_090101_130416,D,20101028,000000,0.4903000,0.4997000,0.4854000,0.4854000,177.300
20712_090101_130416,D,20101101,000000,0.4900000,0.4900000,0.4900000,0.4900000,9.400
20712_090101_130416,D,20101102,000000,0.4902000,0.4902000,0.4902000,0.4902000,200
20712_090101_130416,D,20101103,000000,0.4903000,0.4903000,0.4700000,0.4700000,11.700
20712_090101_130416,D,20101108,000000,0.4854000,0.4949000,0.4854000,0.4949000,84.800
20712_090101_130416,D,20101109,000000,0.4951000,0.4999000,0.4951000,0.4999000,19.000
20712_090101_130416,D,20101110,000000,0.4999000,0.5020000,0.4952000,0.4952000,3.200
20712_090101_130416,D,20101111,000000,0.5001000,0.5044000,0.4952000,0.4999000,1.000
20712_090101_130416,D,20101112,000000,0.4952000,0.5000000,0.4952000,0.4990000,23.000
20712_090101_130416,D,20101113,000000,0.4903000,0.4903000,0.4900000,0.4900000,12.900
20712_090101_130416,D,20101115,000000,0.4874000,0.4899000,0.4759000,0.4820000,114.100
20712_090101_130416,D,20101116,000000,0.4806000,0.4900000,0.4759000,0.4888000,149.500
20712_090101_130416,D,20101117,000000,0.4793000,0.4871000,0.4701000,0.4871000,23.900
20712_090101_130416,D,20101118,000000,0.4840000,0.6100000,0.4724000,0.4994000,486.800
20712_090101_130416,D,20101119,000000,0.4990000,0.5799000,0.4900000,0.4984000,381.000
20712_090101_130416,D,20101122,000000,0.4907000,0.5665000,0.4907000,0.5116000,651.600
20712_090101_130416,D,20101123,000000,0.5065000,0.5500000,0.5060000,0.5383000,867.000
20712_090101_130416,D,20101124,000000,0.5277000,0.5500000,0.5149000,0.5500000,278.300
20712_090101_130416,D,20101125,000000,0.5439000,0.5770000,0.5274000,0.5495000,324.100
20712_090101_130416,D,20101126,000000,0.5496000,0.6000000,0.5452000,0.5600000,426.300
20712_090101_130416,D,20101129,000000,0.5562000,0.5850000,0.5400000,0.5563000,508.800
20712_090101_130416,D,20101130,000000,0.5507000,0.5900000,0.5500000,0.5800000,1.499.700
20712_090101_130416,D,20101201,000000,0.5906000,0.5906000,0.5551000,0.5788000,359.600
20712_090101_130416,D,20101202,000000,0.5789000,0.5821000,0.5455000,0.5561000,1.322.600
20712_090101_130416,D,20101203,000000,0.5564000,0.5564000,0.5400000,0.5494000,213.200
20712_090101_130416,D,20101206,000000,0.5555000,0.5577000,0.5401000,0.5499000,274.200
20712_090101_130416,D,20101207,000000,0.5402000,0.5554000,0.5402000,0.5450000,493.700
20712_090101_130416,D,20101208,000000,0.5497000,0.7630000,0.5404000,0.7630000,12.980.900
20712_090101_130416,D,20101209,000000,0.8150000,1.0279000,0.7450000,0.7785000,18.929.700
20712_090101_130416,D,20101210,000000,0.7785000,0.8300000,0.7150000,0.7326000,6.711.500
20712_090101_130416,D,20101213,000000,0.7550000,0.7900000,0.7049000,0.7341000,838.800
20712_090101_130416,D,20101214,000000,0.7500000,0.7500000,0.7111000,0.7240000,570.400
20712_090101_130416,D,20101215,000000,0.7433000,0.7433000,0.6904000,0.7177000,402.300
20712_090101_130416,D,20101216,000000,0.7177000,0.7198000,0.7035000,0.7045000,1.305.800
20712_090101_130416,D,20101217,000000,0.7197000,0.7200000,0.6503000,0.6999000,308.600
20712_090101_130416,D,20101220,000000,0.7093000,0.7188000,0.6558000,0.6920000,531.200
20712_090101_130416,D,20101221,000000,0.7087000,0.8950000,0.6946000,0.8510000,21.409.500
20712_090101_130416,D,20101222,000000,0.8320000,0.9500000,0.7880000,0.8200000,12.784.000
20712_090101_130416,D,20101223,000000,0.8285000,0.8440000,0.7700000,0.7995000,4.892.400
20712_090101_130416,D,20101224,000000,0.7995000,0.8038000,0.7405000,0.7950000,1.824.800
20712_090101_130416,D,20101227,000000,0.8075000,0.8439000,0.7453000,0.8423000,4.600.000
20712_090101_130416,D,20101228,000000,0.8420000,0.9999000,0.7912000,0.8195000,17.539.400
20712_090101_130416,D,20101229,000000,0.8441000,0.8648000,0.7950000,0.8300000,4.465.300
20712_090101_130416,D,20101230,000000,0.8578000,0.8578000,0.8051000,0.8297000,335.300
20712_090101_130416,D,20110111,000000,0.8750000,0.8750000,0.8200000,0.8390000,223.600
20712_090101_130416,D,20110112,000000,0.8390000,0.8390000,0.8100000,0.8180000,1.865.800
20712_090101_130416,D,20110113,000000,0.8150000,0.8350000,0.8000000,0.8002000,1.212.400
20712_090101_130416,D,20110114,000000,0.8195000,0.8195000,0.8000000,0.8191000,1.883.800
20712_090101_130416,D,20110117,000000,0.8195000,0.8200000,0.8025000,0.8180000,217.900
20712_090101_130416,D,20110118,000000,0.8180000,0.8180000,0.8057000,0.8100000,508.800
20712_090101_130416,D,20110119,000000,0.8195000,0.8195000,0.7666000,0.7749000,2.351.500
20712_090101_130416,D,20110120,000000,0.7779000,0.7959000,0.7517000,0.7600000,255.900
20712_090101_130416,D,20110121,000000,0.7760000,0.7915000,0.7650000,0.7871000,34.400
20712_090101_130416,D,20110124,000000,0.7800000,0.7879000,0.7451000,0.7600000,432.700
20712_090101_130416,D,20110125,000000,0.7745000,0.7877000,0.7593000,0.7627000,133.600
20712_090101_130416,D,20110126,000000,0.7592000,0.7715000,0.7451000,0.7700000,153.000
20712_090101_130416,D,20110127,000000,0.7605000,0.7861000,0.7605000,0.7861000,142.700
20712_090101_130416,D,20110128,000000,0.7861000,0.7861000,0.7400000,0.7497000,352.200
20712_090101_130416,D,20110131,000000,0.7399000,0.7555000,0.7399000,0.7400000,48.800
20712_090101_130416,D,20110201,000000,0.7310000,0.7498000,0.7283000,0.7337000,539.300
20712_090101_130416,D,20110202,000000,0.7345000,0.7387000,0.7010000,0.7191000,387.500
20712_090101_130416,D,20110203,000000,0.7297000,0.7300000,0.7297000,0.7300000,10.500
20712_090101_130416,D,20110204,000000,0.7275000,0.7500000,0.7134000,0.7495000,107.800
20712_090101_130416,D,20110207,000000,0.7274000,0.7274000,0.7051000,0.7182000,338.000
20712_090101_130416,D,20110208,000000,0.7100000,0.7192000,0.6999000,0.7168000,230.900
20712_090101_130416,D,20110209,000000,0.7270000,0.7270000,0.6807000,0.7144000,5.900
20712_090101_130416,D,20110210,000000,0.6805000,0.7228000,0.6767000,0.7073000,36.600
20712_090101_130416,D,20110211,000000,0.7239000,0.7239000,0.7075000,0.7185000,3.400
20712_090101_130416,D,20110214,000000,0.7185000,0.7234000,0.7185000,0.7200000,1.006.200
20712_090101_130416,D,20110215,000000,0.7100000,0.7155000,0.6800000,0.6999000,80.800
20712_090101_130416,D,20110216,000000,0.7050000,0.7999000,0.6922000,0.7705000,1.710.400
20712_090101_130416,D,20110217,000000,0.7800000,0.7900000,0.7304000,0.7872000,245.700
20712_090101_130416,D,20110218,000000,0.7890000,0.8200000,0.7200000,0.7580000,791.700
20712_090101_130416,D,20110221,000000,0.7628000,0.7800000,0.7400000,0.7445000,940.100
20712_090101_130416,D,20110222,000000,0.7446000,0.7578000,0.7200000,0.7400000,16.300
20712_090101_130416,D,20110224,000000,0.7400000,0.7400000,0.7400000,0.7400000,4.700
20712_090101_130416,D,20110225,000000,0.7234000,0.7476000,0.7000000,0.7476000,212.500
20712_090101_130416,D,20110228,000000,0.7215000,0.7339000,0.7200000,0.7330000,93.400
20712_090101_130416,D,20110301,000000,0.7634000,0.7634000,0.7106000,0.7152000,330.000
20712_090101_130416,D,20110302,000000,0.7250000,0.7613000,0.7114000,0.7212000,90.000
20712_090101_130416,D,20110303,000000,0.7200000,0.7280000,0.7200000,0.7200000,110.000
20712_090101_130416,D,20110304,000000,0.7200000,0.7300000,0.7200000,0.7300000,190.000
20712_090101_130416,D,20110305,000000,0.7201000,0.7201000,0.7200000,0.7200000,130.000
20712_090101_130416,D,20110309,000000,0.7200000,0.7200000,0.7200000,0.7200000,140.000
20712_090101_130416,D,20110310,000000,0.7287000,0.7300000,0.7200000,0.7200000,300.000
20712_090101_130416,D,20110311,000000,0.7002000,0.7002000,0.7000000,0.7000000,20.000
20712_090101_130416,D,20110314,000000,0.6100000,0.6100000,0.5102000,0.5102000,200.000
20712_090101_130416,D,20110316,000000,0.5556000,0.7278000,0.5556000,0.7100000,540.000
20712_090101_130416,D,20110317,000000,0.6126000,0.6888000,0.6000000,0.6444000,390.000
20712_090101_130416,D,20110318,000000,0.6666000,0.6666000,0.6011000,0.6350000,210.000
20712_090101_130416,D,20110321,000000,0.6333000,0.6485000,0.6250000,0.6350000,150.000
20712_090101_130416,D,20110322,000000,0.6242000,0.6531000,0.6242000,0.6451000,30.000
20712_090101_130416,D,20110323,000000,0.6142000,0.6594000,0.6142000,0.6594000,100.000
20712_090101_130416,D,20110324,000000,0.6940000,0.6940000,0.6320000,0.6700000,120.000
20712_090101_130416,D,20110325,000000,0.6209000,0.6565000,0.6001000,0.6250000,670.000
20712_090101_130416,D,20110328,000000,0.6300000,0.6300000,0.6249000,0.6260000,40.000
20712_090101_130416,D,20110329,000000,0.6158000,0.6158000,0.6157000,0.6157000,20.000
20712_090101_130416,D,20110330,000000,0.6144000,0.6300000,0.6144000,0.6300000,20.000
20712_090101_130416,D,20110331,000000,0.6112000,0.6112000,0.5900000,0.5900000,590.000
20712_090101_130416,D,20110401,000000,0.6255000,0.6255000,0.6100000,0.6243000,50.000
20712_090101_130416,D,20110404,000000,0.6200000,0.6200000,0.6073000,0.6077000,140.000
20712_090101_130416,D,20110405,000000,0.6070000,0.6218000,0.6000000,0.6000000,220.000
20712_090101_130416,D,20110406,000000,0.6021000,0.6021000,0.6000000,0.6000000,240.000
20712_090101_130416,D,20110407,000000,0.6169000,0.6299000,0.6113000,0.6199000,200.000
20712_090101_130416,D,20110408,000000,0.6295000,0.6300000,0.6271000,0.6300000,120.000
20712_090101_130416,D,20110411,000000,0.6400000,0.6400000,0.6000000,0.6000000,760.000
20712_090101_130416,D,20110412,000000,0.6043000,0.6400000,0.5904000,0.6039000,500.000
20712_090101_130416,D,20110413,000000,0.5911000,0.6000000,0.5804000,0.5990000,110.000
20712_090101_130416,D,20110414,000000,0.5844000,0.5988000,0.5720000,0.5988000,870.000
20712_090101_130416,D,20110418,000000,0.5735000,0.5892000,0.5400000,0.5400000,870.000
20712_090101_130416,D,20110419,000000,0.5401000,0.5500000,0.5162000,0.5370000,310.000
20712_090101_130416,D,20110420,000000,0.5638000,0.6300000,0.5550000,0.6196000,850.000
20712_090101_130416,D,20110421,000000,0.6179000,0.6179000,0.5660000,0.6000000,410.000
20712_090101_130416,D,20110422,000000,0.6144000,0.6175000,0.6000000,0.6111000,1.320.000
20712_090101_130416,D,20110425,000000,0.6170000,0.6200000,0.6170000,0.6200000,110.000
20712_090101_130416,D,20110426,000000,0.6002000,0.6289000,0.6000000,0.6041000,100.000
20712_090101_130416,D,20110427,000000,0.6075000,0.6075000,0.6000000,0.6003000,360.000
20712_090101_130416,D,20110428,000000,0.6000000,0.6000000,0.6000000,0.6000000,620.000
20712_090101_130416,D,20110429,000000,0.6000000,0.6200000,0.6000000,0.6200000,260.000
20712_090101_130416,D,20110503,000000,0.6006000,0.6250000,0.6000000,0.6250000,400.000
20712_090101_130416,D,20110504,000000,0.6003000,0.6100000,0.6000000,0.6100000,650.000
20712_090101_130416,D,20110505,000000,0.6300000,0.6450000,0.6139000,0.6200000,350.000
20712_090101_130416,D,20110506,000000,0.6012000,0.6172000,0.6000000,0.6100000,180.000
20712_090101_130416,D,20110510,000000,0.6197000,0.6197000,0.6197000,0.6197000,10.000
20712_090101_130416,D,20110511,000000,0.6495000,0.7000000,0.6003000,0.6369000,1.730.000
20712_090101_130416,D,20110512,000000,0.6306000,0.6306000,0.6181000,0.6181000,40.000
20712_090101_130416,D,20110513,000000,0.6243000,0.6699000,0.6120000,0.6120000,60.000
20712_090101_130416,D,20110516,000000,0.6075000,0.6120000,0.6000000,0.6060000,340.000
20712_090101_130416,D,20110517,000000,0.6004000,0.6004000,0.6003000,0.6003000,20.000
20712_090101_130416,D,20110518,000000,0.6013000,0.6490000,0.6012000,0.6369000,440.000
20712_090101_130416,D,20110519,000000,0.6251000,0.6306000,0.6125000,0.6306000,470.000
20712_090101_130416,D,20110520,000000,0.6300000,0.6300000,0.6300000,0.6300000,10.000
20712_090101_130416,D,20110523,000000,0.6300000,0.6300000,0.6150000,0.6150000,750.000
20712_090101_130416,D,20110524,000000,0.6250000,0.6250000,0.6250000,0.6250000,20.000
20712_090101_130416,D,20110525,000000,0.6368000,0.6369000,0.6250000,0.6264000,70.000
20712_090101_130416,D,20110527,000000,0.6244000,0.6304000,0.6244000,0.6304000,20.000
20712_090101_130416,D,20110531,000000,0.6305000,0.6307000,0.6305000,0.6307000,30.000
20712_090101_130416,D,20110602,000000,0.6493000,0.6493000,0.6397000,0.6397000,20.000
20712_090101_130416,D,20110603,000000,0.6469000,0.6500000,0.6304000,0.6306000,90.000
20712_090101_130416,D,20110608,000000,0.6223000,0.6397000,0.6166000,0.6394000,430.000
20712_090101_130416,D,20110609,000000,0.6350000,0.6750000,0.6299000,0.6491000,60.000
20712_090101_130416,D,20110610,000000,0.6694000,0.6694000,0.6500000,0.6500000,20.000
20712_090101_130416,D,20110614,000000,0.6697000,0.6697000,0.6444000,0.6444000,50.000
20712_090101_130416,D,20110615,000000,0.6231000,0.6497000,0.6011000,0.6130000,1.540.000
20712_090101_130416,D,20110616,000000,0.6400000,0.6400000,0.6003000,0.6085000,530.000
20712_090101_130416,D,20110617,000000,0.6080000,0.6191000,0.6003000,0.6080000,190.000
20712_090101_130416,D,20110620,000000,0.6011000,0.6075000,0.5840000,0.6075000,110.000
20712_090101_130416,D,20110621,000000,0.5914000,0.6194000,0.5914000,0.6194000,650.000
20712_090101_130416,D,20110622,000000,0.5924000,0.5924000,0.5915000,0.5915000,30.000
20712_090101_130416,D,20110623,000000,0.5750000,0.5977000,0.5611000,0.5900000,1.480.000
20712_090101_130416,D,20110624,000000,0.5858000,0.6000000,0.5722000,0.6000000,500.000
20712_090101_130416,D,20110627,000000,0.6003000,0.6003000,0.6002000,0.6003000,50.000
20712_090101_130416,D,20110628,000000,0.6004000,0.6004000,0.6000000,0.6000000,330.000
20712_090101_130416,D,20110629,000000,0.6246000,0.7000000,0.6246000,0.6300000,1.700.000
20712_090101_130416,D,20110630,000000,0.6301000,0.6301000,0.6301000,0.6301000,60.000
20712_090101_130416,D,20110701,000000,0.6101000,0.6211000,0.6050000,0.6061000,180.000
20712_090101_130416,D,20110704,000000,0.6015000,0.6196000,0.6012000,0.6167000,130.000
20712_090101_130416,D,20110705,000000,0.6150000,0.6490000,0.6150000,0.6198000,640.000
20712_090101_130416,D,20110706,000000,0.6201000,0.6201000,0.6177000,0.6200000,1.350.000
20712_090101_130416,D,20110707,000000,0.6297000,0.6297000,0.6198000,0.6198000,120.000
20712_090101_130416,D,20110708,000000,0.6199000,0.6208000,0.6198000,0.6198000,170.000
20712_090101_130416,D,20110711,000000,0.6200000,0.6200000,0.6200000,0.6200000,20.000
20712_090101_130416,D,20110712,000000,0.6220000,0.6220000,0.6198000,0.6198000,120.000
20712_090101_130416,D,20110713,000000,0.6200000,0.6200000,0.6198000,0.6198000,100.000
20712_090101_130416,D,20110714,000000,0.6299000,0.6299000,0.6198000,0.6198000,550.000
20712_090101_130416,D,20110715,000000,0.6297000,0.6298000,0.6198000,0.6198000,300.000
20712_090101_130416,D,20110718,000000,0.6500000,0.6500000,0.6500000,0.6500000,10.000
20712_090101_130416,D,20110719,000000,0.6292000,0.6293000,0.6056000,0.6180000,490.000
20712_090101_130416,D,20110720,000000,0.6103000,0.6271000,0.6051000,0.6271000,160.000
20712_090101_130416,D,20110721,000000,0.6150000,0.6290000,0.6150000,0.6285000,120.000
20712_090101_130416,D,20110722,000000,0.6180000,0.6185000,0.6151000,0.6151000,50.000
20712_090101_130416,D,20110725,000000,0.6150000,0.6150000,0.6150000,0.6150000,490.000
20712_090101_130416,D,20110726,000000,0.6150000,0.6291000,0.6075000,0.6134000,130.000
20712_090101_130416,D,20110727,000000,0.6100000,0.6440000,0.6100000,0.6140000,350.000
20712_090101_130416,D,20110728,000000,0.6149000,0.6200000,0.6149000,0.6151000,60.000
20712_090101_130416,D,20110729,000000,0.6153000,0.6153000,0.6150000,0.6150000,140.000
20712_090101_130416,D,20110801,000000,0.6077000,0.6177000,0.6077000,0.6077000,360.000
20712_090101_130416,D,20110803,000000,0.6060000,0.6060000,0.6060000,0.6060000,390.000
20712_090101_130416,D,20110804,000000,0.6061000,0.6061000,0.6060000,0.6060000,1.020.000
20712_090101_130416,D,20110805,000000,0.6001000,0.6001000,0.5950000,0.5950000,1.170.000
20712_090101_130416,D,20110808,000000,0.5900000,0.6001000,0.5900000,0.6000000,210.000
20712_090101_130416,D,20110809,000000,0.5503000,0.5503000,0.5500000,0.5500000,410.000
20712_090101_130416,D,20110810,000000,0.5501000,0.5501000,0.5501000,0.5501000,10.000
20712_090101_130416,D,20110811,000000,0.5600000,0.5600000,0.5500000,0.5500000,330.000
20712_090101_130416,D,20110812,000000,0.5511000,0.5511000,0.5510000,0.5510000,170.000
20712_090101_130416,D,20110815,000000,0.5555000,0.5844000,0.5555000,0.5844000,50.000
20712_090101_130416,D,20110817,000000,0.5725000,0.5725000,0.5700000,0.5700000,200.000
20712_090101_130416,D,20110818,000000,0.5703000,0.5703000,0.5700000,0.5700000,150.000
20712_090101_130416,D,20110819,000000,0.5860000,0.5860000,0.5700000,0.5700000,190.000
20712_090101_130416,D,20110822,000000,0.5041000,0.5799000,0.5041000,0.5799000,20.000
20712_090101_130416,D,20110823,000000,0.5897000,0.5897000,0.5897000,0.5897000,10.000
20712_090101_130416,D,20110825,000000,0.5558000,0.5558000,0.5558000,0.5558000,10.000
20712_090101_130416,D,20110830,000000,0.5759000,0.5759000,0.5700000,0.5700000,30.000
20712_090101_130416,D,20110901,000000,0.5690000,0.5700000,0.5690000,0.5700000,150.000
20712_090101_130416,D,20110902,000000,0.5750000,0.5750000,0.5750000,0.5750000,10.000
20712_090101_130416,D,20110905,000000,0.5701000,0.5701000,0.5700000,0.5700000,150.000
20712_090101_130416,D,20110907,000000,0.5711000,0.5800000,0.5700000,0.5800000,210.000
20712_090101_130416,D,20110908,000000,0.5950000,0.5950000,0.5950000,0.5950000,10.000
20712_090101_130416,D,20110909,000000,0.5969000,0.5982000,0.5767000,0.5936000,60.000
20712_090101_130416,D,20110912,000000,0.5700000,0.5700000,0.5700000,0.5700000,10.000
20712_090101_130416,D,20110913,000000,0.5701000,0.5742000,0.5500000,0.5700000,340.000
20712_090101_130416,D,20110915,000000,0.5969000,0.6000000,0.5969000,0.6000000,60.000
20712_090101_130416,D,20110916,000000,0.5711000,0.6167000,0.5645000,0.5645000,560.000
20712_090101_130416,D,20110919,000000,0.5766000,0.5766000,0.5766000,0.5766000,20.000
20712_090101_130416,D,20110920,000000,0.5705000,0.5705000,0.5600000,0.5700000,740.000
20712_090101_130416,D,20110922,000000,0.5700000,0.5700000,0.5700000,0.5700000,140.000
20712_090101_130416,D,20110923,000000,0.5701000,0.5701000,0.5700000,0.5701000,60.000
20712_090101_130416,D,20110926,000000,0.5600000,0.5800000,0.5600000,0.5800000,680.000
20712_090101_130416,D,20110928,000000,0.5800000,0.5800000,0.5800000,0.5800000,10.000
20712_090101_130416,D,20110929,000000,0.6100000,0.6100000,0.6000000,0.6000000,100.000
20712_090101_130416,D,20110930,000000,0.5950000,0.6000000,0.5899000,0.5900000,1.300.000
20712_090101_130416,D,20111003,000000,0.6100000,0.6100000,0.6100000,0.6100000,100.000
20712_090101_130416,D,20111004,000000,0.6210000,0.6701000,0.6100000,0.6450000,4.040.000
20712_090101_130416,D,20111005,000000,0.6405000,0.6405000,0.6000000,0.6000000,960.000
20712_090101_130416,D,20111006,000000,0.6220000,0.6400000,0.6220000,0.6400000,510.000
20712_090101_130416,D,20111007,000000,0.6449000,0.6450000,0.6400000,0.6450000,280.000
20712_090101_130416,D,20111012,000000,0.6499000,0.6499000,0.6101000,0.6101000,130.000
20712_090101_130416,D,20111014,000000,0.6349000,0.6350000,0.6150000,0.6150000,1.290.000
20712_090101_130416,D,20111018,000000,0.6349000,0.6349000,0.6349000,0.6349000,10.000
20712_090101_130416,D,20111019,000000,0.6001000,0.6075000,0.6001000,0.6075000,2.240.000
20712_090101_130416,D,20111020,000000,0.6003000,0.6300000,0.6002000,0.6101000,1.070.000
20712_090101_130416,D,20111021,000000,0.6101000,0.6101000,0.6101000,0.6101000,20.000
20712_090101_130416,D,20111025,000000,0.6100000,0.6100000,0.6100000,0.6100000,50.000
20712_090101_130416,D,20111026,000000,0.6002000,0.6100000,0.6000000,0.6090000,1.650.000
20712_090101_130416,D,20111027,000000,0.6175000,0.6215000,0.6175000,0.6200000,2.050.000
20712_090101_130416,D,20111028,000000,0.6201000,0.6201000,0.6200000,0.6200000,1.500.000
20712_090101_130416,D,20111031,000000,0.6299000,0.7880000,0.6299000,0.6864000,2.020.000
20712_090101_130416,D,20111101,000000,0.6631000,0.6631000,0.6500000,0.6500000,360.000
20712_090101_130416,D,20111102,000000,0.6502000,0.6650000,0.6501000,0.6650000,50.000
20712_090101_130416,D,20111103,000000,0.6780000,0.6780000,0.6780000,0.6780000,10.000
20712_090101_130416,D,20111107,000000,0.6506000,0.6506000,0.6505000,0.6505000,20.000
20712_090101_130416,D,20111109,000000,0.6150000,0.6692000,0.3909000,0.6692000,90.000
20712_090101_130416,D,20111114,000000,0.6499000,0.6500000,0.6499000,0.6500000,30.000
20712_090101_130416,D,20111115,000000,0.6500000,0.6500000,0.6500000,0.6500000,280.000
20712_090101_130416,D,20111116,000000,0.6800000,0.7300000,0.6800000,0.6801000,120.000
20712_090101_130416,D,20111117,000000,0.6801000,0.6802000,0.6800000,0.6800000,240.000
20712_090101_130416,D,20111118,000000,0.6964000,0.7140000,0.6964000,0.6965000,50.000
20712_090101_130416,D,20111121,000000,0.6965000,0.6965000,0.6950000,0.6950000,1.010.000
20712_090101_130416,D,20111122,000000,0.6950000,0.6950000,0.6950000,0.6950000,500.000
20712_090101_130416,D,20111123,000000,0.6950000,0.6950000,0.6950000,0.6950000,10.000
20712_090101_130416,D,20111125,000000,0.6951000,0.6951000,0.6951000,0.6951000,20.000
20712_090101_130416,D,20111128,000000,0.7199000,0.7200000,0.7199000,0.7200000,80.000
20712_090101_130416,D,20111129,000000,0.7200000,0.7200000,0.7200000,0.7200000,70.000
20712_090101_130416,D,20111130,000000,0.7200000,0.7200000,0.7200000,0.7200000,140.000
20712_090101_130416,D,20111201,000000,0.7200000,0.7500000,0.7200000,0.7500000,200.000
20712_090101_130416,D,20111202,000000,0.7200000,0.7201000,0.7200000,0.7200000,130.000
20712_090101_130416,D,20111206,000000,0.7200000,0.7200000,0.7200000,0.7200000,100.000
20712_090101_130416,D,20111223,000000,0.6002000,0.6002000,0.6002000,0.6002000,180.000
20712_090101_130416,D,20111226,000000,0.6022000,0.6022000,0.6022000,0.6022000,10.000
20712_090101_130416,D,20111227,000000,0.6033000,0.6100000,0.6033000,0.6100000,120.000
20712_090101_130416,D,20111228,000000,0.6150000,0.6200000,0.6150000,0.6200000,420.000
20712_090101_130416,D,20111229,000000,0.6251000,0.6251000,0.6250000,0.6250000,30.000
20712_090101_130416,D,20111230,000000,0.6301000,0.6301000,0.6301000,0.6301000,10.000
20712_090101_130416,D,20120105,000000,0.6303000,0.6303000,0.6303000,0.6303000,10.000
20712_090101_130416,D,20120106,000000,0.6399000,0.6400000,0.6399000,0.6400000,160.000
20712_090101_130416,D,20120109,000000,0.6111000,0.6300000,0.6111000,0.6300000,20.000
20712_090101_130416,D,20120110,000000,0.6252000,0.6252000,0.6251000,0.6251000,20.000
20712_090101_130416,D,20120112,000000,0.6879000,0.6879000,0.6879000,0.6879000,10.000
20712_090101_130416,D,20120117,000000,0.6118000,0.6799000,0.6118000,0.6799000,60.000
20712_090101_130416,D,20120118,000000,0.6109000,0.6300000,0.6103000,0.6300000,60.000
20712_090101_130416,D,20120123,000000,0.6153000,0.6153000,0.6153000,0.6153000,10.000
20712_090101_130416,D,20120124,000000,0.6303000,0.6303000,0.6303000,0.6303000,10.000
20712_090101_130416,D,20120125,000000,0.6544000,0.6800000,0.6301000,0.6800000,730.000
20712_090101_130416,D,20120126,000000,0.6800000,0.6800000,0.6506000,0.6506000,70.000
20712_090101_130416,D,20120130,000000,0.6700000,0.6700000,0.6700000,0.6700000,10.000
20712_090101_130416,D,20120131,000000,0.6702000,0.6750000,0.6700000,0.6750000,110.000
20712_090101_130416,D,20120203,000000,0.6651000,0.6750000,0.6650000,0.6750000,190.000
20712_090101_130416,D,20120206,000000,0.6650000,0.6650000,0.6012000,0.6500000,100.000
20712_090101_130416,D,20120210,000000,0.6400000,0.6400000,0.6400000,0.6400000,40.000
20712_090101_130416,D,20120214,000000,0.6576000,0.6577000,0.6504000,0.6504000,70.000
20712_090101_130416,D,20120215,000000,0.6336000,0.6867000,0.6336000,0.6867000,30.000
20712_090101_130416,D,20120222,000000,0.6204000,0.6900000,0.6200000,0.6500000,230.000
20712_090101_130416,D,20120227,000000,0.7495000,0.7500000,0.7200000,0.7200000,120.000
20712_090101_130416,D,20120229,000000,0.7200000,0.7200000,0.7200000,0.7200000,30.000
20712_090101_130416,D,20120302,000000,0.7200000,0.7200000,0.7200000,0.7200000,20.000
20712_090101_130416,D,20120305,000000,0.6505000,0.7199000,0.6505000,0.7187000,50.000
20712_090101_130416,D,20120311,000000,0.7000000,0.7000000,0.7000000,0.7000000,10.000
20712_090101_130416,D,20120312,000000,0.7000000,0.7000000,0.6800000,0.6997000,320.000
20712_090101_130416,D,20120313,000000,0.6900000,0.7000000,0.6900000,0.7000000,260.000
20712_090101_130416,D,20120315,000000,0.6993000,0.7500000,0.6993000,0.7300000,530.000
20712_090101_130416,D,20120316,000000,0.7200000,0.7300000,0.7200000,0.7300000,330.000
20712_090101_130416,D,20120319,000000,0.7100000,0.7100000,0.7100000,0.7100000,10.000
20712_090101_130416,D,20120320,000000,0.7001000,0.7001000,0.7000000,0.7000000,90.000
20712_090101_130416,D,20120321,000000,0.7000000,0.7000000,0.7000000,0.7000000,300.000
20712_090101_130416,D,20120322,000000,0.6700000,0.6700000,0.6310000,0.6450000,40.000
20712_090101_130416,D,20120328,000000,0.6303000,0.6303000,0.6303000,0.6303000,10.000
20712_090101_130416,D,20120330,000000,0.6411000,0.6411000,0.6410000,0.6410000,40.000
20712_090101_130416,D,20120404,000000,0.6500000,0.6500000,0.6500000,0.6500000,10.000
20712_090101_130416,D,20120410,000000,0.6500000,0.6644000,0.6077000,0.6644000,130.000
20712_090101_130416,D,20120416,000000,0.6900000,0.6900000,0.6900000,0.6900000,10.000
20712_090101_130416,D,20120417,000000,0.7499000,0.7499000,0.6600000,0.6600000,1.180.000
20712_090101_130416,D,20120428,000000,0.6700000,0.7000000,0.6700000,0.7000000,100.000
20712_090101_130416,D,20120502,000000,0.6035000,0.6402000,0.6028000,0.6402000,50.000
20712_090101_130416,D,20120504,000000,0.5403000,0.6111000,0.5403000,0.6003000,600.000
20712_090101_130416,D,20120505,000000,0.6133000,0.6133000,0.5557000,0.5711000,120.000
20712_090101_130416,D,20120507,000000,0.6444000,0.6700000,0.6444000,0.6700000,20.000
20712_090101_130416,D,20120521,000000,0.6000000,0.6477000,0.6000000,0.6477000,30.000
20712_090101_130416,D,20120524,000000,0.5500000,0.6422000,0.5500000,0.6422000,60.000
20712_090101_130416,D,20120525,000000,0.5999000,0.5999000,0.5999000,0.5999000,30.000
20712_090101_130416,D,20120528,000000,0.6297000,0.6297000,0.6000000,0.6001000,40.000
20712_090101_130416,D,20120529,000000,0.6000000,0.6000000,0.6000000,0.6000000,10.000
20712_090101_130416,D,20120530,000000,0.6397000,0.6397000,0.6397000,0.6397000,10.000
20712_090101_130416,D,20120531,000000,0.6101000,0.6400000,0.6100000,0.6400000,550.000
20712_090101_130416,D,20120601,000000,0.6496000,0.6497000,0.6496000,0.6497000,20.000
20712_090101_130416,D,20120604,000000,0.6500000,0.6501000,0.6300000,0.6300000,820.000
20712_090101_130416,D,20120608,000000,0.6301000,0.6301000,0.6300000,0.6300000,50.000
20712_090101_130416,D,20120614,000000,0.6237000,0.6296000,0.6000000,0.6200000,350.000
20712_090101_130416,D,20120615,000000,0.6200000,0.6200000,0.6200000,0.6200000,10.000
20712_090101_130416,D,20120618,000000,0.6220000,0.6305000,0.6220000,0.6305000,290.000
20712_090101_130416,D,20120619,000000,0.5529000,0.6493000,0.5528000,0.6250000,110.000
20712_090101_130416,D,20120620,000000,0.6250000,0.6250000,0.6250000,0.6250000,20.000
20712_090101_130416,D,20120621,000000,0.6400000,0.6400000,0.6400000,0.6400000,200.000
20712_090101_130416,D,20120629,000000,0.6450000,0.6699000,0.6449000,0.6699000,60.000
20712_090101_130416,D,20120703,000000,0.6500000,0.6500000,0.6500000,0.6500000,10.000
20712_090101_130416,D,20120705,000000,0.6211000,0.6211000,0.6211000,0.6211000,10.000
20712_090101_130416,D,20120709,000000,0.6205000,0.6300000,0.6201000,0.6300000,70.000
20712_090101_130416,D,20120713,000000,0.6401000,0.6599000,0.6200000,0.6599000,340.000
20712_090101_130416,D,20120717,000000,0.6597000,0.6597000,0.6597000,0.6597000,10.000
20712_090101_130416,D,20120718,000000,0.6301000,0.6301000,0.6301000,0.6301000,260.000
20712_090101_130416,D,20120723,000000,0.6301000,0.6301000,0.6300000,0.6300000,780.000
20712_090101_130416,D,20120806,000000,0.6300000,0.6300000,0.6201000,0.6201000,60.000
20712_090101_130416,D,20120807,000000,0.6300000,0.6300000,0.6300000,0.6300000,230.000
20712_090101_130416,D,20120823,000000,0.6199000,0.6199000,0.6199000,0.6199000,30.000
20712_090101_130416,D,20120824,000000,0.6011000,0.6188000,0.6011000,0.6188000,100.000
20712_090101_130416,D,20120827,000000,0.6297000,0.6297000,0.6297000,0.6297000,10.000
20712_090101_130416,D,20120828,000000,0.6349000,0.6422000,0.6200000,0.6322000,60.000
20712_090101_130416,D,20120829,000000,0.6222000,0.6377000,0.6150000,0.6244000,60.000
20712_090101_130416,D,20120830,000000,0.6201000,0.6201000,0.6200000,0.6201000,70.000
20712_090101_130416,D,20120831,000000,0.6450000,0.6450000,0.6450000,0.6450000,20.000
20712_090101_130416,D,20120903,000000,0.6401000,0.6401000,0.6400000,0.6400000,40.000
20712_090101_130416,D,20120905,000000,0.6301000,0.6301000,0.6301000,0.6301000,160.000
20712_090101_130416,D,20120906,000000,0.6300000,0.6300000,0.6300000,0.6300000,100.000
20712_090101_130416,D,20120910,000000,0.6000000,0.6297000,0.5444000,0.6297000,220.000
20712_090101_130416,D,20120911,000000,0.5666000,0.6144000,0.5666000,0.6133000,30.000
20712_090101_130416,D,20120912,000000,0.6147000,0.6477000,0.6147000,0.6290000,90.000
20712_090101_130416,D,20120914,000000,0.6000000,0.6744000,0.6000000,0.6085000,360.000
20712_090101_130416,D,20120917,000000,0.6096000,0.6096000,0.6096000,0.6096000,30.000
20712_090101_130416,D,20120918,000000,0.6095000,0.6755000,0.5921000,0.6177000,130.000
20712_090101_130416,D,20120919,000000,0.6244000,0.6244000,0.6244000,0.6244000,10.000
20712_090101_130416,D,20120928,000000,0.5800000,0.5950000,0.5800000,0.5930000,50.000
20712_090101_130416,D,20121001,000000,0.5930000,0.6049000,0.5501000,0.5899000,100.000
20712_090101_130416,D,20121002,000000,0.5755000,0.5877000,0.5750000,0.5850000,80.000
20712_090101_130416,D,20121003,000000,0.6147000,0.6147000,0.6147000,0.6147000,10.000
20712_090101_130416,D,20121008,000000,0.5700000,0.6133000,0.5700000,0.6133000,50.000
20712_090101_130416,D,20121009,000000,0.5701000,0.5833000,0.5701000,0.5833000,20.000
20712_090101_130416,D,20121010,000000,0.5650000,0.5650000,0.5503000,0.5503000,30.000
20712_090101_130416,D,20121011,000000,0.5514000,0.5744000,0.5514000,0.5744000,30.000
20712_090101_130416,D,20121012,000000,0.5776000,0.5776000,0.5666000,0.5666000,60.000
20712_090101_130416,D,20121015,000000,0.5620000,0.5620000,0.5501000,0.5501000,40.000
20712_090101_130416,D,20121016,000000,0.5507000,0.5507000,0.5507000,0.5507000,10.000
20712_090101_130416,D,20121019,000000,0.5549000,0.5551000,0.5500000,0.5500000,100.000
20712_090101_130416,D,20121022,000000,0.5301000,0.5666000,0.5301000,0.5644000,60.000
20712_090101_130416,D,20121023,000000,0.5400000,0.5544000,0.5350000,0.5544000,80.000
20712_090101_130416,D,20121024,000000,0.5400000,0.5450000,0.5400000,0.5450000,20.000
20712_090101_130416,D,20121025,000000,0.5350000,0.5350000,0.5350000,0.5350000,10.000
20712_090101_130416,D,20121026,000000,0.5350000,0.5614000,0.5350000,0.5614000,40.000
20712_090101_130416,D,20121029,000000,0.5400000,0.5555000,0.5400000,0.5555000,40.000
20712_090101_130416,D,20121030,000000,0.5400000,0.5400000,0.5400000,0.5400000,10.000
20712_090101_130416,D,20121102,000000,0.5555000,0.5555000,0.5555000,0.5555000,10.000
20712_090101_130416,D,20121106,000000,0.5399000,0.5399000,0.5350000,0.5350000,20.000
20712_090101_130416,D,20121107,000000,0.5300000,0.5300000,0.5250000,0.5250000,30.000
20712_090101_130416,D,20121108,000000,0.5333000,0.5533000,0.5250000,0.5333000,200.000
20712_090101_130416,D,20121114,000000,0.5216000,0.5216000,0.5000000,0.5001000,30.000
20712_090101_130416,D,20121115,000000,0.5002000,0.5002000,0.5000000,0.5000000,100.000
20712_090101_130416,D,20121120,000000,0.5199000,0.5199000,0.5199000,0.5199000,10.000
20712_090101_130416,D,20121123,000000,0.5200000,0.5200000,0.4904000,0.5199000,30.000
20712_090101_130416,D,20121126,000000,0.5100000,0.5149000,0.4900000,0.5000000,190.000
20712_090101_130416,D,20121127,000000,0.4920000,0.5000000,0.4701000,0.5000000,120.000
20712_090101_130416,D,20121129,000000,0.4901000,0.4901000,0.4901000,0.4901000,10.000
20712_090101_130416,D,20121130,000000,0.5199000,0.5990000,0.5006000,0.5006000,110.000
20712_090101_130416,D,20121203,000000,0.5044000,0.5100000,0.5007000,0.5007000,30.000
20712_090101_130416,D,20121205,000000,0.5199000,0.5200000,0.5199000,0.5200000,30.000
20712_090101_130416,D,20121206,000000,0.5150000,0.5150000,0.5150000,0.5150000,10.000
20712_090101_130416,D,20121210,000000,0.5200000,0.5200000,0.5200000,0.5200000,20.000
20712_090101_130416,D,20121211,000000,0.5500000,0.5500000,0.5100000,0.5100000,190.000
20712_090101_130416,D,20121212,000000,0.5129000,0.5299000,0.5124000,0.5299000,440.000
20712_090101_130416,D,20121213,000000,0.5200000,0.5200000,0.5200000,0.5200000,140.000
20712_090101_130416,D,20121214,000000,0.5300000,0.5300000,0.5300000,0.5300000,10.000
20712_090101_130416,D,20121217,000000,0.5201000,0.5201000,0.5200000,0.5200000,40.000
20712_090101_130416,D,20121219,000000,0.5200000,0.5200000,0.5200000,0.5200000,10.000
20712_090101_130416,D,20121220,000000,0.5001000,0.5001000,0.5001000,0.5001000,10.000
20712_090101_130416,D,20121221,000000,0.5000000,0.5000000,0.5000000,0.5000000,100.000
20712_090101_130416,D,20121224,000000,0.5147000,0.5200000,0.5147000,0.5200000,60.000
20712_090101_130416,D,20121225,000000,0.5510000,0.5510000,0.5150000,0.5151000,350.000
20712_090101_130416,D,20121226,000000,0.5550000,0.5570000,0.5178000,0.5229000,350.000
20712_090101_130416,D,20121227,000000,0.5278000,0.5570000,0.4900000,0.5570000,300.000
20712_090101_130416,D,20121228,000000,0.5490000,0.5490000,0.5010000,0.5250000,560.000
20712_090101_130416,D,20130110,000000,0.5200000,0.5244000,0.5001000,0.5244000,140.000
20712_090101_130416,D,20130111,000000,0.5298000,0.5300000,0.5298000,0.5300000,40.000
20712_090101_130416,D,20130115,000000,0.5490000,0.5490000,0.5490000,0.5490000,10.000
20712_090101_130416,D,20130122,000000,0.5200000,0.5200000,0.5200000,0.5200000,40.000
20712_090101_130416,D,20130124,000000,0.5200000,0.5200000,0.5200000,0.5200000,10.000
20712_090101_130416,D,20130125,000000,0.5180000,0.5180000,0.5180000,0.5180000,10.000
20712_090101_130416,D,20130128,000000,0.5184000,0.5520000,0.5184000,0.5500000,50.000
20712_090101_130416,D,20130129,000000,0.5053000,0.5450000,0.5053000,0.5220000,70.000
20712_090101_130416,D,20130130,000000,0.5200000,0.5269000,0.5200000,0.5269000,60.000
20712_090101_130416,D,20130204,000000,0.5237000,0.5397000,0.5000000,0.5022000,160.000
20712_090101_130416,D,20130206,000000,0.5177000,0.5177000,0.4953000,0.4953000,30.000
20712_090101_130416,D,20130208,000000,0.4952000,0.4952000,0.4952000,0.4952000,10.000
20712_090101_130416,D,20130211,000000,0.5777000,0.5777000,0.5777000,0.5777000,10.000
20712_090101_130416,D,20130212,000000,0.5004000,0.5294000,0.4807000,0.5170000,390.000
20712_090101_130416,D,20130213,000000,0.5093000,0.5093000,0.5007000,0.5007000,50.000
20712_090101_130416,D,20130214,000000,0.5157000,0.5157000,0.5014000,0.5014000,30.000
20712_090101_130416,D,20130215,000000,0.5014000,0.5079000,0.4972000,0.4972000,30.000
20712_090101_130416,D,20130218,000000,0.5004000,0.5004000,0.4600000,0.4777000,130.000
20712_090101_130416,D,20130219,000000,0.4955000,0.4955000,0.4767000,0.4767000,20.000
20712_090101_130416,D,20130220,000000,0.4956000,0.5044000,0.4500000,0.5044000,160.000
20712_090101_130416,D,20130225,000000,0.4555000,0.4977000,0.4500000,0.4977000,110.000
20712_090101_130416,D,20130226,000000,0.4933000,0.4933000,0.4933000,0.4933000,10.000
20712_090101_130416,D,20130227,000000,0.4762000,0.4762000,0.4500000,0.4757000,150.000
20712_090101_130416,D,20130228,000000,0.4668000,0.4754000,0.4576000,0.4600000,70.000
20712_090101_130416,D,20130301,000000,0.4911000,0.4911000,0.4911000,0.4911000,10.000
20712_090101_130416,D,20130304,000000,0.4664000,0.4744000,0.4664000,0.4744000,50.000
20712_090101_130416,D,20130305,000000,0.4733000,0.4733000,0.4733000,0.4733000,20.000
20712_090101_130416,D,20130306,000000,0.4572000,0.4572000,0.4572000,0.4572000,10.000
20712_090101_130416,D,20130311,000000,0.4550000,0.4550000,0.4550000,0.4550000,160.000
20712_090101_130416,D,20130313,000000,0.4483000,0.4500000,0.4482000,0.4500000,30.000
20712_090101_130416,D,20130319,000000,0.4394000,0.4480000,0.4214000,0.4344000,160.000
20712_090101_130416,D,20130321,000000,0.4386000,0.4467000,0.4301000,0.4467000,170.000
20712_090101_130416,D,20130322,000000,0.4298000,0.4384000,0.4050000,0.4250000,90.000
20712_090101_130416,D,20130327,000000,0.4488000,0.4488000,0.4488000,0.4488000,10.000
20712_090101_130416,D,20130329,000000,0.4491000,0.4491000,0.4491000,0.4491000,10.000
20712_090101_130416,D,20130401,000000,0.4000000,0.4477000,0.4000000,0.4331000,50.000
20712_090101_130416,D,20130402,000000,0.4000000,0.4444000,0.4000000,0.4444000,80.000
