<TICKER>,<PER>,<DATE>,<TIME>,<OPEN>,<HIGH>,<LOW>,<CLOSE>,<VOL>
20737_090101_130416,D,20090111,000000,14.0000000,18.8380000,8.0740000,15.0000000,17.900
20737_090101_130416,D,20090112,000000,13.0000000,13.0000000,10.0000000,12.4400000,3.300
20737_090101_130416,D,20090113,000000,10.0100000,14.1900000,8.2350000,12.0000000,10.500
20737_090101_130416,D,20090114,000000,10.0110000,10.0110000,10.0110000,10.0110000,200
20737_090101_130416,D,20090116,000000,6.0080000,9.2000000,6.0070000,6.6600000,1.900
20737_090101_130416,D,20090119,000000,6.5000000,6.5000000,5.8880000,5.8880000,200
20737_090101_130416,D,20090127,000000,8.2430000,8.2430000,8.2430000,8.2430000,100
20737_090101_130416,D,20090128,000000,4.9460000,4.9460000,4.9460000,4.9460000,100
20737_090101_130416,D,20090129,000000,6.9000000,6.9000000,6.0000000,6.0000000,500
20737_090101_130416,D,20090130,000000,6.5000000,6.5000000,5.0000000,6.0000000,600
20737_090101_130416,D,20090203,000000,6.0000000,6.0600000,6.0000000,6.0600000,2.500
20737_090101_130416,D,20090204,000000,6.4900000,6.5500000,6.1500000,6.5500000,2.100
20737_090101_130416,D,20090205,000000,6.8000000,6.8300000,5.9000000,6.6000000,3.100
20737_090101_130416,D,20090206,000000,6.7200000,7.0300000,6.7200000,7.0000000,2.900
20737_090101_130416,D,20090209,000000,5.0000000,7.0100000,4.9000000,7.0100000,4.400
20737_090101_130416,D,20090210,000000,6.9000000,9.0000000,6.7500000,9.0000000,1.200
20737_090101_130416,D,20090211,000000,7.9000000,7.9000000,7.0000000,7.0010000,3.700
20737_090101_130416,D,20090212,000000,7.5000000,7.7700000,7.2000000,7.6000000,7.700
20737_090101_130416,D,20090213,000000,7.8500000,8.0000000,5.0000000,7.9990000,1.400
20737_090101_130416,D,20090216,000000,7.9990000,8.1500000,7.5000000,7.9000000,1.400
20737_090101_130416,D,20090217,000000,7.5000000,8.0000000,7.5000000,8.0000000,1.200
20737_090101_130416,D,20090218,000000,8.0000000,8.0950000,7.0000000,7.4000000,1.800
20737_090101_130416,D,20090219,000000,6.9000000,6.9000000,5.8000000,6.3000000,20.300
20737_090101_130416,D,20090220,000000,5.7500000,6.9890000,5.7500000,6.3900000,7.100
20737_090101_130416,D,20090224,000000,5.7510000,6.5000000,5.7500000,6.5000000,14.400
20737_090101_130416,D,20090225,000000,5.7500000,6.7500000,5.5000000,5.5000000,25.000
20737_090101_130416,D,20090226,000000,5.7710000,6.5000000,4.5000000,6.0500000,29.400
20737_090101_130416,D,20090227,000000,5.4000000,5.9500000,5.0000000,5.4000000,25.900
20737_090101_130416,D,20090302,000000,4.1200000,6.1500000,4.1200000,5.8500000,7.000
20737_090101_130416,D,20090303,000000,5.6000000,5.9100000,5.0000000,5.9000000,9.200
20737_090101_130416,D,20090304,000000,5.9990000,7.0000000,5.0000000,5.0210000,50.000
20737_090101_130416,D,20090305,000000,5.0000000,5.4800000,5.0000000,5.4800000,13.500
20737_090101_130416,D,20090306,000000,5.0300000,5.5000000,5.0300000,5.5000000,12.000
20737_090101_130416,D,20090310,000000,5.5000000,5.9000000,5.0300000,5.2000000,74.900
20737_090101_130416,D,20090311,000000,5.0500000,5.2650000,5.0000000,5.0300000,25.400
20737_090101_130416,D,20090312,000000,5.5000000,5.5000000,5.1000000,5.2750000,14.600
20737_090101_130416,D,20090313,000000,5.1000000,5.2000000,5.0000000,5.1550000,26.600
20737_090101_130416,D,20090316,000000,5.2750000,5.2750000,3.8000000,4.4000000,83.900
20737_090101_130416,D,20090317,000000,4.3000000,4.3000000,3.8000000,3.8990000,25.300
20737_090101_130416,D,20090318,000000,4.1980000,4.9800000,3.9000000,4.8680000,33.400
20737_090101_130416,D,20090319,000000,5.0690000,5.0690000,4.3500000,4.6000000,7.800
20737_090101_130416,D,20090320,000000,4.9700000,4.9700000,4.4200000,4.6500000,5.700
20737_090101_130416,D,20090323,000000,4.8470000,4.8470000,4.5000000,4.5000000,7.600
20737_090101_130416,D,20090324,000000,4.8870000,4.8890000,4.5000000,4.7500000,1.000
20737_090101_130416,D,20090325,000000,3.9010000,4.6990000,2.8510000,4.6990000,400
20737_090101_130416,D,20090326,000000,4.7000000,4.7000000,2.9000000,3.8000000,77.900
20737_090101_130416,D,20090327,000000,4.5500000,4.5500000,3.5750000,4.4950000,14.400
20737_090101_130416,D,20090330,000000,4.7000000,5.2000000,4.0110000,4.4940000,11.500
20737_090101_130416,D,20090331,000000,4.5990000,4.6900000,4.4000000,4.6500000,93.200
20737_090101_130416,D,20090401,000000,4.7500000,5.1900000,4.4300000,4.9950000,60.800
20737_090101_130416,D,20090402,000000,4.9000000,5.1000000,4.8500000,4.9990000,63.800
20737_090101_130416,D,20090403,000000,4.9990000,5.5980000,4.9980000,5.5440000,48.400
20737_090101_130416,D,20090406,000000,5.5500000,5.8000000,5.1990000,5.4990000,42.600
20737_090101_130416,D,20090407,000000,5.6250000,5.7980000,4.7200000,5.7000000,37.900
20737_090101_130416,D,20090408,000000,5.8500000,5.9150000,5.4590000,5.7000000,14.300
20737_090101_130416,D,20090409,000000,5.8490000,6.9980000,5.8000000,6.7990000,84.600
20737_090101_130416,D,20090410,000000,6.9000000,7.0240000,6.4550000,6.9150000,104.700
20737_090101_130416,D,20090413,000000,7.0980000,8.2990000,7.0000000,7.6410000,53.400
20737_090101_130416,D,20090414,000000,8.0500000,8.1900000,7.9000000,8.1620000,148.400
20737_090101_130416,D,20090415,000000,8.2000000,8.7990000,7.0680000,8.3790000,183.700
20737_090101_130416,D,20090416,000000,8.3900000,8.3980000,7.4900000,8.3930000,156.600
20737_090101_130416,D,20090417,000000,8.4280000,9.1990000,8.0800000,8.8990000,134.000
20737_090101_130416,D,20090420,000000,8.4900000,9.4000000,7.5510000,8.4800000,82.200
20737_090101_130416,D,20090421,000000,8.9990000,9.1000000,7.5500000,7.5500000,77.800
20737_090101_130416,D,20090422,000000,8.0000000,8.5000000,7.0080000,7.2740000,255.600
20737_090101_130416,D,20090423,000000,7.5890000,8.0000000,6.9990000,7.8000000,229.100
20737_090101_130416,D,20090424,000000,8.0000000,8.0990000,6.9000000,7.9490000,267.800
20737_090101_130416,D,20090427,000000,7.8500000,7.9990000,7.0010000,7.5800000,331.400
20737_090101_130416,D,20090428,000000,7.8000000,8.0300000,6.7900000,7.0650000,428.500
20737_090101_130416,D,20090429,000000,7.0990000,7.3880000,6.0350000,7.0400000,476.400
20737_090101_130416,D,20090430,000000,7.1500000,7.6000000,7.0000000,7.4800000,93.400
20737_090101_130416,D,20090504,000000,7.5000000,8.0100000,7.3070000,7.5040000,419.900
20737_090101_130416,D,20090505,000000,8.0300000,8.0450000,6.7250000,7.2420000,443.800
20737_090101_130416,D,20090506,000000,7.5400000,7.9930000,6.0000000,6.8990000,1.299.500
20737_090101_130416,D,20090507,000000,6.5070000,7.4800000,5.9000000,6.3680000,1.139.700
20737_090101_130416,D,20090508,000000,6.5000000,6.7980000,5.2500000,6.3800000,2.174.200
20737_090101_130416,D,20090512,000000,6.2000000,6.9000000,6.1000000,6.4400000,527.500
20737_090101_130416,D,20090513,000000,6.6970000,6.8490000,5.1050000,5.3750000,2.056.600
20737_090101_130416,D,20090514,000000,5.3700000,5.7300000,5.0900000,5.6800000,2.110.000
20737_090101_130416,D,20090515,000000,5.8000000,5.8600000,4.5000000,5.1540000,1.962.700
20737_090101_130416,D,20090518,000000,5.1900000,5.3850000,5.0000000,5.3300000,696.100
20737_090101_130416,D,20090519,000000,5.1200000,5.6000000,4.6200000,5.1100000,2.786.500
20737_090101_130416,D,20090520,000000,5.1100000,5.4490000,4.8000000,5.1020000,2.926.300
20737_090101_130416,D,20090521,000000,5.1600000,5.1980000,4.9250000,4.9700000,730.100
20737_090101_130416,D,20090522,000000,5.1500000,5.1600000,4.6500000,4.8500000,4.814.200
20737_090101_130416,D,20090525,000000,4.8000000,4.9680000,4.7100000,4.9650000,428.900
20737_090101_130416,D,20090526,000000,5.1300000,5.2000000,4.8000000,5.1550000,995.000
20737_090101_130416,D,20090527,000000,5.2000000,5.3300000,4.9250000,5.2980000,602.200
20737_090101_130416,D,20090528,000000,5.2000000,5.7760000,4.9250000,5.4870000,1.903.900
20737_090101_130416,D,20090529,000000,5.4900000,5.7300000,4.9250000,5.2500000,3.392.900
20737_090101_130416,D,20090601,000000,5.3000000,5.4000000,5.0340000,5.1300000,1.087.200
20737_090101_130416,D,20090602,000000,5.1310000,5.1310000,4.7050000,4.8400000,3.891.500
20737_090101_130416,D,20090603,000000,4.9500000,4.9990000,4.7000000,4.8480000,7.240.000
20737_090101_130416,D,20090604,000000,4.9100000,4.9350000,4.6000000,4.7960000,1.640.000
20737_090101_130416,D,20090605,000000,4.9000000,5.2240000,4.5100000,4.7090000,3.925.400
20737_090101_130416,D,20090608,000000,4.7800000,4.8200000,4.4770000,4.6000000,3.258.300
20737_090101_130416,D,20090609,000000,4.5520000,4.9980000,4.4860000,4.5340000,1.742.500
20737_090101_130416,D,20090610,000000,4.5900000,4.5990000,4.4910000,4.5230000,1.787.200
20737_090101_130416,D,20090611,000000,4.5290000,4.5380000,4.3040000,4.5050000,2.191.000
20737_090101_130416,D,20090615,000000,4.4800000,4.7030000,4.4000000,4.5300000,2.512.700
20737_090101_130416,D,20090616,000000,4.5950000,4.6450000,4.4900000,4.5060000,1.204.300
20737_090101_130416,D,20090617,000000,4.5390000,4.6300000,4.4850000,4.5890000,1.852.400
20737_090101_130416,D,20090618,000000,4.5870000,4.5950000,3.4990000,3.9500000,5.553.400
20737_090101_130416,D,20090619,000000,4.0000000,4.8000000,3.7500000,4.4440000,4.898.300
20737_090101_130416,D,20090622,000000,4.4400000,4.4400000,3.8110000,4.0000000,3.148.600
20737_090101_130416,D,20090623,000000,3.9100000,3.9900000,3.5700000,3.6190000,2.091.600
20737_090101_130416,D,20090624,000000,3.7000000,4.1790000,3.5600000,4.1600000,2.490.700
20737_090101_130416,D,20090625,000000,4.2000000,4.2000000,3.6840000,3.7010000,2.890.000
20737_090101_130416,D,20090626,000000,3.7990000,3.9710000,3.6210000,3.6680000,1.886.300
20737_090101_130416,D,20090629,000000,3.5580000,3.7900000,3.5580000,3.6490000,1.869.300
20737_090101_130416,D,20090630,000000,3.7200000,3.7240000,3.5520000,3.5890000,1.070.100
20737_090101_130416,D,20090701,000000,3.5790000,3.6480000,3.4200000,3.4750000,1.375.900
20737_090101_130416,D,20090702,000000,3.5210000,3.5210000,3.2010000,3.3150000,2.002.100
20737_090101_130416,D,20090703,000000,3.3090000,3.4980000,2.8950000,3.1500000,1.819.200
20737_090101_130416,D,20090706,000000,3.2900000,3.2900000,3.0000000,3.0030000,416.200
20737_090101_130416,D,20090707,000000,3.1500000,3.2800000,2.6560000,3.1480000,2.312.000
20737_090101_130416,D,20090708,000000,3.1680000,3.1700000,2.9500000,3.1000000,1.097.000
20737_090101_130416,D,20090709,000000,3.1400000,3.1700000,2.9930000,3.1060000,287.800
20737_090101_130416,D,20090710,000000,3.0600000,3.1350000,2.8500000,2.9360000,190.600
20737_090101_130416,D,20090713,000000,2.8500000,2.8890000,2.6580000,2.8000000,140.500
20737_090101_130416,D,20090714,000000,2.8000000,2.9000000,2.6770000,2.7150000,404.300
20737_090101_130416,D,20090715,000000,2.6500000,2.7950000,2.6500000,2.7580000,547.900
20737_090101_130416,D,20090716,000000,2.8200000,2.8800000,2.7700000,2.8000000,30.600
20737_090101_130416,D,20090717,000000,2.8280000,2.8280000,2.7300000,2.7900000,272.600
20737_090101_130416,D,20090720,000000,3.0000000,3.2000000,2.8000000,2.8810000,94.500
20737_090101_130416,D,20090721,000000,2.8080000,3.0000000,2.7340000,2.9000000,1.528.600
20737_090101_130416,D,20090722,000000,2.8940000,2.9000000,2.7000000,2.7900000,490.500
20737_090101_130416,D,20090723,000000,2.7460000,2.8500000,2.7460000,2.7900000,755.400
20737_090101_130416,D,20090724,000000,2.8000000,2.8500000,2.7020000,2.7960000,347.700
20737_090101_130416,D,20090727,000000,2.8300000,2.9000000,2.7510000,2.8190000,329.300
20737_090101_130416,D,20090728,000000,2.8450000,2.8950000,2.7340000,2.8300000,118.800
20737_090101_130416,D,20090729,000000,2.8500000,2.8880000,2.7340000,2.7420000,1.068.500
20737_090101_130416,D,20090730,000000,2.8300000,2.8300000,2.7420000,2.7800000,41.900
20737_090101_130416,D,20090731,000000,2.8000000,2.8000000,2.6120000,2.7800000,138.800
20737_090101_130416,D,20090803,000000,2.7900000,2.7900000,2.7030000,2.7550000,288.300
20737_090101_130416,D,20090804,000000,2.7530000,3.1980000,2.0000000,2.6700000,6.234.400
20737_090101_130416,D,20090805,000000,2.7000000,2.7600000,2.5500000,2.6700000,623.400
20737_090101_130416,D,20090806,000000,2.6130000,2.7000000,2.4060000,2.5500000,622.900
20737_090101_130416,D,20090807,000000,2.5900000,2.6270000,2.2500000,2.5000000,352.500
20737_090101_130416,D,20090810,000000,2.4980000,2.6700000,2.3630000,2.6330000,653.900
20737_090101_130416,D,20090811,000000,2.6470000,2.8500000,2.5000000,2.5880000,565.000
20737_090101_130416,D,20090812,000000,2.6640000,2.6640000,2.4600000,2.5740000,558.100
20737_090101_130416,D,20090813,000000,2.5990000,2.5990000,2.5000000,2.5320000,511.100
20737_090101_130416,D,20090814,000000,2.5820000,2.5820000,2.5000000,2.5390000,254.900
20737_090101_130416,D,20090817,000000,2.4010000,2.5340000,2.3800000,2.4750000,346.600
20737_090101_130416,D,20090818,000000,2.5000000,2.5000000,2.4000000,2.4100000,365.200
20737_090101_130416,D,20090819,000000,2.4200000,2.4400000,2.3210000,2.4110000,385.000
20737_090101_130416,D,20090820,000000,2.4400000,2.4400000,2.3340000,2.4060000,93.200
20737_090101_130416,D,20090821,000000,2.3950000,2.4090000,2.3630000,2.3960000,55.900
20737_090101_130416,D,20090824,000000,2.4300000,2.7500000,2.3800000,2.6200000,1.635.200
20737_090101_130416,D,20090825,000000,2.5700000,2.6820000,2.5310000,2.5850000,288.100
20737_090101_130416,D,20090826,000000,2.5950000,2.8400000,2.5450000,2.6130000,1.145.700
20737_090101_130416,D,20090827,000000,2.7000000,2.7000000,2.5450000,2.6040000,465.400
20737_090101_130416,D,20090828,000000,2.6800000,2.7380000,2.6000000,2.6940000,248.300
20737_090101_130416,D,20090831,000000,2.7450000,2.7800000,2.6600000,2.7500000,480.100
20737_090101_130416,D,20090901,000000,2.6600000,2.7900000,2.6500000,2.6900000,44.600
20737_090101_130416,D,20090902,000000,2.6950000,2.7400000,2.6500000,2.6900000,58.500
20737_090101_130416,D,20090903,000000,2.7400000,2.7400000,2.6900000,2.7100000,9.100
20737_090101_130416,D,20090904,000000,2.6550000,2.7100000,2.5740000,2.6670000,59.700
20737_090101_130416,D,20090907,000000,2.7000000,2.7930000,2.6950000,2.7260000,335.400
20737_090101_130416,D,20090908,000000,2.7000000,2.7900000,2.7000000,2.7500000,128.800
20737_090101_130416,D,20090909,000000,2.7500000,3.2700000,2.7200000,2.9200000,2.053.300
20737_090101_130416,D,20090910,000000,2.9130000,2.9900000,2.8420000,2.8900000,1.048.800
20737_090101_130416,D,20090911,000000,2.9800000,3.0450000,2.9020000,2.9990000,570.100
20737_090101_130416,D,20090914,000000,3.0980000,4.0940000,3.0710000,4.0940000,4.971.100
20737_090101_130416,D,20090915,000000,4.5500000,5.7320000,3.9000000,4.3890000,10.622.600
20737_090101_130416,D,20090916,000000,4.3010000,5.2000000,4.1000000,4.1990000,4.689.700
20737_090101_130416,D,20090917,000000,4.3930000,4.4600000,3.6000000,3.6600000,2.606.500
20737_090101_130416,D,20090918,000000,3.6600000,3.9900000,3.3410000,3.7150000,3.085.700
20737_090101_130416,D,20090921,000000,3.7330000,4.1000000,3.6800000,3.7200000,1.657.800
20737_090101_130416,D,20090922,000000,3.7210000,3.8700000,3.6800000,3.7800000,1.073.200
20737_090101_130416,D,20090923,000000,3.8200000,3.8400000,3.6950000,3.7700000,1.429.700
20737_090101_130416,D,20090924,000000,3.7580000,3.7580000,3.5000000,3.6280000,1.633.200
20737_090101_130416,D,20090925,000000,3.6980000,3.9200000,3.5700000,3.8580000,1.147.900
20737_090101_130416,D,20090928,000000,3.8700000,3.8880000,3.7010000,3.7820000,1.158.500
20737_090101_130416,D,20090929,000000,3.8360000,4.4890000,3.7470000,3.9350000,3.860.200
20737_090101_130416,D,20090930,000000,3.9900000,4.1200000,3.9040000,3.9250000,893.400
20737_090101_130416,D,20091001,000000,3.9250000,3.9250000,3.7500000,3.8010000,581.000
20737_090101_130416,D,20091002,000000,3.7880000,4.0000000,3.6500000,3.8890000,1.484.300
20737_090101_130416,D,20091005,000000,3.9300000,3.9700000,3.8000000,3.8500000,1.503.400
20737_090101_130416,D,20091006,000000,3.8850000,3.9540000,3.8000000,3.8750000,1.255.400
20737_090101_130416,D,20091007,000000,3.9000000,3.9000000,3.7500000,3.8240000,791.600
20737_090101_130416,D,20091008,000000,3.8350000,3.9800000,3.8000000,3.9190000,2.109.700
20737_090101_130416,D,20091009,000000,3.9000000,4.0020000,3.8330000,3.9150000,438.400
20737_090101_130416,D,20091012,000000,3.9150000,3.9800000,3.8260000,3.9110000,914.000
20737_090101_130416,D,20091013,000000,3.9050000,3.9380000,3.8100000,3.9100000,1.083.700
20737_090101_130416,D,20091014,000000,3.8510000,3.9550000,3.8130000,3.8900000,600.300
20737_090101_130416,D,20091015,000000,3.9450000,3.9500000,3.8200000,3.8700000,999.200
20737_090101_130416,D,20091016,000000,3.9000000,3.9000000,3.7610000,3.8000000,291.600
20737_090101_130416,D,20091019,000000,3.8000000,3.8400000,3.7900000,3.8200000,1.009.200
20737_090101_130416,D,20091020,000000,3.8700000,3.8800000,3.7000000,3.7570000,469.500
20737_090101_130416,D,20091021,000000,3.7650000,3.7980000,3.6250000,3.6500000,354.100
20737_090101_130416,D,20091022,000000,3.6980000,3.6980000,3.4300000,3.5490000,2.292.200
20737_090101_130416,D,20091023,000000,3.6600000,3.7890000,3.5300000,3.6300000,560.600
20737_090101_130416,D,20091026,000000,3.5990000,3.6880000,3.5110000,3.5750000,472.600
20737_090101_130416,D,20091027,000000,3.6000000,3.6100000,3.3830000,3.4990000,671.400
20737_090101_130416,D,20091028,000000,3.5300000,3.5500000,3.1800000,3.2260000,366.300
20737_090101_130416,D,20091029,000000,3.2000000,3.3900000,3.0000000,3.3510000,888.500
20737_090101_130416,D,20091030,000000,3.3820000,3.4200000,3.2500000,3.3350000,382.800
20737_090101_130416,D,20091102,000000,3.3000000,3.3400000,3.0990000,3.2460000,572.800
20737_090101_130416,D,20091103,000000,3.2300000,3.2300000,3.0050000,3.0200000,1.337.500
20737_090101_130416,D,20091105,000000,2.9990000,3.5050000,2.9350000,3.0850000,4.316.100
20737_090101_130416,D,20091106,000000,3.1250000,3.2740000,2.9170000,3.0150000,1.088.100
20737_090101_130416,D,20091109,000000,3.0860000,3.2060000,3.0050000,3.1350000,1.055.400
20737_090101_130416,D,20091110,000000,3.1500000,3.1690000,3.0110000,3.1270000,1.259.600
20737_090101_130416,D,20091111,000000,3.1150000,3.1600000,3.0550000,3.0920000,216.600
20737_090101_130416,D,20091112,000000,3.0660000,3.1340000,3.0660000,3.1240000,200.400
20737_090101_130416,D,20091113,000000,3.1170000,3.1450000,3.0510000,3.0510000,154.500
20737_090101_130416,D,20091116,000000,3.1120000,3.1390000,3.0500000,3.1160000,987.100
20737_090101_130416,D,20091117,000000,3.1000000,3.1400000,3.1000000,3.1100000,433.400
20737_090101_130416,D,20091118,000000,3.1200000,3.1600000,3.0620000,3.1100000,892.600
20737_090101_130416,D,20091119,000000,3.1100000,3.1500000,3.0060000,3.0710000,530.700
20737_090101_130416,D,20091120,000000,3.0200000,3.0900000,3.0060000,3.0900000,196.100
20737_090101_130416,D,20091123,000000,3.0510000,3.1560000,3.0510000,3.0950000,335.600
20737_090101_130416,D,20091124,000000,3.1150000,3.1240000,3.0370000,3.0810000,132.800
20737_090101_130416,D,20091125,000000,3.0900000,3.0900000,2.9850000,2.9950000,395.300
20737_090101_130416,D,20091126,000000,2.9550000,3.0330000,2.8500000,2.9000000,687.700
20737_090101_130416,D,20091127,000000,2.8000000,2.9440000,2.5110000,2.9440000,490.200
20737_090101_130416,D,20091130,000000,3.0300000,3.0500000,2.8510000,2.9300000,202.800
20737_090101_130416,D,20091201,000000,2.9060000,2.9690000,2.8010000,2.9050000,335.500
20737_090101_130416,D,20091202,000000,2.8660000,2.9280000,2.8010000,2.8940000,463.500
20737_090101_130416,D,20091203,000000,2.9200000,2.9280000,2.8550000,2.9000000,62.700
20737_090101_130416,D,20091204,000000,2.8440000,2.9870000,2.7800000,2.8830000,266.400
20737_090101_130416,D,20091207,000000,2.9290000,2.9290000,2.7800000,2.8500000,34.200
20737_090101_130416,D,20091208,000000,2.8090000,2.8450000,2.7090000,2.8230000,457.500
20737_090101_130416,D,20091209,000000,2.7500000,2.8290000,2.7500000,2.8240000,128.600
20737_090101_130416,D,20091210,000000,2.7830000,2.8230000,2.7600000,2.7910000,103.100
20737_090101_130416,D,20091211,000000,2.8400000,2.9500000,2.7980000,2.8600000,300.900
20737_090101_130416,D,20091214,000000,2.8900000,3.2500000,2.8220000,3.0000000,3.412.800
20737_090101_130416,D,20091215,000000,2.9550000,3.0700000,2.9070000,2.9980000,904.300
20737_090101_130416,D,20091216,000000,3.0400000,3.1990000,2.9260000,3.1750000,1.335.300
20737_090101_130416,D,20091217,000000,3.1680000,3.1980000,3.0040000,3.0790000,613.700
20737_090101_130416,D,20091218,000000,3.0900000,3.1480000,2.9540000,3.0290000,700.200
20737_090101_130416,D,20091221,000000,3.0900000,3.0930000,3.0100000,3.0600000,924.600
20737_090101_130416,D,20091222,000000,3.0900000,3.1600000,2.9920000,3.0000000,571.000
20737_090101_130416,D,20091223,000000,3.0340000,3.0800000,2.8850000,2.9300000,801.400
20737_090101_130416,D,20091224,000000,2.9300000,2.9650000,2.8500000,2.9470000,343.400
20737_090101_130416,D,20091225,000000,2.9400000,2.9400000,2.8810000,2.9000000,87.800
20737_090101_130416,D,20091228,000000,2.9390000,2.9590000,2.8710000,2.9400000,462.100
20737_090101_130416,D,20091229,000000,2.9580000,2.9580000,2.8790000,2.9200000,186.700
20737_090101_130416,D,20091230,000000,2.8700000,2.9320000,2.8500000,2.8870000,334.300
20737_090101_130416,D,20091231,000000,2.8900000,2.9190000,2.8900000,2.9000000,78.900
20737_090101_130416,D,20100111,000000,2.9330000,2.9530000,2.9000000,2.9340000,99.600
20737_090101_130416,D,20100112,000000,2.9090000,2.9890000,2.8920000,2.9890000,91.900
20737_090101_130416,D,20100113,000000,2.9950000,3.0200000,2.8550000,2.9450000,592.100
20737_090101_130416,D,20100114,000000,2.9700000,2.9700000,2.8640000,2.9180000,381.300
20737_090101_130416,D,20100115,000000,2.9180000,2.9180000,2.8540000,2.8950000,175.500
20737_090101_130416,D,20100118,000000,2.8500000,2.9900000,2.8500000,2.9300000,851.700
20737_090101_130416,D,20100119,000000,2.9490000,2.9500000,2.8730000,2.9150000,78.900
20737_090101_130416,D,20100120,000000,2.8880000,3.1400000,2.8600000,2.9300000,1.555.400
20737_090101_130416,D,20100121,000000,2.9430000,2.9600000,2.8770000,2.8800000,174.500
20737_090101_130416,D,20100122,000000,2.8800000,2.9100000,2.8110000,2.8690000,663.100
20737_090101_130416,D,20100125,000000,2.8120000,2.9400000,2.7550000,2.8470000,693.400
20737_090101_130416,D,20100126,000000,2.8830000,2.8830000,2.8000000,2.8700000,366.500
20737_090101_130416,D,20100127,000000,2.8800000,2.8940000,2.8410000,2.8860000,102.900
20737_090101_130416,D,20100128,000000,2.9200000,2.9380000,2.8560000,2.8920000,453.200
20737_090101_130416,D,20100129,000000,2.8570000,2.9140000,2.8400000,2.8960000,206.100
20737_090101_130416,D,20100201,000000,2.9180000,2.9180000,2.8680000,2.8880000,80.600
20737_090101_130416,D,20100202,000000,2.8980000,2.8980000,2.8260000,2.8650000,417.400
20737_090101_130416,D,20100203,000000,2.8650000,2.9600000,2.8150000,2.9230000,1.155.700
20737_090101_130416,D,20100204,000000,2.9010000,2.9260000,2.8210000,2.8230000,210.300
20737_090101_130416,D,20100205,000000,2.8200000,2.8470000,2.6520000,2.7960000,1.138.400
20737_090101_130416,D,20100208,000000,2.8400000,2.8400000,2.7070000,2.7570000,346.800
20737_090101_130416,D,20100209,000000,2.7900000,2.7900000,2.5670000,2.6730000,465.900
20737_090101_130416,D,20100210,000000,2.6210000,2.6990000,2.5900000,2.6160000,115.900
20737_090101_130416,D,20100211,000000,2.6900000,2.7230000,2.6220000,2.7080000,175.200
20737_090101_130416,D,20100212,000000,2.7000000,2.7840000,2.6200000,2.6900000,267.700
20737_090101_130416,D,20100215,000000,2.7090000,2.7090000,2.5710000,2.6600000,106.600
20737_090101_130416,D,20100216,000000,2.6600000,2.6980000,2.6000000,2.6800000,136.500
20737_090101_130416,D,20100217,000000,2.6890000,2.6890000,2.6300000,2.6480000,114.100
20737_090101_130416,D,20100218,000000,2.6780000,2.6780000,2.5860000,2.6470000,82.800
20737_090101_130416,D,20100219,000000,2.6100000,2.6600000,2.5700000,2.6150000,234.600
20737_090101_130416,D,20100224,000000,2.6490000,2.6490000,2.5700000,2.6200000,131.500
20737_090101_130416,D,20100225,000000,2.6310000,2.6310000,2.5700000,2.5990000,186.200
20737_090101_130416,D,20100226,000000,2.6180000,2.6180000,2.5740000,2.5900000,63.500
20737_090101_130416,D,20100227,000000,2.5810000,2.6220000,2.5230000,2.6090000,278.900
20737_090101_130416,D,20100301,000000,2.6090000,2.6400000,2.5950000,2.6340000,52.000
20737_090101_130416,D,20100302,000000,2.5900000,2.6150000,2.5520000,2.6000000,92.600
20737_090101_130416,D,20100303,000000,2.5630000,2.6090000,2.5600000,2.5740000,795.700
20737_090101_130416,D,20100304,000000,2.5990000,2.7980000,2.5410000,2.7470000,2.558.000
20737_090101_130416,D,20100305,000000,2.7500000,2.8300000,2.6720000,2.7200000,923.000
20737_090101_130416,D,20100309,000000,2.7500000,2.8200000,2.7000000,2.7900000,654.900
20737_090101_130416,D,20100310,000000,2.8250000,3.5800000,2.7980000,3.2750000,8.796.100
20737_090101_130416,D,20100311,000000,3.2980000,3.3300000,2.9990000,3.0500000,3.210.200
20737_090101_130416,D,20100312,000000,3.0880000,3.3700000,3.0400000,3.1520000,2.144.600
20737_090101_130416,D,20100315,000000,3.1130000,3.5000000,3.1000000,3.2570000,2.835.200
20737_090101_130416,D,20100316,000000,3.2880000,3.3360000,3.2010000,3.2870000,247.900
20737_090101_130416,D,20100317,000000,3.2900000,3.3500000,3.1070000,3.2590000,904.100
20737_090101_130416,D,20100318,000000,3.1850000,3.2910000,3.1600000,3.2670000,342.200
20737_090101_130416,D,20100319,000000,3.2700000,3.2700000,3.1060000,3.2010000,477.900
20737_090101_130416,D,20100322,000000,3.1690000,3.3470000,3.0800000,3.2300000,1.088.100
20737_090101_130416,D,20100323,000000,3.2240000,3.2880000,3.1400000,3.1690000,460.100
20737_090101_130416,D,20100324,000000,3.2000000,3.2200000,3.0800000,3.1790000,785.000
20737_090101_130416,D,20100325,000000,3.1400000,3.2990000,3.1000000,3.1960000,926.800
20737_090101_130416,D,20100326,000000,3.2250000,3.2500000,3.1810000,3.2420000,114.000
20737_090101_130416,D,20100329,000000,3.2300000,3.2370000,3.1600000,3.1750000,1.042.900
20737_090101_130416,D,20100330,000000,3.1750000,3.2710000,3.1720000,3.2220000,868.000
20737_090101_130416,D,20100331,000000,3.2000000,3.2280000,3.1560000,3.2190000,538.000
20737_090101_130416,D,20100401,000000,3.2350000,3.2480000,3.1550000,3.2290000,762.800
20737_090101_130416,D,20100402,000000,3.2340000,3.2340000,3.0300000,3.1990000,656.400
20737_090101_130416,D,20100405,000000,3.1960000,3.2220000,3.1800000,3.2170000,486.200
20737_090101_130416,D,20100406,000000,3.2170000,3.2180000,3.1500000,3.2140000,475.200
20737_090101_130416,D,20100407,000000,3.2000000,3.2170000,3.1500000,3.1850000,862.800
20737_090101_130416,D,20100408,000000,3.1900000,3.1900000,3.1410000,3.1750000,99.900
20737_090101_130416,D,20100409,000000,3.1950000,3.2180000,3.1530000,3.1980000,1.040.700
20737_090101_130416,D,20100412,000000,3.2050000,3.5540000,3.1700000,3.4180000,2.154.400
20737_090101_130416,D,20100413,000000,3.4000000,3.4400000,3.2610000,3.3940000,781.400
20737_090101_130416,D,20100414,000000,3.4000000,3.4600000,3.3400000,3.3600000,297.800
20737_090101_130416,D,20100415,000000,3.3980000,3.4080000,3.1010000,3.2060000,2.235.300
20737_090101_130416,D,20100416,000000,3.1510000,3.1800000,2.9890000,3.0600000,1.565.700
20737_090101_130416,D,20100419,000000,3.0130000,3.0130000,2.8700000,2.9180000,369.100
20737_090101_130416,D,20100420,000000,2.9890000,3.0600000,2.9210000,2.9750000,454.700
20737_090101_130416,D,20100421,000000,3.0170000,3.0880000,2.9500000,3.0130000,321.000
20737_090101_130416,D,20100422,000000,3.0000000,3.0830000,2.9900000,3.0140000,575.600
20737_090101_130416,D,20100423,000000,3.0160000,3.0780000,2.9550000,3.0050000,528.000
20737_090101_130416,D,20100426,000000,3.0240000,3.0590000,2.9850000,3.0500000,294.400
20737_090101_130416,D,20100427,000000,3.0100000,3.0230000,2.9000000,2.9390000,373.200
20737_090101_130416,D,20100428,000000,2.9000000,2.9100000,2.8210000,2.8780000,155.500
20737_090101_130416,D,20100429,000000,2.8850000,3.0000000,2.8800000,2.9890000,1.368.200
20737_090101_130416,D,20100430,000000,3.0000000,3.1500000,2.9100000,3.0000000,1.204.100
20737_090101_130416,D,20100504,000000,3.0120000,3.0390000,2.8000000,2.8670000,482.500
20737_090101_130416,D,20100505,000000,2.8970000,2.8970000,2.7600000,2.8250000,333.900
20737_090101_130416,D,20100506,000000,2.7650000,2.8950000,2.7510000,2.8450000,225.200
20737_090101_130416,D,20100507,000000,2.7600000,2.7650000,2.7050000,2.7640000,128.800
20737_090101_130416,D,20100511,000000,2.7700000,2.8390000,2.6500000,2.7000000,242.400
20737_090101_130416,D,20100512,000000,2.7300000,2.8500000,2.7000000,2.7650000,214.100
20737_090101_130416,D,20100513,000000,2.7960000,2.8880000,2.7610000,2.8170000,282.000
20737_090101_130416,D,20100514,000000,2.8420000,2.8420000,2.6000000,2.6750000,464.800
20737_090101_130416,D,20100517,000000,2.6050000,2.6250000,2.5000000,2.5970000,650.700
20737_090101_130416,D,20100518,000000,2.6340000,2.7400000,2.6010000,2.6180000,123.100
20737_090101_130416,D,20100519,000000,2.6100000,2.9490000,2.5000000,2.7360000,1.761.600
20737_090101_130416,D,20100520,000000,2.7460000,2.7900000,2.6040000,2.6040000,133.600
20737_090101_130416,D,20100521,000000,2.5550000,2.6500000,2.5000000,2.5520000,298.700
20737_090101_130416,D,20100524,000000,2.6810000,2.6810000,2.5800000,2.6500000,91.400
20737_090101_130416,D,20100525,000000,2.7000000,2.7000000,2.5250000,2.6890000,142.800
20737_090101_130416,D,20100526,000000,2.7300000,2.7950000,2.6550000,2.7900000,113.400
20737_090101_130416,D,20100527,000000,2.7900000,2.8080000,2.7200000,2.8020000,49.700
20737_090101_130416,D,20100528,000000,2.8200000,2.8250000,2.6800000,2.7680000,65.500
20737_090101_130416,D,20100531,000000,2.7700000,2.7900000,2.7000000,2.7900000,104.500
20737_090101_130416,D,20100601,000000,2.7550000,2.7890000,2.6680000,2.6750000,46.200
20737_090101_130416,D,20100602,000000,2.7700000,2.7700000,2.7000000,2.7500000,118.000
20737_090101_130416,D,20100603,000000,2.7950000,2.7950000,2.6600000,2.7000000,56.200
20737_090101_130416,D,20100604,000000,2.7000000,2.7900000,2.6620000,2.7000000,88.900
20737_090101_130416,D,20100607,000000,2.6210000,2.7470000,2.5100000,2.6500000,79.100
20737_090101_130416,D,20100608,000000,2.6500000,2.6900000,2.6000000,2.6000000,48.400
20737_090101_130416,D,20100609,000000,2.6410000,2.6450000,2.5550000,2.6250000,69.900
20737_090101_130416,D,20100610,000000,2.6370000,2.6880000,2.5940000,2.6550000,37.900
20737_090101_130416,D,20100611,000000,2.6520000,2.7000000,2.5800000,2.6490000,135.900
20737_090101_130416,D,20100615,000000,2.6500000,2.7280000,2.6500000,2.7100000,201.800
20737_090101_130416,D,20100616,000000,2.7450000,2.7450000,2.6000000,2.6440000,210.100
20737_090101_130416,D,20100617,000000,2.6570000,2.6870000,2.6350000,2.6500000,6.000
20737_090101_130416,D,20100618,000000,2.6840000,2.7400000,2.6000000,2.6480000,106.500
20737_090101_130416,D,20100621,000000,2.6600000,2.6950000,2.5750000,2.6360000,56.800
20737_090101_130416,D,20100622,000000,2.6400000,2.6500000,2.5940000,2.6400000,42.900
20737_090101_130416,D,20100623,000000,2.6320000,2.6900000,2.6190000,2.6500000,145.600
20737_090101_130416,D,20100624,000000,2.6200000,2.6200000,2.4910000,2.5690000,914.200
20737_090101_130416,D,20100625,000000,2.5660000,2.5660000,2.4620000,2.5180000,533.000
20737_090101_130416,D,20100628,000000,2.5300000,2.5950000,2.5000000,2.5450000,304.200
20737_090101_130416,D,20100629,000000,2.5250000,2.5250000,2.4420000,2.4490000,234.500
20737_090101_130416,D,20100630,000000,2.4510000,2.4510000,2.2610000,2.3640000,219.300
20737_090101_130416,D,20100701,000000,2.3560000,2.3560000,2.2550000,2.2900000,150.800
20737_090101_130416,D,20100702,000000,2.3300000,2.3300000,2.1720000,2.2850000,71.200
20737_090101_130416,D,20100705,000000,2.2870000,2.2890000,2.0660000,2.2700000,201.600
20737_090101_130416,D,20100706,000000,2.2700000,2.3390000,2.2700000,2.3390000,134.300
20737_090101_130416,D,20100707,000000,2.3000000,2.3200000,2.2700000,2.2900000,111.100
20737_090101_130416,D,20100708,000000,2.3330000,2.3390000,2.2800000,2.3300000,202.800
20737_090101_130416,D,20100709,000000,2.3360000,2.3620000,2.3210000,2.3210000,144.800
20737_090101_130416,D,20100712,000000,2.3550000,2.3830000,2.2900000,2.3380000,282.200
20737_090101_130416,D,20100713,000000,2.3030000,2.3600000,2.2600000,2.3580000,326.500
20737_090101_130416,D,20100714,000000,2.3750000,2.3890000,2.3150000,2.3510000,72.100
20737_090101_130416,D,20100715,000000,2.3330000,2.8200000,2.1770000,2.4950000,6.859.900
20737_090101_130416,D,20100716,000000,2.3300000,2.5500000,2.3300000,2.4900000,738.300
20737_090101_130416,D,20100719,000000,2.5000000,2.5750000,2.3370000,2.3870000,347.500
20737_090101_130416,D,20100720,000000,2.3660000,2.5330000,2.3230000,2.3500000,1.781.600
20737_090101_130416,D,20100721,000000,2.3710000,2.4650000,2.2150000,2.4060000,1.149.700
20737_090101_130416,D,20100722,000000,2.4030000,2.4600000,2.3360000,2.4440000,207.000
20737_090101_130416,D,20100723,000000,2.4500000,2.4700000,2.3820000,2.4520000,158.000
20737_090101_130416,D,20100726,000000,2.4300000,2.4700000,2.3910000,2.4610000,33.500
20737_090101_130416,D,20100727,000000,2.4200000,2.4600000,2.3840000,2.4470000,58.000
20737_090101_130416,D,20100728,000000,2.4600000,2.4640000,2.3740000,2.3900000,947.800
20737_090101_130416,D,20100729,000000,2.4200000,2.5000000,2.3940000,2.4640000,535.100
20737_090101_130416,D,20100730,000000,2.4500000,2.4500000,2.3500000,2.3700000,336.600
20737_090101_130416,D,20100802,000000,2.3730000,2.4000000,2.3100000,2.3990000,599.500
20737_090101_130416,D,20100803,000000,2.4210000,2.4400000,2.3090000,2.3790000,2.537.800
20737_090101_130416,D,20100804,000000,2.3510000,2.6290000,2.3490000,2.5680000,6.966.100
20737_090101_130416,D,20100805,000000,2.5790000,2.7700000,2.4500000,2.5020000,4.011.700
20737_090101_130416,D,20100806,000000,2.5040000,2.5300000,2.4300000,2.4720000,788.000
20737_090101_130416,D,20100809,000000,2.4820000,2.4990000,2.4600000,2.4930000,416.700
20737_090101_130416,D,20100810,000000,2.4580000,2.5250000,2.3900000,2.5000000,1.438.800
20737_090101_130416,D,20100811,000000,2.4700000,2.5650000,2.4580000,2.5580000,1.044.200
20737_090101_130416,D,20100812,000000,2.5590000,2.6500000,2.4840000,2.6390000,2.409.600
20737_090101_130416,D,20100813,000000,2.5900000,2.7500000,2.5900000,2.7400000,1.157.700
20737_090101_130416,D,20100816,000000,2.7490000,2.8900000,2.7400000,2.8300000,1.747.800
20737_090101_130416,D,20100817,000000,2.7900000,3.0290000,2.7900000,2.9150000,1.994.600
20737_090101_130416,D,20100818,000000,2.9390000,3.1000000,2.8200000,3.0290000,1.255.400
20737_090101_130416,D,20100819,000000,3.0290000,3.1800000,3.0200000,3.0790000,1.675.700
20737_090101_130416,D,20100820,000000,3.1380000,3.1380000,2.8700000,2.9780000,1.651.200
20737_090101_130416,D,20100823,000000,2.9900000,3.5790000,2.9500000,3.5750000,9.278.500
20737_090101_130416,D,20100824,000000,3.5500000,3.9000000,3.4120000,3.4990000,7.879.700
20737_090101_130416,D,20100825,000000,3.4990000,3.5770000,3.0900000,3.2790000,5.743.100
20737_090101_130416,D,20100826,000000,3.2540000,3.3920000,3.1510000,3.3310000,1.869.900
20737_090101_130416,D,20100827,000000,3.3200000,3.4290000,3.3000000,3.3180000,593.800
20737_090101_130416,D,20100830,000000,3.3180000,3.3950000,3.1440000,3.2700000,1.418.200
20737_090101_130416,D,20100831,000000,3.2670000,3.2670000,3.0730000,3.1260000,1.010.900
20737_090101_130416,D,20100901,000000,3.1060000,3.1840000,2.9650000,3.1090000,1.467.200
20737_090101_130416,D,20100902,000000,3.1300000,3.1500000,3.0100000,3.0820000,601.700
20737_090101_130416,D,20100903,000000,3.0890000,3.0890000,2.9600000,3.0100000,750.400
20737_090101_130416,D,20100906,000000,3.0220000,3.3800000,3.0010000,3.1490000,4.108.900
20737_090101_130416,D,20100907,000000,3.1210000,3.1760000,3.0530000,3.1200000,753.400
20737_090101_130416,D,20100908,000000,3.1380000,3.1380000,3.0300000,3.0850000,808.300
20737_090101_130416,D,20100909,000000,3.1000000,3.2600000,3.0400000,3.1180000,2.666.900
20737_090101_130416,D,20100910,000000,3.1370000,3.1390000,3.1000000,3.1290000,341.100
20737_090101_130416,D,20100913,000000,3.1370000,3.1500000,3.0710000,3.1230000,240.200
20737_090101_130416,D,20100914,000000,3.1280000,3.1990000,3.0010000,3.1190000,1.098.100
20737_090101_130416,D,20100915,000000,3.0980000,3.1370000,3.0600000,3.0890000,199.400
20737_090101_130416,D,20100916,000000,3.0860000,3.4580000,3.0860000,3.1540000,6.040.800
20737_090101_130416,D,20100917,000000,3.1890000,3.2850000,3.0720000,3.1260000,1.608.100
20737_090101_130416,D,20100920,000000,3.1290000,3.1500000,2.9200000,2.9760000,817.800
20737_090101_130416,D,20100921,000000,2.9900000,3.1390000,2.9900000,3.0690000,974.100
20737_090101_130416,D,20100922,000000,3.0650000,3.1080000,3.0100000,3.0450000,533.200
20737_090101_130416,D,20100923,000000,3.0460000,3.0650000,3.0030000,3.0450000,184.100
20737_090101_130416,D,20100924,000000,3.0460000,3.1850000,2.9990000,3.0680000,1.482.500
20737_090101_130416,D,20100927,000000,3.0510000,3.0780000,2.9800000,3.0460000,829.000
20737_090101_130416,D,20100928,000000,3.0400000,3.0590000,2.9600000,3.0330000,307.700
20737_090101_130416,D,20100929,000000,3.0340000,3.2700000,2.9820000,3.2260000,2.264.500
20737_090101_130416,D,20100930,000000,3.2100000,3.4000000,3.1500000,3.2850000,3.566.000
20737_090101_130416,D,20101001,000000,3.2930000,3.3800000,3.0540000,3.1000000,5.250.000
20737_090101_130416,D,20101004,000000,3.1000000,3.1180000,3.0710000,3.1110000,146.300
20737_090101_130416,D,20101005,000000,3.1180000,3.1540000,3.0520000,3.1210000,409.600
20737_090101_130416,D,20101006,000000,3.1210000,3.1300000,3.0620000,3.1130000,194.900
20737_090101_130416,D,20101007,000000,3.1180000,3.1190000,3.0650000,3.1050000,91.200
20737_090101_130416,D,20101008,000000,3.1060000,3.1160000,3.0320000,3.0640000,225.800
20737_090101_130416,D,20101011,000000,3.0700000,3.0920000,3.0480000,3.0890000,179.500
20737_090101_130416,D,20101012,000000,3.0700000,3.0890000,2.9800000,3.0370000,530.300
20737_090101_130416,D,20101013,000000,3.0220000,3.0690000,3.0000000,3.0690000,281.000
20737_090101_130416,D,20101014,000000,3.0700000,3.0770000,2.9910000,3.0440000,659.400
20737_090101_130416,D,20101015,000000,3.0340000,3.0450000,2.9800000,3.0000000,1.120.500
20737_090101_130416,D,20101018,000000,2.9840000,3.1000000,2.9120000,2.9950000,4.678.200
20737_090101_130416,D,20101019,000000,2.9760000,2.9990000,2.8420000,2.9120000,2.199.400
20737_090101_130416,D,20101020,000000,2.9200000,2.9800000,2.8110000,2.9730000,2.125.200
20737_090101_130416,D,20101021,000000,2.9700000,3.0480000,2.9540000,3.0340000,2.395.000
20737_090101_130416,D,20101022,000000,3.0380000,3.1200000,3.0000000,3.0800000,2.036.000
20737_090101_130416,D,20101025,000000,3.0990000,3.2300000,3.0810000,3.1900000,2.977.900
20737_090101_130416,D,20101026,000000,3.1920000,3.2980000,3.1900000,3.2700000,2.334.300
20737_090101_130416,D,20101027,000000,3.2780000,3.3990000,2.9900000,3.0250000,12.437.000
20737_090101_130416,D,20101028,000000,3.0380000,3.0470000,3.0000000,3.0200000,283.200
20737_090101_130416,D,20101029,000000,3.0220000,3.0440000,2.9990000,3.0350000,467.400
20737_090101_130416,D,20101101,000000,3.0460000,3.0720000,3.0000000,3.0320000,653.700
20737_090101_130416,D,20101102,000000,3.0340000,3.0500000,3.0100000,3.0330000,53.900
20737_090101_130416,D,20101103,000000,3.0340000,3.0790000,3.0000000,3.0440000,225.800
20737_090101_130416,D,20101108,000000,3.0120000,3.0490000,2.9610000,3.0070000,713.700
20737_090101_130416,D,20101109,000000,3.0100000,3.0300000,2.9720000,3.0070000,535.100
20737_090101_130416,D,20101110,000000,3.0060000,3.0100000,2.9160000,2.9190000,1.184.000
20737_090101_130416,D,20101111,000000,2.9410000,2.9990000,2.9100000,2.9470000,1.077.600
20737_090101_130416,D,20101112,000000,2.9310000,2.9560000,2.9050000,2.9380000,220.700
20737_090101_130416,D,20101113,000000,2.9410000,2.9800000,2.9100000,2.9500000,490.600
20737_090101_130416,D,20101115,000000,2.9530000,2.9700000,2.9050000,2.9390000,511.800
20737_090101_130416,D,20101116,000000,2.9410000,2.9520000,2.8500000,2.9150000,2.891.300
20737_090101_130416,D,20101117,000000,2.9150000,2.9490000,2.8970000,2.9460000,346.900
20737_090101_130416,D,20101118,000000,2.9490000,3.0380000,2.9200000,2.9600000,714.900
20737_090101_130416,D,20101119,000000,2.9640000,3.0350000,2.9000000,2.9500000,881.200
20737_090101_130416,D,20101122,000000,2.9530000,3.0200000,2.9400000,2.9870000,492.900
20737_090101_130416,D,20101123,000000,2.9890000,3.0500000,2.9330000,2.9860000,246.500
20737_090101_130416,D,20101124,000000,2.9870000,3.0600000,2.8800000,2.9980000,2.682.600
20737_090101_130416,D,20101125,000000,2.9760000,3.0400000,2.9610000,2.9980000,992.000
20737_090101_130416,D,20101126,000000,2.9870000,3.1180000,2.9510000,3.0030000,4.616.900
20737_090101_130416,D,20101129,000000,3.0020000,3.0700000,3.0000000,3.0000000,2.834.500
20737_090101_130416,D,20101130,000000,3.0000000,3.0290000,2.9210000,2.9770000,996.700
20737_090101_130416,D,20101201,000000,2.9870000,2.9900000,2.8800000,2.9340000,2.605.900
20737_090101_130416,D,20101202,000000,2.9400000,2.9400000,2.8500000,2.9000000,1.592.300
20737_090101_130416,D,20101203,000000,2.9020000,2.9170000,2.8750000,2.9130000,1.067.600
20737_090101_130416,D,20101206,000000,2.9010000,2.9280000,2.8810000,2.9120000,1.611.400
20737_090101_130416,D,20101207,000000,2.9200000,2.9950000,2.9150000,2.9900000,2.136.800
20737_090101_130416,D,20101208,000000,2.9410000,2.9980000,2.9410000,2.9860000,320.000
20737_090101_130416,D,20101209,000000,2.9640000,3.0000000,2.9590000,2.9970000,309.500
20737_090101_130416,D,20101210,000000,2.9970000,3.4770000,2.9610000,3.2040000,13.978.900
20737_090101_130416,D,20101213,000000,3.2040000,3.2300000,3.0810000,3.1300000,1.725.000
20737_090101_130416,D,20101214,000000,3.1300000,3.1400000,3.0500000,3.1280000,1.090.200
20737_090101_130416,D,20101215,000000,3.1060000,3.1380000,3.0330000,3.0850000,1.001.900
20737_090101_130416,D,20101216,000000,3.0940000,3.1200000,3.0440000,3.0850000,830.600
20737_090101_130416,D,20101217,000000,3.0860000,3.1010000,3.0300000,3.0670000,729.000
20737_090101_130416,D,20101220,000000,3.0700000,3.0860000,2.9990000,3.0350000,458.000
20737_090101_130416,D,20101221,000000,3.0340000,3.1870000,3.0100000,3.0940000,2.110.400
20737_090101_130416,D,20101222,000000,3.1100000,3.1440000,3.0560000,3.1040000,854.900
20737_090101_130416,D,20101223,000000,3.0820000,3.1100000,3.0260000,3.0600000,567.000
20737_090101_130416,D,20101224,000000,3.0580000,3.0870000,3.0070000,3.0330000,453.100
20737_090101_130416,D,20101227,000000,3.0340000,3.0880000,3.0150000,3.0490000,446.800
20737_090101_130416,D,20101228,000000,3.0580000,3.0800000,3.0000000,3.0140000,741.100
20737_090101_130416,D,20101229,000000,3.0600000,3.0600000,2.9840000,3.0050000,310.400
20737_090101_130416,D,20101230,000000,3.0220000,3.0380000,2.9600000,3.0270000,601.600
20737_090101_130416,D,20110111,000000,3.0460000,3.0700000,3.0000000,3.0360000,283.000
20737_090101_130416,D,20110112,000000,3.0400000,3.0500000,2.9970000,3.0200000,788.900
20737_090101_130416,D,20110113,000000,3.0220000,3.2700000,3.0130000,3.0450000,3.792.000
20737_090101_130416,D,20110114,000000,3.0700000,3.1040000,3.0150000,3.0270000,1.715.100
20737_090101_130416,D,20110117,000000,3.0340000,3.0570000,3.0100000,3.0280000,614.500
20737_090101_130416,D,20110118,000000,3.0340000,3.0530000,3.0140000,3.0280000,231.000
20737_090101_130416,D,20110119,000000,3.0340000,3.0470000,3.0000000,3.0130000,376.600
20737_090101_130416,D,20110120,000000,3.0220000,3.0840000,2.9400000,3.0270000,1.758.300
20737_090101_130416,D,20110121,000000,3.0110000,3.0590000,3.0020000,3.0340000,333.900
20737_090101_130416,D,20110124,000000,3.0220000,3.0500000,3.0000000,3.0280000,497.700
20737_090101_130416,D,20110125,000000,3.0400000,3.0600000,2.9900000,3.0170000,709.600
20737_090101_130416,D,20110126,000000,3.0170000,3.0180000,2.9990000,3.0140000,391.100
20737_090101_130416,D,20110127,000000,3.0020000,3.0210000,2.9640000,3.0100000,637.300
20737_090101_130416,D,20110128,000000,3.0000000,3.0000000,2.9330000,2.9640000,281.400
20737_090101_130416,D,20110131,000000,2.9410000,2.9970000,2.9230000,2.9310000,530.500
20737_090101_130416,D,20110201,000000,2.9370000,3.0100000,2.8960000,2.9630000,2.243.600
20737_090101_130416,D,20110202,000000,2.9400000,2.9880000,2.9210000,2.9490000,114.300
20737_090101_130416,D,20110203,000000,2.9410000,2.9800000,2.8960000,2.9190000,586.300
20737_090101_130416,D,20110204,000000,2.9070000,2.9370000,2.8800000,2.8990000,353.700
20737_090101_130416,D,20110207,000000,2.9000000,3.1200000,2.8600000,3.0210000,2.253.200
20737_090101_130416,D,20110208,000000,3.0110000,4.2060000,2.9530000,4.2060000,35.367.700
20737_090101_130416,D,20110209,000000,4.9940000,5.8880000,4.7550000,5.8880000,61.980.900
20737_090101_130416,D,20110210,000000,6.2500000,6.3780000,4.4500000,4.6190000,40.956.400
20737_090101_130416,D,20110211,000000,4.6190000,4.7780000,4.1620000,4.2690000,25.986.700
20737_090101_130416,D,20110214,000000,4.3200000,4.6900000,3.9690000,4.0250000,15.078.100
20737_090101_130416,D,20110215,000000,4.0500000,4.1930000,3.8670000,3.9170000,8.200.000
20737_090101_130416,D,20110216,000000,3.9400000,5.4500000,3.9400000,5.0870000,101.472.100
20737_090101_130416,D,20110217,000000,5.1500000,5.1990000,4.5300000,4.5500000,24.840.300
20737_090101_130416,D,20110218,000000,4.5500000,4.9000000,4.1800000,4.4580000,32.249.500
20737_090101_130416,D,20110221,000000,4.4460000,4.7220000,4.3510000,4.5000000,8.902.500
20737_090101_130416,D,20110222,000000,4.4700000,4.5170000,4.2600000,4.3550000,3.211.100
20737_090101_130416,D,20110224,000000,4.3080000,4.3550000,4.0700000,4.1790000,5.193.300
20737_090101_130416,D,20110225,000000,4.1500000,4.6740000,4.0250000,4.3380000,15.426.500
20737_090101_130416,D,20110228,000000,4.3900000,4.5490000,4.2600000,4.3430000,6.328.200
20737_090101_130416,D,20110301,000000,4.4200000,4.5600000,4.2840000,4.4686000,4.624.000
20737_090101_130416,D,20110302,000000,4.5300000,4.7100000,4.4315000,4.5100000,5.910.000
20737_090101_130416,D,20110303,000000,4.5499000,4.6900000,4.4700000,4.5299000,3.459.000
20737_090101_130416,D,20110304,000000,4.5299000,4.6280000,4.4325000,4.5000000,1.778.000
20737_090101_130416,D,20110305,000000,4.5200000,4.5787000,4.4565000,4.5245000,490.000
20737_090101_130416,D,20110309,000000,4.5470000,4.5500000,4.3700000,4.4001000,1.954.000
20737_090101_130416,D,20110310,000000,4.4208000,4.6200000,4.3100000,4.3513000,2.469.000
20737_090101_130416,D,20110311,000000,4.3500000,4.4100000,4.1604000,4.2850000,1.471.000
20737_090101_130416,D,20110314,000000,4.2014000,4.3300000,4.1200000,4.2311000,2.117.000
20737_090101_130416,D,20110315,000000,4.1501000,4.1501000,3.8000000,3.9549000,3.779.000
20737_090101_130416,D,20110316,000000,4.0003000,4.0899000,3.9200000,3.9400000,1.108.000
20737_090101_130416,D,20110317,000000,3.9300000,4.2500000,3.8800000,4.1898000,1.753.000
20737_090101_130416,D,20110318,000000,4.2000000,4.3699000,4.0703000,4.1490000,2.541.000
20737_090101_130416,D,20110321,000000,4.1600000,4.2095000,4.0400000,4.0912000,1.151.000
20737_090101_130416,D,20110322,000000,4.0502000,4.0687000,4.0000000,4.0310000,577.000
20737_090101_130416,D,20110323,000000,4.0671000,4.2599000,3.9700000,4.1300000,2.816.000
20737_090101_130416,D,20110324,000000,4.1400000,4.3690000,4.1000000,4.3639000,5.566.000
20737_090101_130416,D,20110325,000000,4.3500000,4.4600000,4.3200000,4.3672000,2.733.000
20737_090101_130416,D,20110328,000000,4.3301000,4.4800000,4.2200000,4.3550000,1.558.000
20737_090101_130416,D,20110329,000000,4.3994000,4.4800000,4.3000000,4.3984000,1.491.000
20737_090101_130416,D,20110330,000000,4.4107000,4.4796000,4.3200000,4.4010000,2.171.000
20737_090101_130416,D,20110331,000000,4.4111000,4.4495000,4.3110000,4.3554000,1.436.000
20737_090101_130416,D,20110401,000000,4.3599000,4.4090000,4.3110000,4.4075000,922.000
20737_090101_130416,D,20110404,000000,4.4100000,4.4478000,4.3200000,4.3200000,819.000
20737_090101_130416,D,20110405,000000,4.4100000,4.4200000,4.2300000,4.3911000,1.344.000
20737_090101_130416,D,20110406,000000,4.3771000,4.4400000,4.2800000,4.3887000,1.027.000
20737_090101_130416,D,20110407,000000,4.3500000,4.3838000,4.3002000,4.3538000,503.000
20737_090101_130416,D,20110408,000000,4.3799000,4.4000000,4.2508000,4.3446000,652.000
20737_090101_130416,D,20110411,000000,4.3637000,5.2000000,4.2801000,4.7321000,12.048.000
20737_090101_130416,D,20110412,000000,4.7000000,5.3600000,4.5605000,5.0999000,14.920.000
20737_090101_130416,D,20110413,000000,5.2000000,5.7000000,5.0200000,5.2094000,13.287.000
20737_090101_130416,D,20110414,000000,5.2392000,5.2392000,4.5211000,4.7800000,5.974.000
20737_090101_130416,D,20110415,000000,4.7871000,5.0500000,4.7202000,4.7598000,1.733.000
20737_090101_130416,D,20110418,000000,4.8200000,4.8217000,4.3410000,4.3698000,2.035.000
20737_090101_130416,D,20110419,000000,4.4010000,4.6000000,4.3888000,4.5199000,1.746.000
20737_090101_130416,D,20110420,000000,4.5378000,4.5900000,4.3600000,4.4200000,1.464.000
20737_090101_130416,D,20110421,000000,4.4900000,4.7500000,4.3900000,4.4330000,2.034.000
20737_090101_130416,D,20110422,000000,4.4330000,4.4799000,4.4102000,4.4677000,375.000
20737_090101_130416,D,20110425,000000,4.4301000,4.7300000,4.4105000,4.6496000,1.516.000
20737_090101_130416,D,20110426,000000,4.6700000,4.7500000,4.5000000,4.5550000,2.184.000
20737_090101_130416,D,20110427,000000,4.5304000,4.5531000,4.4500000,4.4500000,350.000
20737_090101_130416,D,20110428,000000,4.5119000,4.5119000,4.3002000,4.3884000,502.000
20737_090101_130416,D,20110429,000000,4.3002000,4.3002000,4.1701000,4.3000000,1.760.000
20737_090101_130416,D,20110503,000000,4.3001000,4.6400000,4.2110000,4.2699000,2.141.000
20737_090101_130416,D,20110504,000000,4.2439000,4.3500000,4.1900000,4.2337000,628.000
20737_090101_130416,D,20110505,000000,4.2400000,4.2601000,3.9500000,4.0600000,1.838.000
20737_090101_130416,D,20110506,000000,4.0040000,4.1599000,3.9701000,4.1189000,1.754.000
20737_090101_130416,D,20110510,000000,4.0704000,4.1750000,4.0700000,4.1135000,593.000
20737_090101_130416,D,20110511,000000,4.0800000,4.1429000,3.9701000,4.0281000,509.000
20737_090101_130416,D,20110512,000000,4.0046000,4.0500000,3.9500000,4.0290000,709.000
20737_090101_130416,D,20110513,000000,4.0300000,4.2200000,3.9519000,4.0799000,1.825.000
20737_090101_130416,D,20110516,000000,4.0301000,4.0900000,3.9850000,4.0296000,1.114.000
20737_090101_130416,D,20110517,000000,4.0500000,4.0800000,3.8500000,3.8999000,1.681.000
20737_090101_130416,D,20110518,000000,3.9600000,4.2680000,3.8729000,4.0149000,3.197.000
20737_090101_130416,D,20110519,000000,4.0250000,4.1200000,3.9510000,4.0077000,1.338.000
20737_090101_130416,D,20110520,000000,3.9996000,4.0244000,3.8591000,3.9000000,1.282.000
20737_090101_130416,D,20110523,000000,3.8500000,4.0290000,3.6306000,3.6809000,2.755.000
20737_090101_130416,D,20110524,000000,3.7071000,3.7880000,3.6450000,3.7797000,1.436.000
20737_090101_130416,D,20110525,000000,3.7198000,3.7799000,3.6525000,3.7208000,834.000
20737_090101_130416,D,20110526,000000,3.7501000,3.8200000,3.6800000,3.7064000,932.000
20737_090101_130416,D,20110527,000000,3.7337000,3.9000000,3.6820000,3.8086000,2.182.000
20737_090101_130416,D,20110530,000000,3.7500000,3.8197000,3.7000000,3.7000000,990.000
20737_090101_130416,D,20110531,000000,3.7230000,3.7530000,3.7121000,3.7378000,430.000
20737_090101_130416,D,20110601,000000,3.7001000,3.7664000,3.7000000,3.7500000,826.000
20737_090101_130416,D,20110602,000000,3.7000000,3.7500000,3.7000000,3.7389000,234.000
20737_090101_130416,D,20110603,000000,3.7440000,3.7800000,3.4320000,3.6669000,1.434.000
20737_090101_130416,D,20110606,000000,3.6499000,3.7300000,3.6499000,3.7148000,347.000
20737_090101_130416,D,20110607,000000,3.7242000,3.7259000,3.6500000,3.6942000,548.000
20737_090101_130416,D,20110608,000000,3.6593000,3.6627000,3.5700000,3.5728000,918.000
20737_090101_130416,D,20110609,000000,3.5980000,3.6500000,3.5300000,3.6490000,593.000
20737_090101_130416,D,20110610,000000,3.5745000,3.6800000,3.5745000,3.6445000,569.000
20737_090101_130416,D,20110614,000000,3.5825000,3.6518000,3.5810000,3.6345000,209.000
20737_090101_130416,D,20110615,000000,3.6390000,3.6395000,3.5790000,3.5998000,235.000
20737_090101_130416,D,20110616,000000,3.6100000,3.6300000,3.5213000,3.5619000,664.000
20737_090101_130416,D,20110617,000000,3.5800000,3.5998000,3.3516000,3.4700000,1.058.000
20737_090101_130416,D,20110620,000000,3.4001000,3.4398000,3.1800000,3.2696000,2.733.000
20737_090101_130416,D,20110621,000000,3.2500000,3.2900000,3.1830000,3.2273000,1.034.000
20737_090101_130416,D,20110622,000000,3.2270000,3.5400000,3.2270000,3.4000000,4.831.000
20737_090101_130416,D,20110623,000000,3.4399000,3.4500000,3.2501000,3.2610000,1.554.000
20737_090101_130416,D,20110624,000000,3.3052000,3.3700000,3.2607000,3.3398000,617.000
20737_090101_130416,D,20110627,000000,3.2900000,3.3700000,3.2714000,3.3232000,385.000
20737_090101_130416,D,20110628,000000,3.3008000,3.3300000,3.1900000,3.3237000,403.000
20737_090101_130416,D,20110629,000000,3.3237000,3.3367000,3.2707000,3.3000000,461.000
20737_090101_130416,D,20110630,000000,3.3400000,3.3400000,3.2400000,3.3000000,142.000
20737_090101_130416,D,20110701,000000,3.3100000,3.3294000,3.2000000,3.3294000,703.000
20737_090101_130416,D,20110704,000000,3.3190000,3.3500000,3.2850000,3.3458000,364.000
20737_090101_130416,D,20110705,000000,3.3358000,3.3950000,3.3088000,3.3545000,507.000
20737_090101_130416,D,20110706,000000,3.3550000,3.3737000,3.2900000,3.3223000,303.000
20737_090101_130416,D,20110707,000000,3.3389000,3.3570000,3.3011000,3.3555000,193.000
20737_090101_130416,D,20110708,000000,3.3555000,3.3699000,3.2900000,3.3246000,444.000
20737_090101_130416,D,20110711,000000,3.3290000,3.3600000,3.2230000,3.3148000,920.000
20737_090101_130416,D,20110712,000000,3.3155000,3.3198000,3.2750000,3.3165000,137.000
20737_090101_130416,D,20110713,000000,3.3198000,3.4400000,3.2667000,3.3400000,1.454.000
20737_090101_130416,D,20110714,000000,3.3400000,3.3495000,3.3001000,3.3439000,122.000
20737_090101_130416,D,20110715,000000,3.3367000,3.3537000,3.3000000,3.3416000,413.000
20737_090101_130416,D,20110718,000000,3.3499000,3.3500000,3.2700000,3.2939000,453.000
20737_090101_130416,D,20110719,000000,3.3018000,3.3090000,3.2600000,3.2785000,397.000
20737_090101_130416,D,20110720,000000,3.2556000,3.3171000,3.2011000,3.2800000,520.000
20737_090101_130416,D,20110721,000000,3.2800000,3.2950000,3.2201000,3.2744000,814.000
20737_090101_130416,D,20110722,000000,3.2900000,3.2949000,3.2056000,3.2366000,1.286.000
20737_090101_130416,D,20110725,000000,3.2173000,3.2370000,3.2004000,3.2274000,427.000
20737_090101_130416,D,20110726,000000,3.2300000,3.2346000,3.1600000,3.1990000,718.000
20737_090101_130416,D,20110727,000000,3.2114000,3.2114000,3.1550000,3.1949000,546.000
20737_090101_130416,D,20110728,000000,3.2096000,3.2096000,3.1200000,3.1985000,714.000
20737_090101_130416,D,20110729,000000,3.1506000,3.1900000,3.1300000,3.1789000,346.000
20737_090101_130416,D,20110801,000000,3.2023000,3.2100000,3.1700000,3.1996000,637.000
20737_090101_130416,D,20110802,000000,3.1799000,3.1900000,3.1543000,3.1776000,144.000
20737_090101_130416,D,20110803,000000,3.1330000,3.8300000,3.1330000,3.4000000,13.254.000
20737_090101_130416,D,20110804,000000,3.4600000,3.5700000,3.1600000,3.1879000,4.358.000
20737_090101_130416,D,20110805,000000,3.1000000,3.1000000,2.6081000,2.9949000,3.007.000
20737_090101_130416,D,20110808,000000,2.7401000,2.9199000,2.5900000,2.6895000,2.735.000
20737_090101_130416,D,20110809,000000,2.4400000,2.6800000,2.3600000,2.6000000,1.627.000
20737_090101_130416,D,20110810,000000,2.6700000,2.7600000,2.4251000,2.4895000,2.296.000
20737_090101_130416,D,20110811,000000,2.5100000,2.5500000,2.1801000,2.3850000,2.314.000
20737_090101_130416,D,20110812,000000,2.3353000,2.4120000,2.2700000,2.4120000,1.412.000
20737_090101_130416,D,20110815,000000,2.4020000,2.5500000,2.4020000,2.5350000,2.518.000
20737_090101_130416,D,20110816,000000,2.4900000,2.5400000,2.4600000,2.5100000,757.000
20737_090101_130416,D,20110817,000000,2.5200000,2.9448000,2.3900000,2.8377000,4.863.000
20737_090101_130416,D,20110818,000000,2.7998000,2.8490000,2.5600000,2.5800000,2.515.000
20737_090101_130416,D,20110819,000000,2.5234000,2.6394000,2.4100000,2.5400000,1.534.000
20737_090101_130416,D,20110822,000000,2.4510000,2.6300000,2.4100000,2.5600000,1.053.000
20737_090101_130416,D,20110823,000000,2.5990000,2.6300000,2.5100000,2.5749000,520.000
20737_090101_130416,D,20110824,000000,2.5899000,2.6200000,2.5121000,2.5899000,323.000
20737_090101_130416,D,20110825,000000,2.5900000,2.6700000,2.5032000,2.5384000,611.000
20737_090101_130416,D,20110826,000000,2.5895000,2.5895000,2.5100000,2.5448000,238.000
20737_090101_130416,D,20110829,000000,2.5899000,2.7800000,2.5503000,2.6500000,1.837.000
20737_090101_130416,D,20110830,000000,2.6371000,2.6798000,2.5800000,2.6177000,1.135.000
20737_090101_130416,D,20110831,000000,2.6250000,2.6995000,2.6000000,2.6700000,1.538.000
20737_090101_130416,D,20110901,000000,2.7100000,2.8990000,2.6500000,2.7350000,3.117.000
20737_090101_130416,D,20110902,000000,2.7200000,2.7200000,2.6400000,2.7000000,850.000
20737_090101_130416,D,20110905,000000,2.6166000,2.6900000,2.6166000,2.6400000,378.000
20737_090101_130416,D,20110906,000000,2.6000000,2.6700000,2.5873000,2.6649000,3.602.000
20737_090101_130416,D,20110907,000000,2.6040000,2.7600000,2.6040000,2.7289000,1.799.000
20737_090101_130416,D,20110908,000000,2.7400000,2.7400000,2.6500000,2.7200000,470.000
20737_090101_130416,D,20110909,000000,2.7199000,2.7199000,2.6315000,2.6537000,249.000
20737_090101_130416,D,20110912,000000,2.6400000,2.7600000,2.5200000,2.6360000,1.440.000
20737_090101_130416,D,20110913,000000,2.6896000,2.7400000,2.5900000,2.6346000,911.000
20737_090101_130416,D,20110914,000000,2.6243000,2.6700000,2.6157000,2.6665000,304.000
20737_090101_130416,D,20110915,000000,2.6900000,2.7390000,2.5500000,2.6039000,1.916.000
20737_090101_130416,D,20110916,000000,2.6377000,2.7000000,2.5500000,2.5787000,1.650.000
20737_090101_130416,D,20110919,000000,2.6093000,2.6800000,2.5500000,2.6200000,778.000
20737_090101_130416,D,20110920,000000,2.6400000,2.6500000,2.5900000,2.6326000,610.000
20737_090101_130416,D,20110921,000000,2.6470000,2.6470000,2.5500000,2.5947000,2.687.000
20737_090101_130416,D,20110922,000000,2.5550000,2.5599000,2.3101000,2.3700000,1.578.000
20737_090101_130416,D,20110923,000000,2.3320000,2.3699000,2.0138000,2.2099000,2.026.000
20737_090101_130416,D,20110926,000000,2.1122000,2.3010000,2.0011000,2.1150000,9.447.000
20737_090101_130416,D,20110927,000000,2.1600000,2.1800000,2.0960000,2.1699000,1.159.000
20737_090101_130416,D,20110928,000000,2.1100000,2.1480000,2.0901000,2.1198000,1.170.000
20737_090101_130416,D,20110929,000000,2.0849000,2.1320000,2.0200000,2.0847000,2.140.000
20737_090101_130416,D,20110930,000000,2.0800000,2.0900000,2.0060000,2.0500000,949.000
20737_090101_130416,D,20111003,000000,1.9811000,2.0598000,1.9811000,2.0100000,485.000
20737_090101_130416,D,20111004,000000,2.0200000,2.0900000,1.8600000,1.8800000,1.609.000
20737_090101_130416,D,20111005,000000,1.9500000,1.9500000,1.8700000,1.9398000,447.000
20737_090101_130416,D,20111006,000000,1.9500000,2.0170000,1.9304000,2.0100000,1.157.000
20737_090101_130416,D,20111007,000000,2.0080000,2.0700000,1.9930000,2.0398000,1.763.000
20737_090101_130416,D,20111010,000000,2.0399000,2.1700000,2.0100000,2.1156000,3.982.000
20737_090101_130416,D,20111011,000000,2.1200000,2.1700000,2.0100000,2.1300000,2.470.000
20737_090101_130416,D,20111012,000000,2.2200000,2.2300000,2.0960000,2.1450000,3.386.000
20737_090101_130416,D,20111013,000000,2.1500000,2.1800000,2.0500000,2.1200000,2.076.000
20737_090101_130416,D,20111014,000000,2.1091000,2.1980000,2.0960000,2.1646000,2.075.000
20737_090101_130416,D,20111017,000000,2.1567000,2.1988000,2.1400000,2.1780000,1.245.000
20737_090101_130416,D,20111018,000000,2.1550000,2.5990000,2.1199000,2.2965000,14.738.000
20737_090101_130416,D,20111019,000000,2.3890000,2.5000000,2.2800000,2.4200000,12.699.000
20737_090101_130416,D,20111020,000000,2.3716000,2.5800000,2.3500000,2.5800000,18.920.000
20737_090101_130416,D,20111021,000000,2.6100000,2.8672000,2.6100000,2.7099000,26.117.000
20737_090101_130416,D,20111024,000000,2.7102000,2.8096000,2.5100000,2.5780000,18.955.000
20737_090101_130416,D,20111025,000000,2.5990000,2.6280000,2.2900000,2.4398000,30.601.000
20737_090101_130416,D,20111026,000000,2.4101000,2.4101000,2.2542000,2.2899000,6.966.000
20737_090101_130416,D,20111027,000000,2.3298000,2.3518000,2.2314000,2.2748000,4.933.000
20737_090101_130416,D,20111028,000000,2.2840000,2.3295000,2.2700000,2.2930000,3.380.000
20737_090101_130416,D,20111031,000000,2.3020000,2.3250000,2.2655000,2.2957000,1.599.000
20737_090101_130416,D,20111101,000000,2.2716000,2.3000000,2.1700000,2.1800000,3.192.000
20737_090101_130416,D,20111102,000000,2.1651000,2.4090000,2.1651000,2.2800000,6.791.000
20737_090101_130416,D,20111103,000000,2.2700000,2.2863000,2.2026000,2.2664000,2.334.000
20737_090101_130416,D,20111107,000000,2.2799000,2.3200000,2.2000000,2.2513000,830.000
20737_090101_130416,D,20111108,000000,2.2480000,2.3380000,2.2100000,2.3198000,2.292.000
20737_090101_130416,D,20111109,000000,2.3153000,2.3700000,2.2850000,2.2850000,5.251.000
20737_090101_130416,D,20111110,000000,2.2751000,2.3298000,2.2502000,2.2840000,1.144.000
20737_090101_130416,D,20111111,000000,2.2801000,2.3500000,2.2755000,2.3107000,1.792.000
20737_090101_130416,D,20111114,000000,2.3109000,2.3600000,2.3051000,2.3590000,2.069.000
20737_090101_130416,D,20111115,000000,2.3670000,2.5500000,2.3620000,2.4207000,7.590.000
20737_090101_130416,D,20111116,000000,2.4200000,2.5000000,2.4200000,2.4443000,5.725.000
20737_090101_130416,D,20111117,000000,2.4403000,2.4949000,2.4299000,2.4353000,5.619.000
20737_090101_130416,D,20111118,000000,2.4004000,2.5000000,2.3708000,2.4341000,1.955.000
20737_090101_130416,D,20111121,000000,2.4481000,3.3200000,2.4323000,3.2997000,56.322.000
20737_090101_130416,D,20111122,000000,3.2500000,3.2500000,2.5200000,2.5898000,32.961.000
20737_090101_130416,D,20111123,000000,2.5300000,2.6150000,2.4327000,2.4700000,11.819.000
20737_090101_130416,D,20111124,000000,2.4681000,2.5050000,2.3520000,2.4003000,5.266.000
20737_090101_130416,D,20111125,000000,2.4001000,2.4400000,2.3280000,2.4180000,2.623.000
20737_090101_130416,D,20111128,000000,2.4400000,2.4487000,2.3500000,2.3599000,5.826.000
20737_090101_130416,D,20111129,000000,2.3600000,2.3843000,2.3103000,2.3400000,2.219.000
20737_090101_130416,D,20111130,000000,2.3101000,2.3499000,2.2802000,2.3497000,5.552.000
20737_090101_130416,D,20111201,000000,2.3700000,2.4388000,2.3410000,2.3944000,2.995.000
20737_090101_130416,D,20111202,000000,2.3501000,2.3900000,2.2900000,2.3700000,2.627.000
20737_090101_130416,D,20111205,000000,2.4531000,2.4531000,2.3300000,2.3498000,1.797.000
20737_090101_130416,D,20111206,000000,2.3500000,2.3800000,2.3101000,2.3227000,1.273.000
20737_090101_130416,D,20111207,000000,2.3533000,2.3632000,2.2650000,2.2935000,1.521.000
20737_090101_130416,D,20111208,000000,2.3027000,2.3050000,2.2702000,2.2759000,390.000
20737_090101_130416,D,20111209,000000,2.2792000,2.4000000,2.1550000,2.2300000,3.220.000
20737_090101_130416,D,20111212,000000,2.2400000,2.2600000,2.1651000,2.1661000,989.000
20737_090101_130416,D,20111213,000000,2.1669000,2.3600000,2.1208000,2.2400000,7.683.000
20737_090101_130416,D,20111214,000000,2.2100000,2.2221000,2.1238000,2.1398000,4.002.000
20737_090101_130416,D,20111215,000000,2.1210000,2.1293000,2.0216000,2.0876000,2.559.000
20737_090101_130416,D,20111216,000000,2.0799000,2.0879000,1.8902000,2.0879000,7.397.000
20737_090101_130416,D,20111219,000000,2.0324000,2.3688000,2.0324000,2.3150000,15.544.000
20737_090101_130416,D,20111220,000000,2.2800000,2.4000000,2.1610000,2.3450000,6.521.000
20737_090101_130416,D,20111221,000000,2.3800000,2.3800000,2.0999000,2.1441000,11.892.000
20737_090101_130416,D,20111222,000000,2.1540000,2.1599000,2.0100000,2.0599000,3.783.000
20737_090101_130416,D,20111223,000000,2.0990000,2.0990000,2.0015000,2.0228000,1.855.000
20737_090101_130416,D,20111226,000000,2.0449000,2.1358000,2.0449000,2.0937000,2.023.000
20737_090101_130416,D,20111227,000000,2.1050000,2.1900000,2.0195000,2.0500000,2.499.000
20737_090101_130416,D,20111228,000000,2.1100000,2.1100000,1.9473000,2.0400000,1.717.000
20737_090101_130416,D,20111229,000000,1.9998000,2.0399000,1.9300000,1.9995000,2.267.000
20737_090101_130416,D,20111230,000000,2.0099000,2.0500000,1.9642000,2.0000000,1.304.000
20737_090101_130416,D,20120103,000000,1.9601000,2.0330000,1.9601000,2.0300000,784.000
20737_090101_130416,D,20120104,000000,2.0400000,2.0600000,2.0102000,2.0380000,642.000
20737_090101_130416,D,20120105,000000,2.0120000,2.0586000,2.0003000,2.0308000,634.000
20737_090101_130416,D,20120106,000000,2.0111000,2.0450000,2.0018000,2.0401000,463.000
20737_090101_130416,D,20120109,000000,2.0399000,2.0429000,2.0003000,2.0340000,1.616.000
20737_090101_130416,D,20120110,000000,2.0550000,2.0980000,2.0301000,2.0646000,1.176.000
20737_090101_130416,D,20120111,000000,2.0700000,2.0776000,2.0200000,2.0295000,898.000
20737_090101_130416,D,20120112,000000,2.0400000,2.0699000,1.9990000,2.0343000,1.828.000
20737_090101_130416,D,20120113,000000,2.0425000,2.0425000,2.0090000,2.0090000,410.000
20737_090101_130416,D,20120116,000000,2.0090000,2.1800000,1.9400000,2.0580000,9.937.000
20737_090101_130416,D,20120117,000000,2.0889000,2.0889000,2.0259000,2.0500000,1.959.000
20737_090101_130416,D,20120118,000000,2.0565000,2.0594000,2.0222000,2.0440000,494.000
20737_090101_130416,D,20120119,000000,2.0520000,2.0520000,2.0000000,2.0085000,1.329.000
20737_090101_130416,D,20120120,000000,2.0449000,2.1150000,2.0015000,2.0543000,4.801.000
20737_090101_130416,D,20120123,000000,2.0500000,2.0900000,2.0301000,2.0510000,2.212.000
20737_090101_130416,D,20120124,000000,2.0491000,2.0690000,2.0252000,2.0545000,1.628.000
20737_090101_130416,D,20120125,000000,2.0440000,2.0749000,2.0200000,2.0587000,1.315.000
20737_090101_130416,D,20120126,000000,2.0550000,2.0800000,2.0380000,2.0534000,405.000
20737_090101_130416,D,20120127,000000,2.0670000,2.0900000,2.0199000,2.0480000,1.398.000
20737_090101_130416,D,20120130,000000,2.0649000,2.0649000,2.0100000,2.0348000,972.000
20737_090101_130416,D,20120131,000000,2.0268000,2.0462000,2.0000000,2.0300000,1.483.000
20737_090101_130416,D,20120201,000000,2.0386000,2.0800000,2.0015000,2.0519000,2.277.000
20737_090101_130416,D,20120202,000000,2.0728000,2.0730000,2.0100000,2.0423000,1.018.000
20737_090101_130416,D,20120203,000000,2.0480000,2.1200000,2.0000000,2.0736000,3.125.000
20737_090101_130416,D,20120206,000000,2.0521000,2.0990000,2.0426000,2.0750000,1.109.000
20737_090101_130416,D,20120207,000000,2.0869000,2.0930000,2.0340000,2.0678000,1.554.000
20737_090101_130416,D,20120208,000000,2.0595000,2.0820000,2.0347000,2.0500000,3.446.000
20737_090101_130416,D,20120209,000000,2.0679000,2.0679000,2.0334000,2.0549000,1.437.000
20737_090101_130416,D,20120210,000000,2.0311000,2.3991000,2.0311000,2.1500000,27.962.000
20737_090101_130416,D,20120213,000000,2.1700000,2.2700000,2.1111000,2.1839000,4.846.000
20737_090101_130416,D,20120214,000000,2.1997000,2.2000000,2.1018000,2.1300000,2.468.000
20737_090101_130416,D,20120215,000000,2.1450000,2.1790000,2.0900000,2.1000000,2.258.000
20737_090101_130416,D,20120216,000000,2.0997000,2.1319000,2.0651000,2.0983000,1.421.000
20737_090101_130416,D,20120217,000000,2.1200000,2.1200000,2.0602000,2.1023000,1.663.000
20737_090101_130416,D,20120220,000000,2.1100000,2.1396000,2.0969000,2.1291000,1.391.000
20737_090101_130416,D,20120221,000000,2.1300000,2.4995000,2.1104000,2.4990000,33.341.000
20737_090101_130416,D,20120222,000000,2.5000000,2.5500000,2.1800000,2.2230000,25.350.000
20737_090101_130416,D,20120224,000000,2.2400000,2.2480000,2.1702000,2.2298000,3.208.000
20737_090101_130416,D,20120227,000000,2.2399000,2.4000000,2.2330000,2.2840000,9.169.000
20737_090101_130416,D,20120228,000000,2.2980000,2.3100000,2.1901000,2.2298000,5.135.000
20737_090101_130416,D,20120229,000000,2.2221000,2.2499000,2.1717000,2.1990000,3.796.000
20737_090101_130416,D,20120301,000000,2.1996000,2.1996000,2.1205000,2.1801000,1.523.000
20737_090101_130416,D,20120302,000000,2.1990000,2.2190000,2.1555000,2.1715000,1.233.000
20737_090101_130416,D,20120305,000000,2.2100000,2.2100000,2.1300000,2.1600000,1.805.000
20737_090101_130416,D,20120306,000000,2.1351000,2.1950000,2.1106000,2.1899000,4.216.000
20737_090101_130416,D,20120307,000000,2.1650000,2.1960000,2.1500000,2.1697000,1.572.000
20737_090101_130416,D,20120311,000000,2.1601000,2.2477000,2.1601000,2.1901000,1.075.000
20737_090101_130416,D,20120312,000000,2.1900000,2.2400000,2.1520000,2.1968000,3.006.000
20737_090101_130416,D,20120313,000000,2.1999000,2.2290000,2.1650000,2.1900000,1.013.000
20737_090101_130416,D,20120314,000000,2.1740000,2.2000000,2.1602000,2.1999000,1.641.000
20737_090101_130416,D,20120315,000000,2.1818000,2.2495000,2.1679000,2.2289000,3.034.000
20737_090101_130416,D,20120316,000000,2.2100000,2.2100000,2.1702000,2.1888000,992.000
20737_090101_130416,D,20120319,000000,2.1740000,2.2830000,2.1740000,2.2300000,2.569.000
20737_090101_130416,D,20120320,000000,2.2300000,2.3766000,2.2098000,2.3346000,5.407.000
20737_090101_130416,D,20120321,000000,2.3346000,2.4200000,2.2930000,2.3425000,5.534.000
20737_090101_130416,D,20120322,000000,2.3291000,2.3989000,2.2700000,2.3070000,2.432.000
20737_090101_130416,D,20120323,000000,2.3200000,2.3389000,2.2750000,2.3000000,1.332.000
20737_090101_130416,D,20120326,000000,2.3118000,2.3200000,2.2643000,2.3097000,550.000
20737_090101_130416,D,20120327,000000,2.3094000,2.4196000,2.3094000,2.4196000,1.709.000
20737_090101_130416,D,20120328,000000,2.4100000,2.4390000,2.3516000,2.3991000,1.049.000
20737_090101_130416,D,20120329,000000,2.3968000,2.5449000,2.3506000,2.3999000,4.701.000
20737_090101_130416,D,20120330,000000,2.4200000,2.4900000,2.3290000,2.4900000,1.703.000
20737_090101_130416,D,20120402,000000,2.4900000,2.7000000,2.4601000,2.5960000,24.217.000
20737_090101_130416,D,20120403,000000,2.6350000,2.6682000,2.3115000,2.4099000,11.694.000
20737_090101_130416,D,20120404,000000,2.4484000,2.4800000,2.2800000,2.3000000,9.779.000
20737_090101_130416,D,20120405,000000,2.3000000,2.3500000,2.1845000,2.3230000,11.791.000
20737_090101_130416,D,20120406,000000,2.3488000,2.3488000,2.2481000,2.2700000,3.113.000
20737_090101_130416,D,20120409,000000,2.2888000,2.3097000,2.1900000,2.2090000,5.003.000
20737_090101_130416,D,20120410,000000,2.2389000,2.2389000,2.0200000,2.0293000,18.091.000
20737_090101_130416,D,20120411,000000,2.0444000,2.0593000,1.9965000,2.0298000,11.003.000
20737_090101_130416,D,20120412,000000,2.0400000,2.0800000,1.9224000,1.9600000,4.135.000
20737_090101_130416,D,20120413,000000,1.9700000,1.9980000,1.9000000,1.9383000,4.239.000
20737_090101_130416,D,20120416,000000,1.9405000,2.0400000,1.9140000,1.9699000,4.848.000
20737_090101_130416,D,20120417,000000,1.9770000,1.9989000,1.9208000,1.9700000,1.545.000
20737_090101_130416,D,20120418,000000,1.9511000,2.0050000,1.9500000,1.9850000,1.512.000
20737_090101_130416,D,20120419,000000,2.0000000,2.0099000,1.9700000,1.9900000,1.191.000
20737_090101_130416,D,20120420,000000,1.9851000,2.0000000,1.9723000,1.9925000,387.000
20737_090101_130416,D,20120423,000000,1.9930000,2.0070000,1.9690000,1.9799000,1.123.000
20737_090101_130416,D,20120424,000000,1.9701000,1.9924000,1.9107000,1.9419000,1.261.000
20737_090101_130416,D,20120425,000000,1.9498000,1.9650000,1.9078000,1.9345000,1.484.000
20737_090101_130416,D,20120426,000000,1.9125000,1.9500000,1.9003000,1.9249000,1.010.000
20737_090101_130416,D,20120427,000000,1.9201000,1.9258000,1.8695000,1.8980000,1.498.000
20737_090101_130416,D,20120428,000000,1.8754000,1.9880000,1.8754000,1.9475000,1.855.000
20737_090101_130416,D,20120502,000000,1.9400000,1.9615000,1.9012000,1.9220000,1.518.000
20737_090101_130416,D,20120503,000000,1.9201000,1.9479000,1.8810000,1.9378000,587.000
20737_090101_130416,D,20120504,000000,1.9161000,1.9206000,1.8311000,1.8639000,1.428.000
20737_090101_130416,D,20120505,000000,1.8500000,1.8500000,1.7407000,1.7983000,847.000
20737_090101_130416,D,20120507,000000,1.8300000,1.9299000,1.7780000,1.8773000,2.625.000
20737_090101_130416,D,20120508,000000,1.8800000,1.9200000,1.7400000,1.7750000,1.993.000
20737_090101_130416,D,20120510,000000,1.7900000,1.8700000,1.7780000,1.8398000,2.513.000
20737_090101_130416,D,20120511,000000,1.8495000,1.9700000,1.8066000,1.9300000,4.329.000
20737_090101_130416,D,20120512,000000,1.9300000,1.9600000,1.8600000,1.9599000,651.000
20737_090101_130416,D,20120514,000000,1.9570000,1.9570000,1.8600000,1.9296000,863.000
20737_090101_130416,D,20120515,000000,1.9277000,1.9277000,1.8161000,1.8499000,656.000
20737_090101_130416,D,20120516,000000,1.8486000,1.8486000,1.7251000,1.7699000,1.836.000
20737_090101_130416,D,20120517,000000,1.8099000,1.8199000,1.6410000,1.6498000,1.443.000
20737_090101_130416,D,20120518,000000,1.6192000,1.8000000,1.5500000,1.7600000,3.230.000
20737_090101_130416,D,20120521,000000,1.7900000,1.7900000,1.6600000,1.6781000,1.668.000
20737_090101_130416,D,20120522,000000,1.6779000,1.6898000,1.5900000,1.6237000,1.940.000
20737_090101_130416,D,20120523,000000,1.5902000,1.6190000,1.4510000,1.4800000,3.646.000
20737_090101_130416,D,20120524,000000,1.4900000,1.5099000,1.3501000,1.4099000,995.000
20737_090101_130416,D,20120525,000000,1.4400000,1.4700000,1.3606000,1.3800000,808.000
20737_090101_130416,D,20120528,000000,1.3998000,1.5530000,1.3998000,1.4700000,3.269.000
20737_090101_130416,D,20120529,000000,1.4500000,1.5300000,1.4200000,1.4987000,1.576.000
20737_090101_130416,D,20120530,000000,1.4701000,1.6900000,1.4630000,1.5554000,5.865.000
20737_090101_130416,D,20120531,000000,1.5351000,1.6450000,1.5350000,1.5788000,1.950.000
20737_090101_130416,D,20120601,000000,1.5701000,1.5760000,1.4802000,1.5042000,1.221.000
20737_090101_130416,D,20120604,000000,1.4900000,1.5300000,1.4613000,1.5196000,454.000
20737_090101_130416,D,20120605,000000,1.5399000,1.5987000,1.5300000,1.5443000,998.000
20737_090101_130416,D,20120606,000000,1.5351000,1.6700000,1.5310000,1.6287000,4.573.000
20737_090101_130416,D,20120607,000000,1.6299000,1.6400000,1.5901000,1.6089000,752.000
20737_090101_130416,D,20120608,000000,1.5920000,1.6005000,1.5550000,1.5600000,1.375.000
20737_090101_130416,D,20120609,000000,1.5895000,1.6901000,1.5665000,1.6500000,2.905.000
20737_090101_130416,D,20120613,000000,1.6490000,1.6800000,1.6309000,1.6502000,1.146.000
20737_090101_130416,D,20120614,000000,1.6683000,1.7366000,1.6006000,1.7000000,2.924.000
20737_090101_130416,D,20120615,000000,1.6999000,1.7190000,1.6800000,1.6800000,477.000
20737_090101_130416,D,20120618,000000,1.7100000,1.7199000,1.6516000,1.6832000,333.000
20737_090101_130416,D,20120619,000000,1.7000000,1.7000000,1.6304000,1.6407000,1.219.000
20737_090101_130416,D,20120620,000000,1.6547000,1.7100000,1.6202000,1.6309000,2.336.000
20737_090101_130416,D,20120621,000000,1.6310000,1.6980000,1.6237000,1.6900000,400.000
20737_090101_130416,D,20120622,000000,1.6300000,1.6800000,1.6160000,1.6357000,438.000
20737_090101_130416,D,20120625,000000,1.6301000,1.6700000,1.5701000,1.5988000,1.007.000
20737_090101_130416,D,20120626,000000,1.6250000,1.6300000,1.5917000,1.6200000,197.000
20737_090101_130416,D,20120627,000000,1.6280000,1.6280000,1.5700000,1.5999000,932.000
20737_090101_130416,D,20120628,000000,1.6000000,1.6000000,1.5700000,1.5799000,668.000
20737_090101_130416,D,20120629,000000,1.5989000,1.6200000,1.5728000,1.5900000,749.000
20737_090101_130416,D,20120702,000000,1.5900000,1.6980000,1.5300000,1.6700000,2.755.000
20737_090101_130416,D,20120703,000000,1.6322000,1.6866000,1.6200000,1.6341000,1.848.000
20737_090101_130416,D,20120704,000000,1.6499000,1.6500000,1.6200000,1.6499000,472.000
20737_090101_130416,D,20120705,000000,1.6029000,1.6480000,1.5970000,1.6092000,885.000
20737_090101_130416,D,20120706,000000,1.5971000,1.6076000,1.5760000,1.5855000,170.000
20737_090101_130416,D,20120709,000000,1.5721000,1.6400000,1.5720000,1.6300000,1.454.000
20737_090101_130416,D,20120710,000000,1.6199000,1.6290000,1.6000000,1.6245000,331.000
20737_090101_130416,D,20120711,000000,1.6270000,1.6400000,1.6210000,1.6300000,700.000
20737_090101_130416,D,20120712,000000,1.6300000,1.6300000,1.5731000,1.5801000,333.000
20737_090101_130416,D,20120713,000000,1.5820000,1.6068000,1.5700000,1.5949000,817.000
20737_090101_130416,D,20120716,000000,1.5786000,1.5902000,1.5550000,1.5751000,690.000
20737_090101_130416,D,20120717,000000,1.5702000,1.5970000,1.5600000,1.5600000,1.036.000
20737_090101_130416,D,20120718,000000,1.5595000,1.5692000,1.5300000,1.5400000,1.734.000
20737_090101_130416,D,20120719,000000,1.5321000,1.5599000,1.5320000,1.5410000,154.000
20737_090101_130416,D,20120720,000000,1.5170000,1.5500000,1.5170000,1.5497000,834.000
20737_090101_130416,D,20120723,000000,1.5400000,1.5450000,1.4554000,1.4827000,645.000
20737_090101_130416,D,20120724,000000,1.4857000,1.4892000,1.4009000,1.4484000,1.797.000
20737_090101_130416,D,20120725,000000,1.4203000,1.5400000,1.3924000,1.4595000,2.157.000
20737_090101_130416,D,20120726,000000,1.4595000,1.4700000,1.4202000,1.4574000,521.000
20737_090101_130416,D,20120727,000000,1.4420000,1.5089000,1.4420000,1.5079000,564.000
20737_090101_130416,D,20120730,000000,1.4906000,1.5248000,1.4612000,1.5007000,506.000
20737_090101_130416,D,20120731,000000,1.5090000,1.5487000,1.4200000,1.4502000,1.434.000
20737_090101_130416,D,20120801,000000,1.4699000,1.4700000,1.4200000,1.4298000,529.000
20737_090101_130416,D,20120802,000000,1.4500000,1.4980000,1.3600000,1.3860000,2.650.000
20737_090101_130416,D,20120803,000000,1.3859000,1.4254000,1.3482000,1.3764000,2.906.000
20737_090101_130416,D,20120806,000000,1.3794000,1.4087000,1.3410000,1.3662000,4.013.000
20737_090101_130416,D,20120807,000000,1.3609000,1.3857000,1.3600000,1.3750000,1.450.000
20737_090101_130416,D,20120808,000000,1.3822000,1.3970000,1.3694000,1.3870000,322.000
20737_090101_130416,D,20120809,000000,1.3850000,1.3955000,1.3620000,1.3900000,1.591.000
20737_090101_130416,D,20120810,000000,1.3876000,1.3899000,1.3650000,1.3700000,139.000
20737_090101_130416,D,20120813,000000,1.3768000,1.4478000,1.3700000,1.3705000,2.362.000
20737_090101_130416,D,20120814,000000,1.3769000,1.3977000,1.3484000,1.3557000,2.933.000
20737_090101_130416,D,20120815,000000,1.3556000,1.3609000,1.3301000,1.3400000,1.513.000
20737_090101_130416,D,20120816,000000,1.3399000,1.3767000,1.3201000,1.3533000,1.294.000
20737_090101_130416,D,20120817,000000,1.3530000,1.3530000,1.3352000,1.3440000,190.000
20737_090101_130416,D,20120820,000000,1.3451000,1.3493000,1.3114000,1.3151000,1.390.000
20737_090101_130416,D,20120821,000000,1.3259000,1.3340000,1.3150000,1.3335000,972.000
20737_090101_130416,D,20120822,000000,1.3300000,1.4000000,1.3200000,1.3439000,3.795.000
20737_090101_130416,D,20120823,000000,1.3311000,1.3499000,1.3001000,1.3273000,699.000
20737_090101_130416,D,20120824,000000,1.3349000,1.3459000,1.2901000,1.2901000,822.000
20737_090101_130416,D,20120827,000000,1.3099000,1.3275000,1.2911000,1.3260000,629.000
20737_090101_130416,D,20120828,000000,1.3230000,1.3399000,1.2415000,1.3099000,3.900.000
20737_090101_130416,D,20120829,000000,1.3100000,1.3199000,1.2630000,1.3158000,804.000
20737_090101_130416,D,20120830,000000,1.3100000,1.3155000,1.2701000,1.3049000,865.000
20737_090101_130416,D,20120831,000000,1.3050000,1.3150000,1.2821000,1.3150000,470.000
20737_090101_130416,D,20120903,000000,1.3002000,1.3889000,1.3002000,1.3557000,3.917.000
20737_090101_130416,D,20120904,000000,1.3699000,1.3799000,1.3300000,1.3398000,305.000
20737_090101_130416,D,20120905,000000,1.3550000,1.3550000,1.3047000,1.3382000,334.000
20737_090101_130416,D,20120906,000000,1.3326000,1.3500000,1.3031000,1.3500000,663.000
20737_090101_130416,D,20120907,000000,1.3500000,1.5000000,1.3000000,1.4200000,6.951.000
20737_090101_130416,D,20120910,000000,1.4299000,1.4299000,1.3510000,1.3699000,807.000
20737_090101_130416,D,20120911,000000,1.3699000,1.3800000,1.3400000,1.3500000,917.000
20737_090101_130416,D,20120912,000000,1.3410000,1.3800000,1.3101000,1.3397000,1.050.000
20737_090101_130416,D,20120913,000000,1.3448000,1.3448000,1.3106000,1.3299000,434.000
20737_090101_130416,D,20120914,000000,1.3204000,1.3800000,1.3204000,1.3555000,1.611.000
20737_090101_130416,D,20120917,000000,1.3401000,1.3800000,1.3303000,1.3422000,482.000
20737_090101_130416,D,20120918,000000,1.3500000,1.3700000,1.3350000,1.3700000,821.000
20737_090101_130416,D,20120919,000000,1.3750000,1.3800000,1.3269000,1.3499000,584.000
20737_090101_130416,D,20120920,000000,1.3300000,1.3649000,1.3200000,1.3550000,691.000
20737_090101_130416,D,20120921,000000,1.3301000,1.3650000,1.3301000,1.3650000,385.000
20737_090101_130416,D,20120924,000000,1.3401000,1.3590000,1.3200000,1.3481000,357.000
20737_090101_130416,D,20120925,000000,1.3399000,1.3499000,1.3310000,1.3448000,98.000
20737_090101_130416,D,20120926,000000,1.3459000,1.3570000,1.3035000,1.3248000,493.000
20737_090101_130416,D,20120927,000000,1.3199000,1.3199000,1.3000000,1.3158000,765.000
20737_090101_130416,D,20120928,000000,1.3100000,1.3359000,1.2900000,1.3089000,549.000
20737_090101_130416,D,20121001,000000,1.2911000,1.3095000,1.2410000,1.2967000,625.000
20737_090101_130416,D,20121002,000000,1.2899000,1.3059000,1.2603000,1.3040000,933.000
20737_090101_130416,D,20121003,000000,1.2902000,1.4811000,1.2800000,1.2899000,19.012.000
20737_090101_130416,D,20121004,000000,1.2880000,1.3050000,1.2601000,1.2699000,3.187.000
20737_090101_130416,D,20121005,000000,1.2650000,1.2959000,1.2610000,1.2693000,1.090.000
20737_090101_130416,D,20121008,000000,1.2784000,1.2840000,1.1988000,1.2500000,5.493.000
20737_090101_130416,D,20121009,000000,1.2500000,1.2578000,1.1950000,1.2108000,4.621.000
20737_090101_130416,D,20121010,000000,1.2099000,1.2199000,1.1970000,1.2160000,1.516.000
20737_090101_130416,D,20121011,000000,1.2001000,1.2156000,1.2000000,1.2090000,1.412.000
20737_090101_130416,D,20121012,000000,1.2190000,1.2199000,1.1991000,1.2084000,582.000
20737_090101_130416,D,20121015,000000,1.2049000,1.2159000,1.1975000,1.2133000,412.000
20737_090101_130416,D,20121016,000000,1.2059000,1.2129000,1.1805000,1.2029000,451.000
20737_090101_130416,D,20121017,000000,1.2035000,1.2300000,1.1900000,1.2199000,2.297.000
20737_090101_130416,D,20121018,000000,1.2052000,1.2397000,1.2050000,1.2183000,982.000
20737_090101_130416,D,20121019,000000,1.2051000,1.2099000,1.1977000,1.1977000,787.000
20737_090101_130416,D,20121022,000000,1.1989000,1.2046000,1.1808000,1.1935000,529.000
20737_090101_130416,D,20121023,000000,1.1850000,1.2098000,1.1527000,1.1900000,1.125.000
20737_090101_130416,D,20121024,000000,1.1800000,1.1899000,1.1500000,1.1600000,616.000
20737_090101_130416,D,20121025,000000,1.1516000,1.1659000,1.1490000,1.1579000,834.000
20737_090101_130416,D,20121026,000000,1.1576000,1.1589000,1.1350000,1.1439000,299.000
20737_090101_130416,D,20121029,000000,1.1350000,1.1473000,1.1301000,1.1301000,257.000
20737_090101_130416,D,20121030,000000,1.1390000,1.1496000,1.1118000,1.1460000,774.000
20737_090101_130416,D,20121031,000000,1.1460000,1.1800000,1.1283000,1.1510000,281.000
20737_090101_130416,D,20121101,000000,1.1346000,1.1646000,1.1157000,1.1300000,803.000
20737_090101_130416,D,20121102,000000,1.1378000,1.1422000,1.1215000,1.1374000,442.000
20737_090101_130416,D,20121106,000000,1.1246000,1.1500000,1.1246000,1.1308000,634.000
20737_090101_130416,D,20121107,000000,1.1311000,1.1900000,1.1311000,1.1776000,1.509.000
20737_090101_130416,D,20121108,000000,1.1396000,1.1490000,1.1200000,1.1200000,356.000
20737_090101_130416,D,20121109,000000,1.1289000,1.1389000,1.1112000,1.1340000,1.130.000
20737_090101_130416,D,20121112,000000,1.1246000,1.1443000,1.1204000,1.1293000,235.000
20737_090101_130416,D,20121113,000000,1.1198000,1.1300000,1.0528000,1.0785000,2.303.000
20737_090101_130416,D,20121114,000000,1.0773000,1.0800000,1.0253000,1.0800000,1.337.000
20737_090101_130416,D,20121115,000000,1.0446000,1.0683000,1.0325000,1.0531000,667.000
20737_090101_130416,D,20121116,000000,1.0500000,1.1000000,1.0296000,1.0400000,1.129.000
20737_090101_130416,D,20121119,000000,1.0400000,1.0596000,1.0300000,1.0333000,814.000
20737_090101_130416,D,20121120,000000,1.0396000,1.0599000,1.0300000,1.0550000,668.000
20737_090101_130416,D,20121121,000000,1.0567000,1.0880000,1.0444000,1.0880000,3.023.000
20737_090101_130416,D,20121122,000000,1.0733000,1.0993000,1.0289000,1.0363000,3.743.000
20737_090101_130416,D,20121123,000000,1.0363000,1.0495000,1.0051000,1.0222000,2.602.000
20737_090101_130416,D,20121126,000000,1.0026000,1.0245000,0.9960000,0.9980000,1.440.000
20737_090101_130416,D,20121127,000000,0.9946000,1.0410000,0.9900000,1.0024000,2.778.000
20737_090101_130416,D,20121128,000000,1.0027000,1.0045000,0.9650000,0.9858000,1.711.000
20737_090101_130416,D,20121129,000000,0.9896000,1.0283000,0.9896000,1.0163000,2.345.000
20737_090101_130416,D,20121130,000000,1.0086000,1.0154000,1.0000000,1.0131000,688.000
20737_090101_130416,D,20121203,000000,1.0047000,1.0600000,0.9900000,1.0502000,3.305.000
20737_090101_130416,D,20121204,000000,1.0500000,1.0500000,1.0241000,1.0322000,289.000
20737_090101_130416,D,20121205,000000,1.0323000,1.0525000,1.0180000,1.0205000,2.537.000
20737_090101_130416,D,20121206,000000,1.0156000,1.0377000,1.0150000,1.0237000,625.000
20737_090101_130416,D,20121207,000000,1.0196000,1.0490000,1.0100000,1.0242000,693.000
20737_090101_130416,D,20121210,000000,1.0203000,1.0438000,1.0050000,1.0257000,2.269.000
20737_090101_130416,D,20121211,000000,1.0154000,1.0400000,0.9908000,1.0300000,2.824.000
20737_090101_130416,D,20121212,000000,1.0303000,1.0437000,1.0200000,1.0389000,676.000
20737_090101_130416,D,20121213,000000,1.0323000,1.0840000,1.0256000,1.0600000,1.861.000
20737_090101_130416,D,20121214,000000,1.0567000,1.0691000,1.0164000,1.0242000,1.864.000
20737_090101_130416,D,20121217,000000,1.0243000,1.0796000,1.0243000,1.0444000,759.000
20737_090101_130416,D,20121218,000000,1.0420000,1.0644000,1.0253000,1.0608000,879.000
20737_090101_130416,D,20121219,000000,1.0608000,1.0746000,1.0360000,1.0400000,702.000
20737_090101_130416,D,20121220,000000,1.0364000,1.0364000,0.9906000,1.0163000,3.112.000
20737_090101_130416,D,20121221,000000,1.0150000,1.0200000,1.0003000,1.0160000,687.000
20737_090101_130416,D,20121224,000000,1.0086000,1.0407000,1.0085000,1.0200000,1.052.000
20737_090101_130416,D,20121225,000000,1.0164000,1.0476000,1.0088000,1.0437000,4.057.000
20737_090101_130416,D,20121226,000000,1.0445000,1.0458000,1.0160000,1.0282000,352.000
20737_090101_130416,D,20121227,000000,1.0300000,1.0300000,1.0000000,1.0196000,1.348.000
20737_090101_130416,D,20121228,000000,1.0062000,1.0299000,1.0001000,1.0299000,2.238.000
20737_090101_130416,D,20130108,000000,1.0103000,1.0245000,0.9999000,1.0042000,836.000
20737_090101_130416,D,20130109,000000,1.0124000,1.0124000,0.9999000,1.0083000,1.933.000
20737_090101_130416,D,20130110,000000,1.0085000,1.0096000,1.0014000,1.0046000,56.000
20737_090101_130416,D,20130111,000000,1.0009000,1.0080000,0.9968000,1.0038000,363.000
20737_090101_130416,D,20130114,000000,1.0046000,1.0190000,0.9932000,1.0151000,2.807.000
20737_090101_130416,D,20130115,000000,1.0192000,1.1423000,1.0160000,1.0900000,7.298.000
20737_090101_130416,D,20130116,000000,1.0850000,1.1689000,1.0733000,1.1150000,7.782.000
20737_090101_130416,D,20130117,000000,1.0920000,1.1100000,1.0630000,1.0820000,2.245.000
20737_090101_130416,D,20130118,000000,1.0859000,1.0946000,1.0680000,1.0800000,1.279.000
20737_090101_130416,D,20130121,000000,1.0776000,1.0901000,1.0600000,1.0650000,753.000
20737_090101_130416,D,20130122,000000,1.0700000,1.0700000,1.0408000,1.0450000,1.740.000
20737_090101_130416,D,20130123,000000,1.0403000,1.0737000,1.0304000,1.0477000,1.694.000
20737_090101_130416,D,20130124,000000,1.0400000,1.0450000,1.0253000,1.0362000,296.000
20737_090101_130416,D,20130125,000000,1.0362000,1.0404000,1.0197000,1.0320000,614.000
20737_090101_130416,D,20130128,000000,1.0322000,1.0440000,1.0160000,1.0278000,266.000
20737_090101_130416,D,20130129,000000,1.0204000,1.0817000,1.0200000,1.0391000,2.296.000
20737_090101_130416,D,20130130,000000,1.0380000,1.0737000,1.0200000,1.0305000,1.706.000
20737_090101_130416,D,20130131,000000,1.0322000,1.0446000,1.0300000,1.0361000,292.000
20737_090101_130416,D,20130201,000000,1.0363000,1.0404000,1.0104000,1.0389000,1.331.000
20737_090101_130416,D,20130204,000000,1.0253000,1.0409000,1.0200000,1.0283000,1.317.000
20737_090101_130416,D,20130205,000000,1.0295000,1.0389000,1.0203000,1.0332000,1.064.000
20737_090101_130416,D,20130206,000000,1.0283000,1.0363000,1.0212000,1.0283000,1.278.000
20737_090101_130416,D,20130207,000000,1.0320000,1.0360000,1.0000000,1.0200000,2.294.000
20737_090101_130416,D,20130208,000000,1.0283000,1.0320000,1.0107000,1.0200000,2.110.000
20737_090101_130416,D,20130211,000000,1.0170000,1.0380000,1.0026000,1.0243000,1.532.000
20737_090101_130416,D,20130212,000000,1.0200000,1.0340000,1.0154000,1.0299000,1.149.000
20737_090101_130416,D,20130213,000000,1.0203000,1.0496000,1.0011000,1.0196000,985.000
20737_090101_130416,D,20130214,000000,1.0246000,1.0340000,1.0072000,1.0194000,2.366.000
20737_090101_130416,D,20130215,000000,1.0195000,1.0313000,1.0057000,1.0197000,1.238.000
20737_090101_130416,D,20130218,000000,1.0100000,1.0295000,1.0066000,1.0164000,815.000
20737_090101_130416,D,20130219,000000,1.0195000,1.0195000,1.0039000,1.0089000,1.102.000
20737_090101_130416,D,20130220,000000,1.0050000,1.0100000,0.9942000,1.0007000,779.000
20737_090101_130416,D,20130221,000000,1.0007000,1.0038000,0.9510000,0.9770000,497.000
20737_090101_130416,D,20130222,000000,0.9769000,0.9945000,0.9400000,0.9500000,548.000
20737_090101_130416,D,20130225,000000,0.9571000,0.9749000,0.9211000,0.9500000,328.000
20737_090101_130416,D,20130226,000000,0.9510000,0.9598000,0.9300000,0.9399000,108.000
20737_090101_130416,D,20130227,000000,0.9311000,0.9410000,0.9031000,0.9288000,1.091.000
20737_090101_130416,D,20130228,000000,0.9300000,0.9440000,0.9005000,0.9182000,750.000
20737_090101_130416,D,20130301,000000,0.9179000,0.9179000,0.8700000,0.8967000,1.081.000
20737_090101_130416,D,20130304,000000,0.8970000,0.9000000,0.8333000,0.8540000,1.175.000
20737_090101_130416,D,20130305,000000,0.8640000,0.9000000,0.8437000,0.8669000,1.183.000
20737_090101_130416,D,20130306,000000,0.8543000,0.8665000,0.8501000,0.8546000,1.278.000
20737_090101_130416,D,20130307,000000,0.8648000,0.8699000,0.8438000,0.8699000,2.559.000
20737_090101_130416,D,20130311,000000,0.8599000,0.8749000,0.8599000,0.8700000,861.000
20737_090101_130416,D,20130312,000000,0.8700000,0.8700000,0.8036000,0.8389000,2.941.000
20737_090101_130416,D,20130313,000000,0.8290000,0.8290000,0.8003000,0.8278000,2.215.000
20737_090101_130416,D,20130314,000000,0.8149000,0.8231000,0.8013000,0.8141000,1.173.000
20737_090101_130416,D,20130315,000000,0.8196000,0.8243000,0.7950000,0.8135000,2.223.000
20737_090101_130416,D,20130318,000000,0.8093000,0.8198000,0.7701000,0.7870000,1.102.000
20737_090101_130416,D,20130319,000000,0.7797000,0.7962000,0.7700000,0.7700000,845.000
20737_090101_130416,D,20130320,000000,0.7777000,0.7828000,0.7600000,0.7798000,762.000
20737_090101_130416,D,20130321,000000,0.7837000,0.7837000,0.7713000,0.7800000,814.000
20737_090101_130416,D,20130322,000000,0.7705000,0.7849000,0.7522000,0.7550000,1.290.000
20737_090101_130416,D,20130325,000000,0.7497000,0.7637000,0.7480000,0.7565000,711.000
20737_090101_130416,D,20130326,000000,0.7629000,0.7629000,0.7100000,0.7261000,636.000
20737_090101_130416,D,20130327,000000,0.7278000,0.7344000,0.7160000,0.7324000,576.000
20737_090101_130416,D,20130328,000000,0.7350000,0.7390000,0.7160000,0.7347000,421.000
20737_090101_130416,D,20130329,000000,0.7170000,0.7500000,0.7170000,0.7500000,932.000
20737_090101_130416,D,20130401,000000,0.7391000,0.7570000,0.7281000,0.7535000,534.000
20737_090101_130416,D,20130402,000000,0.7400000,0.7504000,0.7150000,0.7407000,687.000
20737_090101_130416,D,20130403,000000,0.7250000,0.7450000,0.7000000,0.7299000,1.210.000
