<TICKER>,<PER>,<DATE>,<TIME>,<OPEN>,<HIGH>,<LOW>,<CLOSE>,<VOL>
20999_090101_130416,D,20090130,000000,18.0000000,18.0000000,18.0000000,18.0000000,300
20999_090101_130416,D,20090202,000000,20.0000000,20.0000000,20.0000000,20.0000000,18
20999_090101_130416,D,20090205,000000,20.0000000,20.0000000,20.0000000,20.0000000,1
20999_090101_130416,D,20090206,000000,20.0000000,20.0000000,20.0000000,20.0000000,10
20999_090101_130416,D,20090209,000000,20.0000000,25.0000000,20.0000000,25.0000000,2.506
20999_090101_130416,D,20090211,000000,20.0000000,23.0000000,19.0000000,23.0000000,17.431
20999_090101_130416,D,20090212,000000,23.0000000,23.0000000,23.0000000,23.0000000,648
20999_090101_130416,D,20090217,000000,23.0000000,23.0000000,23.0000000,23.0000000,1
20999_090101_130416,D,20090220,000000,23.0000000,23.0000000,23.0000000,23.0000000,5
20999_090101_130416,D,20090224,000000,23.0000000,23.0000000,23.0000000,23.0000000,2
20999_090101_130416,D,20090225,000000,23.0000000,23.0000000,23.0000000,23.0000000,16
20999_090101_130416,D,20090227,000000,23.0000000,23.0000000,23.0000000,23.0000000,8
20999_090101_130416,D,20090303,000000,20.0000000,20.0000000,20.0000000,20.0000000,111
20999_090101_130416,D,20090304,000000,20.0000000,20.0000000,20.0000000,20.0000000,565
20999_090101_130416,D,20090305,000000,21.0000000,21.0000000,21.0000000,21.0000000,20
20999_090101_130416,D,20090310,000000,21.0000000,21.0000000,21.0000000,21.0000000,115
20999_090101_130416,D,20090311,000000,21.0000000,22.0000000,21.0000000,22.0000000,147
20999_090101_130416,D,20090312,000000,22.0000000,22.0000000,22.0000000,22.0000000,2
20999_090101_130416,D,20090317,000000,20.0000000,20.0000000,19.5000000,19.5000000,2.402
20999_090101_130416,D,20090318,000000,20.0000000,20.0000000,17.0000000,17.0000000,335
20999_090101_130416,D,20090319,000000,20.0000000,20.0000000,18.5000000,18.5000000,2.027
20999_090101_130416,D,20090320,000000,18.5000000,18.5000000,17.0000000,18.5000000,5.683
20999_090101_130416,D,20090323,000000,17.5000000,17.5000000,17.5000000,17.5000000,10
20999_090101_130416,D,20090324,000000,18.5000000,18.5000000,18.0000000,18.0000000,1.017
20999_090101_130416,D,20090326,000000,17.0000000,17.0000000,17.0000000,17.0000000,1.990
20999_090101_130416,D,20090327,000000,17.6000000,17.6000000,17.6000000,17.6000000,9
20999_090101_130416,D,20090330,000000,16.0000000,16.0000000,14.5000000,15.0000000,5.707
20999_090101_130416,D,20090331,000000,16.9800000,16.9800000,15.0000000,15.0000000,1.410
20999_090101_130416,D,20090401,000000,15.0000000,15.0000000,15.0000000,15.0000000,27.431
20999_090101_130416,D,20090402,000000,16.7900000,16.9900000,15.0100000,16.9900000,3.665
20999_090101_130416,D,20090403,000000,16.5900000,18.0000000,16.5500000,18.0000000,2.781
20999_090101_130416,D,20090406,000000,16.9900000,18.0000000,15.0000000,15.0000000,6.816
20999_090101_130416,D,20090407,000000,16.0100000,16.0100000,16.0000000,16.0000000,100
20999_090101_130416,D,20090408,000000,17.5000000,20.0000000,17.5000000,19.9800000,9.068
20999_090101_130416,D,20090409,000000,18.1100000,20.0300000,18.0000000,20.0300000,4.554
20999_090101_130416,D,20090410,000000,20.0300000,21.0000000,19.4900000,20.0000000,12.228
20999_090101_130416,D,20090413,000000,20.0000000,23.0000000,20.0000000,20.8000000,16.070
20999_090101_130416,D,20090414,000000,21.9900000,23.5000000,21.0000000,21.0000000,13.792
20999_090101_130416,D,20090415,000000,21.0000000,22.0000000,16.5000000,17.2000000,152.780
20999_090101_130416,D,20090416,000000,17.5100000,19.4800000,17.5100000,18.0000000,33.055
20999_090101_130416,D,20090417,000000,18.9900000,19.0000000,17.7400000,18.5400000,36.056
20999_090101_130416,D,20090420,000000,18.9900000,18.9900000,16.9900000,18.0000000,66.271
20999_090101_130416,D,20090421,000000,18.4900000,18.5000000,17.3000000,18.5000000,8.993
20999_090101_130416,D,20090422,000000,18.5000000,18.6500000,17.5200000,18.0000000,3.358
20999_090101_130416,D,20090423,000000,18.4900000,18.5000000,17.3000000,17.9900000,90.990
20999_090101_130416,D,20090424,000000,17.0100000,18.5000000,16.6000000,18.5000000,56.389
20999_090101_130416,D,20090427,000000,18.6100000,19.0300000,18.0400000,19.0000000,26.972
20999_090101_130416,D,20090428,000000,18.0200000,23.0000000,17.8400000,21.6900000,58.464
20999_090101_130416,D,20090429,000000,21.7000000,21.7000000,19.1600000,20.3000000,12.119
20999_090101_130416,D,20090430,000000,20.4000000,20.5000000,19.9500000,20.5000000,8.744
20999_090101_130416,D,20090504,000000,21.9800000,24.0000000,21.5100000,23.2200000,189.262
20999_090101_130416,D,20090505,000000,22.7500000,26.6500000,21.1300000,22.8500000,558.474
20999_090101_130416,D,20090506,000000,23.0000000,28.2500000,22.8900000,28.2000000,405.045
20999_090101_130416,D,20090507,000000,28.2000000,29.6000000,23.0300000,24.0000000,149.022
20999_090101_130416,D,20090508,000000,25.4700000,29.5900000,21.0000000,27.7800000,326.784
20999_090101_130416,D,20090512,000000,27.2000000,28.5000000,26.0100000,26.5000000,130.459
20999_090101_130416,D,20090513,000000,26.5600000,28.0300000,22.8100000,24.6900000,65.656
20999_090101_130416,D,20090514,000000,23.0000000,26.0000000,22.3300000,24.5000000,9.070
20999_090101_130416,D,20090515,000000,25.0000000,26.0000000,23.9000000,24.9700000,2.627
20999_090101_130416,D,20090518,000000,24.9700000,25.5000000,23.4300000,25.2000000,37.328
20999_090101_130416,D,20090519,000000,25.6000000,25.9700000,23.5000000,24.7200000,21.107
20999_090101_130416,D,20090520,000000,24.4000000,25.5000000,24.0100000,25.4800000,39.790
20999_090101_130416,D,20090521,000000,25.7000000,25.8000000,24.3100000,25.3300000,37.492
20999_090101_130416,D,20090522,000000,25.2700000,35.4800000,25.0000000,35.4800000,478.192
20999_090101_130416,D,20090525,000000,38.7900000,49.6700000,36.0000000,49.6700000,856.690
20999_090101_130416,D,20090526,000000,50.0000000,63.7000000,44.8300000,51.0000000,1.360.356
20999_090101_130416,D,20090527,000000,53.4000000,60.9500000,38.5600000,43.0000000,1.426.061
20999_090101_130416,D,20090528,000000,43.0000000,59.8000000,40.0200000,58.0000000,1.206.126
20999_090101_130416,D,20090529,000000,58.1500000,67.0000000,53.1100000,58.7800000,1.013.238
20999_090101_130416,D,20090601,000000,58.9000000,59.5000000,51.0800000,53.0000000,558.320
20999_090101_130416,D,20090602,000000,52.7000000,54.4700000,46.0000000,47.1400000,528.329
20999_090101_130416,D,20090603,000000,47.2000000,48.4900000,40.1000000,40.7600000,329.504
20999_090101_130416,D,20090604,000000,40.0000000,43.4000000,37.0200000,41.6900000,181.921
20999_090101_130416,D,20090605,000000,42.9000000,49.9000000,39.4900000,45.8000000,551.085
20999_090101_130416,D,20090608,000000,43.2100000,45.5600000,42.2200000,43.7800000,76.044
20999_090101_130416,D,20090609,000000,44.9000000,44.9000000,41.0000000,42.7000000,77.096
20999_090101_130416,D,20090610,000000,43.2100000,44.6000000,41.0100000,42.9000000,68.746
20999_090101_130416,D,20090611,000000,42.5000000,43.5000000,40.3200000,43.2000000,89.092
20999_090101_130416,D,20090615,000000,41.5000000,42.8600000,40.0500000,40.8100000,37.114
20999_090101_130416,D,20090616,000000,41.9000000,41.9000000,38.0000000,40.0000000,131.858
20999_090101_130416,D,20090617,000000,40.0000000,41.4800000,38.4100000,39.2300000,38.973
20999_090101_130416,D,20090618,000000,39.7700000,40.0000000,36.0000000,37.5000000,48.112
20999_090101_130416,D,20090619,000000,37.9500000,37.9500000,36.0000000,36.9600000,43.781
20999_090101_130416,D,20090622,000000,36.9500000,38.0000000,33.0000000,34.5000000,53.766
20999_090101_130416,D,20090623,000000,33.5700000,34.5000000,29.0400000,33.7500000,44.679
20999_090101_130416,D,20090624,000000,33.7500000,36.8000000,33.6100000,36.6600000,60.039
20999_090101_130416,D,20090625,000000,36.8100000,37.7800000,35.0000000,35.4500000,19.523
20999_090101_130416,D,20090626,000000,35.9900000,43.2100000,35.9900000,38.5100000,125.277
20999_090101_130416,D,20090629,000000,36.6000000,41.9000000,36.6000000,39.7400000,27.022
20999_090101_130416,D,20090630,000000,40.0000000,40.9000000,36.0000000,36.1000000,54.229
20999_090101_130416,D,20090701,000000,37.8700000,38.3900000,36.5000000,37.3300000,7.908
20999_090101_130416,D,20090702,000000,37.2400000,37.3000000,31.0000000,34.3500000,114.989
20999_090101_130416,D,20090703,000000,35.0000000,35.0000000,33.6000000,34.0000000,10.040
20999_090101_130416,D,20090706,000000,33.6500000,34.1500000,32.5000000,33.9500000,29.227
20999_090101_130416,D,20090707,000000,35.0100000,35.4400000,32.5000000,34.3000000,8.636
20999_090101_130416,D,20090708,000000,33.5000000,34.2800000,30.0000000,30.3500000,79.088
20999_090101_130416,D,20090709,000000,30.9700000,31.8100000,30.0000000,31.4000000,21.672
20999_090101_130416,D,20090710,000000,31.9800000,31.9800000,29.5000000,29.9900000,77.554
20999_090101_130416,D,20090713,000000,30.5400000,31.3900000,28.0000000,30.9700000,11.156
20999_090101_130416,D,20090714,000000,31.9800000,33.0000000,30.8600000,32.2900000,25.006
20999_090101_130416,D,20090715,000000,32.0200000,35.0000000,32.0200000,34.5900000,17.691
20999_090101_130416,D,20090716,000000,34.0000000,35.2000000,32.7600000,33.8500000,10.964
20999_090101_130416,D,20090717,000000,33.8500000,37.1000000,33.8500000,37.1000000,45.681
20999_090101_130416,D,20090720,000000,37.0000000,38.3800000,36.1400000,38.1900000,26.591
20999_090101_130416,D,20090721,000000,37.4000000,38.2800000,36.8000000,37.0000000,5.920
20999_090101_130416,D,20090722,000000,37.0000000,37.6900000,34.6900000,34.9900000,26.284
20999_090101_130416,D,20090723,000000,35.0000000,37.4700000,34.8000000,37.4700000,11.499
20999_090101_130416,D,20090724,000000,38.0000000,38.0000000,35.0000000,35.1000000,14.166
20999_090101_130416,D,20090727,000000,36.9800000,36.9800000,35.0200000,35.7000000,3.731
20999_090101_130416,D,20090728,000000,35.6900000,35.6900000,33.1100000,34.2000000,13.660
20999_090101_130416,D,20090729,000000,34.8000000,34.8000000,33.0000000,33.9300000,8.106
20999_090101_130416,D,20090730,000000,34.3000000,36.0000000,34.1000000,34.9200000,3.724
20999_090101_130416,D,20090731,000000,35.2000000,36.1000000,34.8800000,35.4000000,7.102
20999_090101_130416,D,20090803,000000,36.9800000,37.8700000,35.8000000,35.8000000,18.741
20999_090101_130416,D,20090804,000000,36.0300000,37.1900000,33.2600000,36.2000000,26.708
20999_090101_130416,D,20090805,000000,36.9000000,38.6200000,36.0000000,37.0000000,61.049
20999_090101_130416,D,20090806,000000,37.9800000,37.9800000,36.0000000,37.0000000,8.612
20999_090101_130416,D,20090807,000000,37.6900000,44.2700000,37.6900000,41.9400000,556.783
20999_090101_130416,D,20090810,000000,41.8000000,43.7200000,39.7600000,41.7900000,110.354
20999_090101_130416,D,20090811,000000,41.8500000,41.8500000,38.3500000,38.5600000,9.156
20999_090101_130416,D,20090812,000000,39.9800000,39.9800000,36.3900000,38.9500000,296.046
20999_090101_130416,D,20090813,000000,38.8000000,40.7500000,38.2500000,39.9500000,142.577
20999_090101_130416,D,20090814,000000,39.9500000,42.0000000,37.5100000,39.7500000,37.140
20999_090101_130416,D,20090817,000000,38.0500000,39.6800000,38.0000000,39.0000000,22.941
20999_090101_130416,D,20090818,000000,39.8100000,41.4800000,36.5100000,40.3000000,74.322
20999_090101_130416,D,20090819,000000,41.9900000,41.9900000,39.0000000,41.7400000,59.763
20999_090101_130416,D,20090820,000000,41.7300000,42.4500000,41.0600000,42.0000000,22.733
20999_090101_130416,D,20090821,000000,42.9800000,43.7400000,41.9400000,43.5200000,235.568
20999_090101_130416,D,20090824,000000,42.5100000,45.0000000,41.0000000,43.9900000,63.751
20999_090101_130416,D,20090825,000000,42.5000000,44.5000000,41.5500000,42.9500000,30.979
20999_090101_130416,D,20090826,000000,43.9500000,43.9500000,40.2500000,41.8700000,11.398
20999_090101_130416,D,20090827,000000,41.7900000,42.1400000,40.2700000,41.1700000,5.790
20999_090101_130416,D,20090828,000000,42.6700000,42.6700000,36.5000000,41.8300000,10.171
20999_090101_130416,D,20090831,000000,38.0000000,41.1800000,37.5100000,40.6200000,3.972
20999_090101_130416,D,20090901,000000,42.7700000,42.7700000,39.0000000,40.5000000,12.815
20999_090101_130416,D,20090902,000000,40.4900000,40.4900000,38.1300000,39.2800000,15.302
20999_090101_130416,D,20090903,000000,38.3500000,40.3800000,38.0000000,39.4800000,6.130
20999_090101_130416,D,20090904,000000,38.2100000,39.8800000,37.5100000,37.9900000,12.394
20999_090101_130416,D,20090907,000000,38.5100000,38.7700000,37.6000000,38.4600000,3.575
20999_090101_130416,D,20090908,000000,38.4900000,40.4300000,38.0300000,39.4700000,32.877
20999_090101_130416,D,20090909,000000,39.4700000,41.2000000,39.1000000,41.2000000,23.207
20999_090101_130416,D,20090910,000000,41.9700000,41.9700000,39.0000000,39.9800000,177.254
20999_090101_130416,D,20090911,000000,40.0000000,44.0000000,39.9900000,41.2600000,63.898
20999_090101_130416,D,20090914,000000,41.2900000,43.5000000,40.5000000,43.1700000,45.461
20999_090101_130416,D,20090915,000000,43.5000000,44.2500000,42.0000000,43.3400000,46.904
20999_090101_130416,D,20090916,000000,43.9000000,44.3600000,41.7000000,42.8800000,34.316
20999_090101_130416,D,20090917,000000,42.8000000,43.0000000,40.7000000,41.2400000,33.499
20999_090101_130416,D,20090918,000000,41.6500000,42.5900000,40.4800000,41.7400000,7.269
20999_090101_130416,D,20090921,000000,42.0000000,47.8000000,41.5100000,47.3900000,523.124
20999_090101_130416,D,20090922,000000,46.1000000,54.4000000,44.0000000,50.0100000,577.172
20999_090101_130416,D,20090923,000000,50.0000000,52.2500000,46.0500000,48.7900000,188.311
20999_090101_130416,D,20090924,000000,51.4300000,51.4300000,45.5800000,47.2700000,111.168
20999_090101_130416,D,20090925,000000,48.4000000,48.4000000,44.2600000,46.2000000,96.922
20999_090101_130416,D,20090928,000000,46.6200000,46.6200000,44.5100000,46.0900000,64.408
20999_090101_130416,D,20090929,000000,46.8000000,49.0000000,46.1300000,46.9800000,75.609
20999_090101_130416,D,20090930,000000,48.0000000,48.4000000,45.9100000,46.8100000,91.604
20999_090101_130416,D,20091001,000000,47.0000000,51.7000000,46.4000000,48.4800000,153.212
20999_090101_130416,D,20091002,000000,47.5000000,49.4900000,44.7000000,46.4500000,83.175
20999_090101_130416,D,20091005,000000,47.0000000,47.4500000,45.0000000,46.3000000,17.494
20999_090101_130416,D,20091006,000000,47.1000000,50.3300000,45.4100000,49.9800000,399.380
20999_090101_130416,D,20091007,000000,49.9900000,65.0000000,48.6600000,60.4900000,2.277.718
20999_090101_130416,D,20091008,000000,60.4900000,72.7500000,55.2000000,59.7000000,4.526.542
20999_090101_130416,D,20091009,000000,61.0000000,76.3800000,57.1000000,76.0000000,3.050.789
20999_090101_130416,D,20091012,000000,78.9800000,79.0000000,62.0500000,63.7000000,2.431.152
20999_090101_130416,D,20091013,000000,64.9000000,65.7900000,59.2200000,60.2200000,991.087
20999_090101_130416,D,20091014,000000,61.0500000,62.9800000,59.4000000,61.2800000,251.172
20999_090101_130416,D,20091015,000000,61.0800000,62.9700000,59.0100000,59.6800000,154.946
20999_090101_130416,D,20091016,000000,60.2000000,61.3000000,55.0700000,56.6700000,175.822
20999_090101_130416,D,20091019,000000,56.6700000,61.8000000,56.1500000,60.4400000,201.506
20999_090101_130416,D,20091020,000000,60.8100000,61.4500000,57.0000000,59.4400000,140.337
20999_090101_130416,D,20091021,000000,59.7800000,60.1800000,57.0000000,58.7600000,86.290
20999_090101_130416,D,20091022,000000,58.3100000,59.7600000,57.1300000,58.0000000,33.468
20999_090101_130416,D,20091023,000000,58.5000000,64.5000000,58.5000000,60.6000000,1.603.668
20999_090101_130416,D,20091026,000000,60.0000000,69.0000000,58.8000000,65.0000000,853.868
20999_090101_130416,D,20091027,000000,63.1700000,64.0000000,60.6000000,62.3500000,1.141.912
20999_090101_130416,D,20091028,000000,62.0500000,67.8300000,55.9500000,56.0000000,894.956
20999_090101_130416,D,20091029,000000,55.9000000,58.6400000,53.0800000,58.6300000,198.317
20999_090101_130416,D,20091030,000000,60.0000000,60.0000000,55.0000000,55.0000000,106.922
20999_090101_130416,D,20091102,000000,54.9600000,57.0000000,54.0000000,56.0800000,55.619
20999_090101_130416,D,20091103,000000,56.0100000,56.5100000,52.7000000,53.0000000,97.558
20999_090101_130416,D,20091105,000000,54.0000000,56.4800000,51.0000000,56.1500000,75.507
20999_090101_130416,D,20091106,000000,56.7000000,56.8900000,53.0000000,53.4900000,84.767
20999_090101_130416,D,20091109,000000,54.7000000,56.5000000,53.7000000,56.2400000,77.022
20999_090101_130416,D,20091110,000000,55.7000000,57.8000000,54.7300000,56.5200000,59.505
20999_090101_130416,D,20091111,000000,55.7300000,58.5100000,55.0000000,55.5700000,115.996
20999_090101_130416,D,20091112,000000,55.1000000,55.7900000,54.5700000,55.6200000,31.228
20999_090101_130416,D,20091113,000000,55.3000000,55.5700000,54.6100000,55.2800000,34.897
20999_090101_130416,D,20091116,000000,55.5900000,59.2000000,55.3600000,58.9600000,201.899
20999_090101_130416,D,20091117,000000,58.1300000,59.2500000,57.0000000,58.1200000,75.784
20999_090101_130416,D,20091118,000000,58.0300000,59.2900000,56.5000000,57.2000000,107.956
20999_090101_130416,D,20091119,000000,57.3700000,59.0000000,55.2800000,56.0000000,98.275
20999_090101_130416,D,20091120,000000,56.3900000,57.5000000,55.1400000,57.1700000,57.520
20999_090101_130416,D,20091123,000000,57.3100000,58.8000000,57.3100000,58.7000000,44.382
20999_090101_130416,D,20091124,000000,58.0000000,81.5000000,55.5000000,69.9800000,2.246.211
20999_090101_130416,D,20091125,000000,70.8800000,73.3100000,64.1000000,65.5000000,1.840.477
20999_090101_130416,D,20091126,000000,65.5000000,68.3800000,60.5000000,65.4600000,463.969
20999_090101_130416,D,20091127,000000,62.5000000,67.3700000,60.5600000,66.4800000,334.239
20999_090101_130416,D,20091130,000000,66.8900000,68.0000000,61.9900000,63.0000000,263.443
20999_090101_130416,D,20091201,000000,62.0000000,67.2500000,61.7000000,63.7000000,509.492
20999_090101_130416,D,20091202,000000,64.4900000,65.7900000,57.5700000,59.7000000,1.608.963
20999_090101_130416,D,20091203,000000,60.0100000,60.9500000,58.0600000,58.5500000,336.069
20999_090101_130416,D,20091204,000000,57.5000000,60.9500000,57.5000000,60.2000000,240.214
20999_090101_130416,D,20091207,000000,59.3700000,60.9200000,58.0900000,59.9200000,262.458
20999_090101_130416,D,20091208,000000,59.4000000,60.0000000,58.2100000,58.9400000,130.761
20999_090101_130416,D,20091209,000000,59.0000000,59.5600000,57.7000000,58.3900000,72.118
20999_090101_130416,D,20091210,000000,57.3200000,59.2100000,56.9200000,58.8700000,86.479
20999_090101_130416,D,20091211,000000,59.0000000,59.2000000,58.0000000,58.8300000,61.434
20999_090101_130416,D,20091214,000000,59.0500000,61.0000000,58.0000000,60.9800000,193.877
20999_090101_130416,D,20091215,000000,61.0400000,61.4200000,58.9900000,61.2000000,216.445
20999_090101_130416,D,20091216,000000,60.2100000,63.8900000,60.0000000,63.2800000,287.418
20999_090101_130416,D,20091217,000000,63.2800000,63.6800000,59.2300000,60.4900000,395.522
20999_090101_130416,D,20091218,000000,61.0500000,65.0000000,59.9000000,64.0000000,534.668
20999_090101_130416,D,20091221,000000,64.5800000,67.3700000,62.5900000,67.0000000,254.495
20999_090101_130416,D,20091222,000000,66.4400000,71.2700000,65.5500000,68.0800000,1.128.206
20999_090101_130416,D,20091223,000000,68.9000000,70.7300000,64.5000000,65.4800000,103.577
20999_090101_130416,D,20091224,000000,65.0100000,65.0100000,61.0600000,62.7700000,43.973
20999_090101_130416,D,20091225,000000,63.2300000,64.3100000,60.9500000,64.0000000,58.199
20999_090101_130416,D,20091228,000000,64.1300000,64.1300000,62.5000000,63.0000000,14.703
20999_090101_130416,D,20091229,000000,62.3600000,64.9800000,60.0000000,62.8100000,123.735
20999_090101_130416,D,20091230,000000,63.2300000,63.2300000,61.1600000,61.7500000,14.914
20999_090101_130416,D,20091231,000000,62.3500000,62.6500000,61.4900000,62.1000000,34.060
20999_090101_130416,D,20100111,000000,63.0000000,64.0000000,61.2100000,63.5200000,36.172
20999_090101_130416,D,20100112,000000,63.8800000,71.9400000,63.7900000,70.3100000,456.433
20999_090101_130416,D,20100113,000000,69.8000000,82.9000000,67.3800000,67.7600000,2.225.491
20999_090101_130416,D,20100114,000000,68.8100000,74.0000000,68.0200000,73.9900000,1.148.124
20999_090101_130416,D,20100115,000000,73.9500000,78.9600000,72.0000000,73.6300000,1.018.760
20999_090101_130416,D,20100118,000000,72.8100000,78.9000000,71.5600000,72.9600000,1.500.326
20999_090101_130416,D,20100119,000000,72.8200000,73.3100000,69.9300000,72.0200000,663.578
20999_090101_130416,D,20100120,000000,72.5000000,72.5000000,69.9100000,70.6400000,150.873
20999_090101_130416,D,20100121,000000,70.7000000,71.2600000,69.8500000,70.0000000,112.959
20999_090101_130416,D,20100122,000000,70.0000000,71.0000000,67.1000000,69.6000000,214.695
20999_090101_130416,D,20100125,000000,69.4800000,75.0200000,69.4800000,74.3900000,483.882
20999_090101_130416,D,20100126,000000,73.8600000,74.8300000,70.0100000,74.7000000,133.327
20999_090101_130416,D,20100127,000000,74.3800000,76.3000000,72.0300000,74.0000000,203.371
20999_090101_130416,D,20100128,000000,74.0400000,77.6000000,73.9200000,74.0400000,199.260
20999_090101_130416,D,20100129,000000,73.8400000,74.5000000,70.0000000,71.4500000,294.228
20999_090101_130416,D,20100201,000000,71.2000000,72.8300000,70.0100000,72.7700000,60.343
20999_090101_130416,D,20100202,000000,72.8800000,73.6000000,70.7900000,71.4000000,123.368
20999_090101_130416,D,20100203,000000,71.4100000,73.0000000,68.5000000,70.8000000,380.800
20999_090101_130416,D,20100204,000000,70.9000000,71.8500000,69.6800000,69.6800000,23.006
20999_090101_130416,D,20100205,000000,70.0000000,70.4900000,67.3000000,69.2000000,95.942
20999_090101_130416,D,20100208,000000,69.5200000,70.5700000,67.0200000,68.0100000,28.674
20999_090101_130416,D,20100209,000000,68.5600000,69.9900000,67.3500000,68.7700000,16.971
20999_090101_130416,D,20100210,000000,69.6200000,69.8800000,66.9100000,67.7400000,55.524
20999_090101_130416,D,20100211,000000,67.8700000,69.3500000,67.5100000,68.4900000,8.718
20999_090101_130416,D,20100212,000000,68.5600000,69.9600000,66.1400000,66.5000000,31.737
20999_090101_130416,D,20100215,000000,66.9600000,67.5500000,66.0300000,66.7200000,23.670
20999_090101_130416,D,20100216,000000,67.0000000,69.0000000,66.8100000,68.3100000,39.597
20999_090101_130416,D,20100217,000000,68.3200000,69.9800000,68.3200000,69.0000000,31.361
20999_090101_130416,D,20100218,000000,68.9900000,69.1100000,66.9900000,67.7000000,49.191
20999_090101_130416,D,20100219,000000,67.2400000,69.8500000,66.5000000,69.0400000,51.905
20999_090101_130416,D,20100224,000000,68.8100000,68.8600000,66.8700000,67.5000000,50.719
20999_090101_130416,D,20100225,000000,67.8800000,67.8800000,64.1100000,65.8200000,52.500
20999_090101_130416,D,20100226,000000,65.9600000,67.4000000,65.8300000,66.9400000,15.145
20999_090101_130416,D,20100227,000000,66.9500000,72.9300000,66.9500000,71.0000000,152.568
20999_090101_130416,D,20100301,000000,71.3900000,73.7100000,69.6500000,72.4800000,555.329
20999_090101_130416,D,20100302,000000,72.5100000,75.5000000,66.8000000,67.3500000,1.841.406
20999_090101_130416,D,20100303,000000,67.4200000,68.3900000,66.5700000,68.0900000,78.101
20999_090101_130416,D,20100304,000000,67.9700000,68.3700000,66.9000000,67.6600000,58.388
20999_090101_130416,D,20100305,000000,67.7300000,69.0400000,67.1700000,68.2000000,70.079
20999_090101_130416,D,20100309,000000,68.7200000,68.9500000,67.6500000,68.1000000,53.737
20999_090101_130416,D,20100310,000000,67.9500000,68.9900000,67.0000000,67.4600000,53.091
20999_090101_130416,D,20100311,000000,68.4900000,68.4900000,67.0000000,67.4900000,9.933
20999_090101_130416,D,20100312,000000,67.6000000,69.1200000,67.6000000,68.2500000,47.451
20999_090101_130416,D,20100315,000000,68.4500000,68.4500000,66.5000000,66.5000000,230.903
20999_090101_130416,D,20100316,000000,66.8200000,67.4700000,66.6600000,67.3000000,40.653
20999_090101_130416,D,20100317,000000,67.7000000,68.9000000,67.3900000,68.0000000,83.978
20999_090101_130416,D,20100318,000000,68.0000000,72.4800000,67.0100000,68.8900000,373.838
20999_090101_130416,D,20100319,000000,69.0000000,69.2100000,67.7000000,68.0000000,61.806
20999_090101_130416,D,20100322,000000,67.7000000,68.0000000,67.0000000,67.7000000,65.011
20999_090101_130416,D,20100323,000000,67.9800000,68.0000000,67.0000000,67.8700000,53.936
20999_090101_130416,D,20100324,000000,67.9800000,67.9800000,65.0800000,65.9600000,261.926
20999_090101_130416,D,20100325,000000,66.0000000,66.4400000,64.9800000,65.8100000,188.341
20999_090101_130416,D,20100326,000000,65.9800000,66.3000000,64.9900000,65.7100000,81.780
20999_090101_130416,D,20100329,000000,65.7700000,65.9500000,64.9400000,65.8200000,38.366
20999_090101_130416,D,20100330,000000,65.8500000,69.0000000,65.4000000,67.0000000,203.486
20999_090101_130416,D,20100331,000000,67.0000000,67.8000000,66.5000000,66.9600000,64.773
20999_090101_130416,D,20100401,000000,67.0300000,69.2700000,66.8800000,67.9800000,150.946
20999_090101_130416,D,20100402,000000,67.2000000,68.0000000,67.1000000,67.8900000,37.962
20999_090101_130416,D,20100405,000000,67.8100000,68.7300000,67.1700000,67.5000000,73.359
20999_090101_130416,D,20100406,000000,67.5400000,67.8000000,66.6700000,67.6700000,63.321
20999_090101_130416,D,20100407,000000,67.4100000,67.6900000,66.0000000,66.4500000,81.465
20999_090101_130416,D,20100408,000000,66.4000000,67.3000000,65.5900000,67.2000000,67.122
20999_090101_130416,D,20100409,000000,67.2200000,68.3100000,67.0000000,67.8000000,109.510
20999_090101_130416,D,20100412,000000,68.5000000,68.5000000,67.3000000,67.7600000,72.790
20999_090101_130416,D,20100413,000000,67.7700000,69.3300000,66.8000000,67.0000000,318.550
20999_090101_130416,D,20100414,000000,67.2000000,68.5900000,67.0100000,67.9500000,142.475
20999_090101_130416,D,20100415,000000,68.0700000,68.6800000,67.2100000,67.8900000,96.225
20999_090101_130416,D,20100416,000000,67.8000000,67.8000000,66.5000000,66.9300000,65.773
20999_090101_130416,D,20100419,000000,66.5500000,66.8900000,64.0000000,66.0200000,103.784
20999_090101_130416,D,20100420,000000,66.1500000,67.5000000,65.6500000,66.3200000,354.845
20999_090101_130416,D,20100421,000000,66.4600000,66.9900000,62.6200000,62.9000000,554.651
20999_090101_130416,D,20100422,000000,63.5000000,63.5000000,61.8900000,62.4200000,149.516
20999_090101_130416,D,20100423,000000,62.2000000,65.0000000,62.2000000,63.2900000,571.404
20999_090101_130416,D,20100426,000000,63.8800000,66.0000000,63.3000000,64.0300000,750.459
20999_090101_130416,D,20100427,000000,64.0600000,66.5000000,59.0600000,60.2100000,1.229.145
20999_090101_130416,D,20100428,000000,59.8500000,59.8500000,56.5000000,56.5000000,620.311
20999_090101_130416,D,20100429,000000,57.5100000,58.5900000,56.0500000,58.0800000,101.496
20999_090101_130416,D,20100430,000000,58.3800000,58.9000000,55.0000000,58.0000000,124.312
20999_090101_130416,D,20100504,000000,58.1500000,58.5300000,55.7500000,56.9900000,142.364
20999_090101_130416,D,20100505,000000,57.0000000,65.0000000,56.1200000,60.0000000,186.943
20999_090101_130416,D,20100506,000000,60.0000000,60.0000000,57.0500000,58.0000000,42.840
20999_090101_130416,D,20100507,000000,56.7700000,58.1200000,55.0000000,55.5300000,105.054
20999_090101_130416,D,20100511,000000,57.0200000,58.4500000,56.9500000,57.8600000,132.465
20999_090101_130416,D,20100512,000000,57.4300000,58.9900000,57.3400000,58.5400000,54.135
20999_090101_130416,D,20100513,000000,58.9400000,60.0000000,56.9500000,57.9400000,121.788
20999_090101_130416,D,20100514,000000,57.9000000,58.4900000,56.0000000,57.0000000,53.193
20999_090101_130416,D,20100517,000000,56.8800000,61.0000000,55.7000000,58.0000000,521.799
20999_090101_130416,D,20100518,000000,58.3800000,61.4700000,57.5500000,59.9900000,379.866
20999_090101_130416,D,20100519,000000,59.9900000,60.2300000,52.4100000,53.0000000,1.394.117
20999_090101_130416,D,20100520,000000,53.0100000,54.1500000,49.7000000,51.0000000,548.511
20999_090101_130416,D,20100521,000000,51.2200000,51.8900000,49.6500000,51.6200000,81.934
20999_090101_130416,D,20100524,000000,51.7000000,52.9900000,50.1500000,51.7700000,47.589
20999_090101_130416,D,20100525,000000,49.8200000,50.6000000,48.5200000,48.5900000,65.428
20999_090101_130416,D,20100526,000000,50.2600000,51.4000000,49.5800000,51.2900000,43.369
20999_090101_130416,D,20100527,000000,51.3000000,52.0000000,50.9000000,51.6400000,14.983
20999_090101_130416,D,20100528,000000,51.7200000,52.6100000,50.9200000,52.0000000,34.022
20999_090101_130416,D,20100531,000000,52.2000000,52.6000000,50.2400000,51.9800000,91.567
20999_090101_130416,D,20100601,000000,51.4400000,52.4000000,50.2300000,52.4000000,57.760
20999_090101_130416,D,20100602,000000,51.9200000,53.6000000,51.2400000,53.4000000,55.700
20999_090101_130416,D,20100603,000000,53.4200000,54.2400000,53.2500000,53.6000000,78.013
20999_090101_130416,D,20100604,000000,53.7400000,55.2900000,52.9000000,53.0000000,83.378
20999_090101_130416,D,20100607,000000,52.6900000,53.4300000,50.6900000,53.0000000,23.607
20999_090101_130416,D,20100608,000000,53.1100000,53.3000000,50.9300000,51.9400000,13.364
20999_090101_130416,D,20100609,000000,52.2600000,53.0000000,51.5900000,52.8900000,24.546
20999_090101_130416,D,20100610,000000,53.0400000,53.0400000,51.9600000,52.8300000,10.883
20999_090101_130416,D,20100611,000000,52.8600000,54.4000000,52.1800000,52.9700000,45.964
20999_090101_130416,D,20100615,000000,53.0700000,54.3100000,52.6500000,53.9100000,32.343
20999_090101_130416,D,20100616,000000,53.9100000,55.1000000,53.5100000,54.0100000,93.561
20999_090101_130416,D,20100617,000000,54.1000000,54.7500000,52.6300000,52.7500000,36.941
20999_090101_130416,D,20100618,000000,53.0700000,53.7000000,52.5000000,53.3800000,43.672
20999_090101_130416,D,20100621,000000,53.6900000,55.0000000,53.0000000,54.5000000,115.091
20999_090101_130416,D,20100622,000000,54.1900000,54.6500000,54.0000000,54.4900000,32.072
20999_090101_130416,D,20100623,000000,54.0000000,55.5000000,53.1400000,54.5200000,44.020
20999_090101_130416,D,20100624,000000,54.7500000,55.3300000,51.7500000,52.2400000,112.117
20999_090101_130416,D,20100625,000000,52.1000000,52.8900000,51.0000000,51.4000000,94.682
20999_090101_130416,D,20100628,000000,51.4300000,54.3500000,51.4300000,53.1600000,36.915
20999_090101_130416,D,20100629,000000,53.4400000,55.0000000,52.3200000,54.5000000,194.128
20999_090101_130416,D,20100630,000000,54.4900000,55.7400000,52.0300000,53.5000000,21.093
20999_090101_130416,D,20100701,000000,53.4400000,53.4400000,49.5000000,49.8000000,200.073
20999_090101_130416,D,20100702,000000,50.0700000,50.7000000,49.8000000,50.0200000,15.680
20999_090101_130416,D,20100705,000000,50.2500000,50.8000000,49.9900000,50.2500000,120.270
20999_090101_130416,D,20100706,000000,50.4500000,54.2300000,50.4500000,52.9900000,108.746
20999_090101_130416,D,20100707,000000,52.6900000,55.5500000,50.4000000,54.9900000,57.307
20999_090101_130416,D,20100708,000000,55.1600000,55.1600000,53.6600000,54.1100000,21.746
20999_090101_130416,D,20100709,000000,53.9000000,54.9700000,53.3200000,54.5000000,54.137
20999_090101_130416,D,20100712,000000,54.1100000,55.7100000,54.0000000,54.7000000,117.747
20999_090101_130416,D,20100713,000000,54.5700000,55.1600000,53.9900000,55.1400000,59.819
20999_090101_130416,D,20100714,000000,54.8400000,59.0000000,53.0100000,55.8000000,876.649
20999_090101_130416,D,20100715,000000,54.5000000,56.0000000,53.9400000,54.4500000,840.501
20999_090101_130416,D,20100716,000000,54.5000000,55.4100000,53.9900000,54.3800000,191.430
20999_090101_130416,D,20100719,000000,54.4200000,57.0000000,54.4200000,55.5000000,240.127
20999_090101_130416,D,20100720,000000,55.9000000,56.0000000,51.5600000,53.2400000,87.434
20999_090101_130416,D,20100721,000000,53.4400000,58.8500000,53.4400000,56.8800000,1.260.608
20999_090101_130416,D,20100722,000000,56.8200000,62.7000000,55.3000000,59.8700000,1.232.446
20999_090101_130416,D,20100723,000000,60.0000000,60.3800000,57.1500000,57.8700000,505.781
20999_090101_130416,D,20100726,000000,59.0000000,59.0000000,56.5100000,58.2800000,248.274
20999_090101_130416,D,20100727,000000,58.2700000,58.5800000,57.0000000,57.7000000,40.629
20999_090101_130416,D,20100728,000000,57.8600000,58.1100000,56.2300000,56.3500000,106.078
20999_090101_130416,D,20100729,000000,56.8000000,57.2000000,55.5800000,56.3700000,97.013
20999_090101_130416,D,20100730,000000,56.0000000,56.1900000,54.7600000,55.7000000,14.405
20999_090101_130416,D,20100802,000000,55.7200000,58.0000000,55.7200000,57.5000000,199.476
20999_090101_130416,D,20100803,000000,57.2900000,58.6000000,55.9800000,56.2000000,78.945
20999_090101_130416,D,20100804,000000,56.6300000,58.2900000,56.1100000,57.6000000,439.032
20999_090101_130416,D,20100805,000000,57.5000000,58.2400000,56.0000000,56.8000000,81.703
20999_090101_130416,D,20100806,000000,56.8000000,57.3300000,55.0600000,55.6500000,41.164
20999_090101_130416,D,20100809,000000,56.5800000,56.6000000,55.9000000,56.3000000,9.375
20999_090101_130416,D,20100810,000000,56.0000000,56.4600000,55.3300000,55.6800000,24.861
20999_090101_130416,D,20100811,000000,55.6400000,55.7000000,54.5000000,55.2600000,19.957
20999_090101_130416,D,20100812,000000,54.7700000,58.0000000,54.3400000,55.4500000,93.414
20999_090101_130416,D,20100813,000000,55.3100000,57.3100000,54.9900000,55.0000000,45.201
20999_090101_130416,D,20100816,000000,54.8300000,55.2400000,54.2200000,54.6200000,26.561
20999_090101_130416,D,20100817,000000,54.7000000,55.4500000,54.5100000,55.2300000,19.943
20999_090101_130416,D,20100818,000000,55.2500000,55.5000000,54.5000000,55.0500000,27.541
20999_090101_130416,D,20100819,000000,55.0000000,55.7400000,54.6000000,54.7700000,7.297
20999_090101_130416,D,20100820,000000,54.6200000,55.1900000,51.9900000,55.0100000,75.983
20999_090101_130416,D,20100823,000000,54.1800000,55.0000000,53.1400000,54.4000000,23.428
20999_090101_130416,D,20100824,000000,54.2500000,54.3000000,51.5000000,51.8800000,191.318
20999_090101_130416,D,20100825,000000,51.8800000,52.6400000,48.7100000,50.0000000,310.524
20999_090101_130416,D,20100826,000000,50.3300000,51.2000000,48.8000000,49.9800000,163.474
20999_090101_130416,D,20100827,000000,49.8200000,49.8200000,48.5000000,49.5600000,72.194
20999_090101_130416,D,20100830,000000,49.7500000,50.2900000,49.3100000,49.5600000,38.417
20999_090101_130416,D,20100831,000000,48.9900000,49.7100000,48.8300000,49.6600000,61.640
20999_090101_130416,D,20100901,000000,49.4100000,51.0000000,49.1300000,50.7800000,62.223
20999_090101_130416,D,20100902,000000,50.7800000,50.9900000,49.9000000,50.4900000,56.758
20999_090101_130416,D,20100903,000000,50.5000000,50.5300000,49.5000000,49.9800000,88.659
20999_090101_130416,D,20100906,000000,50.1400000,51.7000000,49.0100000,51.4900000,100.845
20999_090101_130416,D,20100907,000000,50.9000000,51.4900000,49.5200000,49.8400000,82.247
20999_090101_130416,D,20100908,000000,50.0000000,53.0000000,50.0000000,51.7000000,235.002
20999_090101_130416,D,20100909,000000,52.3000000,55.1900000,50.5000000,54.5000000,401.992
20999_090101_130416,D,20100910,000000,54.4900000,57.1000000,54.1100000,56.5700000,216.189
20999_090101_130416,D,20100913,000000,57.0700000,58.0000000,54.5100000,55.5500000,111.831
20999_090101_130416,D,20100914,000000,55.6500000,55.7000000,54.2300000,54.5300000,64.494
20999_090101_130416,D,20100915,000000,54.4000000,55.5000000,52.5100000,53.0400000,81.061
20999_090101_130416,D,20100916,000000,53.4500000,54.3900000,53.0000000,54.0100000,47.011
20999_090101_130416,D,20100917,000000,54.0100000,55.7100000,54.0100000,55.4800000,57.900
20999_090101_130416,D,20100920,000000,55.4900000,57.5500000,54.5700000,56.9900000,138.059
20999_090101_130416,D,20100921,000000,57.1200000,57.9800000,56.8000000,57.6800000,59.182
20999_090101_130416,D,20100922,000000,57.6000000,58.1200000,55.8000000,57.3500000,81.297
20999_090101_130416,D,20100923,000000,57.3500000,57.4000000,54.9900000,56.1900000,125.031
20999_090101_130416,D,20100924,000000,56.0000000,57.7800000,55.9700000,57.2300000,85.820
20999_090101_130416,D,20100927,000000,57.4400000,60.4400000,57.4400000,58.3600000,275.831
20999_090101_130416,D,20100928,000000,58.5800000,58.9000000,55.0300000,56.9900000,124.789
20999_090101_130416,D,20100929,000000,57.2300000,59.5000000,57.2100000,58.5600000,52.960
20999_090101_130416,D,20100930,000000,58.1300000,61.1500000,57.7400000,59.4500000,141.472
20999_090101_130416,D,20101001,000000,59.5000000,60.6600000,59.0400000,59.7500000,34.740
20999_090101_130416,D,20101004,000000,59.9600000,60.9400000,59.5300000,60.5300000,44.917
20999_090101_130416,D,20101005,000000,60.6200000,61.0000000,58.8100000,59.9900000,58.108
20999_090101_130416,D,20101006,000000,60.0100000,60.5000000,58.7600000,59.7500000,48.047
20999_090101_130416,D,20101007,000000,60.0800000,61.1500000,58.9700000,60.6700000,147.879
20999_090101_130416,D,20101008,000000,60.2200000,61.9900000,58.9500000,60.2000000,86.238
20999_090101_130416,D,20101011,000000,60.0600000,61.4000000,59.9900000,60.5500000,78.008
20999_090101_130416,D,20101012,000000,60.9000000,62.8000000,60.4500000,61.4900000,103.736
20999_090101_130416,D,20101013,000000,61.6700000,62.9300000,61.6700000,62.4700000,39.739
20999_090101_130416,D,20101014,000000,62.2000000,62.9800000,61.0000000,61.5000000,31.314
20999_090101_130416,D,20101015,000000,61.6200000,62.6800000,61.1800000,61.3900000,22.831
20999_090101_130416,D,20101018,000000,61.3500000,62.4500000,60.2200000,61.7600000,30.587
20999_090101_130416,D,20101019,000000,62.4900000,62.4900000,60.2700000,60.4000000,36.222
20999_090101_130416,D,20101020,000000,60.8100000,60.8100000,57.6000000,58.4900000,53.693
20999_090101_130416,D,20101021,000000,58.5100000,58.9800000,56.9000000,58.9300000,55.852
20999_090101_130416,D,20101022,000000,58.9500000,59.7000000,57.2000000,57.9000000,45.429
20999_090101_130416,D,20101025,000000,58.1200000,59.0500000,57.4000000,58.1200000,24.032
20999_090101_130416,D,20101026,000000,58.1200000,58.1200000,57.4700000,57.7600000,7.943
20999_090101_130416,D,20101027,000000,57.6800000,58.0000000,56.0300000,58.0000000,56.240
20999_090101_130416,D,20101028,000000,58.3500000,59.6600000,57.1000000,58.9800000,51.294
20999_090101_130416,D,20101029,000000,59.0900000,60.0000000,57.7000000,58.8100000,9.374
20999_090101_130416,D,20101101,000000,58.9400000,60.0000000,58.5100000,58.6000000,26.015
20999_090101_130416,D,20101102,000000,58.6000000,58.9900000,57.3200000,58.1200000,12.339
20999_090101_130416,D,20101103,000000,58.1200000,59.2000000,57.9900000,59.1900000,28.539
20999_090101_130416,D,20101108,000000,59.2700000,60.3000000,58.9100000,59.9700000,47.251
20999_090101_130416,D,20101109,000000,59.7400000,61.0000000,58.9400000,60.0000000,94.041
20999_090101_130416,D,20101110,000000,60.2000000,60.7500000,58.9300000,59.5000000,28.407
20999_090101_130416,D,20101111,000000,59.5000000,59.9000000,57.6500000,58.0000000,49.403
20999_090101_130416,D,20101112,000000,57.7800000,57.8100000,57.4600000,57.4600000,19.495
20999_090101_130416,D,20101113,000000,57.5100000,58.4800000,57.3500000,58.4700000,18.419
20999_090101_130416,D,20101115,000000,58.5000000,58.9500000,58.3000000,58.8300000,15.447
20999_090101_130416,D,20101116,000000,58.4800000,58.4800000,56.4600000,57.0700000,210.970
20999_090101_130416,D,20101117,000000,57.0600000,58.3900000,55.4900000,57.1900000,95.929
20999_090101_130416,D,20101118,000000,57.2100000,58.0000000,56.6500000,57.6200000,21.457
20999_090101_130416,D,20101119,000000,57.6300000,57.8500000,57.0000000,57.2000000,17.141
20999_090101_130416,D,20101122,000000,57.2300000,58.3300000,57.2300000,57.6600000,30.419
20999_090101_130416,D,20101123,000000,57.2300000,57.3700000,55.2300000,55.6600000,186.900
20999_090101_130416,D,20101124,000000,56.0000000,56.6500000,55.7600000,56.6200000,17.936
20999_090101_130416,D,20101125,000000,56.7700000,57.5000000,56.4500000,57.4500000,28.345
20999_090101_130416,D,20101126,000000,57.2300000,57.4900000,55.9900000,56.3000000,31.122
20999_090101_130416,D,20101129,000000,56.3000000,56.8300000,55.9800000,55.9800000,14.783
20999_090101_130416,D,20101130,000000,56.3400000,56.5600000,56.0100000,56.3400000,3.628
20999_090101_130416,D,20101201,000000,56.5000000,57.5000000,56.5000000,57.0000000,13.324
20999_090101_130416,D,20101202,000000,57.2200000,61.8000000,57.2200000,59.4500000,273.712
20999_090101_130416,D,20101203,000000,59.7400000,61.0000000,59.4400000,59.5900000,228.373
20999_090101_130416,D,20101206,000000,60.1900000,60.5500000,59.5000000,60.0100000,100.744
20999_090101_130416,D,20101207,000000,60.2900000,63.5000000,60.2900000,62.1000000,389.972
20999_090101_130416,D,20101208,000000,62.3500000,63.2300000,61.5000000,62.0100000,176.620
20999_090101_130416,D,20101209,000000,62.3500000,62.9900000,61.9000000,62.2400000,20.711
20999_090101_130416,D,20101210,000000,62.2100000,62.8000000,61.4900000,62.8000000,77.494
20999_090101_130416,D,20101213,000000,62.8400000,63.3300000,62.1100000,63.3200000,53.562
20999_090101_130416,D,20101214,000000,62.8400000,63.4700000,62.5000000,63.3300000,88.608
20999_090101_130416,D,20101215,000000,63.0000000,65.8900000,63.0000000,64.9500000,272.942
20999_090101_130416,D,20101216,000000,65.0000000,65.5000000,63.5300000,64.4200000,107.802
20999_090101_130416,D,20101217,000000,64.1800000,67.6600000,64.0100000,67.5000000,490.096
20999_090101_130416,D,20101220,000000,67.6600000,69.6600000,64.0000000,68.6000000,246.065
20999_090101_130416,D,20101221,000000,68.7200000,72.4000000,68.6100000,70.3000000,150.151
20999_090101_130416,D,20101222,000000,70.6500000,72.1000000,70.6500000,71.9900000,104.796
20999_090101_130416,D,20101223,000000,71.4600000,73.3900000,70.6700000,71.9200000,88.299
20999_090101_130416,D,20101224,000000,72.0300000,77.2200000,71.1700000,76.0000000,499.612
20999_090101_130416,D,20101227,000000,76.1300000,80.5100000,75.0000000,79.3700000,346.313
20999_090101_130416,D,20101228,000000,79.2000000,81.6900000,79.2000000,81.0800000,223.203
20999_090101_130416,D,20101229,000000,81.1700000,82.5200000,81.1700000,81.9900000,143.146
20999_090101_130416,D,20101230,000000,81.2400000,81.2400000,75.0000000,80.0800000,244.946
20999_090101_130416,D,20110111,000000,80.0500000,82.0000000,78.2700000,82.0000000,51.356
20999_090101_130416,D,20110112,000000,81.5600000,85.1300000,81.0700000,84.9100000,96.925
20999_090101_130416,D,20110113,000000,86.1500000,89.9700000,85.2400000,86.5500000,317.584
20999_090101_130416,D,20110114,000000,87.3800000,88.5800000,87.0000000,87.7500000,240.360
20999_090101_130416,D,20110117,000000,88.1500000,98.9800000,88.0100000,94.3500000,467.148
20999_090101_130416,D,20110118,000000,95.0000000,97.1700000,92.6100000,94.4000000,323.509
20999_090101_130416,D,20110119,000000,94.9200000,97.9700000,94.3000000,97.3600000,163.984
20999_090101_130416,D,20110120,000000,96.7900000,98.0000000,93.2100000,96.1800000,79.711
20999_090101_130416,D,20110121,000000,96.4100000,97.4000000,94.4900000,96.1900000,45.319
20999_090101_130416,D,20110124,000000,96.0800000,98.1500000,95.0000000,97.7700000,105.625
20999_090101_130416,D,20110125,000000,97.7000000,97.9000000,95.5000000,97.0000000,35.902
20999_090101_130416,D,20110126,000000,101.0000000,103.0000000,98.4900000,98.8000000,620.917
20999_090101_130416,D,20110127,000000,99.9600000,100.6700000,98.0000000,99.6600000,212.041
20999_090101_130416,D,20110128,000000,99.4100000,99.7500000,98.0000000,98.6500000,356.168
20999_090101_130416,D,20110131,000000,98.4300000,98.4300000,95.3000000,95.3000000,46.371
20999_090101_130416,D,20110201,000000,96.7600000,98.9300000,96.3000000,98.6200000,717.768
20999_090101_130416,D,20110202,000000,98.8700000,99.8900000,97.8900000,98.3000000,160.956
20999_090101_130416,D,20110203,000000,98.7000000,98.9300000,98.0000000,98.5900000,226.586
20999_090101_130416,D,20110204,000000,98.2200000,98.2200000,95.8700000,96.5400000,109.691
20999_090101_130416,D,20110207,000000,96.1300000,96.1300000,91.3300000,91.7900000,413.680
20999_090101_130416,D,20110208,000000,92.2700000,92.2700000,87.0800000,88.0000000,164.391
20999_090101_130416,D,20110209,000000,87.5000000,87.6900000,80.9000000,84.2500000,454.166
20999_090101_130416,D,20110210,000000,76.6700000,81.9900000,76.6700000,80.0000000,603.601
20999_090101_130416,D,20110211,000000,79.0000000,81.9500000,78.9900000,81.4500000,236.329
20999_090101_130416,D,20110214,000000,81.5600000,83.1600000,80.1500000,81.2500000,182.258
20999_090101_130416,D,20110215,000000,81.2400000,81.4800000,79.3900000,79.9900000,123.453
20999_090101_130416,D,20110216,000000,80.3300000,81.2000000,79.1000000,81.0000000,88.260
20999_090101_130416,D,20110217,000000,81.2000000,81.5000000,79.9900000,81.0000000,155.292
20999_090101_130416,D,20110218,000000,80.9900000,82.8000000,80.6100000,82.7900000,33.394
20999_090101_130416,D,20110221,000000,82.2000000,83.5500000,81.2100000,83.3000000,57.131
20999_090101_130416,D,20110222,000000,83.3400000,84.0400000,81.5500000,82.0100000,69.884
20999_090101_130416,D,20110224,000000,81.9400000,81.9400000,80.0000000,80.9200000,270.806
20999_090101_130416,D,20110225,000000,80.5600000,84.5000000,80.5500000,84.1400000,67.103
20999_090101_130416,D,20110228,000000,84.0000000,84.7000000,82.9900000,84.6500000,72.311
20999_090101_130416,D,20110301,000000,83.0100000,88.0500000,83.0100000,85.4100000,31.200
20999_090101_130416,D,20110302,000000,85.1000000,85.9900000,84.0100000,85.4000000,152.600
20999_090101_130416,D,20110303,000000,85.9200000,85.9200000,85.0100000,85.2800000,11.600
20999_090101_130416,D,20110304,000000,82.4500000,85.8600000,82.4300000,85.5000000,101.200
20999_090101_130416,D,20110305,000000,85.5000000,85.5000000,85.0000000,85.4800000,11.100
20999_090101_130416,D,20110309,000000,84.6200000,84.9500000,83.7400000,84.8900000,205.200
20999_090101_130416,D,20110310,000000,84.0200000,85.0100000,83.7400000,83.7400000,106.100
20999_090101_130416,D,20110311,000000,83.6700000,83.6700000,80.0100000,83.3000000,31.100
20999_090101_130416,D,20110314,000000,82.5200000,86.0000000,82.5000000,84.9000000,104.300
20999_090101_130416,D,20110315,000000,83.9100000,84.4400000,82.0800000,83.0000000,85.200
20999_090101_130416,D,20110316,000000,81.2200000,84.1900000,81.2200000,83.0000000,45.600
20999_090101_130416,D,20110317,000000,83.5000000,84.0000000,81.0000000,83.1000000,85.800
20999_090101_130416,D,20110318,000000,83.5000000,85.0000000,83.5000000,84.0000000,38.000
20999_090101_130416,D,20110321,000000,84.5000000,84.5700000,83.3100000,84.5000000,26.000
20999_090101_130416,D,20110322,000000,84.0700000,84.5000000,83.0000000,84.0000000,37.000
20999_090101_130416,D,20110323,000000,83.0100000,85.0800000,83.0100000,83.9800000,48.300
20999_090101_130416,D,20110324,000000,84.1200000,84.3000000,84.1000000,84.2000000,2.900
20999_090101_130416,D,20110325,000000,84.2000000,85.0000000,83.5000000,84.3000000,80.800
20999_090101_130416,D,20110328,000000,84.1000000,85.0000000,84.0000000,84.6700000,11.100
20999_090101_130416,D,20110329,000000,83.9900000,84.5100000,83.8000000,83.8000000,15.200
20999_090101_130416,D,20110330,000000,84.3800000,86.7300000,83.8900000,85.6300000,145.900
20999_090101_130416,D,20110331,000000,85.3600000,89.0000000,85.3600000,89.0000000,134.200
20999_090101_130416,D,20110401,000000,89.9000000,93.2500000,89.5000000,92.6900000,216.400
20999_090101_130416,D,20110404,000000,92.5800000,94.9900000,91.9300000,92.3000000,43.800
20999_090101_130416,D,20110405,000000,93.0600000,98.0000000,92.7000000,96.0000000,325.200
20999_090101_130416,D,20110406,000000,96.0000000,96.5000000,94.5700000,95.0800000,211.400
20999_090101_130416,D,20110407,000000,95.0300000,97.8900000,94.3000000,95.7000000,175.400
20999_090101_130416,D,20110408,000000,95.8000000,96.0000000,95.1100000,95.1400000,50.300
20999_090101_130416,D,20110411,000000,95.9600000,96.1000000,94.3000000,95.0000000,107.900
20999_090101_130416,D,20110412,000000,94.0000000,95.1600000,90.0100000,90.9400000,365.700
20999_090101_130416,D,20110413,000000,91.0000000,93.0000000,90.0000000,91.0300000,47.900
20999_090101_130416,D,20110414,000000,90.0100000,90.6400000,87.0000000,87.9100000,88.200
20999_090101_130416,D,20110415,000000,86.0100000,89.0100000,86.0100000,88.5000000,76.700
20999_090101_130416,D,20110418,000000,88.1100000,88.9800000,83.3900000,84.5000000,135.200
20999_090101_130416,D,20110419,000000,83.5000000,84.9300000,83.0700000,84.9300000,10.700
20999_090101_130416,D,20110420,000000,85.0100000,87.7600000,85.0100000,86.9500000,27.300
20999_090101_130416,D,20110421,000000,87.0000000,89.0100000,87.0000000,88.0000000,79.200
20999_090101_130416,D,20110422,000000,87.0600000,87.5800000,85.0300000,87.0000000,16.700
20999_090101_130416,D,20110425,000000,86.2200000,89.3500000,86.1900000,88.0000000,71.800
20999_090101_130416,D,20110426,000000,87.7300000,88.9900000,87.7300000,88.9900000,14.300
20999_090101_130416,D,20110427,000000,88.1200000,89.5000000,87.7000000,89.5000000,7.600
20999_090101_130416,D,20110428,000000,88.3800000,88.4000000,88.0000000,88.0000000,41.900
20999_090101_130416,D,20110429,000000,87.7100000,88.0000000,87.2000000,87.9100000,12.200
20999_090101_130416,D,20110503,000000,87.9900000,88.0000000,86.3100000,87.9000000,94.000
20999_090101_130416,D,20110504,000000,86.3500000,86.3500000,83.8400000,83.9600000,16.800
20999_090101_130416,D,20110505,000000,83.5100000,85.2600000,82.0000000,83.1400000,137.700
20999_090101_130416,D,20110506,000000,82.4200000,84.0100000,82.0000000,84.0100000,77.800
20999_090101_130416,D,20110510,000000,84.0000000,86.1900000,84.0000000,85.0100000,7.200
20999_090101_130416,D,20110511,000000,85.1000000,85.1000000,82.0100000,82.0100000,37.100
20999_090101_130416,D,20110512,000000,82.0100000,82.2900000,80.3700000,81.6100000,15.000
20999_090101_130416,D,20110513,000000,81.1900000,81.1900000,80.4900000,80.5000000,17.300
20999_090101_130416,D,20110516,000000,79.0000000,80.4800000,77.4000000,80.2200000,17.700
20999_090101_130416,D,20110517,000000,78.0100000,79.9900000,78.0100000,79.0000000,17.900
20999_090101_130416,D,20110518,000000,79.0600000,79.0600000,77.8300000,78.8700000,19.600
20999_090101_130416,D,20110519,000000,78.8900000,79.0600000,75.0200000,78.2400000,45.000
20999_090101_130416,D,20110520,000000,78.5000000,78.9900000,76.8000000,76.9400000,7.300
20999_090101_130416,D,20110523,000000,75.5400000,78.0000000,72.0500000,74.2400000,42.700
20999_090101_130416,D,20110524,000000,75.0000000,76.9900000,68.0800000,74.3300000,71.000
20999_090101_130416,D,20110525,000000,74.4800000,74.4900000,74.4800000,74.4900000,1.500
20999_090101_130416,D,20110526,000000,74.4000000,74.7000000,74.0000000,74.0000000,64.200
20999_090101_130416,D,20110527,000000,74.0100000,74.7000000,72.3700000,74.6900000,25.700
20999_090101_130416,D,20110530,000000,74.7000000,74.7000000,72.5000000,72.9600000,12.200
20999_090101_130416,D,20110531,000000,72.4800000,72.6600000,71.3900000,72.0000000,57.600
20999_090101_130416,D,20110601,000000,71.6500000,73.6100000,67.0000000,72.0300000,100.300
20999_090101_130416,D,20110602,000000,69.0200000,74.0000000,69.0000000,73.0100000,57.100
20999_090101_130416,D,20110603,000000,72.5000000,72.5000000,71.0200000,71.0200000,8.600
20999_090101_130416,D,20110606,000000,71.1000000,71.2100000,71.0000000,71.2100000,3.300
20999_090101_130416,D,20110607,000000,71.8000000,74.9700000,71.8000000,72.9900000,6.600
20999_090101_130416,D,20110608,000000,73.0100000,74.0000000,72.6300000,73.6000000,6.800
20999_090101_130416,D,20110609,000000,73.9900000,74.0000000,71.8000000,72.8000000,19.400
20999_090101_130416,D,20110610,000000,73.9900000,74.5000000,72.2800000,73.2500000,39.900
20999_090101_130416,D,20110614,000000,73.7500000,73.7500000,73.0000000,73.0100000,19.200
20999_090101_130416,D,20110615,000000,73.0100000,73.4400000,73.0100000,73.1000000,6.900
20999_090101_130416,D,20110616,000000,73.1000000,73.1000000,73.1000000,73.1000000,200
20999_090101_130416,D,20110617,000000,73.3000000,73.3000000,72.6000000,72.6000000,11.900
20999_090101_130416,D,20110620,000000,72.7500000,73.0000000,72.0000000,72.0000000,14.400
20999_090101_130416,D,20110622,000000,72.5200000,72.6400000,72.0500000,72.1200000,12.400
20999_090101_130416,D,20110623,000000,72.0000000,72.2000000,71.1200000,71.1200000,4.200
20999_090101_130416,D,20110624,000000,71.5000000,72.0000000,69.2100000,72.0000000,15.700
20999_090101_130416,D,20110627,000000,71.5100000,71.7000000,71.0000000,71.5100000,27.200
20999_090101_130416,D,20110628,000000,71.5100000,71.9000000,71.5100000,71.9000000,13.200
20999_090101_130416,D,20110629,000000,72.7700000,73.0000000,72.7700000,73.0000000,3.700
20999_090101_130416,D,20110630,000000,72.5000000,72.9900000,71.4900000,72.9900000,39.100
20999_090101_130416,D,20110701,000000,72.9800000,74.4900000,72.9800000,72.9900000,16.000
20999_090101_130416,D,20110704,000000,71.7200000,76.3000000,71.5700000,74.6100000,80.100
20999_090101_130416,D,20110705,000000,74.0000000,74.8000000,73.9800000,73.9800000,5.000
20999_090101_130416,D,20110706,000000,72.2600000,75.3000000,72.2000000,75.2000000,23.700
20999_090101_130416,D,20110707,000000,75.4900000,81.9800000,75.4900000,78.8400000,38.400
20999_090101_130416,D,20110708,000000,79.2900000,80.0000000,78.0800000,78.9000000,12.400
20999_090101_130416,D,20110711,000000,78.5800000,78.9000000,77.8800000,78.6300000,42.700
20999_090101_130416,D,20110712,000000,78.6900000,80.0000000,78.0000000,79.5300000,150.200
20999_090101_130416,D,20110713,000000,80.3700000,81.2900000,78.5000000,78.5000000,13.600
20999_090101_130416,D,20110714,000000,79.0000000,79.1400000,79.0000000,79.1400000,7.700
20999_090101_130416,D,20110715,000000,78.6300000,79.3800000,78.6000000,79.0000000,5.200
20999_090101_130416,D,20110718,000000,79.8700000,80.0000000,78.8800000,78.8800000,7.900
20999_090101_130416,D,20110719,000000,78.0200000,79.5000000,77.0300000,79.0000000,20.500
20999_090101_130416,D,20110720,000000,79.5000000,80.9900000,79.5000000,80.6300000,2.200
20999_090101_130416,D,20110721,000000,81.0700000,81.0700000,80.0000000,81.0000000,9.600
20999_090101_130416,D,20110722,000000,81.2100000,82.0500000,80.5000000,82.0200000,4.400
20999_090101_130416,D,20110725,000000,81.9400000,84.9900000,81.9400000,84.4900000,12.800
20999_090101_130416,D,20110726,000000,85.0000000,85.1100000,83.0000000,83.0300000,12.400
20999_090101_130416,D,20110727,000000,83.0000000,83.0000000,82.6100000,82.7000000,5.900
20999_090101_130416,D,20110728,000000,82.9000000,83.7500000,82.9000000,83.3100000,28.300
20999_090101_130416,D,20110729,000000,83.3000000,83.3100000,82.6000000,83.0000000,30.100
20999_090101_130416,D,20110801,000000,83.9000000,84.3500000,83.4900000,83.4900000,2.800
20999_090101_130416,D,20110802,000000,83.4700000,84.7100000,83.4700000,84.0000000,19.400
20999_090101_130416,D,20110803,000000,83.9400000,84.0200000,83.5000000,83.5000000,54.500
20999_090101_130416,D,20110804,000000,82.2000000,85.7900000,82.0000000,82.8800000,25.200
20999_090101_130416,D,20110805,000000,77.8800000,80.0100000,77.0000000,79.3400000,25.600
20999_090101_130416,D,20110808,000000,78.9900000,79.0000000,78.0000000,78.0000000,24.000
20999_090101_130416,D,20110809,000000,73.0000000,77.9600000,67.5300000,72.3100000,219.100
20999_090101_130416,D,20110810,000000,72.8700000,73.7700000,68.7300000,71.5100000,38.300
20999_090101_130416,D,20110811,000000,83.1500000,83.1500000,56.7000000,67.9400000,50.000
20999_090101_130416,D,20110812,000000,69.5800000,73.9900000,67.1600000,72.0000000,84.300
20999_090101_130416,D,20110815,000000,76.9900000,76.9900000,73.2300000,74.0000000,18.800
20999_090101_130416,D,20110816,000000,72.2800000,76.0200000,72.2800000,75.5200000,19.100
20999_090101_130416,D,20110817,000000,76.4900000,76.5000000,75.5200000,76.4800000,4.900
20999_090101_130416,D,20110818,000000,75.7800000,79.0000000,73.9900000,74.3300000,73.600
20999_090101_130416,D,20110819,000000,74.8400000,76.1400000,74.8400000,75.0000000,8.000
20999_090101_130416,D,20110822,000000,74.0300000,74.5000000,74.0000000,74.4900000,5.400
20999_090101_130416,D,20110823,000000,76.7400000,77.0000000,75.0000000,75.7600000,9.100
20999_090101_130416,D,20110824,000000,75.6000000,79.0000000,74.7500000,78.9500000,26.500
20999_090101_130416,D,20110825,000000,78.2500000,80.0100000,76.9500000,78.0000000,18.600
20999_090101_130416,D,20110826,000000,75.1900000,76.8200000,74.9900000,76.8200000,11.000
20999_090101_130416,D,20110829,000000,79.0200000,79.0200000,78.1000000,78.1000000,11.100
20999_090101_130416,D,20110830,000000,78.6000000,80.0000000,75.0000000,79.3100000,26.100
20999_090101_130416,D,20110831,000000,79.6100000,79.6100000,79.0600000,79.5900000,7.700
20999_090101_130416,D,20110901,000000,78.9700000,79.0000000,78.9700000,79.0000000,4.300
20999_090101_130416,D,20110902,000000,77.5600000,78.7900000,77.0000000,77.7800000,1.800
20999_090101_130416,D,20110905,000000,74.9900000,75.5000000,73.9100000,75.5000000,11.400
20999_090101_130416,D,20110906,000000,75.9900000,77.0000000,75.0000000,76.0000000,20.300
20999_090101_130416,D,20110907,000000,76.1600000,76.5000000,76.0000000,76.5000000,2.900
20999_090101_130416,D,20110908,000000,77.6900000,82.0100000,77.6900000,80.0000000,305.900
20999_090101_130416,D,20110909,000000,83.0100000,85.0100000,79.5000000,80.0500000,622.000
20999_090101_130416,D,20110912,000000,80.0000000,80.0800000,76.9600000,80.0000000,38.400
20999_090101_130416,D,20110913,000000,79.0100000,82.0000000,79.0100000,79.9900000,6.100
20999_090101_130416,D,20110914,000000,83.5000000,83.5000000,80.0000000,81.3600000,32.700
20999_090101_130416,D,20110915,000000,83.4300000,83.9600000,80.0000000,80.0300000,50.600
20999_090101_130416,D,20110916,000000,80.0100000,85.0000000,80.0100000,84.2700000,148.200
20999_090101_130416,D,20110919,000000,83.9900000,85.9800000,83.9900000,85.4900000,27.800
20999_090101_130416,D,20110920,000000,82.5000000,83.2100000,81.0000000,81.7900000,78.200
20999_090101_130416,D,20110921,000000,81.8000000,82.9200000,81.2500000,82.8200000,9.400
20999_090101_130416,D,20110922,000000,79.8500000,82.5000000,79.0000000,79.0000000,237.800
20999_090101_130416,D,20110923,000000,79.5300000,84.0100000,79.1600000,81.5300000,363.700
20999_090101_130416,D,20110926,000000,83.6100000,85.9700000,79.1500000,79.7900000,20.000
20999_090101_130416,D,20110927,000000,81.5400000,87.5100000,81.5400000,86.9900000,173.000
20999_090101_130416,D,20110928,000000,87.5000000,87.5000000,82.0000000,83.0100000,31.000
20999_090101_130416,D,20110929,000000,84.9600000,87.0000000,83.3200000,86.2000000,34.600
20999_090101_130416,D,20110930,000000,85.1100000,94.4000000,84.5700000,94.4000000,511.200
20999_090101_130416,D,20111003,000000,87.5000000,103.6000000,84.0000000,101.0000000,332.500
20999_090101_130416,D,20111004,000000,101.0000000,104.9900000,100.0000000,103.7500000,160.300
20999_090101_130416,D,20111005,000000,104.9700000,110.0000000,103.2400000,110.0000000,314.500
20999_090101_130416,D,20111006,000000,112.2000000,121.0000000,109.9900000,121.0000000,428.700
20999_090101_130416,D,20111007,000000,124.0000000,131.4900000,106.3800000,131.4900000,358.300
20999_090101_130416,D,20111010,000000,131.6000000,131.6000000,115.0600000,115.0600000,18.800
20999_090101_130416,D,20111011,000000,113.9900000,117.9400000,106.3800000,108.8300000,49.400
20999_090101_130416,D,20111012,000000,105.7000000,105.7000000,100.2600000,105.0000000,17.700
20999_090101_130416,D,20111013,000000,101.3800000,108.7600000,94.5000000,94.5000000,121.900
20999_090101_130416,D,20111014,000000,94.0000000,94.0000000,86.5000000,88.5300000,63.200
20999_090101_130416,D,20111017,000000,87.9100000,87.9600000,80.1500000,82.4300000,20.700
20999_090101_130416,D,20111018,000000,81.4800000,81.4800000,79.0000000,80.3000000,26.500
20999_090101_130416,D,20111019,000000,81.0000000,81.0000000,79.0600000,79.7900000,11.800
20999_090101_130416,D,20111020,000000,80.0000000,80.0000000,75.1400000,76.1200000,43.000
20999_090101_130416,D,20111021,000000,76.8200000,77.8000000,73.0000000,76.1700000,43.100
20999_090101_130416,D,20111024,000000,77.9000000,77.9000000,74.7300000,76.0600000,39.500
20999_090101_130416,D,20111025,000000,77.9900000,77.9900000,74.2100000,76.0000000,14.400
20999_090101_130416,D,20111026,000000,75.8600000,76.8900000,73.0000000,76.8900000,24.500
20999_090101_130416,D,20111027,000000,77.0000000,77.9000000,74.6900000,75.0700000,11.300
20999_090101_130416,D,20111028,000000,75.8300000,76.3000000,74.4300000,74.9900000,7.200
20999_090101_130416,D,20111031,000000,75.0100000,75.6500000,75.0000000,75.0000000,1.200
20999_090101_130416,D,20111101,000000,72.2700000,75.0000000,72.2700000,73.8400000,23.200
20999_090101_130416,D,20111102,000000,74.8900000,74.8900000,71.7500000,72.1900000,15.500
20999_090101_130416,D,20111103,000000,71.4700000,72.4000000,70.5800000,72.2400000,12.100
20999_090101_130416,D,20111107,000000,72.5300000,72.9900000,71.3600000,72.9100000,3.000
20999_090101_130416,D,20111108,000000,72.9100000,73.0000000,72.1100000,72.1100000,8.400
20999_090101_130416,D,20111109,000000,71.9900000,71.9900000,70.7800000,70.7800000,3.000
20999_090101_130416,D,20111110,000000,70.6100000,70.6100000,70.0600000,70.5000000,1.200
20999_090101_130416,D,20111111,000000,70.5500000,70.5500000,70.0000000,70.0100000,10.000
20999_090101_130416,D,20111114,000000,70.2700000,70.5000000,69.0100000,69.0100000,3.100
20999_090101_130416,D,20111115,000000,68.0100000,69.7000000,68.0000000,69.0000000,15.400
20999_090101_130416,D,20111116,000000,68.9200000,71.8500000,67.5000000,71.8500000,3.400
20999_090101_130416,D,20111117,000000,69.9800000,71.1300000,68.6600000,70.0300000,3.000
20999_090101_130416,D,20111118,000000,69.0600000,69.1600000,68.9400000,69.0100000,1.100
20999_090101_130416,D,20111121,000000,69.1000000,70.0200000,69.0000000,69.1100000,5.000
20999_090101_130416,D,20111122,000000,69.3000000,70.9000000,69.3000000,70.2800000,11.100
20999_090101_130416,D,20111123,000000,70.3800000,70.4000000,70.2100000,70.2100000,1.100
20999_090101_130416,D,20111124,000000,70.0800000,70.6500000,70.0000000,70.0000000,38.200
20999_090101_130416,D,20111125,000000,70.0200000,70.0200000,69.0000000,69.0900000,17.200
20999_090101_130416,D,20111128,000000,68.9400000,69.2100000,68.0000000,68.7600000,2.900
20999_090101_130416,D,20111129,000000,69.6100000,69.8100000,68.0000000,69.3000000,13.600
20999_090101_130416,D,20111130,000000,69.2000000,70.0000000,69.0000000,70.0000000,4.400
20999_090101_130416,D,20111201,000000,70.0100000,72.9900000,70.0000000,70.0000000,25.800
20999_090101_130416,D,20111202,000000,69.0200000,70.2400000,69.0200000,69.8100000,12.800
20999_090101_130416,D,20111205,000000,69.0500000,70.0000000,69.0500000,69.9600000,1.100
20999_090101_130416,D,20111206,000000,69.8000000,70.5400000,69.8000000,69.8000000,11.700
20999_090101_130416,D,20111207,000000,69.1500000,69.8100000,69.1000000,69.8000000,12.100
20999_090101_130416,D,20111208,000000,69.6800000,71.1000000,69.6800000,70.0000000,5.700
20999_090101_130416,D,20111209,000000,70.0100000,70.6600000,67.9000000,68.0400000,5.100
20999_090101_130416,D,20111212,000000,67.7500000,69.8700000,67.7300000,68.3900000,21.400
20999_090101_130416,D,20111213,000000,68.1900000,68.2000000,66.0400000,67.0000000,2.200
20999_090101_130416,D,20111214,000000,67.0500000,67.0500000,64.2100000,64.9900000,3.000
20999_090101_130416,D,20111215,000000,66.0100000,66.0100000,61.0300000,62.0000000,22.800
20999_090101_130416,D,20111216,000000,62.4500000,63.5700000,60.9900000,63.1900000,6.000
20999_090101_130416,D,20111219,000000,60.8100000,61.9900000,60.0000000,60.3500000,4.500
20999_090101_130416,D,20111220,000000,60.0300000,61.9900000,59.9900000,60.0000000,18.800
20999_090101_130416,D,20111221,000000,60.9900000,61.5500000,60.9900000,61.0000000,6.800
20999_090101_130416,D,20111222,000000,60.8400000,60.8400000,58.3800000,60.7100000,2.900
20999_090101_130416,D,20111223,000000,59.3800000,59.8900000,59.3800000,59.4300000,800
20999_090101_130416,D,20111226,000000,58.7200000,60.1400000,58.0000000,60.1400000,1.800
20999_090101_130416,D,20111228,000000,58.5100000,59.1000000,56.0600000,58.5800000,1.200
20999_090101_130416,D,20111229,000000,59.0300000,72.4400000,57.4000000,58.9600000,15.200
20999_090101_130416,D,20111230,000000,58.0200000,58.0200000,56.9200000,56.9200000,17.700
20999_090101_130416,D,20120103,000000,58.9800000,59.0000000,58.7900000,58.9500000,21.300
20999_090101_130416,D,20120104,000000,58.1700000,59.5000000,57.9900000,58.9800000,4.700
20999_090101_130416,D,20120105,000000,59.4900000,59.4900000,59.0000000,59.0100000,9.200
20999_090101_130416,D,20120106,000000,59.0000000,59.1000000,57.0200000,58.7000000,5.600
20999_090101_130416,D,20120109,000000,58.0300000,58.6600000,57.0000000,58.0200000,6.000
20999_090101_130416,D,20120110,000000,58.5700000,59.2500000,57.0400000,58.4800000,2.900
20999_090101_130416,D,20120111,000000,57.0800000,58.3600000,57.0500000,58.0500000,1.100
20999_090101_130416,D,20120112,000000,57.6300000,58.4400000,57.0000000,58.4000000,3.300
20999_090101_130416,D,20120113,000000,58.5800000,59.2400000,58.5800000,59.2400000,2.800
20999_090101_130416,D,20120116,000000,58.8200000,59.2300000,58.4800000,59.2300000,4.600
20999_090101_130416,D,20120117,000000,59.2400000,59.2600000,58.8200000,59.2600000,14.300
20999_090101_130416,D,20120118,000000,59.8900000,59.8900000,58.7100000,58.7100000,2.400
20999_090101_130416,D,20120119,000000,57.7600000,59.4400000,57.7600000,59.0000000,9.500
20999_090101_130416,D,20120120,000000,59.0000000,59.0000000,58.1100000,58.1100000,400
20999_090101_130416,D,20120123,000000,58.5000000,58.6400000,58.0100000,58.0100000,800
20999_090101_130416,D,20120124,000000,59.8100000,60.0000000,58.4700000,58.4700000,4.600
20999_090101_130416,D,20120125,000000,59.8600000,59.8600000,58.9900000,58.9900000,800
20999_090101_130416,D,20120126,000000,59.9600000,59.9600000,57.7700000,57.9400000,3.000
20999_090101_130416,D,20120127,000000,57.1000000,59.0100000,57.0400000,57.9500000,11.000
20999_090101_130416,D,20120130,000000,57.5600000,58.1100000,57.5600000,57.7800000,5.200
20999_090101_130416,D,20120131,000000,58.1000000,58.1100000,57.3800000,57.5400000,7.600
20999_090101_130416,D,20120201,000000,57.3700000,57.7900000,57.3100000,57.5500000,5.700
20999_090101_130416,D,20120202,000000,57.7900000,57.8000000,57.0100000,57.3500000,7.000
20999_090101_130416,D,20120203,000000,57.7200000,57.8000000,56.9600000,57.8000000,9.500
20999_090101_130416,D,20120206,000000,58.9700000,61.9800000,58.4700000,58.9000000,23.500
20999_090101_130416,D,20120207,000000,58.1100000,58.8000000,57.8000000,58.1900000,14.500
20999_090101_130416,D,20120208,000000,59.0700000,59.0800000,58.1600000,58.7100000,12.600
20999_090101_130416,D,20120209,000000,58.1100000,58.6300000,58.1000000,58.6000000,3.100
20999_090101_130416,D,20120210,000000,58.9200000,58.9200000,57.4900000,57.4900000,10.600
20999_090101_130416,D,20120213,000000,57.4900000,58.5700000,57.2600000,57.6700000,20.100
20999_090101_130416,D,20120214,000000,58.3100000,58.3100000,57.4600000,57.5000000,2.500
20999_090101_130416,D,20120215,000000,57.8800000,58.4600000,57.5700000,57.5700000,10.600
20999_090101_130416,D,20120216,000000,58.3400000,58.3400000,57.0800000,57.4700000,2.000
20999_090101_130416,D,20120217,000000,57.1200000,57.6700000,56.9700000,57.5700000,3.200
20999_090101_130416,D,20120220,000000,57.6600000,58.4600000,57.6600000,58.4600000,3.800
20999_090101_130416,D,20120221,000000,57.7600000,57.9500000,56.9100000,57.0000000,4.500
20999_090101_130416,D,20120222,000000,57.0000000,57.1400000,55.5500000,57.1400000,3.200
20999_090101_130416,D,20120224,000000,57.2900000,57.5200000,56.8100000,57.2800000,7.000
20999_090101_130416,D,20120227,000000,57.8000000,57.9000000,57.3300000,57.6200000,2.900
20999_090101_130416,D,20120228,000000,58.2800000,58.2800000,56.0300000,56.5100000,19.600
20999_090101_130416,D,20120229,000000,56.8000000,57.5000000,55.0200000,57.5000000,23.000
20999_090101_130416,D,20120301,000000,55.5600000,57.0000000,55.3000000,56.1600000,4.200
20999_090101_130416,D,20120302,000000,56.3800000,56.4400000,56.0000000,56.3200000,1.600
20999_090101_130416,D,20120305,000000,56.8500000,56.9400000,56.0400000,56.9400000,1.000
20999_090101_130416,D,20120306,000000,56.9700000,56.9700000,55.0100000,55.0100000,5.800
20999_090101_130416,D,20120307,000000,55.0100000,55.9700000,55.0100000,55.9600000,3.000
20999_090101_130416,D,20120311,000000,56.9700000,56.9700000,56.1000000,56.9200000,2.100
20999_090101_130416,D,20120312,000000,56.4900000,56.8900000,56.3200000,56.7900000,900
20999_090101_130416,D,20120313,000000,56.9400000,56.9400000,56.0500000,56.0500000,1.000
20999_090101_130416,D,20120314,000000,55.5000000,56.2300000,55.5000000,56.2300000,500
20999_090101_130416,D,20120315,000000,56.0500000,56.0600000,54.8200000,55.1000000,12.100
20999_090101_130416,D,20120316,000000,55.5400000,55.6600000,54.7800000,55.0900000,5.600
20999_090101_130416,D,20120319,000000,55.0100000,55.0100000,53.6700000,54.1600000,15.400
20999_090101_130416,D,20120320,000000,53.3800000,54.5100000,52.0000000,52.5000000,18.900
20999_090101_130416,D,20120321,000000,52.4000000,52.6200000,50.0700000,50.0700000,15.200
20999_090101_130416,D,20120322,000000,50.0100000,51.4500000,48.6100000,51.4400000,25.800
20999_090101_130416,D,20120323,000000,51.0200000,52.0200000,51.0200000,51.9000000,5.100
20999_090101_130416,D,20120326,000000,52.4800000,53.0600000,48.1000000,50.7700000,155.700
20999_090101_130416,D,20120327,000000,51.0100000,51.4500000,50.5000000,51.1200000,2.200
20999_090101_130416,D,20120328,000000,51.0000000,51.0000000,50.0000000,50.0100000,800
20999_090101_130416,D,20120329,000000,50.1100000,50.1100000,47.7100000,48.9800000,10.700
20999_090101_130416,D,20120330,000000,50.8800000,51.5000000,48.4100000,51.5000000,17.100
20999_090101_130416,D,20120402,000000,49.7800000,50.3700000,48.1500000,49.8000000,13.200
20999_090101_130416,D,20120403,000000,49.6500000,50.6400000,49.6200000,50.2500000,500
20999_090101_130416,D,20120404,000000,50.6200000,50.6200000,48.9900000,48.9900000,3.900
20999_090101_130416,D,20120405,000000,48.4900000,48.5000000,48.4900000,48.5000000,400
20999_090101_130416,D,20120406,000000,48.5400000,48.5400000,46.3100000,46.3100000,22.200
20999_090101_130416,D,20120409,000000,45.6600000,46.0000000,44.1000000,46.0000000,27.200
20999_090101_130416,D,20120410,000000,45.0100000,45.8100000,44.4800000,45.0000000,3.900
20999_090101_130416,D,20120411,000000,45.0300000,46.0000000,44.7900000,46.0000000,5.000
20999_090101_130416,D,20120412,000000,46.0000000,48.7500000,45.1800000,47.1600000,28.600
20999_090101_130416,D,20120413,000000,46.8700000,47.1200000,46.8700000,47.1200000,300
20999_090101_130416,D,20120416,000000,45.9000000,46.8900000,45.9000000,46.7800000,6.400
20999_090101_130416,D,20120417,000000,46.8000000,46.8800000,45.9900000,46.1000000,2.400
20999_090101_130416,D,20120418,000000,46.0300000,47.4300000,46.0300000,46.8300000,16.100
20999_090101_130416,D,20120419,000000,46.4600000,47.4000000,46.4600000,46.9400000,4.800
20999_090101_130416,D,20120420,000000,46.9600000,46.9600000,46.2900000,46.6800000,1.600
20999_090101_130416,D,20120423,000000,46.0200000,46.0200000,46.0200000,46.0200000,300
20999_090101_130416,D,20120424,000000,46.2100000,46.5500000,46.2100000,46.5000000,3.800
20999_090101_130416,D,20120425,000000,47.2000000,47.4000000,46.5300000,46.7100000,10.500
20999_090101_130416,D,20120426,000000,47.0700000,47.0700000,45.0000000,46.2600000,2.700
20999_090101_130416,D,20120427,000000,46.6000000,46.9900000,46.6000000,46.9900000,200
20999_090101_130416,D,20120428,000000,46.9700000,47.0200000,46.2000000,46.4600000,6.600
20999_090101_130416,D,20120502,000000,46.5800000,46.5800000,35.1500000,44.8900000,22.500
20999_090101_130416,D,20120503,000000,44.7200000,44.8100000,44.0100000,44.0100000,2.600
20999_090101_130416,D,20120504,000000,43.4100000,43.4100000,41.4000000,41.4000000,6.600
20999_090101_130416,D,20120505,000000,41.0000000,41.0100000,40.4200000,40.7000000,3.600
20999_090101_130416,D,20120507,000000,40.0200000,40.3000000,39.0000000,40.3000000,4.400
20999_090101_130416,D,20120508,000000,40.3900000,40.5600000,40.3900000,40.5600000,300
20999_090101_130416,D,20120510,000000,41.0800000,41.7100000,40.0400000,41.3000000,1.600
20999_090101_130416,D,20120511,000000,40.0000000,41.9900000,39.0000000,41.9900000,7.500
20999_090101_130416,D,20120512,000000,42.0600000,42.0600000,42.0100000,42.0100000,200
20999_090101_130416,D,20120514,000000,40.1900000,40.1900000,39.9100000,39.9100000,10.100
20999_090101_130416,D,20120515,000000,40.1800000,40.2500000,38.2300000,39.7400000,1.500
20999_090101_130416,D,20120516,000000,37.6900000,39.5900000,36.0900000,39.5900000,4.300
20999_090101_130416,D,20120517,000000,38.0000000,38.6500000,37.0100000,37.9900000,16.500
20999_090101_130416,D,20120518,000000,35.5600000,39.9900000,33.0000000,39.0000000,28.200
20999_090101_130416,D,20120521,000000,40.1000000,40.1000000,35.3700000,38.8300000,5.000
20999_090101_130416,D,20120522,000000,38.5100000,38.5100000,36.0100000,36.0100000,500
20999_090101_130416,D,20120523,000000,38.0100000,38.2000000,35.5700000,36.8700000,39.500
20999_090101_130416,D,20120524,000000,38.1400000,38.1400000,36.5400000,37.8800000,900
20999_090101_130416,D,20120525,000000,37.2600000,40.2000000,37.2600000,37.9700000,11.500
20999_090101_130416,D,20120528,000000,38.3600000,38.3600000,38.3600000,38.3600000,100
20999_090101_130416,D,20120529,000000,38.3500000,38.8400000,37.8700000,38.8400000,700
20999_090101_130416,D,20120530,000000,39.2400000,39.2600000,38.2500000,38.2500000,1.700
20999_090101_130416,D,20120531,000000,38.6300000,38.7400000,37.9500000,37.9500000,1.300
20999_090101_130416,D,20120601,000000,38.0400000,38.0400000,36.0200000,37.0300000,900
20999_090101_130416,D,20120604,000000,35.0100000,36.7300000,35.0000000,36.7300000,600
20999_090101_130416,D,20120605,000000,36.4400000,38.0000000,36.4400000,36.9900000,11.000
20999_090101_130416,D,20120606,000000,36.2600000,37.5000000,35.8000000,37.0000000,2.000
20999_090101_130416,D,20120607,000000,37.0000000,37.0000000,37.0000000,37.0000000,200
20999_090101_130416,D,20120608,000000,37.4100000,37.4100000,36.0100000,36.5000000,2.300
20999_090101_130416,D,20120609,000000,36.0100000,36.9700000,36.0100000,36.9700000,2.300
20999_090101_130416,D,20120613,000000,36.6000000,36.6000000,36.6000000,36.6000000,100
20999_090101_130416,D,20120614,000000,36.9100000,36.9100000,36.8200000,36.8200000,200
20999_090101_130416,D,20120615,000000,36.6000000,36.6000000,35.0200000,35.7800000,38.500
20999_090101_130416,D,20120618,000000,36.3400000,36.3400000,35.0000000,35.0000000,3.800
20999_090101_130416,D,20120619,000000,34.7900000,34.8100000,34.0000000,34.5800000,11.200
20999_090101_130416,D,20120620,000000,34.7100000,34.7900000,33.0700000,33.9700000,7.000
20999_090101_130416,D,20120621,000000,33.9200000,34.6500000,30.7800000,31.0000000,89.100
20999_090101_130416,D,20120622,000000,30.2000000,30.2000000,27.2000000,27.9800000,85.300
20999_090101_130416,D,20120625,000000,27.0100000,31.0000000,27.0100000,28.5600000,52.900
20999_090101_130416,D,20120626,000000,28.4000000,29.5000000,28.3000000,29.1500000,11.300
20999_090101_130416,D,20120627,000000,29.8000000,29.8000000,28.4700000,29.3500000,2.900
20999_090101_130416,D,20120628,000000,29.0400000,30.0000000,28.3300000,29.8700000,2.100
20999_090101_130416,D,20120629,000000,29.5000000,31.5000000,29.5000000,31.5000000,8.700
20999_090101_130416,D,20120702,000000,31.0000000,32.1100000,30.8800000,32.0800000,6.200
20999_090101_130416,D,20120703,000000,32.2200000,32.3200000,30.2000000,31.3500000,15.000
20999_090101_130416,D,20120704,000000,30.7700000,30.7700000,29.2000000,29.5200000,21.000
20999_090101_130416,D,20120705,000000,29.7200000,29.7600000,28.1500000,29.0100000,7.300
20999_090101_130416,D,20120706,000000,29.0100000,29.0100000,29.0000000,29.0000000,700
20999_090101_130416,D,20120709,000000,28.4200000,28.4200000,27.9900000,28.0000000,8.700
20999_090101_130416,D,20120710,000000,28.2000000,28.4900000,28.0000000,28.4500000,9.300
20999_090101_130416,D,20120711,000000,28.0100000,28.0100000,26.8100000,26.9000000,56.300
20999_090101_130416,D,20120712,000000,26.6800000,26.8000000,26.0700000,26.6900000,31.500
20999_090101_130416,D,20120713,000000,27.0900000,27.5700000,26.3400000,27.0000000,58.700
20999_090101_130416,D,20120716,000000,27.0000000,27.0000000,26.3000000,26.6600000,8.100
20999_090101_130416,D,20120717,000000,27.0900000,27.0900000,26.4600000,26.5000000,26.600
20999_090101_130416,D,20120718,000000,26.4500000,27.1500000,26.4500000,26.7000000,28.800
20999_090101_130416,D,20120719,000000,26.7600000,27.0200000,26.7000000,26.9700000,13.400
20999_090101_130416,D,20120720,000000,26.7900000,27.0900000,26.7900000,26.9800000,2.800
20999_090101_130416,D,20120723,000000,26.7700000,26.7700000,25.0200000,25.8100000,21.800
20999_090101_130416,D,20120724,000000,25.9700000,26.1800000,25.2000000,26.1800000,7.000
20999_090101_130416,D,20120725,000000,25.4900000,26.8000000,25.0000000,25.2000000,7.400
20999_090101_130416,D,20120726,000000,25.2600000,27.5000000,25.2600000,26.1200000,20.700
20999_090101_130416,D,20120727,000000,25.9800000,26.9900000,25.8600000,26.0100000,14.000
20999_090101_130416,D,20120730,000000,26.0200000,26.9800000,26.0200000,26.9800000,1.800
20999_090101_130416,D,20120731,000000,27.7700000,29.0000000,27.3200000,27.4100000,7.600
20999_090101_130416,D,20120801,000000,27.7300000,30.3500000,27.7300000,29.9900000,21.100
20999_090101_130416,D,20120802,000000,29.4900000,29.5000000,28.6500000,29.4700000,25.900
20999_090101_130416,D,20120803,000000,29.0000000,29.8700000,28.7900000,29.8600000,5.800
20999_090101_130416,D,20120806,000000,30.3200000,30.3200000,28.0700000,29.8500000,3.400
20999_090101_130416,D,20120807,000000,30.1000000,30.3800000,29.5100000,30.0200000,4.100
20999_090101_130416,D,20120808,000000,29.0900000,29.9800000,29.0900000,29.6900000,1.100
20999_090101_130416,D,20120809,000000,29.0100000,33.0000000,28.2000000,31.4700000,32.200
20999_090101_130416,D,20120810,000000,30.0900000,30.7500000,30.0000000,30.4000000,15.100
20999_090101_130416,D,20120813,000000,29.6400000,30.2000000,29.0300000,29.7800000,2.300
20999_090101_130416,D,20120814,000000,30.0000000,31.3300000,29.9900000,30.0000000,27.700
20999_090101_130416,D,20120815,000000,30.7400000,30.7400000,29.9000000,30.0000000,4.400
20999_090101_130416,D,20120816,000000,30.0700000,30.1600000,29.0100000,30.1600000,3.900
20999_090101_130416,D,20120817,000000,30.2900000,30.2900000,29.6100000,29.9100000,700
20999_090101_130416,D,20120820,000000,29.3200000,30.9500000,28.8100000,28.8100000,11.800
20999_090101_130416,D,20120821,000000,29.7200000,29.7200000,28.0800000,29.4000000,4.100
20999_090101_130416,D,20120822,000000,28.6700000,28.9200000,28.6700000,28.7000000,1.100
20999_090101_130416,D,20120823,000000,30.3400000,30.3400000,29.4000000,29.4000000,4.800
20999_090101_130416,D,20120824,000000,29.0000000,29.2400000,29.0000000,29.2400000,600
20999_090101_130416,D,20120827,000000,28.3100000,28.5100000,28.1700000,28.5100000,600
20999_090101_130416,D,20120828,000000,29.0000000,29.9000000,29.0000000,29.0000000,2.000
20999_090101_130416,D,20120830,000000,29.8900000,29.8900000,29.8900000,29.8900000,1.000
20999_090101_130416,D,20120903,000000,28.1800000,28.3200000,28.1800000,28.3100000,1.300
20999_090101_130416,D,20120905,000000,29.8700000,29.8700000,28.0300000,28.0300000,1.300
20999_090101_130416,D,20120906,000000,29.6900000,29.6900000,29.6900000,29.6900000,100
20999_090101_130416,D,20120907,000000,29.5900000,30.5000000,28.8700000,30.1600000,1.300
20999_090101_130416,D,20120910,000000,30.7400000,31.3900000,29.3600000,30.3500000,2.300
20999_090101_130416,D,20120911,000000,29.2000000,30.0000000,29.2000000,29.8300000,3.800
20999_090101_130416,D,20120912,000000,28.3100000,28.9900000,28.2900000,28.4000000,10.100
20999_090101_130416,D,20120913,000000,28.7000000,28.7900000,28.0100000,28.0400000,3.300
20999_090101_130416,D,20120914,000000,30.4800000,30.4800000,29.2000000,29.7700000,6.000
20999_090101_130416,D,20120917,000000,29.3100000,29.3100000,29.0000000,29.1000000,1.300
20999_090101_130416,D,20120918,000000,29.1000000,30.8800000,29.0000000,30.2800000,3.200
20999_090101_130416,D,20120919,000000,29.4900000,29.9800000,28.8400000,29.6400000,2.800
20999_090101_130416,D,20120920,000000,30.2400000,30.2400000,28.6800000,28.6800000,2.200
20999_090101_130416,D,20120921,000000,28.7100000,29.4400000,28.6900000,29.3000000,1.300
20999_090101_130416,D,20120924,000000,30.9400000,38.0900000,30.7100000,38.0900000,360.700
20999_090101_130416,D,20120925,000000,40.0000000,40.7200000,35.8000000,36.0200000,193.100
20999_090101_130416,D,20120926,000000,34.0200000,35.9700000,33.0200000,33.5500000,25.900
20999_090101_130416,D,20120927,000000,34.3900000,34.8700000,33.0500000,33.9900000,4.800
20999_090101_130416,D,20120928,000000,33.0100000,34.9200000,33.0000000,34.4900000,4.500
20999_090101_130416,D,20121001,000000,35.7700000,37.7100000,33.6300000,34.5500000,18.300
20999_090101_130416,D,20121002,000000,33.3700000,34.1500000,33.2500000,33.9800000,1.700
20999_090101_130416,D,20121003,000000,34.4800000,34.4800000,33.2200000,33.2200000,9.000
20999_090101_130416,D,20121004,000000,31.5700000,33.9400000,31.5700000,33.9400000,10.200
20999_090101_130416,D,20121005,000000,34.4700000,34.4800000,33.3000000,33.8000000,10.400
20999_090101_130416,D,20121008,000000,33.9900000,34.6500000,33.4000000,34.5000000,10.300
20999_090101_130416,D,20121009,000000,34.5000000,37.1300000,34.5000000,35.5100000,22.600
20999_090101_130416,D,20121010,000000,35.0000000,35.9900000,35.0000000,35.6800000,7.200
20999_090101_130416,D,20121011,000000,36.4900000,38.9900000,35.9900000,37.0100000,42.100
20999_090101_130416,D,20121012,000000,37.0100000,38.8400000,36.5100000,37.0700000,29.200
20999_090101_130416,D,20121015,000000,38.2600000,38.8200000,37.0000000,38.0000000,69.800
20999_090101_130416,D,20121016,000000,38.5000000,38.5000000,37.0000000,37.9900000,4.500
20999_090101_130416,D,20121017,000000,38.0000000,38.0000000,36.1100000,37.0000000,12.100
20999_090101_130416,D,20121018,000000,35.9100000,36.9400000,35.9000000,36.9400000,2.100
20999_090101_130416,D,20121019,000000,36.9700000,36.9700000,35.3000000,35.3000000,8.100
20999_090101_130416,D,20121022,000000,34.6000000,37.8800000,34.1000000,36.9200000,6.000
20999_090101_130416,D,20121023,000000,36.0600000,36.7600000,35.0200000,35.6700000,8.800
20999_090101_130416,D,20121024,000000,35.9700000,35.9700000,35.0200000,35.5900000,2.400
20999_090101_130416,D,20121025,000000,35.9800000,35.9800000,35.2500000,35.7200000,1.100
20999_090101_130416,D,20121026,000000,35.8800000,37.5800000,35.2000000,37.2900000,7.200
20999_090101_130416,D,20121029,000000,37.4700000,37.9400000,35.4100000,37.7300000,5.300
20999_090101_130416,D,20121030,000000,35.5100000,36.8800000,35.5100000,36.4200000,5.000
20999_090101_130416,D,20121031,000000,36.7800000,37.0900000,35.6200000,36.1000000,1.700
20999_090101_130416,D,20121101,000000,36.3500000,36.6700000,36.0200000,36.6700000,2.200
20999_090101_130416,D,20121102,000000,36.2100000,37.7000000,36.2100000,36.9600000,18.900
20999_090101_130416,D,20121106,000000,37.4000000,37.4000000,36.5000000,36.5000000,1.200
20999_090101_130416,D,20121107,000000,37.5700000,37.5700000,36.9500000,37.0000000,11.400
20999_090101_130416,D,20121108,000000,37.2500000,37.5000000,37.2500000,37.3200000,17.000
20999_090101_130416,D,20121109,000000,38.5900000,40.9000000,37.8200000,38.3000000,75.900
20999_090101_130416,D,20121112,000000,39.7900000,39.7900000,39.7900000,39.7900000,100
20999_090101_130416,D,20121113,000000,37.1100000,37.5000000,37.0700000,37.1500000,5.100
20999_090101_130416,D,20121114,000000,36.5000000,39.7000000,36.5000000,37.0000000,3.500
20999_090101_130416,D,20121115,000000,38.9700000,38.9700000,37.0300000,37.0300000,1.300
20999_090101_130416,D,20121116,000000,37.5000000,37.8500000,37.0600000,37.0600000,3.800
20999_090101_130416,D,20121119,000000,37.5000000,38.5000000,37.0000000,37.5000000,6.900
20999_090101_130416,D,20121120,000000,37.5000000,38.5000000,37.4900000,38.5000000,2.300
20999_090101_130416,D,20121121,000000,39.0000000,39.0000000,37.5000000,37.5000000,3.700
20999_090101_130416,D,20121122,000000,38.2500000,38.8900000,38.0000000,38.0000000,6.400
20999_090101_130416,D,20121123,000000,38.8200000,38.8200000,37.9700000,38.0000000,1.900
20999_090101_130416,D,20121126,000000,38.7300000,38.7300000,37.6200000,38.4800000,1.800
20999_090101_130416,D,20121127,000000,38.0000000,38.4100000,37.6200000,38.4100000,8.000
20999_090101_130416,D,20121128,000000,38.8300000,38.8300000,37.6900000,38.0000000,5.800
20999_090101_130416,D,20121129,000000,37.8900000,38.1800000,37.5300000,37.8300000,5.700
20999_090101_130416,D,20121130,000000,38.6400000,38.6400000,37.5400000,37.5400000,11.000
20999_090101_130416,D,20121203,000000,37.6400000,38.6000000,37.5400000,38.6000000,800
20999_090101_130416,D,20121204,000000,38.6100000,38.9600000,37.6900000,38.9600000,300
20999_090101_130416,D,20121205,000000,38.9500000,41.8000000,38.8000000,39.9900000,14.000
20999_090101_130416,D,20121206,000000,39.9400000,40.3900000,38.3900000,40.3400000,5.300
20999_090101_130416,D,20121207,000000,41.8000000,41.8000000,39.0000000,39.1100000,3.100
20999_090101_130416,D,20121210,000000,39.9200000,40.4500000,39.9200000,40.4500000,4.400
20999_090101_130416,D,20121211,000000,40.8000000,40.8000000,40.0000000,40.0000000,4.100
20999_090101_130416,D,20121212,000000,41.0100000,41.0100000,39.5100000,40.0000000,12.800
20999_090101_130416,D,20121213,000000,40.8900000,40.9000000,38.5100000,39.4900000,4.600
20999_090101_130416,D,20121214,000000,40.9000000,40.9000000,40.9000000,40.9000000,1.000
20999_090101_130416,D,20121217,000000,38.6100000,39.9800000,38.6100000,39.9800000,7.400
20999_090101_130416,D,20121218,000000,39.8900000,39.8900000,38.2200000,39.0000000,400
20999_090101_130416,D,20121219,000000,39.6800000,39.8200000,38.2000000,39.8000000,7.800
20999_090101_130416,D,20121221,000000,38.0600000,38.0600000,38.0600000,38.0600000,100
20999_090101_130416,D,20121224,000000,39.7000000,40.9800000,38.0300000,39.8000000,14.800
20999_090101_130416,D,20121225,000000,40.7800000,40.7800000,40.7800000,40.7800000,100
20999_090101_130416,D,20121226,000000,39.9700000,40.0000000,38.1100000,40.0000000,18.800
20999_090101_130416,D,20121227,000000,40.9900000,40.9900000,39.5000000,40.9000000,9.200
20999_090101_130416,D,20121228,000000,39.1700000,41.0000000,39.1700000,41.0000000,13.600
20999_090101_130416,D,20130108,000000,41.9900000,43.9900000,40.1100000,42.4200000,3.300
20999_090101_130416,D,20130109,000000,41.8700000,41.8700000,41.8700000,41.8700000,100
20999_090101_130416,D,20130110,000000,40.0100000,43.8000000,40.0100000,43.8000000,5.300
20999_090101_130416,D,20130111,000000,41.7700000,42.9600000,41.5000000,42.9600000,800
20999_090101_130416,D,20130114,000000,42.9400000,44.0000000,42.5000000,42.5600000,4.600
20999_090101_130416,D,20130115,000000,42.9900000,42.9900000,42.0000000,42.0000000,300
20999_090101_130416,D,20130116,000000,41.5300000,42.4600000,41.5300000,42.4600000,2.600
20999_090101_130416,D,20130117,000000,42.9300000,42.9300000,42.5000000,42.5000000,1.400
20999_090101_130416,D,20130118,000000,44.4400000,44.4400000,42.5200000,42.5500000,300
20999_090101_130416,D,20130121,000000,44.4400000,44.9900000,42.0000000,42.0000000,8.100
20999_090101_130416,D,20130122,000000,43.8900000,43.8900000,40.5000000,41.7200000,11.300
20999_090101_130416,D,20130123,000000,43.4800000,43.4800000,43.4800000,43.4800000,100
20999_090101_130416,D,20130124,000000,42.0100000,43.6400000,41.6900000,42.4900000,2.100
20999_090101_130416,D,20130125,000000,43.3900000,43.3900000,42.9400000,42.9400000,600
20999_090101_130416,D,20130128,000000,41.3500000,42.9300000,41.0000000,42.5000000,17.000
20999_090101_130416,D,20130129,000000,42.9800000,42.9800000,38.0100000,40.0000000,12.600
20999_090101_130416,D,20130130,000000,39.9900000,40.0000000,39.9900000,40.0000000,12.600
20999_090101_130416,D,20130131,000000,39.0300000,39.2100000,39.0000000,39.2100000,800
20999_090101_130416,D,20130201,000000,39.9900000,39.9900000,39.2300000,39.2300000,600
20999_090101_130416,D,20130204,000000,41.4600000,41.4600000,41.4600000,41.4600000,100
20999_090101_130416,D,20130205,000000,39.0100000,39.0200000,39.0000000,39.0200000,900
20999_090101_130416,D,20130206,000000,40.3900000,40.3900000,40.3900000,40.3900000,5.000
20999_090101_130416,D,20130207,000000,40.3900000,40.3900000,40.3900000,40.3900000,100
20999_090101_130416,D,20130208,000000,40.2500000,40.3600000,39.0200000,40.3600000,300
20999_090101_130416,D,20130211,000000,39.1600000,40.2800000,38.1500000,39.1200000,7.800
20999_090101_130416,D,20130212,000000,39.1100000,39.1200000,39.0000000,39.0000000,2.800
20999_090101_130416,D,20130213,000000,38.3400000,39.9000000,38.3400000,39.9000000,800
20999_090101_130416,D,20130214,000000,38.4200000,38.4200000,38.4100000,38.4100000,1.200
20999_090101_130416,D,20130219,000000,38.4100000,38.8900000,37.6500000,38.8900000,300
20999_090101_130416,D,20130220,000000,37.6400000,38.7400000,37.0400000,38.7400000,1.400
20999_090101_130416,D,20130221,000000,37.1800000,37.1800000,36.9900000,36.9900000,1.800
20999_090101_130416,D,20130225,000000,35.8500000,35.8500000,35.5400000,35.5500000,700
20999_090101_130416,D,20130226,000000,35.5500000,35.5500000,25.6100000,34.5800000,4.400
20999_090101_130416,D,20130227,000000,34.5000000,34.8600000,34.5000000,34.8500000,3.000
20999_090101_130416,D,20130301,000000,34.0100000,34.0100000,34.0100000,34.0100000,100
20999_090101_130416,D,20130304,000000,34.0100000,34.0100000,34.0000000,34.0000000,1.500
20999_090101_130416,D,20130305,000000,35.5400000,35.5400000,32.0300000,34.4700000,500
20999_090101_130416,D,20130306,000000,32.0300000,33.7400000,31.5000000,33.5800000,1.700
20999_090101_130416,D,20130307,000000,33.4400000,33.8800000,33.4400000,33.8800000,1.600
20999_090101_130416,D,20130312,000000,33.3000000,33.5500000,33.0000000,33.5500000,800
20999_090101_130416,D,20130313,000000,33.0100000,34.2900000,33.0100000,34.2900000,500
20999_090101_130416,D,20130318,000000,33.9900000,33.9900000,33.0600000,33.0700000,500
20999_090101_130416,D,20130319,000000,33.0100000,33.0100000,33.0100000,33.0100000,500
20999_090101_130416,D,20130321,000000,34.0000000,34.0000000,33.5000000,33.5000000,1.100
20999_090101_130416,D,20130322,000000,33.0500000,33.0500000,31.0000000,32.0000000,6.500
20999_090101_130416,D,20130325,000000,33.0100000,33.0400000,32.9400000,33.0000000,3.100
20999_090101_130416,D,20130326,000000,33.0100000,33.0100000,29.9900000,30.0000000,6.400
20999_090101_130416,D,20130327,000000,33.0000000,33.0000000,29.5000000,30.0100000,1.600
20999_090101_130416,D,20130328,000000,33.0000000,33.0000000,30.1600000,31.7400000,5.800
20999_090101_130416,D,20130329,000000,31.7500000,31.7500000,30.0000000,31.3500000,8.600
20999_090101_130416,D,20130401,000000,31.0000000,31.5000000,29.9600000,31.3000000,2.800
20999_090101_130416,D,20130402,000000,30.0300000,30.6600000,30.0300000,30.6600000,600
20999_090101_130416,D,20130403,000000,31.0000000,31.0000000,27.6700000,29.5000000,3.800
