<TICKER>,<PER>,<DATE>,<TIME>,<OPEN>,<HIGH>,<LOW>,<CLOSE>,<VOL>
21006_090101_130416,D,20090114,000000,37.4500000,37.4500000,37.4500000,37.4500000,1
21006_090101_130416,D,20090203,000000,52.4300000,52.4300000,52.4300000,52.4300000,1
21006_090101_130416,D,20090211,000000,35.0000000,35.0000000,34.0000000,34.0000000,101
21006_090101_130416,D,20090212,000000,34.0000000,34.0000000,31.0000000,31.0000000,592
21006_090101_130416,D,20090213,000000,29.0900000,29.2900000,29.0900000,29.2900000,23
21006_090101_130416,D,20090219,000000,30.0000000,30.9700000,30.0000000,30.9700000,19
21006_090101_130416,D,20090220,000000,27.9800000,28.0000000,27.9800000,28.0000000,404
21006_090101_130416,D,20090224,000000,27.9500000,27.9500000,27.9500000,27.9500000,200
21006_090101_130416,D,20090225,000000,27.9300000,27.9500000,27.9300000,27.9500000,150
21006_090101_130416,D,20090226,000000,27.9000000,27.9000000,27.9000000,27.9000000,50
21006_090101_130416,D,20090312,000000,27.9900000,37.0000000,27.9900000,37.0000000,1.772
21006_090101_130416,D,20090317,000000,27.9900000,28.0000000,27.0000000,27.0000000,3
21006_090101_130416,D,20090319,000000,27.0000000,27.0000000,23.0000000,23.0000000,247
21006_090101_130416,D,20090323,000000,21.9900000,21.9900000,21.9900000,21.9900000,3
21006_090101_130416,D,20090402,000000,22.0000000,22.0000000,22.0000000,22.0000000,15
21006_090101_130416,D,20090403,000000,22.0000000,22.0000000,22.0000000,22.0000000,10
21006_090101_130416,D,20090406,000000,22.0000000,22.0000000,19.5900000,19.8000000,2.284
21006_090101_130416,D,20090407,000000,20.0000000,20.0000000,18.0200000,18.0200000,110
21006_090101_130416,D,20090409,000000,20.0100000,20.0100000,19.4900000,19.5000000,1.445
21006_090101_130416,D,20090410,000000,20.0000000,21.8000000,20.0000000,21.0000000,8.352
21006_090101_130416,D,20090413,000000,21.9400000,25.6000000,21.7000000,21.9900000,2.709
21006_090101_130416,D,20090414,000000,22.0000000,26.0000000,22.0000000,26.0000000,1.210
21006_090101_130416,D,20090415,000000,26.0000000,27.0000000,26.0000000,27.0000000,641
21006_090101_130416,D,20090416,000000,27.0000000,27.0000000,25.0000000,27.0000000,141
21006_090101_130416,D,20090417,000000,26.0000000,26.9900000,26.0000000,26.9900000,150
21006_090101_130416,D,20090420,000000,26.0000000,26.0000000,26.0000000,26.0000000,107
21006_090101_130416,D,20090421,000000,27.0000000,28.0000000,25.0000000,28.0000000,3.858
21006_090101_130416,D,20090423,000000,25.0000000,30.0000000,25.0000000,26.0000000,5.253
21006_090101_130416,D,20090424,000000,26.0000000,29.8800000,26.0000000,28.0000000,516
21006_090101_130416,D,20090427,000000,27.8000000,28.0000000,27.0000000,27.9900000,2.100
21006_090101_130416,D,20090428,000000,26.0000000,28.0000000,26.0000000,28.0000000,1.003
21006_090101_130416,D,20090429,000000,27.0000000,28.0000000,27.0000000,28.0000000,1.164
21006_090101_130416,D,20090430,000000,26.0000000,28.0000000,26.0000000,27.9900000,227
21006_090101_130416,D,20090504,000000,27.9900000,28.0000000,26.5000000,28.0000000,2.252
21006_090101_130416,D,20090505,000000,26.0100000,29.9800000,25.0100000,29.9800000,1.849
21006_090101_130416,D,20090506,000000,27.0000000,28.0000000,25.0000000,27.5000000,20.915
21006_090101_130416,D,20090507,000000,27.4000000,33.4900000,26.5100000,29.8000000,3.006
21006_090101_130416,D,20090508,000000,30.0000000,34.0000000,27.0000000,28.4100000,3.504
21006_090101_130416,D,20090512,000000,31.3600000,35.3500000,30.1000000,33.0000000,10.106
21006_090101_130416,D,20090513,000000,33.0000000,33.0000000,31.5500000,32.6800000,275
21006_090101_130416,D,20090514,000000,27.1000000,29.9900000,26.5100000,28.9600000,2.455
21006_090101_130416,D,20090515,000000,29.7900000,29.7900000,26.8200000,27.0000000,562
21006_090101_130416,D,20090518,000000,27.1200000,29.7600000,27.1200000,28.9900000,455
21006_090101_130416,D,20090519,000000,27.4700000,32.5000000,26.8000000,28.5000000,3.864
21006_090101_130416,D,20090520,000000,29.7500000,29.7500000,29.7500000,29.7500000,1
21006_090101_130416,D,20090521,000000,27.0700000,27.8000000,22.5000000,26.4900000,11.504
21006_090101_130416,D,20090522,000000,23.5100000,25.0000000,22.5000000,24.8900000,8.061
21006_090101_130416,D,20090525,000000,24.2000000,25.5500000,23.1000000,25.5500000,3.575
21006_090101_130416,D,20090526,000000,25.4800000,25.6100000,23.0000000,23.9000000,9.881
21006_090101_130416,D,20090527,000000,24.0000000,24.7000000,23.0100000,23.8000000,10.852
21006_090101_130416,D,20090528,000000,23.5100000,23.8900000,22.6600000,23.5300000,1.711
21006_090101_130416,D,20090529,000000,23.9400000,26.3000000,23.0100000,23.9000000,1.678
21006_090101_130416,D,20090601,000000,24.0000000,24.5100000,23.0100000,23.9800000,297
21006_090101_130416,D,20090602,000000,24.5300000,24.5300000,23.6000000,23.9800000,929
21006_090101_130416,D,20090603,000000,23.8600000,24.0000000,23.5500000,23.5500000,489
21006_090101_130416,D,20090604,000000,23.9200000,24.9600000,23.9200000,24.0000000,24
21006_090101_130416,D,20090605,000000,25.1400000,25.1400000,23.5100000,23.5100000,1.202
21006_090101_130416,D,20090608,000000,23.2300000,23.7000000,23.2000000,23.2000000,318
21006_090101_130416,D,20090609,000000,24.9600000,24.9600000,22.6500000,24.1000000,736
21006_090101_130416,D,20090610,000000,24.1000000,24.1000000,24.1000000,24.1000000,16
21006_090101_130416,D,20090611,000000,23.5000000,24.9500000,23.0000000,23.0500000,642
21006_090101_130416,D,20090615,000000,25.0000000,25.0000000,22.5200000,22.5200000,26
21006_090101_130416,D,20090616,000000,24.0000000,24.0000000,24.0000000,24.0000000,50
21006_090101_130416,D,20090617,000000,23.9900000,24.2900000,22.2100000,22.4800000,4.703
21006_090101_130416,D,20090618,000000,23.9900000,24.9200000,22.0700000,23.9700000,4.300
21006_090101_130416,D,20090619,000000,24.9400000,24.9400000,24.9400000,24.9400000,5
21006_090101_130416,D,20090622,000000,22.3300000,23.7600000,21.0000000,23.7600000,5.909
21006_090101_130416,D,20090624,000000,22.9900000,22.9900000,22.9900000,22.9900000,30
21006_090101_130416,D,20090625,000000,21.2000000,22.8000000,19.0000000,22.8000000,136
21006_090101_130416,D,20090629,000000,21.9800000,21.9900000,20.0100000,20.0100000,85
21006_090101_130416,D,20090630,000000,22.7900000,23.7600000,21.9900000,22.0000000,1.770
21006_090101_130416,D,20090701,000000,22.0000000,22.9900000,21.0200000,21.8000000,8.414
21006_090101_130416,D,20090702,000000,22.0000000,22.0000000,20.7600000,21.9400000,10
21006_090101_130416,D,20090703,000000,23.7700000,23.7700000,21.9900000,21.9900000,2
21006_090101_130416,D,20090706,000000,23.0000000,23.0000000,20.0800000,22.2100000,41
21006_090101_130416,D,20090707,000000,19.5200000,22.7800000,19.5200000,20.9800000,16
21006_090101_130416,D,20090708,000000,20.9900000,20.9900000,20.9900000,20.9900000,2
21006_090101_130416,D,20090709,000000,20.9600000,20.9600000,20.9600000,20.9600000,11
21006_090101_130416,D,20090710,000000,21.9900000,21.9900000,16.2500000,18.0000000,5.052
21006_090101_130416,D,20090713,000000,17.9900000,19.0000000,17.9900000,19.0000000,150
21006_090101_130416,D,20090714,000000,19.0000000,20.9900000,19.0000000,19.4000000,214
21006_090101_130416,D,20090715,000000,21.6000000,21.6000000,18.9800000,18.9800000,299
21006_090101_130416,D,20090716,000000,18.0000000,19.7400000,18.0000000,19.7400000,255
21006_090101_130416,D,20090717,000000,19.9200000,19.9200000,19.9200000,19.9200000,50
21006_090101_130416,D,20090720,000000,19.9200000,19.9200000,19.8100000,19.9200000,83
21006_090101_130416,D,20090721,000000,19.9000000,21.9900000,19.9000000,19.9000000,612
21006_090101_130416,D,20090722,000000,21.9900000,21.9900000,19.7100000,19.7100000,210
21006_090101_130416,D,20090723,000000,21.4000000,21.4000000,18.0200000,18.0200000,38
21006_090101_130416,D,20090724,000000,19.3000000,20.8900000,18.0100000,18.0100000,259
21006_090101_130416,D,20090727,000000,21.8000000,21.8000000,21.8000000,21.8000000,5
21006_090101_130416,D,20090729,000000,18.0000000,19.0000000,18.0000000,19.0000000,52
21006_090101_130416,D,20090730,000000,18.0400000,20.6900000,18.0400000,20.6900000,206
21006_090101_130416,D,20090731,000000,19.5000000,21.0000000,18.2100000,21.0000000,234
21006_090101_130416,D,20090803,000000,21.5500000,21.8900000,20.0300000,21.8900000,1.395
21006_090101_130416,D,20090804,000000,18.0300000,22.7500000,18.0300000,22.7400000,5.806
21006_090101_130416,D,20090805,000000,22.5600000,22.5600000,22.1000000,22.1000000,15
21006_090101_130416,D,20090806,000000,22.7000000,22.7000000,22.7000000,22.7000000,23
21006_090101_130416,D,20090807,000000,22.7800000,22.8000000,20.0200000,20.0200000,251
21006_090101_130416,D,20090810,000000,19.0100000,22.7400000,19.0100000,22.7100000,4
21006_090101_130416,D,20090812,000000,22.7100000,22.7100000,22.7100000,22.7100000,767
21006_090101_130416,D,20090813,000000,21.5100000,24.0000000,21.5000000,22.0100000,5.163
21006_090101_130416,D,20090814,000000,22.8000000,23.5000000,21.0000000,23.5000000,107
21006_090101_130416,D,20090817,000000,19.0000000,20.1000000,18.5100000,19.6100000,516
21006_090101_130416,D,20090818,000000,20.5000000,23.2300000,20.5000000,23.2300000,1.515
21006_090101_130416,D,20090819,000000,22.9900000,23.0000000,22.0100000,22.9800000,454
21006_090101_130416,D,20090820,000000,22.9900000,24.0600000,22.9900000,23.8000000,7.302
21006_090101_130416,D,20090821,000000,23.1000000,23.8000000,22.0300000,23.4900000,825
21006_090101_130416,D,20090824,000000,21.5100000,23.7900000,21.5100000,23.0000000,177
21006_090101_130416,D,20090825,000000,23.0000000,23.8000000,22.5000000,23.6500000,4.731
21006_090101_130416,D,20090826,000000,23.0000000,23.8000000,23.0000000,23.6300000,3.551
21006_090101_130416,D,20090827,000000,23.6000000,23.6000000,23.5900000,23.5900000,44
21006_090101_130416,D,20090828,000000,23.5000000,23.6200000,23.0100000,23.5800000,1.420
21006_090101_130416,D,20090831,000000,23.8000000,23.8000000,23.2000000,23.2000000,1.092
21006_090101_130416,D,20090901,000000,23.6500000,23.6500000,22.8100000,22.8500000,1.054
21006_090101_130416,D,20090902,000000,22.9200000,23.8000000,22.9000000,23.7800000,3.870
21006_090101_130416,D,20090903,000000,23.8000000,24.2500000,23.3900000,24.1000000,7.881
21006_090101_130416,D,20090904,000000,24.0000000,24.0500000,23.8500000,23.8500000,5.104
21006_090101_130416,D,20090907,000000,24.3500000,24.7500000,23.8800000,24.6500000,9.977
21006_090101_130416,D,20090908,000000,24.6500000,26.6900000,24.6500000,26.6900000,4.970
21006_090101_130416,D,20090909,000000,26.7000000,30.9700000,20.1800000,27.2200000,20.612
21006_090101_130416,D,20090910,000000,26.1000000,35.0000000,25.8000000,32.0000000,60.962
21006_090101_130416,D,20090911,000000,31.0000000,33.4400000,30.0000000,31.8700000,4.336
21006_090101_130416,D,20090914,000000,31.0000000,34.4900000,31.0000000,31.7700000,9.651
21006_090101_130416,D,20090915,000000,31.5000000,38.9900000,31.5000000,34.9900000,109.262
21006_090101_130416,D,20090916,000000,33.3200000,34.8400000,33.0000000,34.3000000,10.093
21006_090101_130416,D,20090917,000000,34.3000000,34.5000000,33.0000000,33.5000000,11.649
21006_090101_130416,D,20090918,000000,34.0000000,34.9400000,33.0000000,34.0000000,1.564
21006_090101_130416,D,20090921,000000,33.5100000,33.5100000,33.5000000,33.5000000,544
21006_090101_130416,D,20090922,000000,33.9400000,34.0000000,33.0000000,34.0000000,1.175
21006_090101_130416,D,20090923,000000,35.0000000,39.3900000,35.0000000,35.0000000,11.833
21006_090101_130416,D,20090925,000000,35.0000000,35.0000000,34.2300000,34.2300000,482
21006_090101_130416,D,20090928,000000,34.0000000,35.5000000,34.0000000,35.0000000,2.277
21006_090101_130416,D,20090929,000000,34.0700000,35.0000000,34.0700000,35.0000000,26
21006_090101_130416,D,20090930,000000,35.0000000,35.0000000,35.0000000,35.0000000,2
21006_090101_130416,D,20091001,000000,34.0100000,35.0000000,33.0000000,35.0000000,18.018
21006_090101_130416,D,20091002,000000,34.9000000,34.9000000,34.9000000,34.9000000,1
21006_090101_130416,D,20091005,000000,34.9100000,35.0000000,34.7500000,35.0000000,22.067
21006_090101_130416,D,20091006,000000,34.8900000,35.5000000,34.8900000,35.5000000,5.593
21006_090101_130416,D,20091007,000000,35.4900000,35.5000000,35.4900000,35.5000000,2
21006_090101_130416,D,20091008,000000,35.4900000,38.0000000,34.6700000,34.6700000,1.286
21006_090101_130416,D,20091009,000000,37.0000000,48.4800000,35.0000000,38.0000000,15.074
21006_090101_130416,D,20091012,000000,37.9500000,37.9500000,37.9500000,37.9500000,1
21006_090101_130416,D,20091013,000000,37.4800000,37.8600000,36.6000000,37.8600000,1.648
21006_090101_130416,D,20091015,000000,35.0100000,36.9900000,35.0000000,36.0000000,6.682
21006_090101_130416,D,20091016,000000,35.0000000,36.0000000,35.0000000,35.2000000,498
21006_090101_130416,D,20091019,000000,36.0000000,37.0000000,35.0000000,35.0000000,4.829
21006_090101_130416,D,20091020,000000,35.9200000,37.0000000,35.0000000,35.9500000,16.969
21006_090101_130416,D,20091021,000000,35.9500000,36.1200000,35.9500000,36.1200000,1.129
21006_090101_130416,D,20091022,000000,36.3600000,36.3900000,36.3600000,36.3900000,205
21006_090101_130416,D,20091023,000000,31.2000000,36.4500000,31.2000000,36.4500000,2.068
21006_090101_130416,D,20091026,000000,35.9900000,36.3900000,35.0100000,35.1600000,1.292
21006_090101_130416,D,20091027,000000,36.0000000,36.0000000,35.7500000,35.7500000,15.000
21006_090101_130416,D,20091028,000000,35.7500000,35.7500000,35.0000000,35.5000000,38.110
21006_090101_130416,D,20091029,000000,35.9700000,36.0000000,35.5000000,35.5000000,33.217
21006_090101_130416,D,20091030,000000,35.9800000,35.9800000,35.7000000,35.7000000,212
21006_090101_130416,D,20091102,000000,35.7000000,35.7000000,35.7000000,35.7000000,4
21006_090101_130416,D,20091105,000000,35.6600000,35.7000000,35.6600000,35.7000000,75
21006_090101_130416,D,20091106,000000,36.6000000,36.6500000,35.7000000,35.7000000,8
21006_090101_130416,D,20091109,000000,36.5000000,36.5000000,36.0200000,36.0200000,75
21006_090101_130416,D,20091110,000000,36.9000000,36.9000000,35.0000000,35.6600000,10.008
21006_090101_130416,D,20091111,000000,36.0000000,36.0000000,35.6500000,35.9900000,30.502
21006_090101_130416,D,20091112,000000,36.4900000,36.4900000,35.5300000,35.9900000,8
21006_090101_130416,D,20091113,000000,36.4900000,36.4900000,35.6700000,35.9800000,4
21006_090101_130416,D,20091116,000000,36.9000000,37.8000000,36.0000000,36.7900000,60.387
21006_090101_130416,D,20091117,000000,36.6000000,37.0000000,36.3000000,36.3000000,9.542
21006_090101_130416,D,20091119,000000,35.0100000,36.2400000,35.0100000,36.2400000,4
21006_090101_130416,D,20091120,000000,35.7000000,35.7000000,35.0000000,35.7000000,7.803
21006_090101_130416,D,20091123,000000,35.1100000,35.2200000,35.0000000,35.0000000,40.000
21006_090101_130416,D,20091124,000000,35.0000000,35.0000000,34.9900000,34.9900000,15.524
21006_090101_130416,D,20091126,000000,35.9900000,36.0000000,34.0600000,34.0600000,7
21006_090101_130416,D,20091127,000000,35.5500000,35.5500000,33.0000000,35.0000000,68
21006_090101_130416,D,20091130,000000,35.0000000,35.0000000,33.3800000,34.9100000,99
21006_090101_130416,D,20091201,000000,35.0000000,35.0000000,35.0000000,35.0000000,1
21006_090101_130416,D,20091202,000000,35.5000000,35.5000000,35.5000000,35.5000000,13
21006_090101_130416,D,20091203,000000,35.5000000,35.5000000,35.5000000,35.5000000,1
21006_090101_130416,D,20091204,000000,34.4800000,35.9100000,34.4800000,35.0000000,15
21006_090101_130416,D,20091207,000000,35.5000000,35.5000000,34.5000000,34.5000000,6
21006_090101_130416,D,20091208,000000,34.3100000,34.3100000,32.9900000,33.0000000,5.318
21006_090101_130416,D,20091209,000000,33.0000000,35.2800000,32.8000000,35.1800000,20.091
21006_090101_130416,D,20091210,000000,33.4500000,35.4300000,33.4500000,34.9200000,27
21006_090101_130416,D,20091211,000000,35.0000000,35.3400000,35.0000000,35.3400000,4.341
21006_090101_130416,D,20091214,000000,35.5900000,35.5900000,35.5800000,35.5800000,57
21006_090101_130416,D,20091215,000000,35.7100000,35.7100000,35.7100000,35.7100000,1
21006_090101_130416,D,20091216,000000,33.1600000,33.1600000,33.1600000,33.1600000,65
21006_090101_130416,D,20091217,000000,36.0000000,36.0000000,33.0100000,33.0100000,393
21006_090101_130416,D,20091218,000000,34.3800000,34.3900000,33.0000000,34.3700000,1.566
21006_090101_130416,D,20091221,000000,34.0000000,34.0000000,33.0000000,33.9900000,456
21006_090101_130416,D,20091222,000000,34.0000000,34.2800000,34.0000000,34.2800000,1.007
21006_090101_130416,D,20091223,000000,34.2800000,34.2800000,34.2800000,34.2800000,50
21006_090101_130416,D,20091224,000000,34.0000000,34.0000000,33.1200000,33.1200000,337
21006_090101_130416,D,20091225,000000,33.6000000,34.6200000,33.6000000,34.6200000,100
21006_090101_130416,D,20091228,000000,34.5900000,34.5900000,34.2800000,34.5000000,79
21006_090101_130416,D,20091229,000000,34.6200000,35.9900000,34.6200000,35.9900000,26
21006_090101_130416,D,20091230,000000,34.2800000,34.5200000,34.2800000,34.5200000,38
21006_090101_130416,D,20091231,000000,34.6100000,34.6100000,34.6100000,34.6100000,2
21006_090101_130416,D,20100111,000000,34.6100000,34.6100000,34.6100000,34.6100000,17
21006_090101_130416,D,20100112,000000,34.6100000,34.6100000,34.6100000,34.6100000,2
21006_090101_130416,D,20100114,000000,34.6200000,35.3200000,34.6200000,34.6200000,145
21006_090101_130416,D,20100115,000000,34.5000000,34.5000000,34.5000000,34.5000000,800
21006_090101_130416,D,20100118,000000,34.5000000,35.2000000,34.5000000,34.7500000,727
21006_090101_130416,D,20100119,000000,35.3100000,35.3100000,34.9500000,34.9500000,46
21006_090101_130416,D,20100120,000000,35.2800000,35.2800000,35.2800000,35.2800000,30
21006_090101_130416,D,20100121,000000,34.6300000,35.0000000,34.6300000,34.7500000,1.256
21006_090101_130416,D,20100122,000000,34.9600000,35.3200000,34.7200000,35.0000000,2.643
21006_090101_130416,D,20100125,000000,34.6300000,34.6300000,34.4000000,34.4000000,101
21006_090101_130416,D,20100126,000000,34.9400000,34.9700000,34.9400000,34.9700000,24
21006_090101_130416,D,20100127,000000,34.5200000,34.5200000,34.2800000,34.2800000,5.073
21006_090101_130416,D,20100128,000000,34.6200000,34.6200000,34.0500000,34.6200000,903
21006_090101_130416,D,20100129,000000,35.4900000,35.7000000,34.6200000,34.9900000,151
21006_090101_130416,D,20100201,000000,35.3200000,35.3200000,34.0000000,34.4000000,2.011
21006_090101_130416,D,20100202,000000,34.6200000,34.6200000,34.3300000,34.3300000,26
21006_090101_130416,D,20100203,000000,34.3600000,34.3600000,34.3600000,34.3600000,211
21006_090101_130416,D,20100204,000000,34.3200000,34.3200000,33.5200000,33.9400000,239
21006_090101_130416,D,20100205,000000,33.3300000,33.9700000,31.3400000,32.6100000,3.250
21006_090101_130416,D,20100208,000000,32.6100000,34.2400000,32.0200000,32.0400000,1.608
21006_090101_130416,D,20100209,000000,31.3400000,33.2800000,31.3300000,32.5100000,2.966
21006_090101_130416,D,20100210,000000,32.9500000,32.9500000,31.0400000,31.6400000,1.126
21006_090101_130416,D,20100211,000000,31.9700000,31.9700000,31.0200000,31.0200000,2
21006_090101_130416,D,20100212,000000,31.3500000,31.9500000,25.1300000,30.6300000,450
21006_090101_130416,D,20100215,000000,31.6700000,31.6700000,30.9900000,30.9900000,13
21006_090101_130416,D,20100216,000000,27.1200000,30.9900000,27.1200000,30.9700000,124
21006_090101_130416,D,20100217,000000,27.2100000,30.9900000,27.2100000,30.9900000,7.449
21006_090101_130416,D,20100218,000000,30.9800000,30.9800000,30.9800000,30.9800000,139
21006_090101_130416,D,20100219,000000,28.0700000,30.9800000,28.0700000,30.9800000,41
21006_090101_130416,D,20100224,000000,30.9800000,32.0000000,30.9800000,31.8900000,65
21006_090101_130416,D,20100225,000000,34.9700000,34.9700000,28.1300000,31.3700000,362
21006_090101_130416,D,20100226,000000,28.2100000,32.2000000,28.2100000,32.2000000,1.690
21006_090101_130416,D,20100227,000000,31.3700000,32.8200000,31.3700000,32.6400000,266
21006_090101_130416,D,20100301,000000,32.4300000,32.4300000,30.4100000,32.2800000,353
21006_090101_130416,D,20100302,000000,32.3300000,32.3300000,31.9300000,31.9400000,222
21006_090101_130416,D,20100304,000000,31.9400000,32.6500000,31.9400000,32.2300000,3.588
21006_090101_130416,D,20100305,000000,32.7500000,32.7500000,30.8200000,32.5000000,15
21006_090101_130416,D,20100310,000000,32.4800000,32.4900000,32.0000000,32.0000000,1.600
21006_090101_130416,D,20100311,000000,33.8900000,33.8900000,30.7500000,32.0000000,143
21006_090101_130416,D,20100312,000000,28.0400000,35.0000000,28.0400000,35.0000000,3.501
21006_090101_130416,D,20100315,000000,34.9900000,36.0000000,34.3700000,34.3700000,3.426
21006_090101_130416,D,20100316,000000,30.1100000,39.3900000,30.1100000,39.3500000,1.446
21006_090101_130416,D,20100317,000000,40.4000000,41.4100000,37.4000000,37.4100000,713
21006_090101_130416,D,20100318,000000,38.0000000,40.0000000,37.4400000,38.0400000,1.995
21006_090101_130416,D,20100319,000000,38.9700000,38.9700000,38.9700000,38.9700000,100
21006_090101_130416,D,20100322,000000,38.5000000,38.5000000,36.5700000,37.0000000,2.797
21006_090101_130416,D,20100323,000000,37.0000000,40.0000000,37.0000000,37.5000000,7.126
21006_090101_130416,D,20100324,000000,38.0000000,39.0000000,38.0000000,38.0000000,751
21006_090101_130416,D,20100325,000000,36.1100000,38.0000000,36.1100000,36.3100000,170
21006_090101_130416,D,20100326,000000,37.8900000,37.9900000,37.8900000,37.9800000,124
21006_090101_130416,D,20100329,000000,37.9900000,37.9900000,37.9900000,37.9900000,105
21006_090101_130416,D,20100330,000000,37.9900000,37.9900000,37.9900000,37.9900000,100
21006_090101_130416,D,20100331,000000,37.9900000,37.9900000,37.9900000,37.9900000,120
21006_090101_130416,D,20100401,000000,37.0000000,37.0000000,36.5000000,36.5000000,201
21006_090101_130416,D,20100402,000000,34.1600000,36.9900000,34.1600000,36.9900000,84
21006_090101_130416,D,20100405,000000,36.9900000,37.2500000,35.0000000,37.2500000,11.755
21006_090101_130416,D,20100406,000000,35.0100000,36.5200000,35.0000000,35.0700000,904
21006_090101_130416,D,20100407,000000,35.0000000,36.2300000,35.0000000,36.0000000,3.069
21006_090101_130416,D,20100408,000000,35.9500000,36.0000000,35.9500000,36.0000000,1.480
21006_090101_130416,D,20100409,000000,35.9900000,36.0000000,31.2600000,36.0000000,108
21006_090101_130416,D,20100412,000000,36.0000000,37.5000000,36.0000000,36.0000000,3.046
21006_090101_130416,D,20100413,000000,36.0000000,37.0000000,36.0000000,37.0000000,2.336
21006_090101_130416,D,20100414,000000,37.0000000,39.0000000,36.0000000,38.0000000,5.233
21006_090101_130416,D,20100415,000000,38.0000000,44.0000000,37.9500000,39.0000000,14.370
21006_090101_130416,D,20100416,000000,39.9900000,40.9900000,39.9900000,40.9900000,1.500
21006_090101_130416,D,20100419,000000,37.1800000,40.9900000,27.7700000,40.9900000,15.995
21006_090101_130416,D,20100420,000000,38.3100000,40.8400000,38.3100000,40.8400000,90
21006_090101_130416,D,20100421,000000,40.8400000,40.9900000,40.8400000,40.9900000,75
21006_090101_130416,D,20100422,000000,41.0000000,41.0000000,38.0000000,38.9700000,851
21006_090101_130416,D,20100423,000000,38.0000000,40.9900000,38.0000000,40.9900000,1.046
21006_090101_130416,D,20100426,000000,40.9900000,40.9900000,40.9900000,40.9900000,220
21006_090101_130416,D,20100427,000000,38.0300000,38.0300000,38.0000000,38.0300000,1.134
21006_090101_130416,D,20100428,000000,39.0000000,39.0000000,37.7000000,37.7000000,5.834
21006_090101_130416,D,20100429,000000,38.0000000,38.0000000,38.0000000,38.0000000,2.300
21006_090101_130416,D,20100430,000000,39.0000000,39.0100000,39.0000000,39.0000000,1.905
21006_090101_130416,D,20100504,000000,39.9900000,40.0300000,39.0000000,39.0000000,11.113
21006_090101_130416,D,20100505,000000,40.0000000,40.0000000,38.5400000,38.5400000,6.018
21006_090101_130416,D,20100506,000000,39.0000000,39.0000000,39.0000000,39.0000000,4.108
21006_090101_130416,D,20100507,000000,36.0000000,37.7800000,31.5000000,37.7800000,2.037
21006_090101_130416,D,20100511,000000,37.9700000,38.0000000,37.9700000,38.0000000,80
21006_090101_130416,D,20100512,000000,39.0000000,39.0000000,39.0000000,39.0000000,1.000
21006_090101_130416,D,20100513,000000,38.0000000,42.0000000,38.0000000,41.7000000,987
21006_090101_130416,D,20100517,000000,41.9600000,41.9600000,41.9600000,41.9600000,4
21006_090101_130416,D,20100518,000000,36.0100000,41.0000000,36.0100000,41.0000000,144
21006_090101_130416,D,20100520,000000,38.0000000,38.1100000,38.0000000,38.0800000,350
21006_090101_130416,D,20100524,000000,38.9900000,40.0000000,38.9900000,40.0000000,396
21006_090101_130416,D,20100525,000000,39.0200000,40.0000000,39.0200000,40.0000000,741
21006_090101_130416,D,20100526,000000,40.6200000,41.0000000,39.0200000,39.0200000,254
21006_090101_130416,D,20100528,000000,41.0000000,41.0000000,39.0000000,40.9900000,1.261
21006_090101_130416,D,20100601,000000,39.0000000,40.0000000,38.5000000,38.5000000,11.299
21006_090101_130416,D,20100602,000000,40.0000000,42.0000000,40.0000000,42.0000000,30.110
21006_090101_130416,D,20100603,000000,40.0100000,42.0000000,40.0000000,42.0000000,6.213
21006_090101_130416,D,20100604,000000,40.0000000,40.0200000,39.9000000,40.0000000,15.702
21006_090101_130416,D,20100607,000000,40.0100000,40.0100000,39.0000000,40.0000000,1.130
21006_090101_130416,D,20100608,000000,41.9800000,41.9800000,41.9500000,41.9800000,19.430
21006_090101_130416,D,20100609,000000,39.0000000,39.0000000,39.0000000,39.0000000,1.000
21006_090101_130416,D,20100610,000000,39.0200000,39.0200000,39.0000000,39.0000000,246
21006_090101_130416,D,20100616,000000,40.9900000,40.9900000,40.9900000,40.9900000,100
21006_090101_130416,D,20100618,000000,41.0000000,41.0000000,41.0000000,41.0000000,1.195
21006_090101_130416,D,20100622,000000,40.5800000,40.5800000,39.3500000,39.3500000,3.928
21006_090101_130416,D,20100625,000000,40.1700000,41.4100000,40.1700000,40.5700000,31
21006_090101_130416,D,20100628,000000,40.5700000,40.5700000,40.5700000,40.5700000,1
21006_090101_130416,D,20100629,000000,40.5600000,40.5600000,40.5600000,40.5600000,8
21006_090101_130416,D,20100630,000000,39.0000000,39.0000000,38.0000000,39.0000000,419
21006_090101_130416,D,20100706,000000,40.9900000,40.9900000,40.9900000,40.9900000,64
21006_090101_130416,D,20100708,000000,38.1100000,39.0000000,38.1100000,39.0000000,2
21006_090101_130416,D,20100712,000000,39.3500000,40.5800000,39.3500000,40.5800000,2.352
21006_090101_130416,D,20100713,000000,40.5000000,40.5000000,38.0400000,40.4900000,54
21006_090101_130416,D,20100714,000000,40.4900000,40.4900000,40.4900000,40.4900000,1
21006_090101_130416,D,20100715,000000,39.9000000,39.9000000,39.5100000,39.5100000,6
21006_090101_130416,D,20100716,000000,40.2800000,40.2800000,40.2800000,40.2800000,1
21006_090101_130416,D,20100720,000000,40.2200000,40.2200000,40.2200000,40.2200000,1
21006_090101_130416,D,20100722,000000,40.3000000,40.9900000,40.3000000,40.9100000,19
21006_090101_130416,D,20100723,000000,40.9000000,40.9000000,39.7000000,40.1000000,13
21006_090101_130416,D,20100726,000000,41.0000000,41.0000000,38.0100000,38.0100000,14
21006_090101_130416,D,20100728,000000,39.4100000,39.4100000,39.4100000,39.4100000,5
21006_090101_130416,D,20100730,000000,39.0000000,39.0000000,38.0000000,38.0000000,670
21006_090101_130416,D,20100802,000000,38.6200000,39.4100000,38.5000000,39.4100000,715
21006_090101_130416,D,20100804,000000,39.7900000,41.0000000,39.7900000,41.0000000,15
21006_090101_130416,D,20100805,000000,40.2000000,41.0000000,40.2000000,40.2000000,72
21006_090101_130416,D,20100806,000000,39.8000000,39.8000000,39.0200000,39.0200000,11
21006_090101_130416,D,20100809,000000,39.8000000,39.8000000,39.8000000,39.8000000,5
21006_090101_130416,D,20100811,000000,40.2000000,42.0000000,40.2000000,42.0000000,15
21006_090101_130416,D,20100816,000000,39.8000000,39.8000000,39.8000000,39.8000000,5
21006_090101_130416,D,20100817,000000,39.3000000,39.3000000,39.3000000,39.3000000,100
21006_090101_130416,D,20100818,000000,38.1000000,38.8900000,38.0000000,38.0000000,6.760
21006_090101_130416,D,20100819,000000,38.0000000,38.6300000,37.9900000,38.6300000,5.005
21006_090101_130416,D,20100820,000000,39.0200000,39.5000000,39.0200000,39.5000000,7.381
21006_090101_130416,D,20100823,000000,38.9500000,38.9500000,38.9500000,38.9500000,15
21006_090101_130416,D,20100824,000000,38.9500000,38.9500000,38.9500000,38.9500000,200
21006_090101_130416,D,20100825,000000,41.1600000,41.1600000,39.4100000,39.4100000,141
21006_090101_130416,D,20100827,000000,38.9000000,38.9000000,38.9000000,38.9000000,70
21006_090101_130416,D,20100830,000000,38.9000000,38.9000000,38.7400000,38.9000000,22
21006_090101_130416,D,20100831,000000,38.9000000,38.9000000,38.9000000,38.9000000,14
21006_090101_130416,D,20100901,000000,38.9000000,38.9000000,38.9000000,38.9000000,9
21006_090101_130416,D,20100903,000000,38.9000000,38.9000000,38.9000000,38.9000000,41
21006_090101_130416,D,20100906,000000,38.9000000,38.9000000,38.9000000,38.9000000,20
21006_090101_130416,D,20100907,000000,38.9000000,39.4100000,38.9000000,39.4100000,262
21006_090101_130416,D,20100909,000000,39.1500000,39.7900000,39.1500000,39.7900000,9
21006_090101_130416,D,20100910,000000,39.8000000,40.0000000,39.8000000,40.0000000,187
21006_090101_130416,D,20100913,000000,39.4100000,39.4100000,39.4100000,39.4100000,5
21006_090101_130416,D,20100914,000000,39.8000000,42.0000000,39.8000000,41.0000000,2.311
21006_090101_130416,D,20100915,000000,41.0000000,41.0000000,41.0000000,41.0000000,5
21006_090101_130416,D,20100917,000000,39.2200000,39.2200000,38.6000000,38.6000000,2.000
21006_090101_130416,D,20100920,000000,40.2700000,41.0000000,39.3200000,39.3200000,315
21006_090101_130416,D,20100921,000000,40.2100000,43.0000000,40.2100000,42.5000000,23.019
21006_090101_130416,D,20100922,000000,43.1100000,47.6600000,43.1100000,47.5000000,40.330
21006_090101_130416,D,20100923,000000,48.0800000,53.7100000,48.0800000,50.0000000,18.709
21006_090101_130416,D,20100924,000000,50.6000000,51.6100000,50.0900000,51.1100000,6.976
21006_090101_130416,D,20100927,000000,51.0000000,55.6800000,46.5100000,55.6800000,7.948
21006_090101_130416,D,20100928,000000,55.0000000,56.0000000,54.2000000,54.2000000,1.107
21006_090101_130416,D,20100929,000000,55.8900000,55.9000000,54.2100000,54.2900000,923
21006_090101_130416,D,20101001,000000,54.0100000,54.5200000,51.7100000,54.5200000,758
21006_090101_130416,D,20101004,000000,53.2500000,53.8600000,52.2900000,53.8600000,699
21006_090101_130416,D,20101005,000000,53.9900000,53.9900000,51.0000000,51.0000000,651
21006_090101_130416,D,20101006,000000,51.9500000,53.8100000,51.0000000,51.0000000,759
21006_090101_130416,D,20101007,000000,51.9900000,54.9900000,51.9900000,54.9900000,898
21006_090101_130416,D,20101008,000000,54.9900000,56.0000000,54.9900000,55.9900000,5.339
21006_090101_130416,D,20101011,000000,55.9900000,55.9900000,54.4600000,54.4600000,1.160
21006_090101_130416,D,20101013,000000,54.4600000,54.9900000,53.3800000,53.3800000,19
21006_090101_130416,D,20101014,000000,53.9200000,57.9900000,53.9200000,57.4200000,4.516
21006_090101_130416,D,20101015,000000,57.9900000,59.9500000,57.9900000,59.0000000,1.057
21006_090101_130416,D,20101018,000000,59.8500000,64.6000000,58.0000000,63.0000000,12.680
21006_090101_130416,D,20101019,000000,63.0000000,63.0000000,60.0000000,62.0000000,1.195
21006_090101_130416,D,20101020,000000,60.2500000,60.2500000,60.2500000,60.2500000,1
21006_090101_130416,D,20101021,000000,60.2500000,60.2500000,60.2500000,60.2500000,5
21006_090101_130416,D,20101022,000000,60.8600000,63.0000000,60.2600000,60.2600000,35
21006_090101_130416,D,20101026,000000,59.6600000,59.6600000,59.6600000,59.6600000,5
21006_090101_130416,D,20101027,000000,60.2600000,60.2600000,60.2600000,60.2600000,18
21006_090101_130416,D,20101028,000000,60.8600000,62.0000000,60.2600000,60.2600000,1.031
21006_090101_130416,D,20101101,000000,59.6700000,59.6700000,59.0000000,59.0000000,2.519
21006_090101_130416,D,20101102,000000,59.0000000,59.6700000,59.0000000,59.0000000,1.102
21006_090101_130416,D,20101103,000000,59.6500000,60.0000000,59.0000000,59.0000000,1.330
21006_090101_130416,D,20101108,000000,59.0000000,59.6700000,59.0000000,59.6700000,300
21006_090101_130416,D,20101109,000000,60.2600000,62.0000000,59.6700000,59.7000000,142
21006_090101_130416,D,20101110,000000,59.0800000,59.0800000,58.0000000,58.0000000,1.020
21006_090101_130416,D,20101111,000000,59.0800000,59.0800000,59.0800000,59.0800000,2
21006_090101_130416,D,20101112,000000,59.0800000,60.0000000,58.4900000,59.6400000,5.216
21006_090101_130416,D,20101113,000000,59.6600000,61.7700000,59.6600000,61.7700000,50
21006_090101_130416,D,20101115,000000,60.2600000,61.8000000,59.0800000,59.0800000,38
21006_090101_130416,D,20101116,000000,59.2300000,59.2300000,59.2300000,59.2300000,59
21006_090101_130416,D,20101117,000000,59.0800000,59.0800000,59.0800000,59.0800000,2
21006_090101_130416,D,20101118,000000,59.6300000,59.6300000,59.6300000,59.6300000,3
21006_090101_130416,D,20101119,000000,59.6300000,61.0000000,59.6300000,61.0000000,100
21006_090101_130416,D,20101122,000000,60.8700000,62.0000000,59.6700000,59.6700000,1.136
21006_090101_130416,D,20101123,000000,59.1300000,59.1300000,58.4900000,59.0800000,101
21006_090101_130416,D,20101124,000000,57.9100000,60.0000000,51.1200000,55.0000000,9.011
21006_090101_130416,D,20101125,000000,56.0000000,56.0000000,48.2000000,54.4800000,3.205
21006_090101_130416,D,20101126,000000,55.0000000,55.0000000,52.0000000,53.5800000,2.837
21006_090101_130416,D,20101129,000000,53.8700000,53.8700000,52.1300000,52.1300000,112
21006_090101_130416,D,20101130,000000,53.8400000,53.8400000,52.0000000,52.0000000,25
21006_090101_130416,D,20101201,000000,53.6800000,53.7400000,53.6400000,53.7400000,2.671
21006_090101_130416,D,20101202,000000,52.0200000,58.5000000,52.0000000,58.5000000,3.443
21006_090101_130416,D,20101203,000000,58.1700000,59.4300000,56.7800000,57.3600000,5.947
21006_090101_130416,D,20101206,000000,57.1400000,59.3000000,57.1400000,59.3000000,1.137
21006_090101_130416,D,20101207,000000,57.3600000,57.3600000,57.0900000,57.0900000,2.051
21006_090101_130416,D,20101208,000000,56.9800000,56.9800000,56.9800000,56.9800000,2
21006_090101_130416,D,20101209,000000,56.8900000,56.8900000,56.2200000,56.2200000,17
21006_090101_130416,D,20101210,000000,56.9300000,56.9400000,56.9300000,56.9300000,37
21006_090101_130416,D,20101213,000000,56.9800000,56.9800000,55.0000000,55.0000000,76
21006_090101_130416,D,20101214,000000,55.0000000,56.2100000,53.9900000,55.1200000,195
21006_090101_130416,D,20101215,000000,55.1200000,55.1200000,55.1200000,55.1200000,1
21006_090101_130416,D,20101216,000000,55.0000000,58.0000000,53.7300000,58.0000000,529
21006_090101_130416,D,20101217,000000,57.9900000,57.9900000,52.9900000,56.1600000,541
21006_090101_130416,D,20101220,000000,56.2000000,56.2300000,52.2500000,54.7400000,109
21006_090101_130416,D,20101221,000000,54.7400000,56.2400000,54.7400000,55.0500000,1.112
21006_090101_130416,D,20101222,000000,56.2300000,56.9500000,55.8100000,55.8100000,26
21006_090101_130416,D,20101223,000000,56.9300000,57.0000000,55.8000000,55.8000000,411
21006_090101_130416,D,20101224,000000,56.2000000,57.0000000,54.1500000,55.9000000,221
21006_090101_130416,D,20101227,000000,55.8900000,55.8900000,54.0000000,55.1300000,176
21006_090101_130416,D,20101228,000000,55.3900000,55.9000000,54.0000000,55.3200000,2.018
21006_090101_130416,D,20101229,000000,55.0300000,55.0300000,51.8800000,53.2400000,89
21006_090101_130416,D,20101230,000000,53.5300000,56.6200000,48.5500000,53.4700000,198
21006_090101_130416,D,20110111,000000,53.5000000,53.5000000,52.4200000,52.4200000,38
21006_090101_130416,D,20110112,000000,52.4000000,57.0000000,45.0500000,55.3900000,2.477
21006_090101_130416,D,20110113,000000,55.6100000,56.9900000,55.0000000,56.8000000,619
21006_090101_130416,D,20110114,000000,55.5700000,55.9600000,55.0000000,55.6500000,535
21006_090101_130416,D,20110117,000000,56.5000000,56.8400000,55.5600000,55.5600000,19
21006_090101_130416,D,20110118,000000,55.5500000,56.9900000,55.5500000,55.9700000,1.457
21006_090101_130416,D,20110119,000000,55.5300000,55.5300000,52.2000000,55.1400000,969
21006_090101_130416,D,20110120,000000,55.0000000,55.0000000,48.0000000,53.2300000,2.270
21006_090101_130416,D,20110121,000000,53.2700000,56.9800000,53.2700000,56.9800000,154
21006_090101_130416,D,20110124,000000,55.5000000,58.0000000,55.5000000,57.0000000,3.144
21006_090101_130416,D,20110125,000000,55.4000000,56.7500000,52.0000000,55.3700000,529
21006_090101_130416,D,20110126,000000,54.7100000,56.5000000,54.7100000,55.3500000,15
21006_090101_130416,D,20110127,000000,54.8500000,56.3600000,54.7300000,56.3600000,350
21006_090101_130416,D,20110128,000000,54.4500000,55.3300000,53.2400000,55.0600000,364
21006_090101_130416,D,20110131,000000,55.0000000,55.0000000,50.0400000,55.0000000,709
21006_090101_130416,D,20110201,000000,55.0000000,56.8100000,55.0000000,55.0000000,1.688
21006_090101_130416,D,20110202,000000,54.3100000,54.3100000,52.0100000,54.3100000,1.622
21006_090101_130416,D,20110203,000000,53.2500000,54.9900000,52.1900000,54.0000000,25.285
21006_090101_130416,D,20110204,000000,54.0000000,54.0000000,52.0000000,53.8700000,5.371
21006_090101_130416,D,20110207,000000,53.8700000,53.8700000,52.0000000,53.1100000,1.176
21006_090101_130416,D,20110208,000000,53.1100000,53.1100000,50.0000000,51.9000000,3.560
21006_090101_130416,D,20110209,000000,51.9300000,52.2000000,50.0000000,50.0000000,1.386
21006_090101_130416,D,20110210,000000,51.1800000,53.0000000,49.9900000,49.9900000,348
21006_090101_130416,D,20110211,000000,51.1800000,51.1800000,49.9200000,51.1800000,78
21006_090101_130416,D,20110214,000000,50.1800000,50.9900000,49.9500000,49.9600000,4.077
21006_090101_130416,D,20110215,000000,51.1400000,51.3900000,50.1800000,50.9000000,70
21006_090101_130416,D,20110216,000000,51.1800000,51.1800000,50.0000000,50.0000000,1.132
21006_090101_130416,D,20110217,000000,50.0900000,50.0900000,50.0000000,50.0900000,11
21006_090101_130416,D,20110218,000000,51.1700000,51.4000000,49.5000000,50.0000000,604
21006_090101_130416,D,20110221,000000,51.1800000,51.1800000,47.0000000,47.0000000,1.201
21006_090101_130416,D,20110222,000000,49.8500000,49.9900000,47.1400000,49.9400000,251
21006_090101_130416,D,20110224,000000,49.9000000,51.1900000,49.9000000,51.1900000,397
21006_090101_130416,D,20110225,000000,47.1100000,50.8500000,47.1100000,50.8500000,14
21006_090101_130416,D,20110228,000000,48.0000000,50.8300000,47.5100000,49.0000000,9.542
21006_090101_130416,D,20110302,000000,51.0000000,55.0000000,51.0000000,55.0000000,1.900
21006_090101_130416,D,20110303,000000,54.8000000,54.8000000,54.8000000,54.8000000,900
21006_090101_130416,D,20110304,000000,47.6800000,49.0000000,47.6800000,49.0000000,3.600
21006_090101_130416,D,20110305,000000,48.5300000,54.4600000,48.5300000,50.0000000,1.000
21006_090101_130416,D,20110309,000000,47.3800000,50.0500000,47.3800000,48.5000000,1.300
21006_090101_130416,D,20110310,000000,48.0000000,48.8900000,48.0000000,48.8900000,300
21006_090101_130416,D,20110311,000000,48.9000000,48.9300000,48.9000000,48.9200000,1.500
21006_090101_130416,D,20110314,000000,48.9200000,48.9200000,48.9200000,48.9200000,300
21006_090101_130416,D,20110315,000000,45.8900000,45.8900000,45.1500000,45.1500000,900
21006_090101_130416,D,20110317,000000,44.0000000,44.0000000,42.9900000,43.0000000,60.100
21006_090101_130416,D,20110318,000000,44.9500000,44.9500000,43.0000000,43.0000000,700
21006_090101_130416,D,20110321,000000,42.0000000,42.0100000,39.0100000,42.0000000,500
21006_090101_130416,D,20110322,000000,43.9300000,44.0000000,43.9300000,43.9300000,1.400
21006_090101_130416,D,20110324,000000,43.9800000,43.9900000,43.9800000,43.9900000,200
21006_090101_130416,D,20110328,000000,44.0000000,44.8000000,44.0000000,44.8000000,400
21006_090101_130416,D,20110330,000000,45.0000000,45.0000000,44.8200000,44.8200000,700
21006_090101_130416,D,20110401,000000,42.0500000,42.0500000,42.0000000,42.0000000,10.000
21006_090101_130416,D,20110404,000000,43.9900000,43.9900000,43.9900000,43.9900000,200
21006_090101_130416,D,20110406,000000,44.0000000,44.0000000,42.5200000,42.5200000,9.100
21006_090101_130416,D,20110411,000000,43.9900000,43.9900000,43.9900000,43.9900000,100
21006_090101_130416,D,20110412,000000,40.6700000,43.0100000,40.0000000,40.9600000,21.500
21006_090101_130416,D,20110413,000000,40.0900000,42.5000000,40.0900000,42.0000000,2.300
21006_090101_130416,D,20110414,000000,41.9900000,44.0000000,41.9900000,44.0000000,1.300
21006_090101_130416,D,20110415,000000,44.0000000,56.9800000,40.8400000,44.8800000,275.500
21006_090101_130416,D,20110418,000000,45.9000000,45.9000000,42.7000000,42.7500000,3.600
21006_090101_130416,D,20110419,000000,42.5000000,43.7900000,42.5000000,43.0000000,1.000
21006_090101_130416,D,20110420,000000,43.8800000,44.5000000,42.0900000,42.0900000,2.000
21006_090101_130416,D,20110421,000000,42.0600000,42.0600000,42.0500000,42.0500000,400
21006_090101_130416,D,20110422,000000,44.0000000,44.0000000,44.0000000,44.0000000,1.800
21006_090101_130416,D,20110425,000000,44.9900000,45.0000000,43.9900000,44.0000000,900
21006_090101_130416,D,20110426,000000,43.9800000,45.0000000,43.9800000,44.5000000,1.300
21006_090101_130416,D,20110427,000000,45.0000000,45.0000000,42.5100000,45.0000000,1.800
21006_090101_130416,D,20110428,000000,44.9600000,45.2500000,44.9600000,45.2500000,600
21006_090101_130416,D,20110429,000000,45.2500000,46.0000000,42.1600000,44.9900000,9.700
21006_090101_130416,D,20110503,000000,44.9900000,44.9900000,44.0000000,44.0000000,500
21006_090101_130416,D,20110504,000000,44.0000000,44.0000000,44.0000000,44.0000000,100
21006_090101_130416,D,20110505,000000,43.7500000,43.7500000,40.0000000,43.7400000,1.400
21006_090101_130416,D,20110506,000000,43.5000000,43.5000000,43.5000000,43.5000000,200
21006_090101_130416,D,20110510,000000,43.7500000,43.7500000,43.7500000,43.7500000,100
21006_090101_130416,D,20110516,000000,39.8500000,42.8200000,39.8500000,42.8200000,300
21006_090101_130416,D,20110517,000000,39.2000000,42.8500000,39.2000000,42.8500000,200
21006_090101_130416,D,20110518,000000,41.0400000,41.0400000,41.0400000,41.0400000,100
21006_090101_130416,D,20110519,000000,42.9900000,45.0000000,42.0000000,42.5500000,19.100
21006_090101_130416,D,20110530,000000,44.0000000,44.0000000,44.0000000,44.0000000,100
21006_090101_130416,D,20110531,000000,44.0000000,44.0000000,43.1500000,43.1500000,11.000
21006_090101_130416,D,20110606,000000,42.0000000,42.0000000,42.0000000,42.0000000,500
21006_090101_130416,D,20110610,000000,40.0600000,41.9600000,40.0300000,40.0300000,2.100
21006_090101_130416,D,20110614,000000,43.9700000,43.9700000,43.9700000,43.9700000,100
21006_090101_130416,D,20110617,000000,40.0100000,40.0100000,40.0100000,40.0100000,100
21006_090101_130416,D,20110620,000000,40.0000000,43.4900000,40.0000000,43.4900000,800
21006_090101_130416,D,20110621,000000,43.0000000,43.0000000,43.0000000,43.0000000,100.000
21006_090101_130416,D,20110624,000000,42.0000000,42.0000000,42.0000000,42.0000000,200
21006_090101_130416,D,20110627,000000,41.7500000,42.0000000,41.4000000,41.4000000,800
21006_090101_130416,D,20110628,000000,43.7500000,43.7500000,43.7500000,43.7500000,100
21006_090101_130416,D,20110629,000000,42.7000000,43.0000000,42.7000000,43.0000000,101.500
21006_090101_130416,D,20110707,000000,42.0000000,42.0000000,40.0400000,42.0000000,1.000
21006_090101_130416,D,20110711,000000,40.0000000,41.0300000,40.0000000,40.0100000,1.600
21006_090101_130416,D,20110714,000000,40.0000000,40.0100000,40.0000000,40.0000000,2.500
21006_090101_130416,D,20110718,000000,40.0000000,40.0100000,39.9900000,40.0000000,1.400
21006_090101_130416,D,20110721,000000,40.0000000,40.0000000,40.0000000,40.0000000,100
21006_090101_130416,D,20110725,000000,43.9900000,43.9900000,40.0000000,40.0000000,300
21006_090101_130416,D,20110726,000000,40.0000000,40.0000000,40.0000000,40.0000000,1.700
21006_090101_130416,D,20110727,000000,39.5000000,39.5000000,39.5000000,39.5000000,100
21006_090101_130416,D,20110728,000000,38.5100000,38.5100000,35.2100000,38.2500000,1.000
21006_090101_130416,D,20110729,000000,38.2500000,38.2500000,38.2500000,38.2500000,200
21006_090101_130416,D,20110803,000000,42.5900000,42.5900000,42.5900000,42.5900000,100
21006_090101_130416,D,20110804,000000,39.0100000,39.0100000,39.0000000,39.0000000,400
21006_090101_130416,D,20110805,000000,35.3500000,35.3500000,33.3500000,33.9900000,2.500
21006_090101_130416,D,20110808,000000,33.0000000,33.9900000,33.0000000,33.1300000,1.500
21006_090101_130416,D,20110809,000000,30.0500000,30.0500000,30.0500000,30.0500000,100
21006_090101_130416,D,20110823,000000,30.9400000,36.3700000,30.9400000,36.3700000,1.000
21006_090101_130416,D,20110824,000000,32.0000000,32.0000000,32.0000000,32.0000000,100
21006_090101_130416,D,20110907,000000,32.4500000,32.4500000,30.0000000,30.0000000,1.100
21006_090101_130416,D,20110915,000000,31.9600000,31.9600000,31.9600000,31.9600000,400
21006_090101_130416,D,20110922,000000,29.2500000,29.2500000,29.2500000,29.2500000,100
21006_090101_130416,D,20111004,000000,26.0000000,33.0000000,26.0000000,32.9900000,16.300
21006_090101_130416,D,20111010,000000,31.1000000,31.1000000,31.1000000,31.1000000,100
21006_090101_130416,D,20111013,000000,25.1200000,29.9900000,25.1200000,29.9900000,200
21006_090101_130416,D,20111018,000000,30.0000000,30.0000000,30.0000000,30.0000000,100
21006_090101_130416,D,20111019,000000,29.9900000,29.9900000,29.9900000,29.9900000,200
21006_090101_130416,D,20111021,000000,29.0000000,29.0000000,29.0000000,29.0000000,700
21006_090101_130416,D,20111026,000000,28.0000000,29.0000000,28.0000000,29.0000000,1.300
21006_090101_130416,D,20111027,000000,29.0000000,31.0000000,29.0000000,30.9900000,5.700
21006_090101_130416,D,20111028,000000,29.0100000,29.2600000,29.0100000,29.2600000,200
21006_090101_130416,D,20111103,000000,26.7400000,30.9900000,26.6500000,30.9900000,1.600
21006_090101_130416,D,20111114,000000,26.7300000,29.9800000,26.7300000,29.9800000,300
21006_090101_130416,D,20111118,000000,26.2800000,28.3900000,26.2800000,28.3900000,200
21006_090101_130416,D,20111121,000000,29.0000000,29.0000000,29.0000000,29.0000000,200
21006_090101_130416,D,20111130,000000,27.0000000,28.4900000,27.0000000,28.0000000,500
21006_090101_130416,D,20111206,000000,27.2100000,27.2100000,27.2100000,27.2100000,100
21006_090101_130416,D,20111209,000000,27.9900000,27.9900000,27.9900000,27.9900000,100
21006_090101_130416,D,20111213,000000,28.9000000,28.9000000,28.9000000,28.9000000,100
21006_090101_130416,D,20111214,000000,28.8900000,28.9000000,28.8900000,28.9000000,500
21006_090101_130416,D,20111215,000000,30.7500000,30.7500000,30.7500000,30.7500000,400
21006_090101_130416,D,20111216,000000,30.9900000,30.9900000,30.9900000,30.9900000,700
21006_090101_130416,D,20111219,000000,30.0000000,30.0000000,30.0000000,30.0000000,1.700
21006_090101_130416,D,20111220,000000,29.5000000,29.5000000,29.5000000,29.5000000,3.400
21006_090101_130416,D,20111221,000000,30.9000000,30.9000000,30.9000000,30.9000000,1.100
21006_090101_130416,D,20111226,000000,29.9000000,30.7900000,29.9000000,30.7900000,4.200
21006_090101_130416,D,20111227,000000,30.0200000,30.0200000,25.0100000,27.2000000,2.900
21006_090101_130416,D,20120103,000000,25.0000000,25.0000000,25.0000000,25.0000000,100
21006_090101_130416,D,20120111,000000,27.4200000,28.0000000,27.4200000,28.0000000,1.300
21006_090101_130416,D,20120112,000000,27.8800000,28.0100000,27.8800000,28.0000000,1.100
21006_090101_130416,D,20120130,000000,23.8100000,27.9000000,23.3200000,27.9000000,1.000
21006_090101_130416,D,20120131,000000,25.9900000,25.9900000,25.9900000,25.9900000,200
21006_090101_130416,D,20120201,000000,27.9500000,28.9000000,27.0000000,27.0000000,500
21006_090101_130416,D,20120209,000000,29.0000000,29.0000000,28.0000000,28.0000000,8.400
21006_090101_130416,D,20120214,000000,29.0000000,29.0000000,27.0000000,27.0000000,700
21006_090101_130416,D,20120215,000000,28.9900000,29.0000000,28.0000000,28.0000000,1.400
21006_090101_130416,D,20120216,000000,27.0100000,27.1100000,26.6000000,27.1100000,300
21006_090101_130416,D,20120220,000000,29.0000000,29.0000000,29.0000000,29.0000000,800
21006_090101_130416,D,20120221,000000,28.0000000,28.0000000,28.0000000,28.0000000,600
21006_090101_130416,D,20120222,000000,27.0600000,27.0600000,27.0000000,27.0000000,1.300
21006_090101_130416,D,20120224,000000,27.8000000,27.8000000,27.8000000,27.8000000,100
21006_090101_130416,D,20120227,000000,27.0600000,27.0600000,27.0600000,27.0600000,100
21006_090101_130416,D,20120228,000000,28.0000000,28.0000000,27.3100000,27.3100000,700
21006_090101_130416,D,20120229,000000,27.0000000,27.0000000,27.0000000,27.0000000,100
21006_090101_130416,D,20120305,000000,27.0000000,31.0100000,27.0000000,29.9800000,13.600
21006_090101_130416,D,20120306,000000,28.3500000,29.9900000,26.0000000,26.0000000,15.700
21006_090101_130416,D,20120311,000000,28.2400000,28.2400000,27.9900000,28.2400000,800
21006_090101_130416,D,20120313,000000,27.1900000,27.1900000,27.0000000,27.0000000,200
21006_090101_130416,D,20120314,000000,27.0100000,27.0100000,27.0100000,27.0100000,300
21006_090101_130416,D,20120315,000000,28.2400000,28.2400000,28.2400000,28.2400000,1.700
21006_090101_130416,D,20120321,000000,28.2800000,28.2900000,28.2800000,28.2900000,800
21006_090101_130416,D,20120322,000000,26.0100000,26.0100000,24.9900000,25.0000000,14.700
21006_090101_130416,D,20120323,000000,26.0000000,26.0000000,25.0000000,25.0000000,1.300
21006_090101_130416,D,20120326,000000,24.9900000,25.4900000,24.9900000,25.4900000,400
21006_090101_130416,D,20120327,000000,25.0000000,25.9900000,24.0000000,25.9900000,14.200
21006_090101_130416,D,20120328,000000,24.9900000,25.2900000,24.4900000,24.4900000,11.300
21006_090101_130416,D,20120329,000000,24.9900000,24.9900000,23.0000000,23.9300000,51.700
21006_090101_130416,D,20120330,000000,23.0500000,24.1100000,23.0100000,23.5900000,10.500
21006_090101_130416,D,20120402,000000,23.7300000,23.9500000,23.6000000,23.7900000,900
21006_090101_130416,D,20120403,000000,24.9800000,24.9800000,23.0000000,23.0000000,1.800
21006_090101_130416,D,20120404,000000,23.9800000,23.9800000,22.5500000,22.5500000,200
21006_090101_130416,D,20120405,000000,23.1900000,25.0000000,23.1900000,23.3500000,19.700
21006_090101_130416,D,20120406,000000,25.0000000,25.0000000,23.0200000,23.1200000,58.500
21006_090101_130416,D,20120409,000000,24.5800000,24.5800000,21.1800000,22.9900000,13.800
21006_090101_130416,D,20120410,000000,23.5200000,23.5200000,23.3700000,23.5200000,600
21006_090101_130416,D,20120411,000000,22.4100000,22.4100000,21.0000000,22.0200000,74.200
21006_090101_130416,D,20120412,000000,22.1800000,22.8900000,21.1200000,22.8700000,3.600
21006_090101_130416,D,20120416,000000,22.4700000,22.4700000,22.4700000,22.4700000,100
21006_090101_130416,D,20120417,000000,22.0000000,22.0000000,20.7700000,21.0000000,17.200
21006_090101_130416,D,20120418,000000,21.0000000,21.0000000,21.0000000,21.0000000,200
21006_090101_130416,D,20120419,000000,21.9500000,21.9500000,21.9500000,21.9500000,100
21006_090101_130416,D,20120420,000000,22.4800000,22.4800000,22.4800000,22.4800000,100
21006_090101_130416,D,20120423,000000,20.3200000,20.3200000,19.2200000,19.9900000,38.900
21006_090101_130416,D,20120424,000000,20.2000000,20.2000000,18.9900000,19.0000000,21.100
21006_090101_130416,D,20120425,000000,19.9900000,19.9900000,19.7500000,19.7500000,200
21006_090101_130416,D,20120426,000000,19.6100000,20.5000000,19.6000000,20.0000000,33.300
21006_090101_130416,D,20120427,000000,18.9800000,20.9700000,18.9800000,20.9700000,4.300
21006_090101_130416,D,20120503,000000,21.0000000,21.0000000,19.9600000,19.9600000,400
21006_090101_130416,D,20120504,000000,18.5500000,21.8600000,18.5500000,19.5000000,29.100
21006_090101_130416,D,20120505,000000,19.5500000,19.5500000,19.5500000,19.5500000,100
21006_090101_130416,D,20120507,000000,19.9800000,21.9700000,19.9800000,20.0000000,2.200
21006_090101_130416,D,20120508,000000,19.9900000,19.9900000,19.9800000,19.9800000,5.600
21006_090101_130416,D,20120510,000000,19.9800000,22.0000000,19.9800000,21.4900000,3.400
21006_090101_130416,D,20120511,000000,20.0100000,21.4900000,19.9900000,20.7900000,800
21006_090101_130416,D,20120512,000000,21.7900000,21.7900000,21.7900000,21.7900000,100
21006_090101_130416,D,20120514,000000,21.5000000,21.5000000,19.9800000,19.9800000,2.100
21006_090101_130416,D,20120515,000000,20.0200000,20.0200000,19.9800000,19.9800000,3.800
21006_090101_130416,D,20120516,000000,18.5100000,18.5100000,18.5100000,18.5100000,100
21006_090101_130416,D,20120517,000000,18.1900000,18.1900000,18.0000000,18.0000000,1.000
21006_090101_130416,D,20120518,000000,18.0000000,19.9000000,18.0000000,19.0000000,1.000
21006_090101_130416,D,20120521,000000,19.0000000,19.8000000,19.0000000,19.8000000,200
21006_090101_130416,D,20120523,000000,17.5400000,17.5400000,17.5300000,17.5300000,7.700
21006_090101_130416,D,20120524,000000,17.5000000,19.1900000,17.5000000,19.1900000,30.200
21006_090101_130416,D,20120529,000000,19.2000000,19.2000000,19.2000000,19.2000000,100
21006_090101_130416,D,20120531,000000,18.6200000,18.7000000,18.5000000,18.5000000,1.600
21006_090101_130416,D,20120604,000000,18.4300000,21.5000000,16.6800000,18.5000000,16.100
21006_090101_130416,D,20120608,000000,18.9900000,18.9900000,18.9900000,18.9900000,100
21006_090101_130416,D,20120609,000000,18.0100000,18.0100000,18.0000000,18.0000000,300
21006_090101_130416,D,20120613,000000,18.2600000,21.0000000,18.2600000,21.0000000,600
21006_090101_130416,D,20120615,000000,19.0000000,19.5000000,19.0000000,19.5000000,300
21006_090101_130416,D,20120620,000000,18.8000000,18.8000000,18.8000000,18.8000000,100
21006_090101_130416,D,20120621,000000,19.0000000,20.9700000,19.0000000,20.9700000,300
21006_090101_130416,D,20120626,000000,19.6100000,19.6100000,18.5000000,18.5000000,1.200
21006_090101_130416,D,20120627,000000,18.5500000,18.7700000,18.5500000,18.7700000,300
21006_090101_130416,D,20120629,000000,18.2200000,18.8900000,18.2200000,18.8900000,900
21006_090101_130416,D,20120702,000000,18.5700000,19.9700000,18.5700000,19.9700000,600
21006_090101_130416,D,20120703,000000,19.9500000,19.9500000,18.8000000,18.8000000,1.800
21006_090101_130416,D,20120704,000000,18.8500000,19.9400000,18.8500000,19.9400000,1.300
21006_090101_130416,D,20120709,000000,19.9800000,21.9000000,19.9000000,19.9100000,8.800
21006_090101_130416,D,20120717,000000,17.5000000,19.9800000,17.5000000,19.9800000,1.600
21006_090101_130416,D,20120718,000000,18.0100000,19.2900000,18.0000000,19.2900000,900
21006_090101_130416,D,20120723,000000,17.5000000,17.5000000,16.0300000,17.2000000,8.200
21006_090101_130416,D,20120724,000000,17.2700000,17.2700000,17.2700000,17.2700000,100
21006_090101_130416,D,20120725,000000,16.2600000,17.8300000,16.2600000,17.3600000,20.300
21006_090101_130416,D,20120726,000000,17.2600000,21.9000000,17.2500000,17.2700000,5.400
21006_090101_130416,D,20120727,000000,17.7100000,17.7100000,17.6500000,17.6500000,600
21006_090101_130416,D,20120731,000000,17.5200000,17.5200000,17.5100000,17.5100000,400
21006_090101_130416,D,20120801,000000,17.1200000,17.1200000,17.1200000,17.1200000,100
21006_090101_130416,D,20120808,000000,19.4800000,19.4900000,17.1200000,17.1200000,6.400
21006_090101_130416,D,20120813,000000,17.1600000,17.1600000,16.0400000,16.0400000,3.000
21006_090101_130416,D,20120814,000000,17.5500000,18.6900000,17.5500000,18.6900000,300
21006_090101_130416,D,20120815,000000,18.0000000,18.0000000,17.7100000,17.7100000,300
21006_090101_130416,D,20120816,000000,18.0000000,18.0000000,18.0000000,18.0000000,500
21006_090101_130416,D,20120817,000000,18.3900000,21.0000000,18.3900000,19.1300000,12.100
21006_090101_130416,D,20120820,000000,20.7900000,21.8900000,18.5000000,18.5000000,13.000
21006_090101_130416,D,20120821,000000,19.5700000,19.5700000,19.2900000,19.3000000,500
21006_090101_130416,D,20120822,000000,19.7000000,19.9900000,19.7000000,19.9900000,300
21006_090101_130416,D,20120823,000000,19.1500000,19.1500000,18.9900000,18.9900000,4.200
21006_090101_130416,D,20120824,000000,19.7000000,20.0200000,19.7000000,20.0200000,1.500
21006_090101_130416,D,20120828,000000,19.9000000,21.8200000,19.8900000,21.0000000,7.900
21006_090101_130416,D,20120829,000000,21.0000000,21.0000000,21.0000000,21.0000000,300
21006_090101_130416,D,20120830,000000,21.7900000,24.9400000,21.1100000,24.9400000,48.200
21006_090101_130416,D,20120831,000000,23.0400000,24.6800000,22.5000000,24.4800000,20.700
21006_090101_130416,D,20120903,000000,23.1300000,23.1300000,23.1300000,23.1300000,200
21006_090101_130416,D,20120904,000000,23.9900000,23.9900000,23.9900000,23.9900000,100
21006_090101_130416,D,20120905,000000,23.1100000,23.1100000,23.0000000,23.0000000,1.600
21006_090101_130416,D,20120906,000000,22.4500000,23.0000000,22.4400000,23.0000000,1.300
21006_090101_130416,D,20120907,000000,23.9900000,23.9900000,23.3000000,23.3000000,300
21006_090101_130416,D,20120911,000000,23.2700000,23.2700000,23.2700000,23.2700000,200
21006_090101_130416,D,20120912,000000,23.1800000,24.0000000,23.1800000,24.0000000,8.100
21006_090101_130416,D,20120913,000000,23.1000000,23.1200000,23.0900000,23.1000000,5.100
21006_090101_130416,D,20120914,000000,23.0900000,23.9000000,23.0900000,23.9000000,29.900
21006_090101_130416,D,20120917,000000,23.9800000,26.4000000,23.9800000,25.8000000,49.800
21006_090101_130416,D,20120918,000000,25.6900000,25.6900000,25.6900000,25.6900000,100
21006_090101_130416,D,20120919,000000,25.9900000,27.0000000,25.9900000,26.2600000,10.100
21006_090101_130416,D,20120921,000000,26.2500000,26.4300000,25.7600000,26.0100000,16.500
21006_090101_130416,D,20120924,000000,26.0100000,26.0100000,26.0000000,26.0000000,10.100
21006_090101_130416,D,20120925,000000,26.0000000,26.2000000,25.9900000,25.9900000,4.300
21006_090101_130416,D,20120926,000000,26.0100000,26.4800000,25.9900000,26.4800000,8.200
21006_090101_130416,D,20120927,000000,26.4900000,26.4900000,26.0000000,26.0000000,13.100
21006_090101_130416,D,20120928,000000,26.1000000,26.6000000,26.1000000,26.2500000,7.400
21006_090101_130416,D,20121002,000000,26.0100000,26.0100000,26.0000000,26.0000000,4.400
21006_090101_130416,D,20121003,000000,26.0000000,26.2000000,26.0000000,26.2000000,4.400
21006_090101_130416,D,20121004,000000,27.0000000,27.0100000,27.0000000,27.0000000,7.300
21006_090101_130416,D,20121005,000000,27.5000000,27.8800000,27.5000000,27.5000000,500
21006_090101_130416,D,20121008,000000,27.9900000,27.9900000,27.6000000,27.6000000,300
21006_090101_130416,D,20121010,000000,27.8700000,27.8700000,27.0000000,27.0000000,5.600
21006_090101_130416,D,20121011,000000,27.8700000,27.8700000,27.8700000,27.8700000,200
21006_090101_130416,D,20121012,000000,27.8700000,27.8700000,27.8700000,27.8700000,500
21006_090101_130416,D,20121015,000000,27.6500000,27.6500000,27.6500000,27.6500000,200
21006_090101_130416,D,20121017,000000,28.0000000,28.6000000,28.0000000,28.6000000,300
21006_090101_130416,D,20121026,000000,27.1600000,27.1600000,27.0000000,27.0000000,2.600
21006_090101_130416,D,20121029,000000,26.8800000,27.0100000,25.0000000,25.5000000,55.100
21006_090101_130416,D,20121030,000000,25.0100000,25.0100000,24.0000000,24.0100000,32.900
21006_090101_130416,D,20121031,000000,24.0100000,24.0100000,23.0000000,23.5000000,3.900
21006_090101_130416,D,20121101,000000,22.3300000,22.3300000,22.1000000,22.1100000,2.500
21006_090101_130416,D,20121102,000000,23.0300000,23.0300000,22.5000000,22.9700000,5.900
21006_090101_130416,D,20121106,000000,22.1100000,22.1100000,21.0000000,22.0000000,4.900
21006_090101_130416,D,20121107,000000,21.9900000,22.6000000,21.9900000,22.6000000,2.100
21006_090101_130416,D,20121116,000000,22.0000000,22.0000000,22.0000000,22.0000000,300
21006_090101_130416,D,20121119,000000,21.9900000,22.0000000,21.9900000,22.0000000,500
21006_090101_130416,D,20121120,000000,21.5100000,21.5100000,21.5100000,21.5100000,200
21006_090101_130416,D,20121122,000000,21.0100000,22.0000000,21.0000000,22.0000000,900
21006_090101_130416,D,20121123,000000,21.7100000,21.7100000,21.7100000,21.7100000,400
21006_090101_130416,D,20121129,000000,21.0100000,21.0100000,21.0100000,21.0100000,100
21006_090101_130416,D,20121203,000000,22.0000000,22.0000000,21.7300000,21.9400000,37.100
21006_090101_130416,D,20121204,000000,22.0000000,22.0000000,22.0000000,22.0000000,900
21006_090101_130416,D,20121206,000000,21.0100000,21.0100000,21.0100000,21.0100000,100
21006_090101_130416,D,20121210,000000,22.8900000,22.9000000,22.8900000,22.9000000,10.900
21006_090101_130416,D,20121213,000000,21.0100000,21.0100000,21.0100000,21.0100000,100
21006_090101_130416,D,20121217,000000,21.0200000,21.0200000,21.0200000,21.0200000,1.100
21006_090101_130416,D,20121221,000000,21.0200000,21.0200000,21.0200000,21.0200000,100
21006_090101_130416,D,20121224,000000,21.9900000,22.9000000,21.9900000,22.9000000,27.300
21006_090101_130416,D,20121228,000000,23.5000000,23.5000000,23.5000000,23.5000000,300
21006_090101_130416,D,20130108,000000,23.5000000,23.5000000,22.2400000,22.2400000,200
21006_090101_130416,D,20130114,000000,24.0000000,24.0000000,24.0000000,24.0000000,27.300
21006_090101_130416,D,20130115,000000,22.5500000,22.5500000,22.0000000,22.0100000,35.500
21006_090101_130416,D,20130117,000000,22.0000000,22.9000000,21.2500000,22.9000000,9.100
21006_090101_130416,D,20130118,000000,21.1600000,21.1600000,21.1600000,21.1600000,100
21006_090101_130416,D,20130121,000000,22.3300000,23.5000000,22.1000000,23.5000000,31.800
21006_090101_130416,D,20130122,000000,23.5000000,24.0500000,22.4600000,23.5000000,31.600
21006_090101_130416,D,20130124,000000,23.6600000,23.6600000,23.6600000,23.6600000,1.000
21006_090101_130416,D,20130125,000000,22.8600000,24.5000000,22.8600000,24.5000000,23.600
21006_090101_130416,D,20130128,000000,23.7500000,25.1000000,23.7500000,25.1000000,24.000
21006_090101_130416,D,20130129,000000,24.0000000,26.9700000,23.9600000,26.9700000,28.000
21006_090101_130416,D,20130201,000000,24.0100000,24.9800000,24.0000000,24.9800000,33.400
21006_090101_130416,D,20130205,000000,22.8600000,22.8600000,22.8600000,22.8600000,200
21006_090101_130416,D,20130206,000000,24.0000000,24.0000000,24.0000000,24.0000000,700
21006_090101_130416,D,20130207,000000,25.5000000,26.8000000,25.5000000,26.8000000,31.200
21006_090101_130416,D,20130211,000000,25.2000000,27.3000000,25.0100000,25.0100000,29.100
21006_090101_130416,D,20130212,000000,26.9900000,27.8800000,26.9900000,27.8800000,1.800
21006_090101_130416,D,20130213,000000,27.4400000,27.4400000,27.4400000,27.4400000,100
21006_090101_130416,D,20130215,000000,25.1000000,27.8500000,25.1000000,27.8500000,29.000
21006_090101_130416,D,20130218,000000,27.0000000,27.0000000,27.0000000,27.0000000,100
21006_090101_130416,D,20130219,000000,27.3000000,27.8300000,27.0100000,27.0100000,3.000
21006_090101_130416,D,20130220,000000,27.4900000,27.8300000,27.4900000,27.6500000,5.300
21006_090101_130416,D,20130221,000000,24.0300000,27.8300000,24.0300000,27.8300000,8.200
21006_090101_130416,D,20130222,000000,27.8000000,27.8300000,27.8000000,27.8300000,2.200
21006_090101_130416,D,20130226,000000,27.9400000,28.1800000,27.9400000,28.1800000,29.600
21006_090101_130416,D,20130228,000000,28.1900000,28.5000000,28.1900000,28.5000000,10.200
21006_090101_130416,D,20130301,000000,28.0000000,28.0000000,28.0000000,28.0000000,200
21006_090101_130416,D,20130306,000000,26.6100000,26.6100000,26.6100000,26.6100000,100
21006_090101_130416,D,20130311,000000,26.5900000,28.8900000,26.5700000,28.8900000,8.800
21006_090101_130416,D,20130313,000000,23.5500000,26.7900000,23.2200000,26.7900000,75.300
21006_090101_130416,D,20130314,000000,26.4300000,27.9300000,26.4300000,27.9300000,77.600
21006_090101_130416,D,20130318,000000,28.2400000,28.2400000,28.2400000,28.2400000,200
21006_090101_130416,D,20130325,000000,23.7100000,23.7100000,23.7100000,23.7100000,1.000
21006_090101_130416,D,20130326,000000,26.2600000,26.2600000,26.2600000,26.2600000,100
21006_090101_130416,D,20130328,000000,25.5000000,25.5000000,25.5000000,25.5000000,2.500
21006_090101_130416,D,20130401,000000,23.1600000,25.5000000,23.1600000,25.5000000,200
21006_090101_130416,D,20130402,000000,23.1700000,25.4900000,23.1700000,25.4900000,200
