<TICKER>,<PER>,<DATE>,<TIME>,<OPEN>,<HIGH>,<LOW>,<CLOSE>,<VOL>
21078_090101_130416,D,20090116,000000,13.2000000,14.5200000,13.2000000,13.2000000,37.838
21078_090101_130416,D,20090119,000000,9.2400000,10.0000000,9.2400000,9.2400000,33.681
21078_090101_130416,D,20090121,000000,8.2000000,8.2000000,6.4700000,6.4700000,11.251
21078_090101_130416,D,20090123,000000,6.9900000,7.9700000,4.7200000,5.3000000,67.696
21078_090101_130416,D,20090127,000000,6.2000000,6.4800000,5.0000000,5.3000000,226.286
21078_090101_130416,D,20090128,000000,5.6000000,5.7000000,5.3800000,5.6400000,44.255
21078_090101_130416,D,20090129,000000,5.7000000,5.7000000,5.1300000,5.3400000,82.286
21078_090101_130416,D,20090130,000000,5.6300000,6.7000000,5.2000000,5.2000000,194.498
21078_090101_130416,D,20090202,000000,5.1900000,5.3900000,4.9500000,5.1100000,103.668
21078_090101_130416,D,20090203,000000,5.1800000,5.2000000,4.5000000,4.8100000,172.807
21078_090101_130416,D,20090204,000000,4.7500000,5.2000000,4.7100000,5.1000000,74.424
21078_090101_130416,D,20090205,000000,5.4900000,5.4900000,4.5500000,4.9100000,141.265
21078_090101_130416,D,20090206,000000,4.9100000,5.4400000,4.8000000,5.2000000,692.424
21078_090101_130416,D,20090209,000000,5.3500000,6.7900000,5.2800000,6.7900000,308.301
21078_090101_130416,D,20090211,000000,7.6000000,8.7000000,6.6000000,7.1500000,1.200.740
21078_090101_130416,D,20090212,000000,7.1900000,7.3600000,6.0800000,6.7900000,350.461
21078_090101_130416,D,20090213,000000,6.9600000,7.2000000,6.5800000,7.0200000,217.082
21078_090101_130416,D,20090216,000000,7.1500000,8.9400000,6.7000000,8.0300000,935.195
21078_090101_130416,D,20090217,000000,8.1500000,8.7700000,7.0800000,7.6000000,286.359
21078_090101_130416,D,20090218,000000,7.4000000,7.6800000,6.8500000,7.3200000,174.108
21078_090101_130416,D,20090219,000000,7.4800000,7.5000000,7.0100000,7.2000000,126.776
21078_090101_130416,D,20090220,000000,7.0500000,7.1700000,6.5100000,6.8600000,133.166
21078_090101_130416,D,20090224,000000,6.8600000,7.0700000,6.6100000,7.0000000,92.636
21078_090101_130416,D,20090225,000000,7.2000000,7.2900000,6.6000000,6.6000000,107.484
21078_090101_130416,D,20090226,000000,6.8700000,7.1800000,6.7000000,6.9400000,200.976
21078_090101_130416,D,20090227,000000,7.0100000,7.2000000,6.5000000,6.6600000,501.280
21078_090101_130416,D,20090302,000000,6.6600000,6.7500000,6.1500000,6.5500000,10.516
21078_090101_130416,D,20090303,000000,6.6600000,6.7900000,5.9100000,6.2700000,580.573
21078_090101_130416,D,20090304,000000,6.3500000,6.4900000,6.0000000,6.1900000,577.917
21078_090101_130416,D,20090305,000000,6.1900000,6.2500000,5.8000000,6.0100000,276.964
21078_090101_130416,D,20090306,000000,5.9700000,5.9800000,5.5200000,5.9000000,576.832
21078_090101_130416,D,20090310,000000,5.9000000,5.9600000,5.6700000,5.8500000,1.157.199
21078_090101_130416,D,20090311,000000,5.9100000,5.9600000,5.3100000,5.4300000,909.946
21078_090101_130416,D,20090312,000000,5.4300000,5.5100000,5.2600000,5.4900000,275.164
21078_090101_130416,D,20090313,000000,5.5500000,5.9700000,5.3000000,5.4300000,1.368.014
21078_090101_130416,D,20090316,000000,5.4900000,5.5000000,5.2700000,5.3400000,1.197.320
21078_090101_130416,D,20090317,000000,5.3800000,5.6400000,5.1700000,5.6100000,2.458.757
21078_090101_130416,D,20090318,000000,5.6300000,5.8500000,5.3400000,5.4300000,1.564.490
21078_090101_130416,D,20090319,000000,5.4000000,5.6300000,5.2300000,5.2900000,4.936.960
21078_090101_130416,D,20090320,000000,5.3300000,5.4500000,5.2000000,5.4000000,2.224.027
21078_090101_130416,D,20090323,000000,5.4800000,6.4000000,5.4000000,6.2700000,5.306.664
21078_090101_130416,D,20090324,000000,6.4000000,6.4400000,5.3300000,5.5300000,4.854.124
21078_090101_130416,D,20090325,000000,5.5300000,5.6600000,5.3500000,5.5600000,2.830.134
21078_090101_130416,D,20090326,000000,5.7100000,5.7100000,5.3900000,5.5600000,1.721.095
21078_090101_130416,D,20090327,000000,5.5000000,5.5900000,5.2000000,5.3500000,2.736.674
21078_090101_130416,D,20090330,000000,5.2900000,5.4100000,5.1000000,5.1600000,1.579.925
21078_090101_130416,D,20090331,000000,5.2300000,5.3500000,5.1300000,5.2000000,1.373.150
21078_090101_130416,D,20090401,000000,5.3000000,5.3000000,5.1000000,5.2400000,705.663
21078_090101_130416,D,20090402,000000,5.2800000,5.4200000,5.2500000,5.3300000,1.787.848
21078_090101_130416,D,20090403,000000,5.3900000,5.5700000,5.2500000,5.5000000,4.024.039
21078_090101_130416,D,20090406,000000,5.6000000,6.2500000,5.5100000,5.7100000,7.661.557
21078_090101_130416,D,20090407,000000,5.8800000,5.9300000,5.4700000,5.7000000,1.777.221
21078_090101_130416,D,20090408,000000,5.4900000,5.8200000,5.4900000,5.6900000,1.104.501
21078_090101_130416,D,20090409,000000,5.7400000,6.0400000,5.6100000,5.9100000,2.381.004
21078_090101_130416,D,20090410,000000,5.9500000,6.2900000,5.8000000,6.2200000,2.805.766
21078_090101_130416,D,20090413,000000,6.2100000,6.6500000,6.1100000,6.5400000,3.323.873
21078_090101_130416,D,20090414,000000,6.6200000,7.3200000,6.4700000,6.8400000,5.138.120
21078_090101_130416,D,20090415,000000,6.8400000,6.9500000,6.3900000,6.6400000,1.850.425
21078_090101_130416,D,20090416,000000,6.7500000,6.9500000,6.6000000,6.7800000,1.519.293
21078_090101_130416,D,20090417,000000,6.8100000,7.2500000,6.8000000,7.1800000,3.139.348
21078_090101_130416,D,20090420,000000,7.1500000,7.5000000,6.8000000,7.0000000,4.805.154
21078_090101_130416,D,20090421,000000,6.8500000,7.0700000,6.7700000,7.0000000,3.218.903
21078_090101_130416,D,20090422,000000,7.0000000,7.3500000,6.8600000,7.2200000,2.648.492
21078_090101_130416,D,20090423,000000,7.1700000,8.9500000,7.0000000,8.8500000,11.332.000
21078_090101_130416,D,20090424,000000,8.8500000,9.3800000,8.3500000,8.9500000,3.355.463
21078_090101_130416,D,20090427,000000,8.6100000,9.3700000,8.5000000,8.8200000,1.918.427
21078_090101_130416,D,20090428,000000,8.6500000,8.8500000,8.0800000,8.5000000,1.484.892
21078_090101_130416,D,20090429,000000,8.6900000,8.7000000,8.1700000,8.5400000,1.228.764
21078_090101_130416,D,20090430,000000,8.5000000,9.1000000,8.5000000,8.6000000,1.950.996
21078_090101_130416,D,20090504,000000,8.6000000,9.2700000,8.6000000,9.1500000,1.181.674
21078_090101_130416,D,20090505,000000,9.1500000,9.4800000,8.9400000,9.2500000,1.241.462
21078_090101_130416,D,20090506,000000,9.2000000,11.3200000,9.0000000,10.2600000,3.635.208
21078_090101_130416,D,20090507,000000,10.3500000,10.7800000,9.7200000,9.8900000,1.846.819
21078_090101_130416,D,20090508,000000,9.8000000,10.3800000,9.4600000,9.9100000,1.561.939
21078_090101_130416,D,20090512,000000,9.7000000,10.3800000,9.6100000,10.1700000,1.952.649
21078_090101_130416,D,20090513,000000,10.2900000,10.5000000,9.5000000,10.0500000,3.648.672
21078_090101_130416,D,20090514,000000,9.7000000,10.1000000,9.4300000,9.9300000,1.498.237
21078_090101_130416,D,20090515,000000,10.0300000,10.2000000,9.7000000,10.0000000,1.203.730
21078_090101_130416,D,20090518,000000,9.9000000,10.3200000,9.7300000,10.1000000,586.414
21078_090101_130416,D,20090519,000000,10.2100000,11.2600000,10.2000000,11.0500000,1.624.580
21078_090101_130416,D,20090520,000000,11.1800000,12.9000000,10.8100000,12.0400000,1.918.164
21078_090101_130416,D,20090521,000000,12.1000000,12.8000000,11.6200000,11.9700000,892.051
21078_090101_130416,D,20090522,000000,11.9000000,12.5700000,11.9000000,12.2200000,670.179
21078_090101_130416,D,20090525,000000,12.3900000,12.5400000,11.5800000,12.1200000,408.904
21078_090101_130416,D,20090526,000000,12.3500000,12.3500000,11.6100000,12.0300000,240.374
21078_090101_130416,D,20090527,000000,12.1400000,13.6000000,11.9400000,12.6300000,1.867.821
21078_090101_130416,D,20090528,000000,12.5100000,13.4500000,12.4000000,12.9900000,1.088.987
21078_090101_130416,D,20090529,000000,13.5600000,14.2800000,13.2700000,14.2600000,1.337.563
21078_090101_130416,D,20090601,000000,14.2800000,17.6100000,14.1300000,16.8800000,1.569.674
21078_090101_130416,D,20090602,000000,17.1300000,19.5000000,16.1800000,18.0200000,2.882.868
21078_090101_130416,D,20090603,000000,18.3000000,19.3300000,15.8500000,16.8200000,2.101.754
21078_090101_130416,D,20090604,000000,16.6500000,17.9400000,15.5000000,17.2700000,3.922.202
21078_090101_130416,D,20090605,000000,17.3400000,18.8900000,17.2900000,18.2500000,1.611.034
21078_090101_130416,D,20090608,000000,18.0300000,18.5000000,16.9800000,17.2000000,288.209
21078_090101_130416,D,20090609,000000,17.4000000,17.8000000,16.7500000,16.9800000,826.095
21078_090101_130416,D,20090610,000000,17.1500000,17.5000000,16.6300000,16.9900000,507.740
21078_090101_130416,D,20090611,000000,17.0000000,17.0000000,16.1500000,16.4900000,231.411
21078_090101_130416,D,20090615,000000,16.4500000,16.4700000,15.1100000,15.1600000,602.175
21078_090101_130416,D,20090616,000000,15.1100000,16.4900000,15.0000000,16.0500000,1.038.464
21078_090101_130416,D,20090617,000000,15.9900000,16.5000000,15.4000000,15.8000000,1.474.470
21078_090101_130416,D,20090618,000000,15.7800000,16.3900000,13.0000000,15.4400000,1.224.134
21078_090101_130416,D,20090619,000000,15.5200000,15.6400000,14.8100000,15.1000000,211.622
21078_090101_130416,D,20090622,000000,15.0000000,15.3000000,12.9500000,13.0000000,274.938
21078_090101_130416,D,20090623,000000,12.5000000,13.8900000,11.5400000,13.0000000,542.206
21078_090101_130416,D,20090624,000000,13.7000000,14.4700000,13.0400000,14.4700000,233.277
21078_090101_130416,D,20090625,000000,13.7100000,14.3500000,13.7100000,14.0600000,183.660
21078_090101_130416,D,20090626,000000,14.2400000,14.4500000,13.6700000,13.6700000,87.070
21078_090101_130416,D,20090629,000000,13.6700000,14.0000000,13.2200000,13.7300000,969.700
21078_090101_130416,D,20090630,000000,13.8000000,14.1000000,13.2500000,13.5900000,268.817
21078_090101_130416,D,20090701,000000,13.4900000,13.8000000,13.0800000,13.5800000,313.780
21078_090101_130416,D,20090702,000000,13.7700000,13.7900000,13.2500000,13.2500000,1.046.891
21078_090101_130416,D,20090703,000000,13.2000000,13.5700000,12.5900000,13.2000000,420.128
21078_090101_130416,D,20090706,000000,13.0000000,13.0000000,12.1200000,12.2100000,410.512
21078_090101_130416,D,20090707,000000,12.4000000,12.4000000,11.5800000,11.8000000,1.173.113
21078_090101_130416,D,20090708,000000,11.4000000,11.5000000,10.8000000,11.3400000,555.485
21078_090101_130416,D,20090709,000000,11.2700000,11.4900000,10.8200000,10.9000000,761.575
21078_090101_130416,D,20090710,000000,10.8900000,10.9800000,10.5100000,10.7900000,199.239
21078_090101_130416,D,20090713,000000,10.5100000,10.6500000,10.0100000,10.5100000,513.569
21078_090101_130416,D,20090714,000000,10.6000000,11.4000000,10.6000000,10.9000000,687.714
21078_090101_130416,D,20090715,000000,11.0000000,11.7000000,11.0000000,11.5000000,516.300
21078_090101_130416,D,20090716,000000,11.8500000,11.9800000,11.2800000,11.8200000,453.565
21078_090101_130416,D,20090717,000000,11.9500000,12.5900000,11.7200000,12.3600000,810.727
21078_090101_130416,D,20090720,000000,12.5000000,12.6000000,12.0100000,12.5300000,939.116
21078_090101_130416,D,20090721,000000,12.3600000,12.8900000,12.1100000,12.7600000,470.075
21078_090101_130416,D,20090722,000000,12.7000000,12.7600000,11.9200000,12.1700000,680.730
21078_090101_130416,D,20090723,000000,12.3800000,13.3900000,12.0700000,13.2900000,1.708.835
21078_090101_130416,D,20090724,000000,13.2900000,13.8700000,12.9200000,13.3400000,790.551
21078_090101_130416,D,20090727,000000,13.6900000,14.3000000,13.2000000,13.4200000,1.245.811
21078_090101_130416,D,20090728,000000,13.5000000,14.4000000,13.0000000,13.0500000,1.255.276
21078_090101_130416,D,20090729,000000,13.0000000,13.3800000,12.4300000,12.6500000,645.767
21078_090101_130416,D,20090730,000000,12.5300000,13.2400000,12.5300000,13.1400000,1.616.088
21078_090101_130416,D,20090731,000000,13.2900000,13.3000000,12.7800000,13.1900000,684.512
21078_090101_130416,D,20090803,000000,13.2700000,14.2800000,13.2000000,14.0900000,2.001.302
21078_090101_130416,D,20090804,000000,13.6200000,14.0500000,13.6100000,13.9800000,686.485
21078_090101_130416,D,20090805,000000,13.9900000,14.2000000,13.7000000,13.7500000,764.367
21078_090101_130416,D,20090806,000000,13.7300000,14.6800000,13.7200000,14.4000000,1.638.150
21078_090101_130416,D,20090807,000000,14.0200000,14.5500000,13.8900000,14.3000000,711.262
21078_090101_130416,D,20090810,000000,14.3500000,14.5700000,14.0300000,14.3000000,550.979
21078_090101_130416,D,20090811,000000,14.4300000,15.4000000,14.3000000,14.4400000,1.719.819
21078_090101_130416,D,20090812,000000,14.3500000,14.9500000,13.9500000,14.5700000,1.004.044
21078_090101_130416,D,20090813,000000,14.7200000,15.4100000,14.6400000,15.0000000,371.476
21078_090101_130416,D,20090814,000000,15.0000000,15.1500000,14.2500000,14.2600000,493.890
21078_090101_130416,D,20090817,000000,13.8300000,13.9200000,13.6300000,13.7100000,362.364
21078_090101_130416,D,20090818,000000,13.7100000,14.1700000,13.7100000,13.9000000,85.181
21078_090101_130416,D,20090819,000000,13.7500000,14.0900000,13.5500000,14.0000000,404.272
21078_090101_130416,D,20090820,000000,14.3100000,14.5700000,13.9800000,14.4900000,1.205.009
21078_090101_130416,D,20090821,000000,14.2400000,14.9000000,13.9900000,14.7000000,578.262
21078_090101_130416,D,20090824,000000,14.9000000,15.0400000,14.3100000,14.8000000,624.945
21078_090101_130416,D,20090825,000000,14.6100000,15.1100000,14.5200000,14.8900000,176.035
21078_090101_130416,D,20090826,000000,14.7900000,15.0000000,14.3200000,14.4500000,283.188
21078_090101_130416,D,20090827,000000,14.3800000,14.8500000,14.1800000,14.1900000,436.432
21078_090101_130416,D,20090828,000000,14.3000000,14.6000000,14.1700000,14.3000000,348.010
21078_090101_130416,D,20090831,000000,14.2800000,14.3000000,13.4900000,13.9500000,635.167
21078_090101_130416,D,20090901,000000,14.0400000,14.1400000,13.4400000,13.5400000,712.584
21078_090101_130416,D,20090902,000000,13.4100000,13.4400000,12.6000000,12.8100000,969.386
21078_090101_130416,D,20090903,000000,12.9500000,14.2600000,12.8400000,13.5900000,1.298.385
21078_090101_130416,D,20090904,000000,13.6300000,13.9400000,13.2100000,13.4300000,579.741
21078_090101_130416,D,20090907,000000,13.5000000,13.7200000,13.3400000,13.6200000,201.024
21078_090101_130416,D,20090908,000000,13.6300000,14.0400000,13.5300000,14.0400000,831.844
21078_090101_130416,D,20090909,000000,13.8200000,14.9000000,13.8000000,14.7900000,931.874
21078_090101_130416,D,20090910,000000,14.8900000,16.0000000,14.8500000,15.4900000,3.054.066
21078_090101_130416,D,20090911,000000,15.7000000,16.1900000,15.3200000,16.0700000,772.003
21078_090101_130416,D,20090914,000000,15.7700000,16.8000000,15.2000000,16.4400000,761.793
21078_090101_130416,D,20090915,000000,16.4600000,17.3000000,16.4600000,16.9700000,785.014
21078_090101_130416,D,20090916,000000,17.1300000,17.3000000,16.3500000,16.5900000,816.104
21078_090101_130416,D,20090917,000000,16.6900000,17.1600000,16.2200000,17.1500000,3.392.297
21078_090101_130416,D,20090918,000000,16.8900000,19.6000000,16.3800000,18.6000000,2.727.198
21078_090101_130416,D,20090921,000000,18.7000000,19.5000000,18.4400000,19.5000000,1.643.836
21078_090101_130416,D,20090922,000000,19.5500000,20.4500000,19.4600000,19.9800000,941.688
21078_090101_130416,D,20090923,000000,20.0100000,20.5000000,19.7000000,19.7000000,969.848
21078_090101_130416,D,20090924,000000,19.7000000,20.2000000,18.6000000,18.6000000,562.509
21078_090101_130416,D,20090925,000000,18.8900000,20.0000000,18.7400000,20.0000000,905.483
21078_090101_130416,D,20090928,000000,20.0000000,20.0000000,19.1900000,19.8100000,265.174
21078_090101_130416,D,20090929,000000,20.0000000,20.3500000,19.8500000,19.9200000,281.247
21078_090101_130416,D,20090930,000000,20.1900000,21.5300000,19.6500000,20.8600000,1.054.505
21078_090101_130416,D,20091001,000000,22.4900000,24.8500000,21.9000000,22.6600000,4.962.679
21078_090101_130416,D,20091002,000000,22.1000000,23.3000000,20.1100000,21.5000000,1.770.724
21078_090101_130416,D,20091005,000000,21.5500000,22.1200000,20.4200000,20.5000000,1.538.401
21078_090101_130416,D,20091006,000000,20.7700000,21.0200000,20.0100000,20.6000000,941.591
21078_090101_130416,D,20091007,000000,21.1000000,21.9000000,20.4500000,20.6900000,876.240
21078_090101_130416,D,20091008,000000,20.9900000,21.8800000,20.9900000,21.5600000,857.416
21078_090101_130416,D,20091009,000000,21.5700000,21.9600000,21.0500000,21.2900000,320.207
21078_090101_130416,D,20091012,000000,21.1700000,21.9400000,20.8800000,21.2300000,385.754
21078_090101_130416,D,20091013,000000,21.3100000,21.3700000,20.2500000,20.5000000,901.246
21078_090101_130416,D,20091014,000000,20.4200000,21.3500000,20.4200000,21.3100000,1.570.554
21078_090101_130416,D,20091015,000000,21.3500000,21.6800000,20.7900000,21.0900000,621.428
21078_090101_130416,D,20091016,000000,21.0000000,21.4700000,20.1100000,20.6800000,891.364
21078_090101_130416,D,20091019,000000,20.8300000,22.1500000,20.0700000,20.7900000,1.350.533
21078_090101_130416,D,20091020,000000,20.8900000,21.4800000,20.4600000,20.8500000,1.477.183
21078_090101_130416,D,20091021,000000,20.8700000,20.9800000,20.2500000,20.3900000,800.005
21078_090101_130416,D,20091022,000000,20.2800000,20.4000000,19.5100000,19.8100000,434.494
21078_090101_130416,D,20091023,000000,20.1000000,20.4000000,19.4200000,19.6700000,497.632
21078_090101_130416,D,20091026,000000,19.6700000,19.9800000,19.2200000,19.3600000,666.080
21078_090101_130416,D,20091027,000000,19.1000000,19.2800000,18.4700000,18.8800000,691.129
21078_090101_130416,D,20091028,000000,18.9000000,19.1000000,17.8300000,18.0300000,918.572
21078_090101_130416,D,20091029,000000,17.9000000,18.9500000,17.6000000,18.9500000,507.443
21078_090101_130416,D,20091030,000000,19.1000000,19.3300000,18.2500000,18.2500000,905.975
21078_090101_130416,D,20091102,000000,18.2400000,18.7500000,18.1100000,18.4000000,201.863
21078_090101_130416,D,20091103,000000,18.2000000,18.2100000,17.6500000,17.7500000,245.228
21078_090101_130416,D,20091105,000000,17.9800000,18.7000000,17.7000000,18.0100000,407.991
21078_090101_130416,D,20091106,000000,18.1700000,18.5800000,17.8300000,18.0500000,701.490
21078_090101_130416,D,20091109,000000,18.2300000,19.0700000,18.2300000,18.9900000,495.896
21078_090101_130416,D,20091110,000000,18.9000000,19.3000000,18.4000000,18.9800000,695.836
21078_090101_130416,D,20091111,000000,19.0000000,19.2500000,18.6200000,18.8400000,294.049
21078_090101_130416,D,20091112,000000,19.0000000,19.0000000,18.5400000,18.7900000,221.165
21078_090101_130416,D,20091113,000000,18.5000000,18.6700000,18.2600000,18.4300000,199.319
21078_090101_130416,D,20091116,000000,18.5500000,18.9400000,18.5000000,18.7500000,362.029
21078_090101_130416,D,20091117,000000,18.9000000,18.9000000,18.5000000,18.5300000,163.495
21078_090101_130416,D,20091118,000000,18.7200000,18.8800000,18.4000000,18.5000000,712.882
21078_090101_130416,D,20091119,000000,18.6000000,18.7600000,18.4900000,18.5600000,311.066
21078_090101_130416,D,20091120,000000,18.6000000,18.8400000,18.2000000,18.8000000,466.282
21078_090101_130416,D,20091123,000000,18.7800000,19.2000000,18.4500000,18.6900000,471.929
21078_090101_130416,D,20091124,000000,18.6100000,18.6100000,18.2500000,18.4600000,349.954
21078_090101_130416,D,20091125,000000,18.5400000,18.7100000,17.6900000,18.0800000,304.981
21078_090101_130416,D,20091126,000000,18.1700000,18.1700000,17.4000000,17.7000000,407.767
21078_090101_130416,D,20091127,000000,17.1700000,18.4500000,16.8000000,18.3000000,500.538
21078_090101_130416,D,20091130,000000,18.1700000,18.5000000,18.1000000,18.4700000,173.145
21078_090101_130416,D,20091201,000000,18.4700000,19.2000000,18.2400000,18.6600000,864.583
21078_090101_130416,D,20091202,000000,18.8900000,18.9900000,18.6200000,18.6900000,180.507
21078_090101_130416,D,20091203,000000,18.8900000,19.9100000,18.7500000,18.9900000,1.221.338
21078_090101_130416,D,20091204,000000,19.1000000,19.4200000,18.9000000,19.3000000,713.689
21078_090101_130416,D,20091207,000000,19.1000000,19.2900000,18.7800000,19.1000000,405.807
21078_090101_130416,D,20091208,000000,19.1000000,19.8000000,18.6300000,19.0000000,875.367
21078_090101_130416,D,20091209,000000,19.2000000,19.2000000,18.7200000,19.0000000,389.386
21078_090101_130416,D,20091210,000000,19.0000000,19.0400000,18.7000000,18.9500000,88.192
21078_090101_130416,D,20091211,000000,19.1000000,19.1000000,18.7100000,18.8600000,326.284
21078_090101_130416,D,20091214,000000,18.9100000,19.2500000,18.7000000,18.9100000,145.554
21078_090101_130416,D,20091215,000000,18.8500000,18.9900000,18.5100000,18.8600000,196.645
21078_090101_130416,D,20091216,000000,18.8900000,18.9500000,18.6100000,18.8000000,178.095
21078_090101_130416,D,20091217,000000,18.8900000,19.1700000,18.5000000,18.7000000,815.779
21078_090101_130416,D,20091218,000000,18.9100000,19.1500000,18.8100000,19.0800000,255.614
21078_090101_130416,D,20091221,000000,19.1400000,19.6300000,19.1000000,19.6000000,538.094
21078_090101_130416,D,20091222,000000,19.6000000,20.3900000,19.6000000,20.0900000,1.155.447
21078_090101_130416,D,20091223,000000,20.2000000,20.4900000,20.0000000,20.2900000,348.894
21078_090101_130416,D,20091224,000000,20.4000000,20.7000000,19.4900000,19.7000000,177.362
21078_090101_130416,D,20091225,000000,19.7100000,19.7100000,19.3000000,19.5300000,129.633
21078_090101_130416,D,20091228,000000,19.6500000,19.6500000,19.0100000,19.2500000,136.006
21078_090101_130416,D,20091229,000000,19.2000000,19.2000000,18.8500000,18.8700000,106.881
21078_090101_130416,D,20091230,000000,19.0000000,19.0900000,18.9000000,18.9300000,66.892
21078_090101_130416,D,20091231,000000,19.0900000,19.1700000,18.7600000,19.0200000,41.513
21078_090101_130416,D,20100111,000000,19.5800000,20.3500000,19.3300000,20.0400000,948.277
21078_090101_130416,D,20100112,000000,20.0100000,21.7700000,19.8400000,21.7500000,870.835
21078_090101_130416,D,20100113,000000,21.9000000,23.8000000,21.5700000,23.3800000,5.287.609
21078_090101_130416,D,20100114,000000,23.7500000,24.4900000,22.8200000,23.5000000,3.341.325
21078_090101_130416,D,20100115,000000,23.5300000,23.9000000,22.8800000,23.0000000,1.450.206
21078_090101_130416,D,20100118,000000,22.8400000,23.9000000,22.6600000,23.4500000,1.289.632
21078_090101_130416,D,20100119,000000,23.6600000,24.3700000,22.8300000,23.7200000,1.406.046
21078_090101_130416,D,20100120,000000,23.9000000,23.9000000,22.7300000,22.9800000,625.991
21078_090101_130416,D,20100121,000000,23.1300000,23.2500000,22.3000000,22.8000000,1.031.882
21078_090101_130416,D,20100122,000000,22.6800000,22.6800000,21.5000000,22.4000000,1.050.183
21078_090101_130416,D,20100125,000000,22.0400000,22.6400000,21.8500000,21.8600000,646.326
21078_090101_130416,D,20100126,000000,21.8700000,21.9900000,21.6000000,21.9500000,604.417
21078_090101_130416,D,20100127,000000,21.6000000,22.4900000,21.5100000,22.0000000,449.600
21078_090101_130416,D,20100128,000000,22.0100000,22.6000000,21.8000000,21.8800000,632.426
21078_090101_130416,D,20100129,000000,21.7900000,21.9500000,21.2100000,21.6700000,397.751
21078_090101_130416,D,20100201,000000,21.6700000,21.9900000,21.2100000,21.9600000,386.147
21078_090101_130416,D,20100202,000000,22.3400000,23.3000000,22.2000000,22.5000000,1.509.163
21078_090101_130416,D,20100203,000000,22.7000000,23.6000000,22.7000000,23.0000000,1.063.288
21078_090101_130416,D,20100204,000000,23.2500000,23.4800000,21.7500000,22.1700000,1.004.762
21078_090101_130416,D,20100205,000000,21.7900000,21.8600000,20.5000000,21.6000000,915.190
21078_090101_130416,D,20100208,000000,21.4100000,21.8400000,20.7100000,21.1500000,701.080
21078_090101_130416,D,20100209,000000,21.2700000,21.8800000,20.8200000,21.8500000,389.568
21078_090101_130416,D,20100210,000000,21.9000000,22.0000000,20.7700000,21.2500000,302.437
21078_090101_130416,D,20100211,000000,21.5000000,21.6000000,21.1500000,21.5100000,328.485
21078_090101_130416,D,20100212,000000,21.5700000,21.8000000,21.0000000,21.3000000,352.893
21078_090101_130416,D,20100215,000000,21.0000000,21.4700000,21.0000000,21.4700000,52.452
21078_090101_130416,D,20100216,000000,21.5000000,23.1500000,21.3100000,22.9700000,873.832
21078_090101_130416,D,20100217,000000,23.0900000,24.2400000,22.5800000,23.9000000,1.349.721
21078_090101_130416,D,20100218,000000,23.9400000,23.9700000,22.9900000,23.6500000,746.082
21078_090101_130416,D,20100219,000000,23.3200000,23.9000000,22.6000000,23.6700000,611.490
21078_090101_130416,D,20100224,000000,23.5900000,23.5900000,22.7000000,22.9900000,152.319
21078_090101_130416,D,20100225,000000,23.0000000,23.1700000,21.9500000,22.3100000,196.755
21078_090101_130416,D,20100226,000000,22.5000000,24.0000000,22.5000000,23.2100000,788.730
21078_090101_130416,D,20100227,000000,23.2100000,23.9800000,23.0700000,23.7000000,387.709
21078_090101_130416,D,20100301,000000,23.9700000,24.4800000,23.3500000,23.6700000,835.347
21078_090101_130416,D,20100302,000000,23.5000000,24.2200000,23.3200000,24.0600000,1.085.421
21078_090101_130416,D,20100303,000000,24.2500000,24.8000000,23.8000000,24.5400000,639.051
21078_090101_130416,D,20100304,000000,24.6100000,25.1000000,24.3100000,24.4600000,1.022.845
21078_090101_130416,D,20100305,000000,24.8300000,25.8900000,24.7100000,25.8900000,1.140.448
21078_090101_130416,D,20100309,000000,26.0600000,26.7000000,25.5400000,25.9000000,785.595
21078_090101_130416,D,20100310,000000,25.9000000,26.1000000,25.0500000,25.5000000,1.675.084
21078_090101_130416,D,20100311,000000,25.5000000,25.5000000,24.4400000,24.8500000,544.236
21078_090101_130416,D,20100312,000000,24.8800000,25.7000000,24.8500000,25.6500000,562.563
21078_090101_130416,D,20100315,000000,25.2500000,25.2900000,24.7000000,25.0200000,354.706
21078_090101_130416,D,20100316,000000,25.1000000,25.3700000,24.9000000,25.3400000,372.776
21078_090101_130416,D,20100317,000000,25.4000000,26.3900000,25.2900000,26.1000000,856.339
21078_090101_130416,D,20100318,000000,26.1000000,26.2700000,25.5000000,26.0100000,515.987
21078_090101_130416,D,20100319,000000,26.0000000,26.5400000,25.4500000,25.8900000,1.106.237
21078_090101_130416,D,20100322,000000,25.7300000,25.8800000,24.9000000,25.5700000,1.156.690
21078_090101_130416,D,20100323,000000,25.6600000,26.1700000,25.2000000,25.6000000,908.767
21078_090101_130416,D,20100324,000000,25.7000000,26.1100000,25.5000000,25.6900000,779.253
21078_090101_130416,D,20100325,000000,25.3700000,27.0100000,25.0200000,26.6500000,1.544.227
21078_090101_130416,D,20100326,000000,26.6500000,28.8800000,26.5100000,28.0000000,1.538.000
21078_090101_130416,D,20100329,000000,27.9700000,29.9400000,27.8600000,29.5600000,3.126.388
21078_090101_130416,D,20100330,000000,29.9500000,29.9500000,28.7100000,29.6500000,1.062.416
21078_090101_130416,D,20100331,000000,29.5500000,29.8200000,29.0000000,29.4700000,759.823
21078_090101_130416,D,20100401,000000,29.6800000,30.6400000,29.5000000,30.6000000,1.909.402
21078_090101_130416,D,20100402,000000,30.8700000,30.9900000,29.3600000,30.5800000,564.446
21078_090101_130416,D,20100405,000000,30.3200000,30.9400000,30.0000000,30.7400000,440.304
21078_090101_130416,D,20100406,000000,30.9400000,30.9500000,29.8700000,30.1000000,1.127.114
21078_090101_130416,D,20100407,000000,30.2100000,30.2200000,29.5000000,29.6000000,921.515
21078_090101_130416,D,20100408,000000,29.4900000,32.3200000,28.8000000,32.2000000,2.728.472
21078_090101_130416,D,20100409,000000,32.2100000,33.6100000,32.2100000,33.3000000,877.749
21078_090101_130416,D,20100412,000000,33.5100000,34.8900000,32.6400000,33.0000000,1.329.885
21078_090101_130416,D,20100413,000000,32.9600000,34.1000000,32.4500000,33.2600000,1.015.532
21078_090101_130416,D,20100414,000000,33.5100000,34.5000000,33.4500000,34.4000000,399.927
21078_090101_130416,D,20100415,000000,34.4500000,35.8900000,33.8500000,34.5000000,1.109.637
21078_090101_130416,D,20100416,000000,34.3200000,34.3200000,33.0600000,33.0700000,1.915.747
21078_090101_130416,D,20100419,000000,32.6000000,33.2900000,29.1100000,33.1700000,1.047.310
21078_090101_130416,D,20100420,000000,33.6100000,34.0000000,33.1400000,33.7800000,706.857
21078_090101_130416,D,20100421,000000,33.7900000,34.3000000,33.5400000,34.0000000,542.217
21078_090101_130416,D,20100422,000000,33.8500000,33.8500000,33.1800000,33.7000000,859.739
21078_090101_130416,D,20100423,000000,33.6000000,33.9900000,33.3500000,33.9900000,486.723
21078_090101_130416,D,20100426,000000,34.0100000,35.1800000,34.0100000,34.9800000,624.988
21078_090101_130416,D,20100427,000000,34.7500000,35.5000000,33.9000000,35.0900000,1.597.853
21078_090101_130416,D,20100428,000000,34.8600000,34.8700000,32.6900000,34.1700000,540.213
21078_090101_130416,D,20100429,000000,34.3200000,35.5000000,34.0700000,35.0500000,298.467
21078_090101_130416,D,20100430,000000,35.4400000,37.2000000,35.4400000,36.4700000,910.061
21078_090101_130416,D,20100504,000000,36.6900000,37.4800000,35.0000000,35.0000000,536.123
21078_090101_130416,D,20100505,000000,34.7000000,35.3800000,32.0500000,32.8000000,650.410
21078_090101_130416,D,20100506,000000,32.4500000,32.8000000,31.0000000,32.0800000,559.448
21078_090101_130416,D,20100507,000000,30.1500000,31.6000000,30.0300000,31.0000000,537.868
21078_090101_130416,D,20100511,000000,33.9500000,36.8000000,33.0100000,36.4000000,1.727.803
21078_090101_130416,D,20100512,000000,36.4000000,39.3900000,34.0500000,36.7800000,3.431.313
21078_090101_130416,D,20100513,000000,37.5500000,37.7000000,35.4800000,37.2000000,885.165
21078_090101_130416,D,20100514,000000,37.1000000,37.1600000,35.2400000,36.4200000,267.025
21078_090101_130416,D,20100517,000000,35.5000000,36.2000000,34.0000000,35.9000000,288.040
21078_090101_130416,D,20100518,000000,36.0500000,36.2000000,34.8000000,35.3200000,324.612
21078_090101_130416,D,20100519,000000,34.9000000,34.9000000,33.3300000,33.6100000,414.593
21078_090101_130416,D,20100520,000000,33.6200000,34.4900000,30.7000000,31.3000000,431.418
21078_090101_130416,D,20100521,000000,31.3100000,33.5900000,29.2000000,33.5700000,984.297
21078_090101_130416,D,20100524,000000,33.8000000,33.9000000,31.3300000,32.5000000,996.104
21078_090101_130416,D,20100525,000000,31.1500000,32.5100000,29.1000000,30.2500000,828.243
21078_090101_130416,D,20100526,000000,31.2500000,31.4900000,30.3500000,31.3800000,917.222
21078_090101_130416,D,20100527,000000,31.3500000,31.9600000,30.5700000,31.3500000,444.721
21078_090101_130416,D,20100528,000000,31.7500000,31.9900000,30.4000000,30.9500000,223.134
21078_090101_130416,D,20100531,000000,31.0700000,31.2800000,30.5700000,31.0900000,129.818
21078_090101_130416,D,20100601,000000,30.7300000,30.9400000,29.6100000,30.1000000,348.352
21078_090101_130416,D,20100602,000000,29.8200000,30.8500000,29.2100000,30.1000000,664.442
21078_090101_130416,D,20100603,000000,30.6600000,31.1900000,29.8000000,29.9100000,832.880
21078_090101_130416,D,20100604,000000,29.9800000,30.3300000,28.5100000,29.0900000,460.911
21078_090101_130416,D,20100607,000000,28.0000000,29.0000000,27.2300000,28.6700000,333.149
21078_090101_130416,D,20100608,000000,29.0100000,29.0900000,27.0000000,27.0100000,1.030.459
21078_090101_130416,D,20100609,000000,27.3400000,27.9500000,27.0600000,27.4000000,370.561
21078_090101_130416,D,20100610,000000,27.4200000,28.4500000,27.0800000,27.5000000,370.769
21078_090101_130416,D,20100611,000000,28.1800000,28.5000000,27.2600000,27.7800000,232.058
21078_090101_130416,D,20100615,000000,27.9800000,28.6000000,27.9100000,28.5000000,504.133
21078_090101_130416,D,20100616,000000,28.8100000,29.8500000,28.8000000,28.9800000,843.417
21078_090101_130416,D,20100617,000000,29.2700000,29.2800000,27.7100000,28.3900000,592.724
21078_090101_130416,D,20100618,000000,28.5800000,28.6900000,27.8700000,28.2900000,193.587
21078_090101_130416,D,20100621,000000,28.9000000,29.0000000,28.3800000,28.5300000,864.096
21078_090101_130416,D,20100622,000000,28.4300000,28.5000000,27.9100000,28.0000000,228.109
21078_090101_130416,D,20100623,000000,27.9900000,28.3900000,27.6000000,27.8000000,156.388
21078_090101_130416,D,20100624,000000,28.0500000,28.2700000,27.7200000,27.9000000,225.960
21078_090101_130416,D,20100625,000000,27.7700000,28.5000000,27.0700000,27.5400000,219.863
21078_090101_130416,D,20100628,000000,27.6000000,27.9900000,27.4200000,27.8800000,97.931
21078_090101_130416,D,20100629,000000,27.5200000,27.6200000,26.1000000,27.6200000,233.019
21078_090101_130416,D,20100630,000000,27.0400000,27.4100000,25.7000000,26.8000000,647.847
21078_090101_130416,D,20100701,000000,26.1100000,26.3000000,24.8100000,25.2000000,1.083.821
21078_090101_130416,D,20100702,000000,25.5900000,25.5900000,24.3900000,25.1000000,924.723
21078_090101_130416,D,20100705,000000,25.2700000,25.2700000,24.7300000,24.9100000,165.320
21078_090101_130416,D,20100706,000000,25.2500000,25.9300000,24.9000000,25.9300000,799.632
21078_090101_130416,D,20100707,000000,25.5300000,25.7000000,25.1000000,25.5000000,350.055
21078_090101_130416,D,20100708,000000,25.9000000,26.2500000,25.3900000,25.3900000,313.114
21078_090101_130416,D,20100709,000000,25.5000000,25.7500000,25.2200000,25.3500000,67.079
21078_090101_130416,D,20100712,000000,25.3500000,25.7800000,25.2700000,25.4100000,168.811
21078_090101_130416,D,20100713,000000,25.3500000,26.2500000,25.2800000,26.1500000,702.312
21078_090101_130416,D,20100714,000000,26.2600000,26.4500000,25.3000000,25.6400000,500.269
21078_090101_130416,D,20100715,000000,25.3300000,25.9200000,25.3300000,25.4800000,203.669
21078_090101_130416,D,20100716,000000,25.5700000,25.5700000,24.7400000,24.7700000,96.180
21078_090101_130416,D,20100719,000000,24.9800000,25.7500000,24.8200000,25.1700000,515.079
21078_090101_130416,D,20100720,000000,25.2500000,25.5300000,24.6700000,24.8300000,190.463
21078_090101_130416,D,20100721,000000,25.0000000,25.2500000,24.7500000,24.9700000,229.272
21078_090101_130416,D,20100722,000000,24.9200000,25.4900000,24.7000000,25.2000000,826.088
21078_090101_130416,D,20100723,000000,25.3000000,25.7900000,25.0100000,25.2000000,684.745
21078_090101_130416,D,20100726,000000,25.2500000,25.7900000,25.1100000,25.2000000,863.675
21078_090101_130416,D,20100727,000000,25.2500000,27.0700000,25.1100000,26.9800000,1.964.967
21078_090101_130416,D,20100728,000000,27.3900000,27.9000000,27.0700000,27.3800000,1.125.022
21078_090101_130416,D,20100729,000000,27.4700000,27.8000000,27.1500000,27.3700000,482.335
21078_090101_130416,D,20100730,000000,27.2600000,27.4200000,26.3400000,26.9600000,473.157
21078_090101_130416,D,20100802,000000,27.2200000,27.8500000,27.1000000,27.8500000,912.017
21078_090101_130416,D,20100803,000000,27.9100000,28.4800000,27.5000000,27.6900000,376.601
21078_090101_130416,D,20100804,000000,27.7900000,27.8500000,27.1100000,27.4000000,330.705
21078_090101_130416,D,20100805,000000,27.4100000,27.5400000,26.9100000,27.3600000,335.212
21078_090101_130416,D,20100806,000000,27.4500000,27.5000000,26.1800000,26.7500000,274.071
21078_090101_130416,D,20100809,000000,26.9500000,27.1400000,26.6100000,26.8200000,291.845
21078_090101_130416,D,20100810,000000,26.6700000,26.8400000,25.7000000,26.0100000,246.851
21078_090101_130416,D,20100811,000000,25.7500000,26.1700000,25.1000000,25.5100000,294.360
21078_090101_130416,D,20100812,000000,25.4000000,26.3100000,25.1600000,25.6000000,342.048
21078_090101_130416,D,20100813,000000,25.7300000,26.0900000,24.7400000,25.1000000,542.496
21078_090101_130416,D,20100816,000000,25.1100000,25.3500000,24.4500000,25.3000000,478.969
21078_090101_130416,D,20100817,000000,25.3700000,26.3200000,25.0000000,26.2500000,504.308
21078_090101_130416,D,20100818,000000,26.1000000,26.3000000,25.7700000,26.3000000,131.052
21078_090101_130416,D,20100819,000000,26.3000000,26.7300000,26.0000000,26.2800000,331.152
21078_090101_130416,D,20100820,000000,26.1100000,26.1900000,25.4700000,25.7800000,147.325
21078_090101_130416,D,20100823,000000,25.7800000,26.0900000,25.6800000,25.7400000,107.437
21078_090101_130416,D,20100824,000000,25.5400000,25.5400000,25.0100000,25.1000000,100.935
21078_090101_130416,D,20100825,000000,25.0300000,25.2800000,24.8100000,24.9400000,144.454
21078_090101_130416,D,20100826,000000,25.0400000,25.4900000,25.0400000,25.4200000,68.398
21078_090101_130416,D,20100827,000000,25.3800000,26.0500000,25.0000000,25.8800000,388.631
21078_090101_130416,D,20100830,000000,26.0200000,26.3400000,25.7500000,25.7600000,149.836
21078_090101_130416,D,20100831,000000,25.4900000,25.4900000,24.9900000,25.3900000,236.903
21078_090101_130416,D,20100901,000000,25.3100000,25.7000000,25.2000000,25.5500000,622.497
21078_090101_130416,D,20100902,000000,25.7200000,25.8200000,25.2700000,25.3500000,1.182.901
21078_090101_130416,D,20100903,000000,25.3800000,25.7400000,25.1200000,25.7300000,658.683
21078_090101_130416,D,20100906,000000,25.8500000,27.3300000,25.8500000,26.8000000,1.076.763
21078_090101_130416,D,20100907,000000,26.5700000,26.8400000,26.1200000,26.5600000,304.572
21078_090101_130416,D,20100908,000000,26.2800000,27.9000000,26.1000000,27.8100000,1.441.298
21078_090101_130416,D,20100909,000000,27.8100000,28.3000000,27.2900000,27.4800000,434.791
21078_090101_130416,D,20100910,000000,27.4800000,27.7300000,27.4800000,27.6800000,293.375
21078_090101_130416,D,20100913,000000,27.7000000,28.1700000,27.5300000,27.7800000,498.860
21078_090101_130416,D,20100914,000000,27.6600000,27.6600000,26.5500000,26.5500000,856.725
21078_090101_130416,D,20100915,000000,26.7800000,26.7900000,25.9500000,26.4000000,568.210
21078_090101_130416,D,20100916,000000,26.2100000,27.0800000,26.0000000,26.3000000,445.640
21078_090101_130416,D,20100917,000000,26.4100000,26.6400000,26.1000000,26.1000000,345.114
21078_090101_130416,D,20100920,000000,26.1700000,26.3900000,26.0100000,26.3500000,191.661
21078_090101_130416,D,20100921,000000,26.3500000,27.2800000,26.3000000,27.2200000,517.571
21078_090101_130416,D,20100922,000000,27.0000000,27.2000000,26.5000000,26.7800000,226.308
21078_090101_130416,D,20100923,000000,26.6500000,26.9500000,26.3200000,26.6400000,309.695
21078_090101_130416,D,20100924,000000,26.5100000,26.7200000,26.3000000,26.7000000,213.515
21078_090101_130416,D,20100927,000000,26.7600000,27.0500000,26.6900000,26.7900000,334.528
21078_090101_130416,D,20100928,000000,26.8600000,27.1600000,26.0000000,26.1600000,321.567
21078_090101_130416,D,20100929,000000,26.2100000,26.8000000,26.2100000,26.6000000,258.941
21078_090101_130416,D,20100930,000000,26.6900000,27.4500000,26.5400000,26.9800000,806.477
21078_090101_130416,D,20101001,000000,27.0900000,27.9000000,26.9000000,27.5100000,394.861
21078_090101_130416,D,20101004,000000,27.7500000,27.9700000,27.4600000,27.7800000,522.565
21078_090101_130416,D,20101005,000000,27.7500000,27.8000000,27.4000000,27.5000000,323.108
21078_090101_130416,D,20101006,000000,27.6700000,28.6900000,27.5200000,27.6500000,786.883
21078_090101_130416,D,20101007,000000,27.9300000,28.1400000,27.4500000,27.4500000,308.424
21078_090101_130416,D,20101008,000000,27.4300000,27.4300000,26.9200000,27.1300000,367.394
21078_090101_130416,D,20101011,000000,27.2500000,27.8200000,27.2500000,27.6000000,398.676
21078_090101_130416,D,20101012,000000,27.4000000,27.5000000,27.0300000,27.4900000,252.302
21078_090101_130416,D,20101013,000000,27.6000000,28.2000000,27.6000000,27.7700000,335.049
21078_090101_130416,D,20101014,000000,27.8700000,28.0000000,27.2500000,27.4000000,435.333
21078_090101_130416,D,20101015,000000,27.3000000,27.7600000,27.2500000,27.4800000,402.862
21078_090101_130416,D,20101018,000000,27.3100000,27.8500000,27.2900000,27.8300000,275.218
21078_090101_130416,D,20101019,000000,28.0200000,28.6000000,27.4200000,27.4700000,1.248.871
21078_090101_130416,D,20101020,000000,27.2900000,27.4500000,27.0800000,27.3600000,169.037
21078_090101_130416,D,20101021,000000,27.2500000,27.7500000,27.0400000,27.1900000,578.829
21078_090101_130416,D,20101022,000000,27.2700000,27.2800000,27.0600000,27.1800000,112.500
21078_090101_130416,D,20101025,000000,27.2800000,27.5000000,27.0800000,27.3200000,129.696
21078_090101_130416,D,20101026,000000,27.1600000,27.5000000,26.5100000,27.2900000,345.045
21078_090101_130416,D,20101027,000000,27.1500000,27.2000000,26.7300000,26.8000000,212.594
21078_090101_130416,D,20101028,000000,26.8500000,27.0800000,25.9500000,25.9900000,1.067.232
21078_090101_130416,D,20101029,000000,26.0000000,26.4700000,25.6500000,26.3300000,435.353
21078_090101_130416,D,20101101,000000,26.3600000,26.5800000,26.2000000,26.2200000,394.987
21078_090101_130416,D,20101102,000000,26.3000000,26.4000000,26.0000000,26.2900000,228.176
21078_090101_130416,D,20101103,000000,26.2200000,26.3000000,25.8400000,26.0600000,434.336
21078_090101_130416,D,20101108,000000,26.4500000,26.5500000,26.1000000,26.2000000,433.233
21078_090101_130416,D,20101109,000000,26.2800000,26.5100000,26.0000000,26.1700000,1.238.351
21078_090101_130416,D,20101110,000000,26.2100000,26.2500000,25.6800000,25.7900000,722.648
21078_090101_130416,D,20101111,000000,25.9700000,25.9700000,25.6500000,25.7800000,475.461
21078_090101_130416,D,20101112,000000,25.7800000,25.7800000,25.3300000,25.6000000,398.621
21078_090101_130416,D,20101113,000000,25.5000000,25.6400000,25.2000000,25.4300000,91.946
21078_090101_130416,D,20101115,000000,25.4300000,26.2100000,25.3300000,25.8700000,322.162
21078_090101_130416,D,20101116,000000,25.8500000,25.8600000,25.4500000,25.4900000,194.579
21078_090101_130416,D,20101117,000000,25.4400000,25.5900000,25.1500000,25.3600000,330.545
21078_090101_130416,D,20101118,000000,25.4200000,25.6700000,25.4000000,25.6000000,395.527
21078_090101_130416,D,20101119,000000,25.5100000,25.8100000,25.3500000,25.7400000,690.933
21078_090101_130416,D,20101122,000000,25.7000000,25.9200000,25.5000000,25.6000000,269.089
21078_090101_130416,D,20101123,000000,25.4900000,25.6000000,25.2000000,25.3600000,210.937
21078_090101_130416,D,20101124,000000,25.4000000,25.4900000,24.8000000,25.1200000,838.899
21078_090101_130416,D,20101125,000000,25.1600000,25.2000000,24.7500000,25.1000000,1.278.596
21078_090101_130416,D,20101126,000000,25.0200000,25.1000000,24.8100000,25.0000000,496.898
21078_090101_130416,D,20101129,000000,25.0000000,25.2000000,24.8000000,24.9600000,566.064
21078_090101_130416,D,20101130,000000,25.0000000,25.0000000,24.8300000,24.9500000,209.596
21078_090101_130416,D,20101201,000000,25.0100000,25.9200000,24.9900000,25.8500000,2.561.882
21078_090101_130416,D,20101202,000000,25.8800000,26.0500000,25.6500000,25.8500000,1.131.874
21078_090101_130416,D,20101203,000000,26.0000000,26.0400000,25.4000000,25.7000000,675.856
21078_090101_130416,D,20101206,000000,25.6300000,26.6900000,25.6200000,26.6900000,1.946.116
21078_090101_130416,D,20101207,000000,26.8600000,26.9000000,25.9900000,26.1200000,1.387.657
21078_090101_130416,D,20101208,000000,26.0000000,26.2000000,25.6000000,25.7700000,427.203
21078_090101_130416,D,20101209,000000,25.9300000,26.0700000,25.6100000,25.6400000,557.003
21078_090101_130416,D,20101210,000000,25.7000000,25.7700000,25.4200000,25.7000000,393.693
21078_090101_130416,D,20101213,000000,25.7300000,25.9500000,25.6100000,25.7100000,276.795
21078_090101_130416,D,20101214,000000,25.8000000,25.9500000,25.5900000,25.8500000,154.784
21078_090101_130416,D,20101215,000000,25.6700000,25.8900000,25.0800000,25.6200000,365.919
21078_090101_130416,D,20101216,000000,25.6700000,25.8900000,25.5900000,25.6500000,201.027
21078_090101_130416,D,20101217,000000,25.7000000,26.0500000,25.5100000,25.8200000,229.823
21078_090101_130416,D,20101220,000000,25.8000000,25.9800000,25.3400000,25.5500000,194.463
21078_090101_130416,D,20101221,000000,25.5100000,25.7100000,25.5000000,25.6800000,231.906
21078_090101_130416,D,20101222,000000,25.7200000,25.8100000,25.6000000,25.6900000,223.265
21078_090101_130416,D,20101223,000000,25.7500000,25.7700000,25.5000000,25.5900000,155.019
21078_090101_130416,D,20101224,000000,25.5000000,25.5900000,24.9500000,25.3000000,1.176.444
21078_090101_130416,D,20101227,000000,25.3900000,25.3900000,25.0600000,25.2300000,215.194
21078_090101_130416,D,20101228,000000,25.3000000,25.5200000,24.9500000,25.0000000,929.210
21078_090101_130416,D,20101229,000000,25.0700000,25.1800000,24.7100000,24.9800000,813.184
21078_090101_130416,D,20101230,000000,24.9700000,25.1000000,24.5300000,24.6000000,1.282.094
21078_090101_130416,D,20110111,000000,24.8500000,25.3300000,24.8500000,25.1600000,1.829.218
21078_090101_130416,D,20110112,000000,25.2400000,26.5000000,25.2200000,26.3100000,2.473.640
21078_090101_130416,D,20110113,000000,26.3500000,27.4200000,26.3000000,26.8500000,3.029.180
21078_090101_130416,D,20110114,000000,26.8500000,26.9000000,26.2000000,26.8200000,1.010.859
21078_090101_130416,D,20110117,000000,26.8200000,26.8200000,26.2700000,26.4900000,394.876
21078_090101_130416,D,20110118,000000,26.5000000,26.5500000,25.7900000,26.1800000,960.184
21078_090101_130416,D,20110119,000000,26.3500000,26.4000000,25.6100000,26.0000000,1.077.995
21078_090101_130416,D,20110120,000000,25.8000000,25.9000000,25.5900000,25.6600000,287.516
21078_090101_130416,D,20110121,000000,25.7200000,26.1200000,25.5100000,26.0000000,637.335
21078_090101_130416,D,20110124,000000,25.9900000,26.1100000,25.2200000,25.7500000,380.009
21078_090101_130416,D,20110125,000000,25.7500000,25.9000000,25.3000000,25.7900000,190.765
21078_090101_130416,D,20110126,000000,25.7800000,25.9000000,25.5000000,25.6000000,258.682
21078_090101_130416,D,20110127,000000,25.7000000,25.8000000,25.4600000,25.7700000,446.892
21078_090101_130416,D,20110128,000000,25.7700000,25.9600000,25.5000000,25.6500000,537.297
21078_090101_130416,D,20110131,000000,25.6000000,25.7100000,25.3200000,25.5000000,607.084
21078_090101_130416,D,20110201,000000,25.5400000,25.7100000,25.1500000,25.4300000,326.118
21078_090101_130416,D,20110202,000000,25.5700000,25.6200000,25.1500000,25.3500000,268.599
21078_090101_130416,D,20110203,000000,25.3700000,25.6200000,25.2100000,25.3900000,279.417
21078_090101_130416,D,20110204,000000,25.4000000,25.4600000,24.9000000,25.3200000,351.963
21078_090101_130416,D,20110207,000000,25.4000000,25.5000000,25.1500000,25.2500000,145.452
21078_090101_130416,D,20110208,000000,25.3100000,25.4400000,25.1100000,25.3700000,121.781
21078_090101_130416,D,20110209,000000,25.3700000,25.3700000,24.9300000,25.1700000,329.207
21078_090101_130416,D,20110210,000000,25.1100000,25.1100000,24.6500000,24.6900000,1.009.954
21078_090101_130416,D,20110211,000000,24.7100000,25.0000000,24.5000000,24.8800000,203.321
21078_090101_130416,D,20110214,000000,24.8500000,25.1800000,24.8500000,24.9700000,147.705
21078_090101_130416,D,20110215,000000,24.9800000,25.0500000,24.8300000,24.9000000,380.094
21078_090101_130416,D,20110216,000000,25.0000000,25.4000000,24.6700000,25.1000000,340.564
21078_090101_130416,D,20110217,000000,25.2000000,25.5500000,25.1900000,25.1900000,501.321
21078_090101_130416,D,20110218,000000,25.3200000,25.3300000,24.8800000,24.9600000,179.446
21078_090101_130416,D,20110221,000000,24.9700000,25.4700000,24.8900000,25.0300000,108.239
21078_090101_130416,D,20110222,000000,25.0500000,25.0600000,24.8300000,24.8900000,110.010
21078_090101_130416,D,20110224,000000,24.8500000,25.0500000,24.3700000,24.4100000,593.541
21078_090101_130416,D,20110225,000000,24.4300000,25.0100000,24.4300000,24.7500000,153.157
21078_090101_130416,D,20110228,000000,24.7800000,25.0100000,24.3900000,24.5900000,458.617
21078_090101_130416,D,20110301,000000,24.6500000,24.8500000,24.3000000,24.4930000,269.100
21078_090101_130416,D,20110302,000000,24.3130000,24.3360000,24.0010000,24.1670000,187.800
21078_090101_130416,D,20110303,000000,24.0660000,24.4000000,24.0640000,24.1810000,137.900
21078_090101_130416,D,20110304,000000,24.1030000,24.1960000,23.5010000,23.7440000,293.800
21078_090101_130416,D,20110305,000000,23.7600000,23.9390000,23.5000000,23.6790000,179.700
21078_090101_130416,D,20110309,000000,23.8230000,23.8230000,23.3120000,23.3450000,421.600
21078_090101_130416,D,20110310,000000,23.3150000,23.3150000,22.7500000,22.8000000,171.700
21078_090101_130416,D,20110311,000000,22.6930000,22.6930000,22.1210000,22.2050000,132.900
21078_090101_130416,D,20110314,000000,22.2050000,22.4600000,21.9520000,22.3020000,129.300
21078_090101_130416,D,20110315,000000,22.1500000,22.2000000,21.1130000,21.2050000,842.500
21078_090101_130416,D,20110316,000000,21.6600000,21.9860000,21.0040000,21.0040000,236.100
21078_090101_130416,D,20110317,000000,21.0000000,21.8990000,20.9020000,21.6000000,181.800
21078_090101_130416,D,20110318,000000,21.6490000,21.9800000,21.4080000,21.5000000,98.700
21078_090101_130416,D,20110321,000000,22.2540000,22.9900000,21.6060000,21.8700000,292.200
21078_090101_130416,D,20110322,000000,21.7710000,21.8960000,21.4100000,21.7800000,181.000
21078_090101_130416,D,20110323,000000,21.5610000,21.8600000,21.3050000,21.6000000,286.400
21078_090101_130416,D,20110324,000000,21.4650000,21.7890000,21.3070000,21.6610000,223.900
21078_090101_130416,D,20110325,000000,21.7530000,22.2210000,21.4510000,22.1000000,242.900
21078_090101_130416,D,20110328,000000,22.0110000,22.0110000,21.6410000,21.8010000,310.000
21078_090101_130416,D,20110329,000000,22.0000000,22.0500000,20.7500000,20.9580000,847.600
21078_090101_130416,D,20110330,000000,21.1950000,21.2000000,20.6990000,20.8200000,298.300
21078_090101_130416,D,20110331,000000,20.9010000,20.9160000,20.6900000,20.8000000,277.500
21078_090101_130416,D,20110401,000000,20.7000000,20.8500000,20.4240000,20.5000000,676.800
21078_090101_130416,D,20110404,000000,20.5000000,20.5000000,19.5680000,20.0500000,1.701.300
21078_090101_130416,D,20110405,000000,20.0500000,20.2730000,19.6000000,19.6160000,702.600
21078_090101_130416,D,20110406,000000,19.6990000,20.5970000,19.2530000,20.4860000,846.300
21078_090101_130416,D,20110407,000000,20.4000000,20.7800000,20.2840000,20.5800000,399.000
21078_090101_130416,D,20110408,000000,20.5810000,20.7750000,20.4900000,20.5590000,193.400
21078_090101_130416,D,20110411,000000,20.4240000,20.6990000,20.0500000,20.1000000,352.500
21078_090101_130416,D,20110412,000000,20.0000000,20.0000000,19.4000000,19.4400000,517.100
21078_090101_130416,D,20110413,000000,19.5600000,19.7200000,19.3300000,19.5010000,257.100
21078_090101_130416,D,20110414,000000,19.5860000,19.5860000,19.3300000,19.5690000,221.400
21078_090101_130416,D,20110415,000000,19.5860000,19.7450000,19.0500000,19.6350000,115.300
21078_090101_130416,D,20110418,000000,19.4390000,19.7750000,18.8100000,18.9690000,240.000
21078_090101_130416,D,20110419,000000,18.8110000,19.1990000,18.5400000,18.8500000,399.200
21078_090101_130416,D,20110420,000000,19.0000000,19.3000000,19.0000000,19.2490000,114.400
21078_090101_130416,D,20110421,000000,19.3000000,19.5960000,19.2000000,19.3220000,65.400
21078_090101_130416,D,20110422,000000,19.4400000,19.4800000,19.0500000,19.2840000,82.200
21078_090101_130416,D,20110425,000000,19.3000000,19.5440000,19.2300000,19.2880000,231.400
21078_090101_130416,D,20110426,000000,19.2500000,19.6500000,19.1010000,19.4600000,162.300
21078_090101_130416,D,20110427,000000,19.6580000,19.7000000,19.2800000,19.2800000,53.300
21078_090101_130416,D,20110428,000000,19.4860000,19.8000000,18.8520000,18.8600000,170.700
21078_090101_130416,D,20110429,000000,18.9900000,19.0990000,18.8500000,19.0520000,207.200
21078_090101_130416,D,20110503,000000,19.0710000,19.0710000,18.7000000,18.7000000,417.500
21078_090101_130416,D,20110504,000000,18.5030000,18.7600000,18.4500000,18.5480000,373.200
21078_090101_130416,D,20110505,000000,18.5500000,18.5500000,17.6500000,18.0000000,130.000
21078_090101_130416,D,20110506,000000,17.9990000,18.5480000,17.9160000,18.5470000,398.200
21078_090101_130416,D,20110510,000000,18.4990000,18.9000000,18.4060000,18.8880000,31.100
21078_090101_130416,D,20110511,000000,18.8920000,19.1000000,18.7600000,19.0000000,58.400
21078_090101_130416,D,20110512,000000,18.7000000,18.8830000,18.7000000,18.7990000,381.600
21078_090101_130416,D,20110513,000000,18.8880000,18.9000000,18.7700000,18.8990000,24.100
21078_090101_130416,D,20110516,000000,18.7010000,18.8960000,18.6500000,18.7000000,282.200
21078_090101_130416,D,20110517,000000,18.6010000,18.7800000,18.5000000,18.5000000,67.400
21078_090101_130416,D,20110518,000000,18.7200000,18.7600000,18.4490000,18.6000000,63.800
21078_090101_130416,D,20110519,000000,18.4590000,18.7700000,18.4490000,18.4800000,85.100
21078_090101_130416,D,20110520,000000,18.4000000,18.6000000,18.4000000,18.4000000,90.500
21078_090101_130416,D,20110523,000000,18.3500000,18.4010000,18.1000000,18.1000000,218.500
21078_090101_130416,D,20110524,000000,18.1500000,18.2500000,18.1500000,18.1800000,112.600
21078_090101_130416,D,20110525,000000,18.1010000,18.2380000,17.9200000,18.0990000,162.800
21078_090101_130416,D,20110526,000000,18.1000000,18.2380000,17.8000000,17.8000000,181.000
21078_090101_130416,D,20110527,000000,17.9170000,18.3870000,17.7000000,18.2010000,197.400
21078_090101_130416,D,20110530,000000,18.2100000,18.8800000,18.1100000,18.5500000,135.400
21078_090101_130416,D,20110531,000000,18.7200000,18.8650000,18.5200000,18.6720000,56.600
21078_090101_130416,D,20110601,000000,18.6710000,18.7200000,17.8000000,18.2500000,189.400
21078_090101_130416,D,20110602,000000,18.1200000,18.3790000,18.0200000,18.3790000,37.700
21078_090101_130416,D,20110603,000000,18.2510000,18.6020000,18.2510000,18.3070000,238.500
21078_090101_130416,D,20110606,000000,18.3110000,18.3510000,18.1500000,18.2970000,26.500
21078_090101_130416,D,20110607,000000,18.3990000,18.4500000,18.1910000,18.4000000,23.500
21078_090101_130416,D,20110608,000000,18.5000000,18.5500000,18.1010000,18.2710000,33.700
21078_090101_130416,D,20110609,000000,18.2010000,18.4420000,18.0980000,18.2500000,127.600
21078_090101_130416,D,20110610,000000,18.2500000,18.3000000,17.9010000,18.1180000,139.200
21078_090101_130416,D,20110614,000000,18.1850000,18.3000000,18.1270000,18.2970000,39.100
21078_090101_130416,D,20110615,000000,18.1290000,18.3000000,18.1290000,18.2600000,37.800
21078_090101_130416,D,20110616,000000,18.1000000,18.3810000,18.0210000,18.2210000,81.700
21078_090101_130416,D,20110617,000000,18.3780000,18.4790000,18.1500000,18.3410000,118.800
21078_090101_130416,D,20110620,000000,18.3110000,18.3440000,17.8450000,18.2420000,32.500
21078_090101_130416,D,20110621,000000,18.1060000,18.1980000,18.0000000,18.0860000,20.300
21078_090101_130416,D,20110622,000000,18.1990000,18.2490000,18.0860000,18.1100000,14.100
21078_090101_130416,D,20110623,000000,18.0000000,18.1530000,17.8500000,17.8960000,50.700
21078_090101_130416,D,20110624,000000,18.0000000,18.0180000,17.8560000,17.8910000,38.900
21078_090101_130416,D,20110627,000000,17.8430000,17.9690000,17.6550000,17.7010000,37.100
21078_090101_130416,D,20110628,000000,17.8840000,17.9660000,17.8000000,17.9000000,67.300
21078_090101_130416,D,20110629,000000,17.9660000,18.0890000,17.9210000,17.9210000,28.800
21078_090101_130416,D,20110630,000000,18.1530000,18.1550000,18.0020000,18.0600000,24.800
21078_090101_130416,D,20110701,000000,17.9240000,18.0000000,17.6790000,17.9030000,74.500
21078_090101_130416,D,20110704,000000,17.9990000,18.0600000,17.9000000,17.9820000,123.200
21078_090101_130416,D,20110705,000000,17.9500000,18.1000000,17.9250000,18.1000000,107.300
21078_090101_130416,D,20110706,000000,18.0740000,18.0740000,17.9000000,17.9540000,106.300
21078_090101_130416,D,20110707,000000,17.9500000,18.0990000,17.9010000,18.0720000,112.600
21078_090101_130416,D,20110708,000000,18.0920000,18.1390000,17.9000000,18.0000000,92.700
21078_090101_130416,D,20110711,000000,17.8090000,17.9970000,17.8030000,17.9960000,4.100
21078_090101_130416,D,20110712,000000,17.8450000,18.3900000,17.8340000,18.0710000,69.100
21078_090101_130416,D,20110713,000000,18.0740000,18.4560000,18.0150000,18.0780000,85.100
21078_090101_130416,D,20110714,000000,18.0000000,18.1800000,18.0000000,18.1000000,43.200
21078_090101_130416,D,20110715,000000,18.0020000,18.1500000,17.8000000,18.1500000,26.900
21078_090101_130416,D,20110718,000000,18.0020000,19.0500000,18.0020000,18.2250000,147.500
21078_090101_130416,D,20110719,000000,18.2990000,18.3300000,18.0500000,18.3300000,33.500
21078_090101_130416,D,20110720,000000,18.4000000,19.7400000,18.2630000,19.2010000,324.500
21078_090101_130416,D,20110721,000000,19.2000000,19.8400000,18.9080000,19.3500000,351.600
21078_090101_130416,D,20110722,000000,19.2650000,19.7000000,19.1200000,19.2180000,88.200
21078_090101_130416,D,20110725,000000,19.1670000,19.1680000,18.8500000,18.9730000,49.200
21078_090101_130416,D,20110726,000000,18.9770000,18.9990000,18.2820000,18.7510000,75.000
21078_090101_130416,D,20110727,000000,18.7560000,18.7560000,18.4000000,18.4000000,34.100
21078_090101_130416,D,20110728,000000,18.3020000,18.3240000,18.0000000,18.1540000,87.800
21078_090101_130416,D,20110729,000000,18.0600000,18.1690000,17.7200000,17.8000000,505.000
21078_090101_130416,D,20110801,000000,18.5000000,18.5000000,17.8780000,17.9940000,44.200
21078_090101_130416,D,20110802,000000,17.9700000,17.9800000,17.8100000,17.9700000,41.200
21078_090101_130416,D,20110803,000000,17.8100000,17.9150000,17.6010000,17.6010000,82.600
21078_090101_130416,D,20110804,000000,17.7920000,17.7920000,17.0330000,17.1280000,126.800
21078_090101_130416,D,20110805,000000,16.7500000,16.9000000,15.0350000,15.8080000,220.700
21078_090101_130416,D,20110808,000000,15.2220000,15.7000000,14.5010000,15.4650000,251.600
21078_090101_130416,D,20110809,000000,14.0000000,15.2000000,12.8500000,14.4450000,443.700
21078_090101_130416,D,20110810,000000,14.6960000,15.3900000,13.5120000,13.8490000,155.300
21078_090101_130416,D,20110811,000000,14.2000000,14.2920000,12.0620000,12.9290000,388.300
21078_090101_130416,D,20110812,000000,13.1990000,13.4950000,12.8000000,13.4250000,181.600
21078_090101_130416,D,20110815,000000,13.4530000,13.9970000,13.4530000,13.8620000,121.400
21078_090101_130416,D,20110816,000000,13.8000000,13.8000000,13.0110000,13.3210000,73.200
21078_090101_130416,D,20110817,000000,13.3300000,14.5000000,13.3300000,14.5000000,148.600
21078_090101_130416,D,20110818,000000,14.4430000,14.5010000,12.9990000,13.4990000,537.000
21078_090101_130416,D,20110819,000000,13.0100000,13.4980000,13.0060000,13.4980000,362.600
21078_090101_130416,D,20110822,000000,13.2410000,13.5740000,12.8150000,13.5300000,35.400
21078_090101_130416,D,20110823,000000,13.5710000,13.7870000,13.2110000,13.3120000,63.900
21078_090101_130416,D,20110824,000000,13.5010000,13.6640000,13.2180000,13.3650000,49.000
21078_090101_130416,D,20110825,000000,13.3600000,14.4500000,13.3600000,13.5700000,123.300
21078_090101_130416,D,20110826,000000,13.6260000,13.6260000,13.1400000,13.4160000,33.700
21078_090101_130416,D,20110829,000000,13.8980000,14.1380000,13.6090000,14.1380000,37.600
21078_090101_130416,D,20110830,000000,14.2000000,14.2000000,13.8400000,13.9510000,31.900
21078_090101_130416,D,20110831,000000,14.0210000,14.3900000,13.8830000,14.3400000,39.800
21078_090101_130416,D,20110901,000000,14.3610000,14.3820000,14.0350000,14.2080000,12.400
21078_090101_130416,D,20110902,000000,14.1500000,14.3740000,13.7590000,13.9000000,35.000
21078_090101_130416,D,20110905,000000,13.8940000,14.0030000,13.5370000,13.7870000,45.000
21078_090101_130416,D,20110906,000000,13.8400000,14.0000000,13.6650000,13.9730000,21.000
21078_090101_130416,D,20110907,000000,14.0000000,14.2010000,14.0000000,14.1410000,69.800
21078_090101_130416,D,20110908,000000,14.1990000,14.1990000,13.9510000,14.0010000,49.500
21078_090101_130416,D,20110909,000000,14.0030000,14.0450000,13.8100000,13.8100000,67.600
21078_090101_130416,D,20110912,000000,13.7880000,13.7880000,13.3000000,13.4160000,51.400
21078_090101_130416,D,20110913,000000,13.4670000,13.8700000,13.1750000,13.1750000,82.000
21078_090101_130416,D,20110914,000000,13.1490000,13.8000000,13.1490000,13.4500000,114.400
21078_090101_130416,D,20110915,000000,13.5210000,14.1000000,13.5210000,13.7010000,417.500
21078_090101_130416,D,20110916,000000,13.7850000,13.7850000,13.5170000,13.5180000,9.200
21078_090101_130416,D,20110919,000000,13.5110000,13.5110000,13.3180000,13.4610000,32.000
21078_090101_130416,D,20110920,000000,13.5200000,13.6820000,13.5200000,13.6820000,19.500
21078_090101_130416,D,20110921,000000,13.6820000,13.6820000,13.5770000,13.6280000,30.300
21078_090101_130416,D,20110922,000000,13.2010000,13.2320000,12.5000000,12.5040000,243.600
21078_090101_130416,D,20110923,000000,12.5040000,12.5670000,10.1410000,11.6790000,363.300
21078_090101_130416,D,20110926,000000,11.4990000,11.6800000,11.1880000,11.2490000,338.200
21078_090101_130416,D,20110927,000000,11.5720000,11.5720000,11.2370000,11.5000000,44.300
21078_090101_130416,D,20110928,000000,11.5000000,11.5970000,11.1700000,11.3500000,13.600
21078_090101_130416,D,20110929,000000,11.4770000,11.9510000,11.4770000,11.7020000,18.100
21078_090101_130416,D,20110930,000000,11.9000000,12.7000000,11.2500000,12.2000000,414.400
21078_090101_130416,D,20111003,000000,11.2520000,12.0000000,11.0750000,11.7000000,66.300
21078_090101_130416,D,20111004,000000,11.6520000,11.8830000,10.8000000,10.8000000,170.400
21078_090101_130416,D,20111005,000000,10.8480000,11.1750000,10.1550000,10.3000000,207.600
21078_090101_130416,D,20111006,000000,10.7020000,11.3000000,10.3600000,11.2490000,130.700
21078_090101_130416,D,20111007,000000,11.3080000,12.2960000,11.2490000,12.2000000,115.300
21078_090101_130416,D,20111010,000000,12.3000000,12.4900000,11.4410000,12.0390000,211.700
21078_090101_130416,D,20111011,000000,12.2000000,12.4000000,11.7700000,12.3300000,356.700
21078_090101_130416,D,20111012,000000,12.0670000,12.4000000,11.9450000,12.0500000,272.900
21078_090101_130416,D,20111013,000000,11.9460000,12.0500000,11.7780000,11.7790000,152.300
21078_090101_130416,D,20111014,000000,11.9990000,12.4000000,11.8830000,12.0300000,468.600
21078_090101_130416,D,20111017,000000,12.1000000,12.3790000,11.9480000,11.9500000,252.400
21078_090101_130416,D,20111018,000000,11.8000000,11.9530000,11.4990000,11.8000000,132.500
21078_090101_130416,D,20111019,000000,12.1930000,12.3500000,11.8230000,12.3500000,86.100
21078_090101_130416,D,20111020,000000,11.9000000,14.6010000,11.7070000,12.1610000,235.600
21078_090101_130416,D,20111021,000000,12.1580000,12.5940000,12.0010000,12.2000000,250.900
21078_090101_130416,D,20111024,000000,12.3000000,12.7500000,12.3000000,12.6900000,120.000
21078_090101_130416,D,20111025,000000,12.7500000,12.9000000,12.3000000,12.3800000,118.100
21078_090101_130416,D,20111026,000000,12.3990000,12.7000000,12.2180000,12.4230000,279.700
21078_090101_130416,D,20111027,000000,12.5870000,13.2000000,12.5690000,12.6340000,269.800
21078_090101_130416,D,20111028,000000,12.7530000,12.9520000,12.3310000,12.4010000,203.700
21078_090101_130416,D,20111031,000000,12.4970000,12.5000000,12.0010000,12.0960000,155.900
21078_090101_130416,D,20111101,000000,11.9990000,12.0000000,11.5500000,11.6020000,210.900
21078_090101_130416,D,20111102,000000,11.7940000,12.1780000,11.7110000,12.1000000,34.400
21078_090101_130416,D,20111103,000000,11.7140000,12.1970000,11.6000000,11.9150000,58.400
21078_090101_130416,D,20111107,000000,12.1980000,12.1980000,11.8340000,12.0000000,19.100
21078_090101_130416,D,20111108,000000,12.1480000,12.1990000,11.8460000,11.9950000,77.100
21078_090101_130416,D,20111109,000000,12.0780000,12.1240000,11.7030000,11.7530000,67.100
21078_090101_130416,D,20111110,000000,11.7560000,11.9850000,11.3000000,11.8200000,93.000
21078_090101_130416,D,20111111,000000,11.8030000,11.8910000,11.6240000,11.7990000,21.400
21078_090101_130416,D,20111114,000000,11.8450000,12.3900000,11.8450000,11.9010000,58.900
21078_090101_130416,D,20111115,000000,11.9830000,12.0610000,11.3980000,11.6000000,84.300
21078_090101_130416,D,20111116,000000,11.5010000,11.9970000,11.4990000,11.6720000,53.200
21078_090101_130416,D,20111117,000000,11.6790000,11.9880000,11.5000000,11.6500000,73.900
21078_090101_130416,D,20111118,000000,11.5010000,11.5010000,11.3010000,11.4560000,39.000
21078_090101_130416,D,20111121,000000,11.3110000,11.3110000,10.9800000,10.9800000,62.100
21078_090101_130416,D,20111122,000000,10.9800000,11.1290000,10.4000000,10.8500000,53.100
21078_090101_130416,D,20111123,000000,10.9200000,11.0000000,10.5200000,10.9000000,11.000
21078_090101_130416,D,20111124,000000,10.9950000,11.0170000,10.7000000,10.9660000,10.100
21078_090101_130416,D,20111125,000000,10.8470000,10.9390000,10.4990000,10.6000000,172.500
21078_090101_130416,D,20111128,000000,10.8990000,10.9960000,10.6370000,10.8980000,65.700
21078_090101_130416,D,20111129,000000,11.0000000,11.0990000,10.7610000,10.9000000,49.500
21078_090101_130416,D,20111130,000000,10.9490000,11.1000000,10.8000000,11.1000000,69.200
21078_090101_130416,D,20111201,000000,11.4000000,11.5990000,11.2660000,11.3980000,82.700
21078_090101_130416,D,20111202,000000,11.6990000,11.8910000,11.4000000,11.4550000,72.200
21078_090101_130416,D,20111205,000000,11.4000000,12.7990000,11.4000000,12.1250000,101.100
21078_090101_130416,D,20111206,000000,12.0000000,12.1500000,11.6500000,11.6530000,42.300
21078_090101_130416,D,20111207,000000,11.7000000,11.9000000,11.5000000,11.6960000,21.300
21078_090101_130416,D,20111208,000000,11.7000000,11.8790000,11.4000000,11.6980000,73.200
21078_090101_130416,D,20111209,000000,11.4000000,11.4490000,11.0000000,11.0990000,148.400
21078_090101_130416,D,20111212,000000,11.3000000,11.4010000,10.8000000,10.8000000,69.600
21078_090101_130416,D,20111213,000000,10.8630000,10.9990000,10.4990000,10.9000000,191.300
21078_090101_130416,D,20111214,000000,10.8000000,10.8010000,10.2990000,10.5900000,217.900
21078_090101_130416,D,20111215,000000,10.4850000,10.6400000,10.2000000,10.3990000,315.200
21078_090101_130416,D,20111216,000000,10.4000000,10.6800000,10.1730000,10.1730000,86.600
21078_090101_130416,D,20111219,000000,10.1740000,10.2490000,10.0000000,10.2030000,37.500
21078_090101_130416,D,20111220,000000,10.2000000,10.2500000,10.0100000,10.2500000,67.200
21078_090101_130416,D,20111221,000000,10.2500000,10.4670000,10.2010000,10.2010000,142.800
21078_090101_130416,D,20111222,000000,10.2420000,10.3000000,10.0890000,10.1560000,46.300
21078_090101_130416,D,20111223,000000,10.1030000,10.2500000,9.9100000,9.9500000,129.000
21078_090101_130416,D,20111226,000000,9.9010000,10.1530000,9.6000000,9.6810000,265.400
21078_090101_130416,D,20111227,000000,9.9620000,9.9620000,9.5000000,9.9490000,341.100
21078_090101_130416,D,20111228,000000,9.9400000,9.9960000,9.5900000,9.7160000,108.700
21078_090101_130416,D,20111229,000000,9.7000000,9.7010000,9.4300000,9.5000000,99.300
21078_090101_130416,D,20111230,000000,9.5800000,9.7770000,9.4100000,9.6000000,397.500
21078_090101_130416,D,20120103,000000,9.5860000,9.8980000,9.5860000,9.8420000,13.100
21078_090101_130416,D,20120104,000000,9.6910000,9.9250000,9.6860000,9.8460000,105.200
21078_090101_130416,D,20120105,000000,9.9220000,9.9500000,9.7770000,9.9490000,39.000
21078_090101_130416,D,20120106,000000,9.9270000,9.9500000,9.8610000,9.9500000,19.900
21078_090101_130416,D,20120109,000000,9.7650000,9.9450000,9.7000000,9.9440000,43.000
21078_090101_130416,D,20120110,000000,9.9490000,10.1310000,9.8300000,9.8800000,243.500
21078_090101_130416,D,20120111,000000,9.9010000,9.9780000,9.7990000,9.8510000,65.500
21078_090101_130416,D,20120112,000000,9.7530000,9.9700000,9.7010000,9.9050000,239.400
21078_090101_130416,D,20120113,000000,9.9950000,10.2490000,9.8790000,9.9220000,200.000
21078_090101_130416,D,20120116,000000,9.8650000,9.9950000,9.7510000,9.9210000,106.000
21078_090101_130416,D,20120117,000000,10.0170000,10.3560000,9.9980000,10.1590000,298.400
21078_090101_130416,D,20120118,000000,10.1710000,10.3170000,10.1110000,10.1600000,72.100
21078_090101_130416,D,20120119,000000,10.2010000,10.3900000,10.1750000,10.1750000,157.100
21078_090101_130416,D,20120120,000000,10.1720000,10.1990000,10.0000000,10.0590000,115.800
21078_090101_130416,D,20120123,000000,10.1510000,10.2890000,10.0750000,10.2600000,231.100
21078_090101_130416,D,20120124,000000,10.1980000,10.3500000,10.0410000,10.2770000,224.000
21078_090101_130416,D,20120125,000000,10.3490000,10.4100000,10.2020000,10.2900000,75.300
21078_090101_130416,D,20120126,000000,10.3580000,10.3730000,10.1420000,10.2900000,208.100
21078_090101_130416,D,20120127,000000,10.3000000,10.3490000,10.1000000,10.3390000,217.900
21078_090101_130416,D,20120130,000000,10.3010000,10.3500000,10.0010000,10.1010000,180.400
21078_090101_130416,D,20120131,000000,10.1590000,10.3310000,10.1060000,10.2610000,59.400
21078_090101_130416,D,20120201,000000,10.2610000,10.4980000,10.2250000,10.2800000,132.800
21078_090101_130416,D,20120202,000000,10.3200000,10.7000000,10.2510000,10.5510000,347.700
21078_090101_130416,D,20120203,000000,10.7880000,11.4940000,10.7000000,11.2210000,1.058.800
21078_090101_130416,D,20120206,000000,11.3990000,11.3990000,10.9770000,11.1500000,375.000
21078_090101_130416,D,20120207,000000,11.1990000,11.2000000,10.9040000,11.0750000,92.200
21078_090101_130416,D,20120208,000000,11.0840000,11.4440000,11.0190000,11.1840000,325.900
21078_090101_130416,D,20120209,000000,11.1030000,11.2700000,10.9000000,11.1960000,197.500
21078_090101_130416,D,20120210,000000,11.0150000,11.0150000,10.7480000,10.8570000,52.000
21078_090101_130416,D,20120213,000000,10.9990000,11.2990000,10.9990000,11.2380000,130.000
21078_090101_130416,D,20120214,000000,11.2370000,11.9000000,11.0910000,11.4080000,935.100
21078_090101_130416,D,20120215,000000,11.5000000,11.8000000,11.3340000,11.3470000,129.900
21078_090101_130416,D,20120216,000000,11.3000000,11.3000000,10.9050000,11.1520000,397.100
21078_090101_130416,D,20120217,000000,11.3000000,11.8000000,11.2500000,11.4000000,227.800
21078_090101_130416,D,20120220,000000,11.4890000,12.7370000,11.4000000,11.7500000,2.603.500
21078_090101_130416,D,20120221,000000,11.6690000,11.7990000,11.5370000,11.5980000,261.100
21078_090101_130416,D,20120222,000000,11.7990000,11.8000000,11.2610000,11.4190000,152.600
21078_090101_130416,D,20120224,000000,11.4000000,11.5780000,11.3380000,11.4400000,194.500
21078_090101_130416,D,20120227,000000,11.5620000,11.7770000,11.5520000,11.6220000,251.800
21078_090101_130416,D,20120228,000000,11.5030000,11.7390000,11.2000000,11.2170000,353.900
21078_090101_130416,D,20120229,000000,11.2940000,11.4700000,11.1000000,11.3640000,230.500
21078_090101_130416,D,20120301,000000,11.2090000,11.5210000,11.2000000,11.4600000,179.900
21078_090101_130416,D,20120302,000000,11.5010000,11.7600000,11.3450000,11.5000000,800.300
21078_090101_130416,D,20120305,000000,11.6010000,11.7800000,11.5010000,11.6440000,132.600
21078_090101_130416,D,20120306,000000,11.5000000,11.5550000,11.1990000,11.2090000,216.400
21078_090101_130416,D,20120307,000000,11.1010000,11.4990000,11.0230000,11.4560000,190.200
21078_090101_130416,D,20120311,000000,11.5000000,11.7000000,11.4720000,11.6610000,79.500
21078_090101_130416,D,20120312,000000,11.5020000,11.6480000,11.4040000,11.5350000,52.000
21078_090101_130416,D,20120313,000000,11.5430000,11.6000000,11.4000000,11.4900000,93.800
21078_090101_130416,D,20120314,000000,11.5880000,11.5900000,11.1990000,11.3550000,312.900
21078_090101_130416,D,20120315,000000,11.2000000,11.4720000,11.1900000,11.2680000,64.700
21078_090101_130416,D,20120316,000000,11.4140000,11.4150000,11.0990000,11.1500000,254.100
21078_090101_130416,D,20120319,000000,11.2260000,11.2530000,11.0500000,11.1930000,175.600
21078_090101_130416,D,20120320,000000,11.1920000,11.1920000,10.8730000,11.0000000,171.400
21078_090101_130416,D,20120321,000000,10.8900000,11.2770000,10.8500000,10.9660000,740.300
21078_090101_130416,D,20120322,000000,10.9690000,11.0500000,10.9150000,10.9150000,248.900
21078_090101_130416,D,20120323,000000,10.6090000,10.9000000,10.5890000,10.8500000,94.500
21078_090101_130416,D,20120326,000000,10.9070000,11.1880000,10.9000000,11.1280000,138.000
21078_090101_130416,D,20120327,000000,11.1520000,11.1520000,11.0130000,11.0200000,43.200
21078_090101_130416,D,20120328,000000,11.0390000,11.0390000,10.9000000,10.9000000,34.300
21078_090101_130416,D,20120329,000000,10.8500000,10.8800000,10.5050000,10.5990000,156.600
21078_090101_130416,D,20120330,000000,10.5120000,10.8420000,10.5120000,10.8420000,74.100
21078_090101_130416,D,20120402,000000,10.8500000,10.8950000,10.6510000,10.7450000,47.100
21078_090101_130416,D,20120403,000000,10.7810000,11.1500000,10.7660000,11.0230000,103.700
21078_090101_130416,D,20120404,000000,10.9860000,11.1530000,10.6000000,10.7000000,63.000
21078_090101_130416,D,20120405,000000,10.8970000,11.0810000,10.7000000,10.9610000,37.800
21078_090101_130416,D,20120406,000000,10.9000000,10.9980000,10.6990000,10.8000000,37.100
21078_090101_130416,D,20120409,000000,10.9510000,11.1500000,10.7760000,11.1050000,196.300
21078_090101_130416,D,20120410,000000,11.1980000,11.2300000,10.8000000,10.9120000,35.400
21078_090101_130416,D,20120411,000000,10.8980000,11.0590000,10.7990000,11.0590000,11.400
21078_090101_130416,D,20120412,000000,10.9030000,11.0970000,10.9000000,11.0500000,8.500
21078_090101_130416,D,20120413,000000,11.0900000,11.0990000,10.9330000,11.0000000,109.400
21078_090101_130416,D,20120416,000000,11.0490000,11.2130000,10.8010000,10.9410000,57.700
21078_090101_130416,D,20120417,000000,10.9320000,11.0010000,10.8000000,10.8610000,19.900
21078_090101_130416,D,20120418,000000,10.8120000,10.9900000,10.7610000,10.7610000,19.900
21078_090101_130416,D,20120419,000000,10.7000000,11.0470000,10.6910000,10.9890000,50.900
21078_090101_130416,D,20120420,000000,11.0150000,11.0500000,10.8560000,10.8610000,20.000
21078_090101_130416,D,20120423,000000,10.8020000,10.8020000,10.2030000,10.4590000,128.100
21078_090101_130416,D,20120424,000000,10.4080000,10.9760000,10.3000000,10.5940000,145.300
21078_090101_130416,D,20120425,000000,10.4250000,10.5990000,10.4230000,10.4490000,46.800
21078_090101_130416,D,20120426,000000,10.4410000,10.4500000,10.0500000,10.0990000,192.600
21078_090101_130416,D,20120427,000000,10.1050000,10.2970000,10.1000000,10.1500000,40.300
21078_090101_130416,D,20120428,000000,10.1490000,10.2900000,10.0510000,10.2900000,76.800
21078_090101_130416,D,20120502,000000,10.2900000,10.3990000,10.0100000,10.1050000,236.500
21078_090101_130416,D,20120503,000000,10.2490000,10.2490000,9.8520000,9.9090000,230.300
21078_090101_130416,D,20120504,000000,10.0000000,10.0000000,9.0110000,9.2000000,842.300
21078_090101_130416,D,20120505,000000,9.0110000,9.2080000,8.8040000,9.0280000,41.400
21078_090101_130416,D,20120507,000000,9.0090000,9.0090000,8.5570000,8.8460000,63.300
21078_090101_130416,D,20120508,000000,8.7500000,8.9400000,8.7350000,8.9400000,12.700
21078_090101_130416,D,20120510,000000,9.0590000,9.1000000,8.8220000,8.9800000,155.600
21078_090101_130416,D,20120511,000000,8.9970000,8.9980000,8.7000000,8.9810000,126.100
21078_090101_130416,D,20120512,000000,8.9100000,8.9820000,8.7580000,8.9400000,27.400
21078_090101_130416,D,20120514,000000,8.6540000,8.9690000,8.3000000,8.3010000,198.100
21078_090101_130416,D,20120515,000000,8.2350000,8.3950000,8.0620000,8.2670000,65.200
21078_090101_130416,D,20120516,000000,8.2830000,8.2830000,7.6270000,8.0410000,166.000
21078_090101_130416,D,20120517,000000,8.4160000,8.4170000,7.7550000,7.9000000,106.100
21078_090101_130416,D,20120518,000000,7.6010000,8.3300000,7.4170000,7.8400000,121.700
21078_090101_130416,D,20120521,000000,7.8390000,8.0650000,7.7000000,7.8660000,47.700
21078_090101_130416,D,20120522,000000,8.1730000,8.5180000,7.9070000,8.1490000,299.100
21078_090101_130416,D,20120523,000000,8.1000000,8.1000000,7.6010000,7.9940000,74.300
21078_090101_130416,D,20120524,000000,7.8000000,8.2390000,7.3510000,7.7390000,435.700
21078_090101_130416,D,20120525,000000,7.7300000,7.9900000,7.6050000,7.6400000,98.300
21078_090101_130416,D,20120528,000000,7.7440000,7.8700000,7.6570000,7.7640000,61.800
21078_090101_130416,D,20120529,000000,8.2870000,8.2870000,7.7000000,7.9000000,109.100
21078_090101_130416,D,20120530,000000,7.7010000,7.9400000,7.6500000,7.6520000,547.200
21078_090101_130416,D,20120531,000000,7.6010000,7.7420000,7.4100000,7.4100000,204.800
21078_090101_130416,D,20120601,000000,7.4800000,7.5000000,7.0530000,7.1480000,81.000
21078_090101_130416,D,20120604,000000,7.1000000,7.2990000,6.7500000,7.1010000,213.200
21078_090101_130416,D,20120605,000000,7.2200000,7.4670000,7.1130000,7.3080000,90.000
21078_090101_130416,D,20120606,000000,7.3000000,8.0000000,7.3000000,7.6480000,336.700
21078_090101_130416,D,20120607,000000,7.5700000,8.0940000,7.4000000,7.8080000,153.500
21078_090101_130416,D,20120608,000000,7.6000000,7.8870000,7.6000000,7.8760000,29.600
21078_090101_130416,D,20120609,000000,7.9490000,7.9830000,7.7570000,7.9490000,29.100
21078_090101_130416,D,20120613,000000,7.8910000,8.1770000,7.8700000,7.9780000,62.300
21078_090101_130416,D,20120614,000000,7.9760000,8.0600000,7.7020000,7.8000000,37.200
21078_090101_130416,D,20120615,000000,7.8130000,8.4560000,7.8020000,7.9860000,143.500
21078_090101_130416,D,20120618,000000,8.2950000,8.7800000,7.9990000,8.4010000,621.500
21078_090101_130416,D,20120619,000000,8.4320000,8.5480000,8.0530000,8.5400000,78.700
21078_090101_130416,D,20120620,000000,8.4700000,8.4870000,8.0000000,8.1510000,77.500
21078_090101_130416,D,20120621,000000,8.0050000,8.1810000,7.9310000,7.9770000,199.500
21078_090101_130416,D,20120622,000000,7.8020000,8.3050000,7.5580000,7.9500000,184.900
21078_090101_130416,D,20120625,000000,8.1680000,8.1780000,7.8070000,7.9480000,21.300
21078_090101_130416,D,20120626,000000,7.8170000,8.0920000,7.8170000,7.9430000,64.400
21078_090101_130416,D,20120627,000000,8.0910000,8.0910000,7.8600000,8.0000000,63.600
21078_090101_130416,D,20120628,000000,8.0500000,8.0920000,7.9250000,7.9280000,58.700
21078_090101_130416,D,20120629,000000,7.9850000,8.0980000,7.9290000,8.0440000,33.300
21078_090101_130416,D,20120702,000000,8.0010000,8.1780000,8.0010000,8.1760000,77.300
21078_090101_130416,D,20120703,000000,8.1800000,8.3800000,8.0150000,8.3000000,110.200
21078_090101_130416,D,20120704,000000,8.2190000,8.3010000,8.1500000,8.2990000,119.500
21078_090101_130416,D,20120705,000000,8.2180000,8.4700000,8.1000000,8.1970000,72.400
21078_090101_130416,D,20120706,000000,8.1350000,8.2940000,7.7770000,7.9500000,183.400
21078_090101_130416,D,20120709,000000,7.9320000,8.2800000,7.8400000,7.9330000,142.200
21078_090101_130416,D,20120710,000000,7.9020000,8.1900000,7.7740000,7.9020000,121.000
21078_090101_130416,D,20120711,000000,7.9020000,8.0580000,7.8500000,7.8900000,32.300
21078_090101_130416,D,20120712,000000,7.8010000,7.8670000,7.7000000,7.7400000,71.900
21078_090101_130416,D,20120713,000000,7.8660000,8.0590000,7.8400000,7.9640000,20.500
21078_090101_130416,D,20120716,000000,8.1880000,8.1990000,7.9310000,8.0260000,39.900
21078_090101_130416,D,20120717,000000,8.0570000,8.1830000,7.7850000,7.9820000,42.300
21078_090101_130416,D,20120718,000000,7.9950000,8.0260000,7.8400000,7.8500000,55.800
21078_090101_130416,D,20120719,000000,7.9020000,7.9330000,7.8770000,7.9030000,13.600
21078_090101_130416,D,20120720,000000,7.8710000,7.9020000,7.8710000,7.9000000,1.800
21078_090101_130416,D,20120723,000000,7.8000000,7.8000000,7.5500000,7.6070000,69.400
21078_090101_130416,D,20120724,000000,7.6250000,7.6280000,7.5380000,7.5400000,27.100
21078_090101_130416,D,20120725,000000,7.5990000,7.7000000,7.5000000,7.5280000,83.400
21078_090101_130416,D,20120726,000000,7.5700000,7.7010000,7.5260000,7.6400000,68.500
21078_090101_130416,D,20120727,000000,7.6000000,8.0000000,7.6000000,7.9330000,183.600
21078_090101_130416,D,20120730,000000,7.9000000,8.0990000,7.8000000,7.8870000,59.400
21078_090101_130416,D,20120731,000000,7.8390000,8.0010000,7.7640000,7.9980000,70.800
21078_090101_130416,D,20120801,000000,8.0000000,8.0800000,7.9000000,7.9950000,22.000
21078_090101_130416,D,20120802,000000,8.0000000,8.1000000,7.7990000,8.0260000,114.500
21078_090101_130416,D,20120803,000000,7.8530000,8.0000000,7.8530000,8.0000000,363.400
21078_090101_130416,D,20120806,000000,8.0400000,8.0400000,7.9010000,8.0000000,184.200
21078_090101_130416,D,20120807,000000,8.0010000,8.0010000,7.9000000,7.9990000,91.200
21078_090101_130416,D,20120808,000000,8.0000000,8.0980000,7.9010000,8.0000000,169.500
21078_090101_130416,D,20120809,000000,8.0570000,8.1490000,7.9010000,7.9550000,306.500
21078_090101_130416,D,20120810,000000,7.9300000,7.9980000,7.8000000,7.9500000,171.900
21078_090101_130416,D,20120813,000000,7.9600000,8.0000000,7.8530000,8.0000000,348.600
21078_090101_130416,D,20120814,000000,8.0200000,8.0570000,7.9140000,8.0260000,56.500
21078_090101_130416,D,20120815,000000,7.9950000,8.0500000,7.9210000,7.9650000,116.300
21078_090101_130416,D,20120816,000000,7.9500000,8.0500000,7.9410000,7.9880000,51.100
21078_090101_130416,D,20120817,000000,7.9540000,7.9880000,7.7000000,7.7530000,478.700
21078_090101_130416,D,20120820,000000,7.8000000,7.8000000,7.7040000,7.7050000,56.800
21078_090101_130416,D,20120821,000000,7.7970000,7.8790000,7.7280000,7.8490000,73.500
21078_090101_130416,D,20120822,000000,7.7780000,7.8450000,7.7010000,7.7320000,38.200
21078_090101_130416,D,20120823,000000,7.8000000,7.8460000,7.7420000,7.8000000,31.800
21078_090101_130416,D,20120824,000000,7.6080000,7.7970000,7.6080000,7.7760000,94.100
21078_090101_130416,D,20120827,000000,7.7780000,8.0000000,7.6990000,7.7490000,114.900
21078_090101_130416,D,20120828,000000,7.8500000,7.9490000,7.6530000,7.6990000,75.400
21078_090101_130416,D,20120829,000000,7.7800000,7.8400000,7.6300000,7.6720000,53.700
21078_090101_130416,D,20120830,000000,7.6740000,7.6890000,7.5990000,7.6500000,83.800
21078_090101_130416,D,20120831,000000,7.6250000,7.6640000,7.6000000,7.6400000,61.400
21078_090101_130416,D,20120903,000000,7.5920000,7.9000000,7.5910000,7.7010000,73.400
21078_090101_130416,D,20120904,000000,7.7890000,7.8760000,7.6250000,7.7840000,50.900
21078_090101_130416,D,20120905,000000,7.7500000,7.7790000,7.6400000,7.7010000,9.000
21078_090101_130416,D,20120906,000000,7.7960000,7.9960000,7.7720000,7.8800000,51.700
21078_090101_130416,D,20120907,000000,7.9000000,8.0000000,7.7980000,7.8470000,317.400
21078_090101_130416,D,20120910,000000,7.8990000,7.9470000,7.8480000,7.8490000,47.600
21078_090101_130416,D,20120911,000000,7.8500000,7.9790000,7.8000000,7.8990000,33.500
21078_090101_130416,D,20120912,000000,7.8230000,7.9990000,7.7550000,7.7550000,229.800
21078_090101_130416,D,20120913,000000,7.7470000,7.8700000,7.6150000,7.8010000,100.200
21078_090101_130416,D,20120914,000000,7.9770000,8.4360000,7.9500000,8.2720000,1.504.800
21078_090101_130416,D,20120917,000000,8.2300000,8.3760000,7.9420000,8.1000000,245.200
21078_090101_130416,D,20120918,000000,8.1010000,8.2940000,8.0210000,8.0350000,450.600
21078_090101_130416,D,20120919,000000,8.1070000,8.2570000,7.8780000,7.9990000,214.900
21078_090101_130416,D,20120920,000000,7.9980000,8.0630000,7.9410000,8.0600000,165.600
21078_090101_130416,D,20120921,000000,8.0600000,8.0970000,7.9600000,8.0300000,144.800
21078_090101_130416,D,20120924,000000,8.0000000,8.1400000,7.9600000,8.1200000,81.400
21078_090101_130416,D,20120925,000000,8.1100000,8.2690000,8.0200000,8.2000000,56.700
21078_090101_130416,D,20120926,000000,8.0510000,8.1200000,7.9020000,8.0510000,200.900
21078_090101_130416,D,20120927,000000,8.0010000,8.2010000,7.9670000,8.1880000,273.700
21078_090101_130416,D,20120928,000000,8.2550000,8.3000000,8.1360000,8.3000000,88.100
21078_090101_130416,D,20121001,000000,8.2990000,8.4700000,8.2740000,8.4390000,67.300
21078_090101_130416,D,20121002,000000,8.2420000,8.4260000,8.2220000,8.3190000,27.400
21078_090101_130416,D,20121003,000000,8.2100000,8.3500000,8.1560000,8.2000000,62.200
21078_090101_130416,D,20121004,000000,8.1620000,8.4000000,8.0880000,8.1640000,72.000
21078_090101_130416,D,20121005,000000,8.1640000,8.2970000,8.1100000,8.2250000,55.600
21078_090101_130416,D,20121008,000000,8.1220000,8.2420000,8.0950000,8.1550000,44.400
21078_090101_130416,D,20121009,000000,8.1010000,8.1500000,8.0400000,8.1500000,53.200
21078_090101_130416,D,20121010,000000,8.0490000,8.1400000,7.9200000,8.1000000,161.300
21078_090101_130416,D,20121011,000000,8.0010000,8.1290000,8.0000000,8.1290000,12.000
21078_090101_130416,D,20121012,000000,8.1200000,8.1200000,7.9510000,8.0000000,10.900
21078_090101_130416,D,20121015,000000,7.9900000,8.0000000,7.8580000,8.0000000,51.700
21078_090101_130416,D,20121016,000000,8.0000000,8.0700000,7.6030000,7.7990000,465.200
21078_090101_130416,D,20121017,000000,7.7800000,7.8110000,7.6920000,7.7820000,68.400
21078_090101_130416,D,20121018,000000,7.8390000,7.8980000,7.7400000,7.7400000,80.800
21078_090101_130416,D,20121019,000000,7.7190000,7.8000000,7.7000000,7.7670000,41.400
21078_090101_130416,D,20121022,000000,7.7650000,7.8500000,7.6390000,7.8000000,104.000
21078_090101_130416,D,20121023,000000,7.8000000,7.8100000,7.6000000,7.6000000,155.900
21078_090101_130416,D,20121024,000000,7.7990000,7.7990000,7.5830000,7.6580000,43.200
21078_090101_130416,D,20121025,000000,7.6020000,7.6290000,7.5750000,7.6020000,33.100
21078_090101_130416,D,20121026,000000,7.5620000,7.5960000,7.2510000,7.3000000,226.500
21078_090101_130416,D,20121029,000000,7.3310000,7.3490000,7.0500000,7.1270000,95.600
21078_090101_130416,D,20121030,000000,7.1270000,7.2000000,7.0500000,7.0970000,129.500
21078_090101_130416,D,20121031,000000,7.0600000,7.4000000,6.9850000,7.2010000,195.700
21078_090101_130416,D,20121101,000000,7.1700000,7.4860000,6.9990000,7.4000000,205.400
21078_090101_130416,D,20121102,000000,7.3500000,7.3990000,7.2270000,7.2430000,34.800
21078_090101_130416,D,20121106,000000,7.2420000,7.3620000,7.2420000,7.2900000,10.700
21078_090101_130416,D,20121107,000000,7.3780000,7.3780000,7.2000000,7.2000000,30.100
21078_090101_130416,D,20121108,000000,7.1970000,7.1970000,7.0000000,7.0580000,42.300
21078_090101_130416,D,20121109,000000,7.1130000,7.1500000,7.0600000,7.0600000,68.700
21078_090101_130416,D,20121112,000000,7.0580000,7.0580000,6.9990000,7.0000000,19.000
21078_090101_130416,D,20121113,000000,7.0040000,7.2010000,6.8000000,6.8100000,208.000
21078_090101_130416,D,20121114,000000,6.9850000,7.0000000,6.9000000,6.9690000,20.300
21078_090101_130416,D,20121115,000000,6.8090000,6.9890000,6.8090000,6.9120000,15.000
21078_090101_130416,D,20121116,000000,6.8520000,6.9100000,6.6710000,6.9100000,195.200
21078_090101_130416,D,20121119,000000,7.0040000,7.0040000,6.7680000,6.9360000,41.100
21078_090101_130416,D,20121120,000000,6.9500000,6.9900000,6.7990000,6.7990000,34.700
21078_090101_130416,D,20121121,000000,6.8100000,6.9000000,6.8000000,6.8690000,40.700
21078_090101_130416,D,20121122,000000,6.8950000,6.9760000,6.8270000,6.9000000,10.800
21078_090101_130416,D,20121123,000000,6.8690000,6.9680000,6.8170000,6.9680000,23.600
21078_090101_130416,D,20121126,000000,6.9010000,6.9750000,6.8170000,6.8490000,16.400
21078_090101_130416,D,20121127,000000,6.8200000,6.9000000,6.8150000,6.8150000,32.600
21078_090101_130416,D,20121128,000000,6.8010000,6.8150000,6.6540000,6.6700000,47.800
21078_090101_130416,D,20121129,000000,6.7360000,6.7650000,6.6750000,6.7210000,24.700
21078_090101_130416,D,20121130,000000,6.7110000,6.7610000,6.5150000,6.7140000,63.900
21078_090101_130416,D,20121203,000000,6.7360000,6.8150000,6.6010000,6.7380000,9.300
21078_090101_130416,D,20121204,000000,6.7890000,6.8000000,6.6600000,6.6600000,17.400
21078_090101_130416,D,20121205,000000,6.7100000,6.8960000,6.6670000,6.6670000,135.000
21078_090101_130416,D,20121206,000000,6.6670000,6.8000000,6.6140000,6.7090000,155.800
21078_090101_130416,D,20121207,000000,6.6100000,6.6840000,6.6020000,6.6840000,20.700
21078_090101_130416,D,20121210,000000,6.7000000,6.7860000,6.6100000,6.6800000,37.000
21078_090101_130416,D,20121211,000000,6.6840000,6.7610000,6.6840000,6.7610000,56.900
21078_090101_130416,D,20121212,000000,6.7110000,6.7610000,6.6150000,6.6300000,75.700
21078_090101_130416,D,20121213,000000,6.6580000,6.6820000,6.4150000,6.5640000,75.000
21078_090101_130416,D,20121214,000000,6.5500000,6.5500000,6.4440000,6.5000000,59.000
21078_090101_130416,D,20121217,000000,6.5390000,6.5900000,6.4440000,6.5500000,71.400
21078_090101_130416,D,20121218,000000,6.5940000,6.6390000,6.5200000,6.6050000,55.900
21078_090101_130416,D,20121219,000000,6.6060000,6.6800000,6.4600000,6.5750000,68.900
21078_090101_130416,D,20121220,000000,6.5000000,6.5400000,6.4090000,6.4750000,49.400
21078_090101_130416,D,20121221,000000,6.5460000,6.5500000,6.3140000,6.4330000,120.900
21078_090101_130416,D,20121224,000000,6.4000000,6.5000000,6.2400000,6.2400000,196.100
21078_090101_130416,D,20121225,000000,6.2500000,6.2990000,5.9990000,6.0670000,716.500
21078_090101_130416,D,20121226,000000,6.1170000,6.1690000,5.9400000,6.0240000,328.300
21078_090101_130416,D,20121227,000000,6.0000000,6.0180000,5.8630000,5.9950000,202.800
21078_090101_130416,D,20121228,000000,5.9310000,5.9950000,5.8000000,5.9830000,752.700
21078_090101_130416,D,20130108,000000,6.1600000,6.1600000,6.0400000,6.0500000,69.800
21078_090101_130416,D,20130109,000000,6.0960000,6.3000000,6.0960000,6.2390000,396.000
21078_090101_130416,D,20130110,000000,6.2400000,6.3500000,6.1790000,6.2900000,259.300
21078_090101_130416,D,20130111,000000,6.3460000,6.3460000,6.1820000,6.1980000,97.300
21078_090101_130416,D,20130114,000000,6.2800000,6.4610000,6.2500000,6.3850000,365.400
21078_090101_130416,D,20130115,000000,6.4010000,6.4410000,6.2710000,6.2750000,80.500
21078_090101_130416,D,20130116,000000,6.3000000,6.3700000,6.1590000,6.1590000,177.800
21078_090101_130416,D,20130117,000000,6.1830000,6.2670000,6.0500000,6.1340000,263.200
21078_090101_130416,D,20130118,000000,6.1590000,6.2770000,6.1590000,6.1960000,166.500
21078_090101_130416,D,20130121,000000,6.2000000,6.2850000,6.1400000,6.2490000,119.400
21078_090101_130416,D,20130122,000000,6.2100000,6.2870000,6.2000000,6.2530000,53.600
21078_090101_130416,D,20130123,000000,6.2500000,6.3390000,6.2200000,6.2710000,245.100
21078_090101_130416,D,20130124,000000,6.2560000,6.2780000,6.2320000,6.2350000,25.400
21078_090101_130416,D,20130125,000000,6.2790000,6.3850000,6.2560000,6.3300000,208.200
21078_090101_130416,D,20130128,000000,6.3460000,6.9760000,6.3460000,6.8600000,1.053.000
21078_090101_130416,D,20130129,000000,6.8950000,6.9890000,6.5500000,6.6550000,380.300
21078_090101_130416,D,20130130,000000,6.6580000,6.6790000,6.3900000,6.3900000,239.800
21078_090101_130416,D,20130131,000000,6.4240000,6.5630000,6.3800000,6.4700000,103.900
21078_090101_130416,D,20130201,000000,6.5190000,6.7800000,6.5120000,6.5800000,106.400
21078_090101_130416,D,20130204,000000,6.5790000,6.9190000,6.5190000,6.5820000,220.900
21078_090101_130416,D,20130205,000000,6.5120000,6.7630000,6.4300000,6.5440000,103.500
21078_090101_130416,D,20130206,000000,6.6960000,6.7530000,6.4990000,6.6060000,286.900
21078_090101_130416,D,20130207,000000,6.6320000,6.9000000,6.4800000,6.5010000,132.400
21078_090101_130416,D,20130208,000000,6.6060000,6.7750000,6.3830000,6.5960000,320.200
21078_090101_130416,D,20130211,000000,6.6000000,6.6400000,6.5010000,6.5010000,28.300
21078_090101_130416,D,20130212,000000,6.5000000,6.5950000,6.3050000,6.5950000,40.900
21078_090101_130416,D,20130213,000000,6.5010000,6.6940000,6.3090000,6.5010000,115.800
21078_090101_130416,D,20130214,000000,6.5050000,6.6950000,6.4140000,6.4920000,88.000
21078_090101_130416,D,20130215,000000,6.4270000,6.5320000,6.3820000,6.3820000,35.300
21078_090101_130416,D,20130218,000000,6.4690000,6.4690000,6.1760000,6.3970000,87.900
21078_090101_130416,D,20130219,000000,6.3130000,6.4100000,6.3100000,6.3280000,19.800
21078_090101_130416,D,20130220,000000,6.3320000,6.3530000,6.2570000,6.2570000,28.700
21078_090101_130416,D,20130221,000000,6.2410000,6.2660000,6.1600000,6.2040000,71.900
21078_090101_130416,D,20130222,000000,6.2770000,6.6700000,6.1430000,6.2270000,55.300
21078_090101_130416,D,20130225,000000,6.2130000,6.3000000,6.1500000,6.1800000,77.000
21078_090101_130416,D,20130226,000000,6.2000000,6.2010000,6.1000000,6.1190000,21.300
21078_090101_130416,D,20130227,000000,6.1830000,6.1830000,6.0900000,6.1000000,61.600
21078_090101_130416,D,20130228,000000,6.1340000,6.2050000,6.0670000,6.1500000,86.500
21078_090101_130416,D,20130301,000000,6.1120000,6.1860000,6.0800000,6.0830000,34.900
21078_090101_130416,D,20130304,000000,6.0880000,6.0880000,5.9200000,5.9200000,171.400
21078_090101_130416,D,20130305,000000,5.9480000,6.0250000,5.9200000,5.9500000,43.100
21078_090101_130416,D,20130306,000000,5.9510000,6.1990000,5.9510000,6.0210000,69.000
21078_090101_130416,D,20130307,000000,6.0250000,6.1950000,5.9430000,5.9920000,73.400
21078_090101_130416,D,20130311,000000,5.9800000,6.1970000,5.9600000,6.0000000,48.200
21078_090101_130416,D,20130312,000000,6.0170000,6.0300000,5.9400000,6.0010000,85.200
21078_090101_130416,D,20130313,000000,6.0000000,6.0500000,5.9410000,6.0190000,249.800
21078_090101_130416,D,20130314,000000,5.9990000,6.0100000,5.9450000,5.9690000,56.400
21078_090101_130416,D,20130315,000000,6.0000000,6.0350000,5.9200000,5.9200000,211.900
21078_090101_130416,D,20130318,000000,5.8250000,5.9000000,5.3300000,5.8000000,392.000
21078_090101_130416,D,20130319,000000,5.8960000,5.8960000,5.6510000,5.6560000,30.500
21078_090101_130416,D,20130320,000000,5.7400000,5.7400000,5.5120000,5.6200000,84.100
21078_090101_130416,D,20130321,000000,5.6490000,5.7900000,5.5580000,5.6960000,52.400
21078_090101_130416,D,20130322,000000,5.6120000,5.6980000,5.4980000,5.5210000,61.300
21078_090101_130416,D,20130325,000000,5.5990000,5.7000000,5.3030000,5.4000000,100.100
21078_090101_130416,D,20130326,000000,5.3130000,5.3400000,5.1000000,5.1700000,331.100
21078_090101_130416,D,20130327,000000,5.1000000,5.1800000,5.0120000,5.0980000,69.700
21078_090101_130416,D,20130328,000000,5.0040000,5.1970000,5.0040000,5.1150000,32.000
21078_090101_130416,D,20130329,000000,5.1200000,5.3000000,5.0500000,5.1720000,59.400
21078_090101_130416,D,20130401,000000,5.1500000,5.2180000,5.1100000,5.2180000,15.800
21078_090101_130416,D,20130402,000000,5.1190000,5.5000000,5.1190000,5.1500000,128.600
21078_090101_130416,D,20130403,000000,5.1260000,5.3380000,5.1000000,5.2700000,300.200
