<TICKER>,<PER>,<DATE>,<TIME>,<OPEN>,<HIGH>,<LOW>,<CLOSE>,<VOL>
21116_090101_130416,D,20090227,000000,3.0000000,3.0000000,3.0000000,3.0000000,10.000
21116_090101_130416,D,20090302,000000,2.7000000,2.7000000,2.7000000,2.7000000,10.000
21116_090101_130416,D,20090304,000000,2.5000000,2.5000000,2.2030000,2.2030000,5.400
21116_090101_130416,D,20090305,000000,2.2130000,2.6660000,2.2130000,2.6660000,400
21116_090101_130416,D,20090306,000000,2.6700000,2.6700000,2.6700000,2.6700000,100
21116_090101_130416,D,20090312,000000,2.3000000,2.3000000,2.3000000,2.3000000,2.200
21116_090101_130416,D,20090313,000000,2.5100000,2.5100000,2.5100000,2.5100000,100
21116_090101_130416,D,20090320,000000,3.0000000,3.0000000,3.0000000,3.0000000,100
21116_090101_130416,D,20090323,000000,2.3010000,2.3010000,2.0030000,2.0030000,2.000
21116_090101_130416,D,20090324,000000,2.0300000,2.0300000,2.0300000,2.0300000,1.200
21116_090101_130416,D,20090325,000000,2.5500000,2.5500000,2.5500000,2.5500000,1.200
21116_090101_130416,D,20090327,000000,2.0330000,2.4880000,2.0330000,2.4880000,1.200
21116_090101_130416,D,20090401,000000,2.6300000,2.6440000,2.0330000,2.5550000,5.400
21116_090101_130416,D,20090402,000000,2.6000000,2.6000000,2.6000000,2.6000000,100
21116_090101_130416,D,20090406,000000,2.5000000,2.5000000,2.5000000,2.5000000,300
21116_090101_130416,D,20090407,000000,2.4440000,2.4440000,2.1330000,2.1330000,2.600
21116_090101_130416,D,20090409,000000,2.2000000,2.2000000,2.2000000,2.2000000,100
21116_090101_130416,D,20090410,000000,2.4880000,2.4900000,2.0500000,2.1000000,5.200
21116_090101_130416,D,20090413,000000,2.1000000,2.1000000,2.1000000,2.1000000,2.800
21116_090101_130416,D,20090415,000000,2.1200000,2.3260000,2.1200000,2.3260000,1.300
21116_090101_130416,D,20090416,000000,2.1110000,2.2900000,2.1100000,2.2900000,3.500
21116_090101_130416,D,20090417,000000,2.1100000,2.2770000,2.1000000,2.2770000,8.800
21116_090101_130416,D,20090420,000000,2.1500000,2.1500000,2.1500000,2.1500000,1.000
21116_090101_130416,D,20090422,000000,2.2700000,2.3000000,2.0700000,2.0700000,1.400
21116_090101_130416,D,20090423,000000,2.2200000,2.2200000,2.2200000,2.2200000,5.200
21116_090101_130416,D,20090424,000000,2.2700000,2.3000000,2.2700000,2.3000000,1.500
21116_090101_130416,D,20090504,000000,2.4000000,2.4000000,2.0750000,2.4000000,5.300
21116_090101_130416,D,20090505,000000,2.3200000,2.4000000,2.3200000,2.4000000,1.400
21116_090101_130416,D,20090506,000000,2.3700000,2.3970000,2.3700000,2.3970000,1.100
21116_090101_130416,D,20090507,000000,2.3900000,2.3900000,2.3900000,2.3900000,1.100
21116_090101_130416,D,20090508,000000,2.3900000,2.3900000,2.3900000,2.3900000,1.000
21116_090101_130416,D,20090512,000000,2.3900000,2.4000000,2.1300000,2.3900000,8.700
21116_090101_130416,D,20090514,000000,2.4000000,2.4000000,1.5250000,2.3830000,16.700
21116_090101_130416,D,20090515,000000,2.3500000,2.4500000,2.3500000,2.4500000,6.000
21116_090101_130416,D,20090519,000000,2.3990000,2.4500000,2.3990000,2.4250000,21.700
21116_090101_130416,D,20090520,000000,2.2010000,2.4000000,2.2000000,2.4000000,10.000
21116_090101_130416,D,20090521,000000,2.2000000,2.3880000,1.6000000,2.2930000,28.700
21116_090101_130416,D,20090525,000000,2.1230000,2.1230000,2.1230000,2.1230000,3.000
21116_090101_130416,D,20090527,000000,2.2950000,2.3000000,2.2950000,2.3000000,5.500
21116_090101_130416,D,20090528,000000,2.2870000,2.2870000,2.1330000,2.1330000,400
21116_090101_130416,D,20090601,000000,2.3800000,2.3800000,2.3800000,2.3800000,100
21116_090101_130416,D,20090602,000000,2.0000000,2.2420000,2.0000000,2.2240000,80.600
21116_090101_130416,D,20090603,000000,2.1500000,2.1970000,2.0000000,2.0000000,39.400
21116_090101_130416,D,20090604,000000,2.0500000,2.1470000,1.9980000,2.0500000,25.500
21116_090101_130416,D,20090605,000000,2.0500000,2.0940000,2.0000000,2.0500000,27.200
21116_090101_130416,D,20090608,000000,2.0500000,2.0980000,1.9130000,2.0860000,16.700
21116_090101_130416,D,20090609,000000,2.0940000,2.1440000,2.0940000,2.0970000,20.900
21116_090101_130416,D,20090610,000000,2.0970000,2.1090000,2.0500000,2.1000000,32.400
21116_090101_130416,D,20090611,000000,2.1000000,2.1930000,2.0800000,2.1400000,21.500
21116_090101_130416,D,20090615,000000,2.0800000,2.1000000,2.0800000,2.1000000,25.000
21116_090101_130416,D,20090616,000000,2.1000000,2.1000000,2.1000000,2.1000000,4.200
21116_090101_130416,D,20090618,000000,2.0500000,2.1460000,2.0000000,2.1460000,21.000
21116_090101_130416,D,20090619,000000,2.1300000,2.1300000,2.0990000,2.0990000,300
21116_090101_130416,D,20090622,000000,2.0950000,2.0950000,2.0000000,2.0770000,5.600
21116_090101_130416,D,20090623,000000,1.9970000,2.0550000,1.9030000,2.0000000,11.800
21116_090101_130416,D,20090624,000000,2.0960000,2.0960000,2.0960000,2.0960000,100
21116_090101_130416,D,20090625,000000,1.9530000,2.0970000,1.8230000,2.0000000,21.100
21116_090101_130416,D,20090626,000000,2.0000000,2.0000000,1.9050000,2.0000000,8.700
21116_090101_130416,D,20090629,000000,1.9990000,2.0000000,1.9170000,2.0000000,11.700
21116_090101_130416,D,20090630,000000,2.0000000,2.0490000,1.9130000,2.0460000,11.200
21116_090101_130416,D,20090701,000000,2.0000000,2.1000000,1.7260000,2.0500000,68.700
21116_090101_130416,D,20090702,000000,2.0000000,2.0980000,2.0000000,2.0980000,600
21116_090101_130416,D,20090703,000000,2.0300000,2.0750000,1.9660000,1.9700000,1.200
21116_090101_130416,D,20090706,000000,1.9720000,2.0780000,1.9720000,2.0700000,1.500
21116_090101_130416,D,20090707,000000,1.9980000,2.0700000,1.9000000,1.9910000,16.700
21116_090101_130416,D,20090708,000000,1.9030000,1.9930000,1.8230000,1.8900000,92.400
21116_090101_130416,D,20090709,000000,1.9850000,1.9910000,1.8000000,1.8590000,24.900
21116_090101_130416,D,20090710,000000,1.8380000,1.8800000,1.7280000,1.8800000,8.400
21116_090101_130416,D,20090713,000000,1.7210000,1.8600000,1.7010000,1.8270000,28.400
21116_090101_130416,D,20090714,000000,1.8600000,1.8600000,1.7220000,1.8550000,600
21116_090101_130416,D,20090716,000000,1.8580000,1.8580000,1.8580000,1.8580000,600
21116_090101_130416,D,20090717,000000,1.8590000,1.9100000,1.7830000,1.9000000,38.900
21116_090101_130416,D,20090720,000000,1.8690000,1.9000000,1.8050000,1.8220000,13.000
21116_090101_130416,D,20090721,000000,1.8130000,1.9770000,1.8130000,1.9770000,17.300
21116_090101_130416,D,20090722,000000,1.8220000,1.8220000,1.8000000,1.8170000,600
21116_090101_130416,D,20090723,000000,1.8020000,1.9870000,1.7270000,1.9870000,22.100
21116_090101_130416,D,20090724,000000,1.8910000,1.8920000,1.8910000,1.8920000,600
21116_090101_130416,D,20090727,000000,1.8950000,2.6400000,1.7230000,1.9800000,196.700
21116_090101_130416,D,20090728,000000,1.9790000,1.9790000,1.8600000,1.8600000,4.500
21116_090101_130416,D,20090729,000000,1.8220000,2.0100000,1.8220000,2.0100000,17.600
21116_090101_130416,D,20090730,000000,1.9800000,2.0500000,1.9510000,1.9510000,43.600
21116_090101_130416,D,20090731,000000,2.0000000,2.0900000,2.0000000,2.0900000,7.600
21116_090101_130416,D,20090803,000000,2.0840000,2.2000000,2.0800000,2.2000000,19.200
21116_090101_130416,D,20090804,000000,1.9000000,2.0960000,1.9000000,2.0960000,27.000
21116_090101_130416,D,20090805,000000,1.9650000,2.0900000,1.9050000,2.0000000,30.700
21116_090101_130416,D,20090807,000000,2.1920000,2.1920000,2.1510000,2.1510000,3.300
21116_090101_130416,D,20090810,000000,2.2500000,2.2500000,2.2500000,2.2500000,10.000
21116_090101_130416,D,20090811,000000,2.2210000,2.2210000,2.2170000,2.2210000,73.300
21116_090101_130416,D,20090812,000000,2.2000000,2.2000000,1.8440000,1.9600000,77.800
21116_090101_130416,D,20090813,000000,1.9400000,1.9620000,1.8150000,1.9000000,280.600
21116_090101_130416,D,20090814,000000,1.9000000,1.9000000,1.8500000,1.8500000,108.500
21116_090101_130416,D,20090817,000000,1.8500000,1.8900000,1.8490000,1.8790000,36.700
21116_090101_130416,D,20090818,000000,1.8920000,1.8920000,1.8450000,1.8550000,52.200
21116_090101_130416,D,20090819,000000,1.8000000,1.8650000,1.8000000,1.8550000,16.400
21116_090101_130416,D,20090820,000000,1.8550000,1.8550000,1.8050000,1.8490000,46.700
21116_090101_130416,D,20090821,000000,1.8460000,1.8750000,1.8030000,1.8750000,18.600
21116_090101_130416,D,20090824,000000,1.8740000,1.9000000,1.8130000,1.8700000,59.900
21116_090101_130416,D,20090825,000000,1.8500000,1.9600000,1.8360000,1.8750000,73.300
21116_090101_130416,D,20090826,000000,1.8500000,1.8750000,1.8200000,1.8620000,45.600
21116_090101_130416,D,20090827,000000,1.8700000,1.8740000,1.8320000,1.8700000,4.400
21116_090101_130416,D,20090828,000000,1.8240000,1.8800000,1.8000000,1.8740000,134.500
21116_090101_130416,D,20090831,000000,1.8260000,1.8260000,1.8260000,1.8260000,900
21116_090101_130416,D,20090901,000000,1.8740000,1.8750000,1.8220000,1.8720000,13.000
21116_090101_130416,D,20090902,000000,1.8310000,1.8750000,1.8310000,1.8750000,12.300
21116_090101_130416,D,20090903,000000,1.8350000,1.8750000,1.8350000,1.8500000,12.500
21116_090101_130416,D,20090904,000000,1.8360000,1.8640000,1.8250000,1.8640000,25.200
21116_090101_130416,D,20090907,000000,1.8360000,1.8390000,1.8320000,1.8390000,16.200
21116_090101_130416,D,20090908,000000,1.8740000,1.9400000,1.8720000,1.9000000,157.400
21116_090101_130416,D,20090909,000000,1.9100000,1.9400000,1.9000000,1.9300000,96.000
21116_090101_130416,D,20090910,000000,1.9300000,1.9900000,1.9300000,1.9850000,71.600
21116_090101_130416,D,20090911,000000,1.9990000,2.1000000,1.9800000,2.0490000,31.000
21116_090101_130416,D,20090914,000000,2.0190000,2.1970000,1.9730000,2.1690000,10.300
21116_090101_130416,D,20090915,000000,2.2730000,2.3300000,2.1000000,2.1570000,45.500
21116_090101_130416,D,20090916,000000,2.1490000,2.3500000,2.0550000,2.3490000,52.500
21116_090101_130416,D,20090917,000000,2.1090000,2.3460000,2.0370000,2.0500000,34.700
21116_090101_130416,D,20090918,000000,1.9840000,2.3360000,1.9100000,1.9300000,284.400
21116_090101_130416,D,20090921,000000,1.9200000,2.5000000,1.9100000,2.0500000,1.024.000
21116_090101_130416,D,20090922,000000,2.0500000,2.7800000,2.0000000,2.4500000,735.000
21116_090101_130416,D,20090923,000000,2.4500000,2.5850000,2.1740000,2.4300000,270.000
21116_090101_130416,D,20090924,000000,2.4000000,2.8730000,2.3510000,2.8000000,448.600
21116_090101_130416,D,20090925,000000,2.7700000,3.5850000,2.5410000,3.3160000,1.042.600
21116_090101_130416,D,20090928,000000,3.3160000,3.4000000,3.0100000,3.2150000,297.200
21116_090101_130416,D,20090929,000000,3.1050000,3.3900000,3.1000000,3.2620000,308.100
21116_090101_130416,D,20090930,000000,3.2900000,3.2900000,2.9500000,3.0510000,145.000
21116_090101_130416,D,20091001,000000,2.9020000,3.1470000,2.9000000,2.9290000,255.900
21116_090101_130416,D,20091002,000000,2.9000000,3.0250000,2.8500000,2.9600000,61.600
21116_090101_130416,D,20091005,000000,3.0250000,3.0250000,2.6130000,3.0070000,26.200
21116_090101_130416,D,20091006,000000,3.0470000,3.0470000,2.8510000,2.9210000,279.000
21116_090101_130416,D,20091007,000000,2.8580000,2.9800000,2.4500000,2.9000000,273.900
21116_090101_130416,D,20091008,000000,2.9870000,3.1030000,2.8010000,3.0000000,381.900
21116_090101_130416,D,20091009,000000,3.1000000,3.1000000,2.9000000,3.0000000,71.600
21116_090101_130416,D,20091012,000000,3.1880000,3.1950000,2.9250000,3.0220000,32.300
21116_090101_130416,D,20091013,000000,2.9990000,3.0000000,2.8530000,2.9760000,25.900
21116_090101_130416,D,20091014,000000,2.8970000,3.1950000,2.8970000,3.1200000,212.200
21116_090101_130416,D,20091015,000000,3.1500000,3.1500000,2.8560000,2.8900000,112.900
21116_090101_130416,D,20091016,000000,2.8800000,3.0000000,2.8270000,2.9130000,196.300
21116_090101_130416,D,20091019,000000,2.8990000,2.9970000,2.8500000,2.9970000,9.200
21116_090101_130416,D,20091020,000000,2.9290000,2.9970000,2.8700000,2.9470000,523.600
21116_090101_130416,D,20091021,000000,2.9460000,2.9460000,2.9000000,2.9000000,11.400
21116_090101_130416,D,20091022,000000,2.9000000,2.9270000,2.6100000,2.9110000,301.100
21116_090101_130416,D,20091023,000000,2.8970000,2.9500000,2.8500000,2.9500000,38.000
21116_090101_130416,D,20091026,000000,2.8140000,2.8930000,2.7500000,2.7950000,277.400
21116_090101_130416,D,20091027,000000,2.7990000,2.8090000,2.6500000,2.8090000,395.100
21116_090101_130416,D,20091028,000000,2.7460000,2.8020000,2.6000000,2.8000000,186.900
21116_090101_130416,D,20091029,000000,2.6040000,2.7990000,2.4590000,2.7450000,190.400
21116_090101_130416,D,20091030,000000,2.7450000,2.7450000,2.6570000,2.7040000,5.700
21116_090101_130416,D,20091102,000000,2.7490000,2.7490000,2.7490000,2.7490000,100
21116_090101_130416,D,20091103,000000,2.5750000,2.6880000,2.5030000,2.6550000,27.700
21116_090101_130416,D,20091105,000000,2.6670000,2.7000000,2.6190000,2.6980000,7.500
21116_090101_130416,D,20091106,000000,2.7390000,2.7390000,2.7390000,2.7390000,100
21116_090101_130416,D,20091109,000000,2.6290000,2.7000000,2.5470000,2.6940000,6.300
21116_090101_130416,D,20091110,000000,2.6940000,2.7670000,2.6500000,2.6930000,403.800
21116_090101_130416,D,20091111,000000,2.5530000,2.7300000,2.4900000,2.7000000,217.600
21116_090101_130416,D,20091112,000000,2.7400000,2.8970000,2.6070000,2.6940000,600
21116_090101_130416,D,20091113,000000,2.6200000,2.6990000,2.6000000,2.6000000,42.500
21116_090101_130416,D,20091116,000000,2.6030000,2.6970000,2.6030000,2.6970000,44.100
21116_090101_130416,D,20091117,000000,2.7000000,2.7000000,2.6360000,2.6360000,2.100
21116_090101_130416,D,20091118,000000,2.6950000,2.6950000,2.6210000,2.6710000,6.300
21116_090101_130416,D,20091119,000000,2.6490000,2.7480000,2.6470000,2.7480000,81.700
21116_090101_130416,D,20091120,000000,2.7210000,2.7250000,2.6700000,2.7000000,6.600
21116_090101_130416,D,20091123,000000,2.7000000,2.7000000,2.7000000,2.7000000,100
21116_090101_130416,D,20091124,000000,2.6700000,2.7000000,2.6700000,2.6720000,120.700
21116_090101_130416,D,20091125,000000,2.6700000,2.7000000,2.6400000,2.6700000,151.100
21116_090101_130416,D,20091126,000000,2.6430000,2.6880000,2.6400000,2.6400000,4.200
21116_090101_130416,D,20091127,000000,2.6000000,2.6500000,2.0010000,2.6500000,397.200
21116_090101_130416,D,20091130,000000,2.6480000,2.7000000,2.6450000,2.7000000,5.900
21116_090101_130416,D,20091201,000000,2.6000000,2.7000000,2.6000000,2.7000000,19.600
21116_090101_130416,D,20091202,000000,2.7000000,2.7000000,2.6710000,2.7000000,500
21116_090101_130416,D,20091203,000000,2.7000000,2.7000000,2.7000000,2.7000000,100
21116_090101_130416,D,20091204,000000,2.6500000,2.7000000,2.6210000,2.7000000,62.500
21116_090101_130416,D,20091207,000000,2.6500000,2.6920000,2.5710000,2.6920000,69.800
21116_090101_130416,D,20091208,000000,2.6960000,2.8250000,2.6960000,2.7300000,514.700
21116_090101_130416,D,20091209,000000,2.7500000,2.7500000,2.6800000,2.7420000,17.900
21116_090101_130416,D,20091210,000000,2.7270000,2.7300000,2.6800000,2.7300000,29.100
21116_090101_130416,D,20091211,000000,2.7300000,2.7300000,2.5910000,2.7070000,31.700
21116_090101_130416,D,20091214,000000,2.7280000,2.7300000,2.6800000,2.7070000,4.200
21116_090101_130416,D,20091215,000000,2.6900000,2.7040000,2.6800000,2.6920000,40.700
21116_090101_130416,D,20091216,000000,2.7370000,2.7370000,2.7000000,2.7110000,75.000
21116_090101_130416,D,20091217,000000,2.7030000,2.7470000,2.7000000,2.7000000,119.300
21116_090101_130416,D,20091218,000000,2.7500000,2.9400000,2.7120000,2.9340000,929.000
21116_090101_130416,D,20091221,000000,2.9500000,3.1500000,2.8940000,3.1000000,255.800
21116_090101_130416,D,20091222,000000,3.1400000,3.3500000,3.0000000,3.0860000,268.900
21116_090101_130416,D,20091223,000000,3.1000000,3.1980000,2.9000000,3.0300000,164.700
21116_090101_130416,D,20091224,000000,3.0800000,3.0800000,2.9500000,2.9810000,156.200
21116_090101_130416,D,20091225,000000,3.0500000,3.0500000,2.9200000,2.9750000,35.000
21116_090101_130416,D,20091228,000000,2.9200000,2.9780000,2.9200000,2.9780000,4.300
21116_090101_130416,D,20091229,000000,3.0500000,3.0500000,2.9700000,3.0300000,4.800
21116_090101_130416,D,20091230,000000,3.0300000,3.0600000,2.9800000,2.9850000,6.700
21116_090101_130416,D,20091231,000000,3.0500000,3.0500000,3.0500000,3.0500000,100
21116_090101_130416,D,20100111,000000,3.0350000,3.1000000,2.9500000,3.1000000,88.200
21116_090101_130416,D,20100112,000000,3.0990000,3.1000000,3.0980000,3.0990000,10.400
21116_090101_130416,D,20100113,000000,3.1390000,3.1390000,3.0900000,3.0990000,45.200
21116_090101_130416,D,20100114,000000,3.1000000,3.1100000,3.1000000,3.1000000,52.600
21116_090101_130416,D,20100115,000000,3.1100000,3.7000000,3.0800000,3.3000000,1.000.500
21116_090101_130416,D,20100118,000000,3.5590000,3.5590000,3.1780000,3.4870000,201.700
21116_090101_130416,D,20100119,000000,3.2200000,3.5400000,3.2200000,3.3700000,88.300
21116_090101_130416,D,20100120,000000,3.5390000,3.5880000,3.3500000,3.4000000,607.000
21116_090101_130416,D,20100121,000000,3.3110000,3.5400000,3.3110000,3.4100000,50.000
21116_090101_130416,D,20100122,000000,3.3770000,3.5000000,3.0800000,3.2500000,579.000
21116_090101_130416,D,20100125,000000,3.2400000,3.4780000,3.2200000,3.4780000,22.000
21116_090101_130416,D,20100126,000000,3.2510000,3.4980000,3.2510000,3.3100000,17.000
21116_090101_130416,D,20100127,000000,3.4840000,3.5000000,3.3510000,3.4750000,68.500
21116_090101_130416,D,20100128,000000,3.5490000,3.6000000,3.5470000,3.5500000,58.100
21116_090101_130416,D,20100129,000000,3.4530000,3.5660000,3.4530000,3.5660000,2.100
21116_090101_130416,D,20100201,000000,3.5950000,3.5980000,3.5900000,3.5980000,50.700
21116_090101_130416,D,20100202,000000,3.6000000,3.7100000,3.5000000,3.6600000,190.600
21116_090101_130416,D,20100203,000000,3.6000000,3.7910000,3.6000000,3.6750000,38.600
21116_090101_130416,D,20100204,000000,3.7690000,3.7690000,3.4990000,3.5000000,30.300
21116_090101_130416,D,20100205,000000,3.4010000,3.8500000,3.1000000,3.6970000,191.600
21116_090101_130416,D,20100208,000000,3.7000000,3.7000000,3.4510000,3.5000000,133.700
21116_090101_130416,D,20100209,000000,3.5300000,3.6420000,3.4510000,3.6420000,13.300
21116_090101_130416,D,20100210,000000,3.5900000,3.5900000,3.5860000,3.5900000,318.400
21116_090101_130416,D,20100211,000000,3.4610000,3.5900000,3.4600000,3.5000000,48.800
21116_090101_130416,D,20100212,000000,3.5000000,3.5000000,3.4650000,3.4650000,4.300
21116_090101_130416,D,20100215,000000,3.4000000,3.5800000,3.1510000,3.5800000,55.000
21116_090101_130416,D,20100216,000000,3.5100000,3.6000000,3.5100000,3.5900000,9.300
21116_090101_130416,D,20100217,000000,3.5800000,3.9000000,3.5000000,3.8110000,544.000
21116_090101_130416,D,20100218,000000,3.6120000,3.7930000,3.6120000,3.7930000,700
21116_090101_130416,D,20100219,000000,3.5000000,3.7880000,3.5000000,3.7690000,1.900
21116_090101_130416,D,20100224,000000,3.6990000,3.7500000,3.6220000,3.7500000,61.700
21116_090101_130416,D,20100225,000000,3.7990000,4.8740000,3.5000000,3.9000000,59.100
21116_090101_130416,D,20100226,000000,3.9000000,4.2000000,3.8990000,4.2000000,66.300
21116_090101_130416,D,20100227,000000,4.0750000,4.0880000,3.7710000,3.9360000,51.500
21116_090101_130416,D,20100301,000000,3.9850000,4.0900000,3.7200000,3.9330000,33.200
21116_090101_130416,D,20100302,000000,3.9020000,3.9360000,3.7570000,3.7570000,16.700
21116_090101_130416,D,20100303,000000,3.6700000,4.1920000,3.6500000,4.1900000,165.000
21116_090101_130416,D,20100304,000000,4.1500000,4.1500000,4.0600000,4.0750000,772.900
21116_090101_130416,D,20100305,000000,4.1450000,4.1500000,4.0550000,4.0550000,71.600
21116_090101_130416,D,20100309,000000,4.0010000,4.0010000,3.8610000,3.8610000,72.800
21116_090101_130416,D,20100310,000000,4.1050000,4.1120000,4.0030000,4.0550000,1.400
21116_090101_130416,D,20100311,000000,4.1320000,4.1320000,3.9990000,4.0160000,5.900
21116_090101_130416,D,20100312,000000,4.0000000,4.0070000,3.8030000,3.9050000,1.254.300
21116_090101_130416,D,20100315,000000,3.9000000,4.1490000,3.9000000,3.9000000,19.100
21116_090101_130416,D,20100316,000000,4.0940000,4.1600000,3.9860000,4.1600000,251.700
21116_090101_130416,D,20100317,000000,4.2000000,4.5000000,4.1000000,4.2560000,364.100
21116_090101_130416,D,20100318,000000,4.2560000,4.2650000,4.1730000,4.2560000,328.400
21116_090101_130416,D,20100319,000000,4.1840000,4.1840000,3.9530000,4.1270000,701.300
21116_090101_130416,D,20100322,000000,4.1270000,4.1270000,3.6520000,3.8390000,1.282.100
21116_090101_130416,D,20100323,000000,3.8500000,3.9750000,3.7800000,3.8170000,555.300
21116_090101_130416,D,20100324,000000,3.8800000,3.8850000,3.8000000,3.8390000,70.400
21116_090101_130416,D,20100325,000000,3.7290000,3.8040000,3.7290000,3.7350000,3.200
21116_090101_130416,D,20100326,000000,3.6700000,3.8150000,3.6700000,3.8150000,18.300
21116_090101_130416,D,20100329,000000,3.6670000,3.7760000,3.6670000,3.7760000,30.000
21116_090101_130416,D,20100330,000000,3.7100000,3.8000000,3.7050000,3.7050000,33.900
21116_090101_130416,D,20100331,000000,3.7000000,3.8700000,3.7000000,3.7500000,43.300
21116_090101_130416,D,20100401,000000,3.8500000,3.8500000,3.8000000,3.8000000,44.900
21116_090101_130416,D,20100402,000000,3.8000000,3.8500000,3.6000000,3.7880000,56.900
21116_090101_130416,D,20100405,000000,3.7850000,3.8400000,3.7770000,3.8400000,14.900
21116_090101_130416,D,20100406,000000,3.6680000,3.8950000,3.6680000,3.8700000,42.700
21116_090101_130416,D,20100407,000000,3.8000000,3.8950000,3.7950000,3.8700000,21.400
21116_090101_130416,D,20100408,000000,3.8000000,3.8800000,3.8000000,3.8800000,6.800
21116_090101_130416,D,20100409,000000,3.8900000,3.8950000,3.6000000,3.8570000,184.400
21116_090101_130416,D,20100412,000000,3.7300000,3.8130000,3.7100000,3.7100000,24.200
21116_090101_130416,D,20100413,000000,3.8790000,3.8790000,3.6510000,3.6800000,360.200
21116_090101_130416,D,20100414,000000,3.6310000,3.8200000,3.6310000,3.7700000,37.900
21116_090101_130416,D,20100415,000000,3.8390000,3.8390000,3.6520000,3.6520000,31.400
21116_090101_130416,D,20100416,000000,3.7200000,3.7990000,3.6250000,3.6250000,56.900
21116_090101_130416,D,20100419,000000,3.8450000,3.8450000,3.6060000,3.6900000,116.100
21116_090101_130416,D,20100420,000000,3.7000000,3.7000000,3.5610000,3.6890000,96.700
21116_090101_130416,D,20100421,000000,3.6330000,3.6330000,3.4540000,3.6000000,11.400
21116_090101_130416,D,20100422,000000,3.5050000,3.5110000,3.3500000,3.4790000,108.400
21116_090101_130416,D,20100423,000000,3.4780000,3.4780000,3.2500000,3.3640000,112.800
21116_090101_130416,D,20100426,000000,3.4440000,3.5600000,3.3630000,3.4950000,73.800
21116_090101_130416,D,20100427,000000,3.4900000,3.4900000,3.3650000,3.4600000,85.200
21116_090101_130416,D,20100428,000000,3.3870000,3.3870000,3.2110000,3.3820000,3.900
21116_090101_130416,D,20100429,000000,3.2200000,3.3990000,3.2100000,3.3040000,62.000
21116_090101_130416,D,20100430,000000,3.3890000,3.3900000,3.1010000,3.2990000,108.200
21116_090101_130416,D,20100504,000000,3.3000000,3.3000000,3.1990000,3.1990000,8.200
21116_090101_130416,D,20100505,000000,3.1990000,3.2090000,3.0060000,3.1290000,52.400
21116_090101_130416,D,20100506,000000,3.1900000,3.1900000,2.8700000,3.1000000,29.000
21116_090101_130416,D,20100507,000000,2.8610000,3.3000000,2.8610000,3.1490000,17.300
21116_090101_130416,D,20100511,000000,3.0890000,3.0900000,3.0010000,3.0420000,14.500
21116_090101_130416,D,20100512,000000,3.0020000,3.2970000,3.0020000,3.2970000,207.300
21116_090101_130416,D,20100513,000000,3.1990000,3.1990000,3.0580000,3.0980000,114.000
21116_090101_130416,D,20100514,000000,3.1490000,3.1490000,2.7110000,3.1350000,71.600
21116_090101_130416,D,20100517,000000,3.0990000,3.0990000,2.8010000,3.0370000,72.300
21116_090101_130416,D,20100518,000000,3.0440000,3.1770000,2.8820000,3.0330000,600
21116_090101_130416,D,20100519,000000,3.0000000,3.0320000,2.8890000,2.9900000,80.500
21116_090101_130416,D,20100520,000000,2.9960000,3.0990000,2.7100000,2.7920000,46.300
21116_090101_130416,D,20100521,000000,2.7000000,2.8780000,2.5050000,2.7070000,80.500
21116_090101_130416,D,20100524,000000,2.7990000,2.8000000,2.5600000,2.6500000,17.600
21116_090101_130416,D,20100525,000000,2.5100000,2.6450000,2.4000000,2.5850000,48.600
21116_090101_130416,D,20100526,000000,2.5150000,2.6500000,2.5010000,2.6440000,19.200
21116_090101_130416,D,20100527,000000,2.6200000,2.7190000,2.6000000,2.7190000,27.100
21116_090101_130416,D,20100528,000000,2.7000000,2.7000000,2.7000000,2.7000000,5.500
21116_090101_130416,D,20100531,000000,2.8200000,2.9000000,2.7010000,2.9000000,58.200
21116_090101_130416,D,20100601,000000,2.9000000,3.3000000,2.8500000,2.9770000,82.000
21116_090101_130416,D,20100602,000000,2.9690000,2.9690000,2.9690000,2.9690000,100
21116_090101_130416,D,20100603,000000,2.9990000,3.1000000,2.9600000,2.9800000,84.900
21116_090101_130416,D,20100604,000000,2.9890000,2.9900000,2.7400000,2.9890000,128.800
21116_090101_130416,D,20100607,000000,2.9650000,2.9650000,2.9640000,2.9640000,300
21116_090101_130416,D,20100608,000000,2.9700000,2.9700000,2.7110000,2.9690000,500
21116_090101_130416,D,20100609,000000,2.7050000,2.9690000,2.7050000,2.9690000,1.100
21116_090101_130416,D,20100610,000000,2.9690000,2.9690000,2.9690000,2.9690000,100
21116_090101_130416,D,20100611,000000,2.7500000,2.9580000,2.7500000,2.9580000,900
21116_090101_130416,D,20100615,000000,2.7600000,2.9840000,2.5110000,2.9840000,9.700
21116_090101_130416,D,20100616,000000,2.9200000,2.9300000,2.9010000,2.9010000,45.400
21116_090101_130416,D,20100617,000000,2.8000000,3.2500000,2.7560000,2.8310000,180.900
21116_090101_130416,D,20100621,000000,2.9990000,3.0090000,2.9060000,2.9360000,4.500
21116_090101_130416,D,20100622,000000,2.9360000,2.9360000,2.6200000,2.9200000,66.100
21116_090101_130416,D,20100623,000000,2.9140000,2.9350000,2.7000000,2.8470000,105.800
21116_090101_130416,D,20100624,000000,2.7800000,2.8910000,2.7640000,2.8360000,11.900
21116_090101_130416,D,20100625,000000,2.9170000,2.9170000,2.6280000,2.7190000,31.400
21116_090101_130416,D,20100628,000000,2.8930000,2.8930000,2.8930000,2.8930000,100
21116_090101_130416,D,20100629,000000,2.6300000,2.6960000,2.6300000,2.6920000,1.500
21116_090101_130416,D,20100630,000000,2.6270000,2.8880000,2.5000000,2.6500000,827.900
21116_090101_130416,D,20100701,000000,2.7730000,2.7730000,2.5160000,2.5580000,7.800
21116_090101_130416,D,20100702,000000,2.6120000,2.6330000,2.6000000,2.6330000,8.100
21116_090101_130416,D,20100705,000000,2.8710000,2.8710000,2.8710000,2.8710000,100
21116_090101_130416,D,20100706,000000,2.8730000,2.8730000,2.6350000,2.7330000,33.300
21116_090101_130416,D,20100707,000000,2.8000000,2.8000000,2.7830000,2.7830000,200
21116_090101_130416,D,20100708,000000,2.6500000,2.6900000,2.6500000,2.6900000,6.700
21116_090101_130416,D,20100709,000000,2.7500000,2.9000000,2.6600000,2.7000000,123.900
21116_090101_130416,D,20100712,000000,2.8500000,2.9990000,2.8400000,2.8990000,12.000
21116_090101_130416,D,20100713,000000,2.8530000,2.8530000,2.6510000,2.8530000,28.100
21116_090101_130416,D,20100714,000000,2.9990000,3.0490000,2.8000000,2.8280000,124.700
21116_090101_130416,D,20100715,000000,2.8070000,2.8450000,2.8000000,2.8000000,5.600
21116_090101_130416,D,20100716,000000,2.8530000,2.8990000,2.8250000,2.8990000,5.600
21116_090101_130416,D,20100719,000000,2.8990000,2.8990000,2.8990000,2.8990000,100
21116_090101_130416,D,20100720,000000,2.7330000,2.8780000,2.7200000,2.8780000,20.000
21116_090101_130416,D,20100722,000000,2.6780000,2.9000000,2.6680000,2.8590000,130.300
21116_090101_130416,D,20100723,000000,2.9100000,3.1980000,2.7360000,2.9120000,109.900
21116_090101_130416,D,20100726,000000,2.9410000,3.0000000,2.8220000,2.8840000,22.100
21116_090101_130416,D,20100727,000000,2.9120000,2.9200000,2.8830000,2.9190000,5.700
21116_090101_130416,D,20100728,000000,2.8830000,2.8900000,2.8260000,2.8260000,400
21116_090101_130416,D,20100729,000000,2.8550000,2.9890000,2.7510000,2.8130000,65.400
21116_090101_130416,D,20100730,000000,2.8550000,2.8870000,2.7720000,2.8000000,15.200
21116_090101_130416,D,20100802,000000,2.7710000,2.8450000,2.7440000,2.8400000,12.000
21116_090101_130416,D,20100803,000000,2.8490000,2.8490000,2.8000000,2.8380000,25.400
21116_090101_130416,D,20100804,000000,2.8400000,2.8400000,2.8000000,2.8370000,13.400
21116_090101_130416,D,20100805,000000,2.8370000,2.9440000,2.8280000,2.8280000,45.900
21116_090101_130416,D,20100806,000000,2.8830000,2.9400000,2.8080000,2.8550000,62.600
21116_090101_130416,D,20100809,000000,2.8830000,2.9000000,2.8830000,2.9000000,6.900
21116_090101_130416,D,20100810,000000,2.8550000,2.8550000,2.8100000,2.8480000,13.700
21116_090101_130416,D,20100811,000000,2.8020000,2.8930000,2.7510000,2.8440000,35.600
21116_090101_130416,D,20100812,000000,2.8160000,2.8160000,2.8160000,2.8160000,100
21116_090101_130416,D,20100813,000000,2.8410000,2.9100000,2.8410000,2.8770000,24.700
21116_090101_130416,D,20100816,000000,2.8300000,2.8300000,2.8270000,2.8270000,3.900
21116_090101_130416,D,20100817,000000,2.8970000,2.8970000,2.8500000,2.8500000,11.600
21116_090101_130416,D,20100818,000000,2.8720000,2.9000000,2.8000000,2.8830000,36.600
21116_090101_130416,D,20100819,000000,2.8270000,2.9500000,2.8270000,2.9130000,8.900
21116_090101_130416,D,20100820,000000,2.8840000,2.9120000,2.8550000,2.8800000,500
21116_090101_130416,D,20100824,000000,2.8270000,2.8490000,2.7720000,2.7840000,17.300
21116_090101_130416,D,20100825,000000,2.7500000,2.8470000,2.7210000,2.7210000,65.500
21116_090101_130416,D,20100826,000000,2.8000000,2.8000000,2.7000000,2.7880000,5.200
21116_090101_130416,D,20100827,000000,2.7930000,2.7930000,2.7000000,2.7700000,28.100
21116_090101_130416,D,20100830,000000,2.7690000,2.9000000,2.7150000,2.7950000,149.400
21116_090101_130416,D,20100831,000000,2.7450000,2.7500000,2.7450000,2.7450000,20.600
21116_090101_130416,D,20100901,000000,2.7200000,2.7920000,2.6910000,2.7920000,3.200
21116_090101_130416,D,20100902,000000,2.7460000,2.7720000,2.7080000,2.7460000,8.000
21116_090101_130416,D,20100906,000000,2.7950000,2.8850000,2.7010000,2.7450000,45.700
21116_090101_130416,D,20100907,000000,2.7730000,2.9000000,2.7000000,2.8290000,16.700
21116_090101_130416,D,20100908,000000,2.8440000,2.9000000,2.7080000,2.9000000,27.200
21116_090101_130416,D,20100909,000000,2.8320000,2.8980000,2.8300000,2.8970000,3.700
21116_090101_130416,D,20100910,000000,2.8570000,2.8570000,2.7670000,2.8290000,13.900
21116_090101_130416,D,20100913,000000,2.8020000,2.8960000,2.8020000,2.8290000,4.700
21116_090101_130416,D,20100914,000000,2.8570000,2.8570000,2.8290000,2.8290000,5.700
21116_090101_130416,D,20100915,000000,2.8570000,2.8570000,2.8290000,2.8290000,200
21116_090101_130416,D,20100916,000000,2.8570000,2.9000000,2.7420000,2.8400000,62.500
21116_090101_130416,D,20100917,000000,2.8890000,2.9000000,2.8890000,2.9000000,72.300
21116_090101_130416,D,20100920,000000,2.8570000,2.9000000,2.7300000,2.8010000,26.100
21116_090101_130416,D,20100921,000000,2.8290000,2.8290000,2.7770000,2.8290000,3.500
21116_090101_130416,D,20100922,000000,2.8010000,2.8010000,2.7300000,2.7980000,26.000
21116_090101_130416,D,20100923,000000,2.7470000,2.7900000,2.7100000,2.7730000,38.600
21116_090101_130416,D,20100924,000000,2.7460000,2.7900000,2.7110000,2.7900000,2.600
21116_090101_130416,D,20100927,000000,2.7910000,2.8000000,2.7520000,2.8000000,13.900
21116_090101_130416,D,20100928,000000,2.7460000,2.7720000,2.7460000,2.7660000,400
21116_090101_130416,D,20100929,000000,2.7500000,2.7520000,2.7060000,2.7480000,102.700
21116_090101_130416,D,20100930,000000,2.7010000,2.7530000,2.6610000,2.7360000,51.700
21116_090101_130416,D,20101001,000000,2.7540000,2.7540000,2.7130000,2.7130000,9.400
21116_090101_130416,D,20101004,000000,2.7020000,2.7680000,2.6160000,2.7680000,105.800
21116_090101_130416,D,20101005,000000,2.7490000,2.7660000,2.6740000,2.7660000,5.400
21116_090101_130416,D,20101006,000000,2.7730000,2.8000000,2.7220000,2.7500000,106.000
21116_090101_130416,D,20101007,000000,2.7190000,2.7750000,2.6770000,2.7460000,9.000
21116_090101_130416,D,20101008,000000,2.7730000,2.7930000,2.6750000,2.6990000,21.600
21116_090101_130416,D,20101011,000000,2.7190000,2.7930000,2.6870000,2.7040000,59.600
21116_090101_130416,D,20101012,000000,2.7460000,2.8000000,2.6930000,2.7620000,10.600
21116_090101_130416,D,20101013,000000,2.7620000,2.7700000,2.7190000,2.7460000,1.100
21116_090101_130416,D,20101014,000000,2.7320000,2.7340000,2.7010000,2.7010000,138.800
21116_090101_130416,D,20101015,000000,2.7460000,2.7460000,2.6980000,2.6980000,5.600
21116_090101_130416,D,20101018,000000,2.6920000,2.8870000,2.6560000,2.8490000,90.900
21116_090101_130416,D,20101019,000000,2.8020000,2.8020000,2.7740000,2.7750000,18.000
21116_090101_130416,D,20101020,000000,2.7740000,2.7850000,2.6800000,2.7750000,10.300
21116_090101_130416,D,20101021,000000,2.7930000,2.7930000,2.7770000,2.7770000,36.000
21116_090101_130416,D,20101022,000000,2.7470000,2.7470000,2.6770000,2.7420000,35.800
21116_090101_130416,D,20101025,000000,2.7370000,2.7370000,2.6940000,2.7140000,162.100
21116_090101_130416,D,20101026,000000,2.7090000,2.7090000,2.6740000,2.6740000,119.200
21116_090101_130416,D,20101027,000000,2.7100000,2.7100000,2.6810000,2.7050000,169.300
21116_090101_130416,D,20101028,000000,2.7100000,2.7420000,2.7100000,2.7420000,800
21116_090101_130416,D,20101029,000000,2.7470000,2.7750000,2.7200000,2.7750000,4.400
21116_090101_130416,D,20101101,000000,2.7470000,2.7500000,2.6350000,2.7500000,147.100
21116_090101_130416,D,20101102,000000,2.7100000,2.7390000,2.6940000,2.7190000,40.300
21116_090101_130416,D,20101103,000000,2.7100000,2.7340000,2.7100000,2.7300000,10.200
21116_090101_130416,D,20101108,000000,2.7400000,2.7470000,2.7200000,2.7470000,38.200
21116_090101_130416,D,20101109,000000,2.7200000,2.7400000,2.5150000,2.7000000,91.900
21116_090101_130416,D,20101110,000000,2.7000000,2.7090000,2.6930000,2.7090000,16.900
21116_090101_130416,D,20101111,000000,2.6670000,2.7150000,2.6670000,2.7150000,1.400
21116_090101_130416,D,20101112,000000,2.6760000,2.7970000,2.6170000,2.7940000,80.300
21116_090101_130416,D,20101113,000000,2.7470000,2.7750000,2.7200000,2.7400000,30.300
21116_090101_130416,D,20101115,000000,2.7270000,2.7600000,2.6560000,2.7600000,30.500
21116_090101_130416,D,20101116,000000,2.7400000,2.7500000,2.6800000,2.7240000,43.400
21116_090101_130416,D,20101117,000000,2.7460000,2.7460000,2.6980000,2.6980000,19.500
21116_090101_130416,D,20101118,000000,2.7010000,2.7410000,2.7000000,2.7050000,7.400
21116_090101_130416,D,20101119,000000,2.7370000,2.7440000,2.7050000,2.7050000,11.800
21116_090101_130416,D,20101122,000000,2.6930000,2.7200000,2.6550000,2.6990000,35.300
21116_090101_130416,D,20101123,000000,2.6660000,3.2900000,2.6210000,2.9230000,2.559.300
21116_090101_130416,D,20101124,000000,2.8350000,2.9460000,2.7810000,2.9180000,273.700
21116_090101_130416,D,20101125,000000,2.9330000,2.9330000,2.8290000,2.8600000,39.400
21116_090101_130416,D,20101126,000000,2.8870000,2.8870000,2.8010000,2.8240000,126.000
21116_090101_130416,D,20101129,000000,2.8890000,2.8970000,2.7780000,2.7780000,145.200
21116_090101_130416,D,20101130,000000,2.8370000,2.8370000,2.7710000,2.7980000,32.800
21116_090101_130416,D,20101201,000000,2.8260000,2.8460000,2.6850000,2.7430000,405.600
21116_090101_130416,D,20101202,000000,2.7170000,2.8000000,2.7050000,2.7200000,102.300
21116_090101_130416,D,20101203,000000,2.7880000,2.8800000,2.7540000,2.7600000,151.200
21116_090101_130416,D,20101206,000000,2.8370000,2.8370000,2.7840000,2.8000000,6.800
21116_090101_130416,D,20101207,000000,2.8000000,2.8330000,2.7610000,2.8000000,30.700
21116_090101_130416,D,20101208,000000,2.8000000,2.8000000,2.7800000,2.7990000,65.000
21116_090101_130416,D,20101209,000000,2.7410000,2.8490000,2.7410000,2.8000000,89.300
21116_090101_130416,D,20101210,000000,2.8340000,2.8970000,2.8200000,2.8200000,114.300
21116_090101_130416,D,20101213,000000,2.8940000,2.9900000,2.8550000,2.9500000,152.900
21116_090101_130416,D,20101214,000000,2.9250000,3.1000000,2.8320000,3.0950000,1.277.500
21116_090101_130416,D,20101215,000000,3.0110000,3.1250000,3.0000000,3.0470000,406.900
21116_090101_130416,D,20101216,000000,3.0710000,3.0710000,2.8700000,2.9560000,49.400
21116_090101_130416,D,20101217,000000,3.0100000,3.0100000,2.8750000,2.9510000,110.300
21116_090101_130416,D,20101220,000000,2.9000000,2.9510000,2.8480000,2.9310000,67.000
21116_090101_130416,D,20101221,000000,2.9520000,3.0250000,2.9350000,2.9500000,289.000
21116_090101_130416,D,20101222,000000,2.9240000,2.9690000,2.9040000,2.9690000,12.500
21116_090101_130416,D,20101223,000000,2.9630000,2.9630000,2.9300000,2.9600000,10.900
21116_090101_130416,D,20101224,000000,2.8950000,2.9730000,2.8950000,2.9310000,124.900
21116_090101_130416,D,20101227,000000,2.9430000,2.9430000,2.8360000,2.9150000,28.900
21116_090101_130416,D,20101228,000000,2.8240000,2.8880000,2.7700000,2.8700000,262.000
21116_090101_130416,D,20101229,000000,2.8870000,2.9170000,2.8110000,2.8870000,40.100
21116_090101_130416,D,20101230,000000,2.8800000,2.9300000,2.8350000,2.8450000,300.800
21116_090101_130416,D,20110111,000000,2.8920000,2.9980000,2.8370000,2.9980000,54.300
21116_090101_130416,D,20110112,000000,2.9990000,3.0240000,2.9450000,2.9980000,61.500
21116_090101_130416,D,20110113,000000,3.0000000,3.0500000,2.9990000,3.0500000,317.000
21116_090101_130416,D,20110114,000000,3.0500000,3.0750000,2.9650000,3.0000000,128.700
21116_090101_130416,D,20110117,000000,3.0670000,3.4500000,3.0300000,3.1500000,3.441.100
21116_090101_130416,D,20110118,000000,3.1500000,3.1840000,3.0350000,3.0990000,442.800
21116_090101_130416,D,20110119,000000,3.0450000,3.0750000,3.0000000,3.0390000,281.800
21116_090101_130416,D,20110120,000000,2.9990000,2.9990000,2.9250000,2.9740000,174.900
21116_090101_130416,D,20110121,000000,2.9270000,3.0490000,2.9000000,3.0310000,384.900
21116_090101_130416,D,20110124,000000,3.0050000,3.0050000,2.9100000,2.9390000,565.600
21116_090101_130416,D,20110125,000000,2.9210000,2.9520000,2.8760000,2.9190000,238.900
21116_090101_130416,D,20110126,000000,2.9010000,2.9990000,2.8530000,2.9500000,289.600
21116_090101_130416,D,20110127,000000,2.9990000,2.9990000,2.8700000,2.9300000,116.500
21116_090101_130416,D,20110128,000000,2.9000000,2.9260000,2.8270000,2.8500000,629.500
21116_090101_130416,D,20110131,000000,2.8010000,2.8300000,2.7500000,2.8270000,336.200
21116_090101_130416,D,20110201,000000,2.8010000,2.8440000,2.7000000,2.7550000,579.700
21116_090101_130416,D,20110202,000000,2.7490000,2.7990000,2.7130000,2.7650000,109.200
21116_090101_130416,D,20110203,000000,2.7860000,2.7860000,2.7000000,2.7630000,99.400
21116_090101_130416,D,20110204,000000,2.7590000,2.7600000,2.7250000,2.7500000,8.600
21116_090101_130416,D,20110207,000000,2.7220000,2.7690000,2.6900000,2.7480000,101.800
21116_090101_130416,D,20110208,000000,2.7020000,2.7460000,2.6770000,2.6990000,136.200
21116_090101_130416,D,20110209,000000,2.7210000,2.7410000,2.6880000,2.7260000,125.000
21116_090101_130416,D,20110210,000000,2.7280000,2.7300000,2.5990000,2.5990000,67.700
21116_090101_130416,D,20110211,000000,2.6770000,2.6880000,2.5910000,2.6210000,125.300
21116_090101_130416,D,20110214,000000,2.6760000,2.7500000,2.6040000,2.6780000,173.800
21116_090101_130416,D,20110215,000000,2.7320000,2.7990000,2.6790000,2.7180000,56.900
21116_090101_130416,D,20110216,000000,2.7370000,2.7440000,2.6860000,2.6860000,8.300
21116_090101_130416,D,20110217,000000,2.7260000,2.8990000,2.6820000,2.7820000,404.400
21116_090101_130416,D,20110218,000000,2.8360000,2.8900000,2.7510000,2.8800000,128.500
21116_090101_130416,D,20110221,000000,2.8870000,2.9000000,2.8200000,2.8510000,142.300
21116_090101_130416,D,20110222,000000,2.8940000,2.8940000,2.7330000,2.7690000,40.800
21116_090101_130416,D,20110224,000000,2.7530000,2.8260000,2.6930000,2.8110000,23.800
21116_090101_130416,D,20110225,000000,2.7690000,2.8190000,2.7090000,2.8050000,43.900
21116_090101_130416,D,20110228,000000,2.7800000,2.8540000,2.7600000,2.8540000,43.300
21116_090101_130416,D,20110301,000000,2.8600000,3.0500000,2.4600000,2.9299000,293.000
21116_090101_130416,D,20110302,000000,2.9500000,3.0000000,2.8540000,2.8611000,102.000
21116_090101_130416,D,20110303,000000,2.8414000,2.9399000,2.8012000,2.8012000,7.000
21116_090101_130416,D,20110304,000000,2.9498000,3.0000000,2.8001000,2.8001000,32.000
21116_090101_130416,D,20110305,000000,2.7015000,2.9450000,2.7015000,2.8101000,102.000
21116_090101_130416,D,20110309,000000,2.8332000,2.8897000,2.7528000,2.7772000,85.000
21116_090101_130416,D,20110310,000000,2.7508000,2.7999000,2.7000000,2.7554000,161.000
21116_090101_130416,D,20110311,000000,2.7555000,2.7555000,2.6668000,2.7546000,12.000
21116_090101_130416,D,20110314,000000,2.7300000,2.7544000,2.6800000,2.6800000,61.000
21116_090101_130416,D,20110315,000000,2.6511000,2.6777000,2.5344000,2.6777000,73.000
21116_090101_130416,D,20110316,000000,2.6777000,2.6997000,2.5700000,2.6000000,1.279.000
21116_090101_130416,D,20110317,000000,2.6000000,2.6497000,2.5914000,2.6222000,128.000
21116_090101_130416,D,20110318,000000,2.6111000,2.6249000,2.5223000,2.5900000,112.000
21116_090101_130416,D,20110321,000000,2.5997000,2.6250000,2.5801000,2.6000000,53.000
21116_090101_130416,D,20110322,000000,2.5996000,2.6000000,2.5633000,2.5987000,12.000
21116_090101_130416,D,20110323,000000,2.6000000,2.6499000,2.5999000,2.6000000,55.000
21116_090101_130416,D,20110324,000000,2.5998000,2.6000000,2.5602000,2.5995000,105.000
21116_090101_130416,D,20110325,000000,2.5997000,2.5997000,2.5117000,2.5395000,92.000
21116_090101_130416,D,20110328,000000,2.5201000,2.5201000,2.4600000,2.5200000,86.000
21116_090101_130416,D,20110329,000000,2.4704000,2.5974000,2.4500000,2.4844000,198.000
21116_090101_130416,D,20110330,000000,2.4503000,2.4982000,2.4503000,2.4959000,59.000
21116_090101_130416,D,20110331,000000,2.5000000,2.5199000,2.4500000,2.4600000,156.000
21116_090101_130416,D,20110401,000000,2.4620000,2.8000000,2.4620000,2.5023000,974.000
21116_090101_130416,D,20110404,000000,2.5500000,2.5500000,2.4650000,2.4695000,127.000
21116_090101_130416,D,20110405,000000,2.4700000,2.4700000,2.4601000,2.4601000,22.000
21116_090101_130416,D,20110406,000000,2.4556000,2.4800000,2.4223000,2.4444000,124.000
21116_090101_130416,D,20110407,000000,2.4500000,2.4600000,2.4222000,2.4558000,145.000
21116_090101_130416,D,20110408,000000,2.5000000,2.5400000,2.4301000,2.5400000,231.000
21116_090101_130416,D,20110411,000000,2.5400000,2.7800000,2.4617000,2.4900000,592.000
21116_090101_130416,D,20110412,000000,2.4894000,2.4894000,2.4333000,2.4777000,84.000
21116_090101_130416,D,20110413,000000,2.4501000,2.4855000,2.4337000,2.4644000,131.000
21116_090101_130416,D,20110414,000000,2.4677000,2.4900000,2.4272000,2.4535000,93.000
21116_090101_130416,D,20110415,000000,2.4277000,2.5000000,2.4111000,2.4900000,125.000
21116_090101_130416,D,20110418,000000,2.4559000,2.4627000,2.3001000,2.3400000,222.000
21116_090101_130416,D,20110419,000000,2.3001000,2.4377000,2.2503000,2.3392000,320.000
21116_090101_130416,D,20110420,000000,2.3849000,2.4600000,2.3333000,2.4500000,182.000
21116_090101_130416,D,20110421,000000,2.4087000,2.4444000,2.3596000,2.3625000,40.000
21116_090101_130416,D,20110422,000000,2.4010000,2.4183000,2.3409000,2.3990000,51.000
21116_090101_130416,D,20110425,000000,2.3516000,2.4444000,2.3380000,2.4444000,124.000
21116_090101_130416,D,20110426,000000,2.3445000,2.4497000,2.3344000,2.4000000,71.000
21116_090101_130416,D,20110427,000000,2.3558000,2.3954000,2.3001000,2.3247000,116.000
21116_090101_130416,D,20110428,000000,2.3011000,2.3788000,2.2111000,2.3240000,230.000
21116_090101_130416,D,20110429,000000,2.3200000,2.3200000,2.2010000,2.2450000,48.000
21116_090101_130416,D,20110503,000000,2.2615000,2.3300000,2.1675000,2.2340000,172.000
21116_090101_130416,D,20110504,000000,2.2100000,2.2433000,2.0999000,2.1920000,399.000
21116_090101_130416,D,20110505,000000,2.0800000,2.1921000,2.0111000,2.1900000,153.000
21116_090101_130416,D,20110506,000000,2.0222000,2.2500000,2.0138000,2.2250000,245.000
21116_090101_130416,D,20110510,000000,2.2024000,2.2250000,2.2000000,2.2100000,25.000
21116_090101_130416,D,20110511,000000,2.2116000,2.2725000,2.2100000,2.2725000,33.000
21116_090101_130416,D,20110512,000000,2.2270000,2.2487000,2.1500000,2.1526000,54.000
21116_090101_130416,D,20110513,000000,2.2356000,2.2356000,2.1503000,2.2000000,24.000
21116_090101_130416,D,20110516,000000,2.2733000,2.2733000,2.1700000,2.2112000,36.000
21116_090101_130416,D,20110517,000000,2.0624000,2.1814000,2.0623000,2.1801000,101.000
21116_090101_130416,D,20110518,000000,2.1502000,2.2500000,2.1502000,2.2500000,28.000
21116_090101_130416,D,20110519,000000,2.2000000,2.2000000,2.2000000,2.2000000,1.000
21116_090101_130416,D,20110520,000000,2.1725000,2.1725000,2.1700000,2.1700000,5.000
21116_090101_130416,D,20110523,000000,2.1387000,2.1790000,2.1387000,2.1431000,12.000
21116_090101_130416,D,20110524,000000,2.2497000,2.2498000,2.1905000,2.2461000,14.000
21116_090101_130416,D,20110525,000000,2.1762000,2.2056000,2.1113000,2.2056000,27.000
21116_090101_130416,D,20110527,000000,2.0899000,2.2369000,2.0899000,2.2369000,3.000
21116_090101_130416,D,20110530,000000,2.2020000,2.2379000,2.2001000,2.2379000,30.000
21116_090101_130416,D,20110531,000000,2.1478000,2.5512000,2.1400000,2.4600000,337.000
21116_090101_130416,D,20110601,000000,2.4700000,2.7000000,2.3502000,2.4666000,407.000
21116_090101_130416,D,20110602,000000,2.3827000,2.4396000,2.3755000,2.4000000,79.000
21116_090101_130416,D,20110603,000000,2.4083000,2.4083000,2.3000000,2.3397000,374.000
21116_090101_130416,D,20110606,000000,2.3105000,2.3399000,2.3100000,2.3300000,11.000
21116_090101_130416,D,20110607,000000,2.3329000,2.3333000,2.3100000,2.3100000,108.000
21116_090101_130416,D,20110608,000000,2.3100000,2.3322000,2.2750000,2.3103000,216.000
21116_090101_130416,D,20110609,000000,2.3200000,2.3768000,2.3101000,2.3400000,37.000
21116_090101_130416,D,20110610,000000,2.3210000,2.3940000,2.3210000,2.3210000,16.000
21116_090101_130416,D,20110614,000000,2.3954000,2.4400000,2.3000000,2.3000000,85.000
21116_090101_130416,D,20110615,000000,2.3390000,2.3438000,2.2950000,2.2950000,14.000
21116_090101_130416,D,20110616,000000,2.3000000,2.3973000,2.3000000,2.3500000,55.000
21116_090101_130416,D,20110617,000000,2.4000000,2.4499000,2.2557000,2.4499000,129.000
21116_090101_130416,D,20110620,000000,2.4800000,2.4800000,2.4796000,2.4799000,7.000
21116_090101_130416,D,20110621,000000,2.3401000,2.3950000,2.3300000,2.3950000,13.000
21116_090101_130416,D,20110622,000000,2.3800000,2.3975000,2.3114000,2.3886000,15.000
21116_090101_130416,D,20110623,000000,2.3204000,2.3717000,2.3000000,2.3000000,30.000
21116_090101_130416,D,20110624,000000,2.3490000,2.4755000,2.3333000,2.3370000,24.000
21116_090101_130416,D,20110627,000000,2.3100000,2.3106000,2.3100000,2.3106000,5.000
21116_090101_130416,D,20110628,000000,2.3101000,2.3101000,2.3101000,2.3101000,1.000
21116_090101_130416,D,20110629,000000,2.4099000,2.4099000,2.4099000,2.4099000,6.000
21116_090101_130416,D,20110630,000000,2.3562000,2.4499000,2.3500000,2.4497000,68.000
21116_090101_130416,D,20110701,000000,2.3993000,2.4032000,2.3499000,2.3995000,10.000
21116_090101_130416,D,20110704,000000,2.3203000,2.4500000,2.3202000,2.4500000,170.000
21116_090101_130416,D,20110705,000000,2.4998000,2.6300000,2.4500000,2.4600000,108.000
21116_090101_130416,D,20110706,000000,2.4942000,2.4942000,2.4303000,2.4303000,2.000
21116_090101_130416,D,20110707,000000,2.4488000,2.5000000,2.4488000,2.5000000,50.000
21116_090101_130416,D,20110708,000000,2.5140000,2.5190000,2.4349000,2.4349000,27.000
21116_090101_130416,D,20110711,000000,2.4500000,2.5500000,2.4500000,2.4896000,80.000
21116_090101_130416,D,20110712,000000,2.4210000,2.4520000,2.4210000,2.4500000,62.000
21116_090101_130416,D,20110713,000000,2.4450000,2.4450000,2.4450000,2.4450000,3.000
21116_090101_130416,D,20110714,000000,2.4393000,2.4644000,2.4392000,2.4644000,20.000
21116_090101_130416,D,20110715,000000,2.5100000,2.5100000,2.5100000,2.5100000,1.000
21116_090101_130416,D,20110718,000000,2.3305000,2.4132000,2.3300000,2.4090000,43.000
21116_090101_130416,D,20110719,000000,2.3167000,2.4108000,2.3167000,2.4000000,27.000
21116_090101_130416,D,20110720,000000,2.4411000,2.4411000,2.4001000,2.4100000,11.000
21116_090101_130416,D,20110721,000000,2.4051000,2.5046000,2.4050000,2.4997000,51.000
21116_090101_130416,D,20110722,000000,2.4402000,2.4435000,2.4302000,2.4302000,9.000
21116_090101_130416,D,20110725,000000,2.4000000,2.7000000,2.4000000,2.5985000,76.000
21116_090101_130416,D,20110726,000000,2.5296000,2.5296000,2.5000000,2.5000000,34.000
21116_090101_130416,D,20110727,000000,2.4801000,2.7499000,2.4501000,2.7350000,52.000
21116_090101_130416,D,20110728,000000,2.5103000,2.5887000,2.5103000,2.5776000,19.000
21116_090101_130416,D,20110729,000000,2.6996000,2.6996000,2.5001000,2.5006000,1.031.000
21116_090101_130416,D,20110801,000000,2.6000000,2.6397000,2.4157000,2.4600000,94.000
21116_090101_130416,D,20110802,000000,2.5000000,2.5299000,2.5000000,2.5299000,65.000
21116_090101_130416,D,20110803,000000,2.4115000,2.4115000,2.4115000,2.4115000,1.000
21116_090101_130416,D,20110804,000000,2.3212000,2.4116000,2.3212000,2.4115000,12.000
21116_090101_130416,D,20110805,000000,2.2777000,2.3844000,2.1704000,2.3000000,110.000
21116_090101_130416,D,20110808,000000,2.2014000,2.2166000,2.0901000,2.1994000,120.000
21116_090101_130416,D,20110809,000000,2.1590000,2.1590000,1.9070000,2.1300000,59.000
21116_090101_130416,D,20110810,000000,2.1976000,2.3676000,1.9555000,2.1290000,165.000
21116_090101_130416,D,20110811,000000,2.0020000,2.1497000,1.9200000,2.0986000,356.000
21116_090101_130416,D,20110812,000000,2.0019000,2.2777000,2.0019000,2.2777000,71.000
21116_090101_130416,D,20110815,000000,2.0578000,2.2900000,2.0000000,2.1871000,78.000
21116_090101_130416,D,20110816,000000,2.0504000,2.1890000,2.0504000,2.1370000,18.000
21116_090101_130416,D,20110817,000000,2.0574000,2.1807000,2.0574000,2.1807000,56.000
21116_090101_130416,D,20110818,000000,2.1665000,2.1797000,2.0817000,2.1186000,12.000
21116_090101_130416,D,20110819,000000,2.0710000,2.0999000,2.0500000,2.0999000,32.000
21116_090101_130416,D,20110822,000000,2.1347000,2.1347000,2.0004000,2.1347000,4.000
21116_090101_130416,D,20110824,000000,2.0046000,2.1321000,2.0010000,2.1284000,114.000
21116_090101_130416,D,20110825,000000,2.0950000,2.1199000,2.0900000,2.0900000,36.000
21116_090101_130416,D,20110826,000000,2.0900000,2.0900000,2.0900000,2.0900000,4.000
21116_090101_130416,D,20110829,000000,2.1209000,2.1209000,2.0772000,2.0998000,10.000
21116_090101_130416,D,20110830,000000,2.1000000,2.1090000,2.0794000,2.0794000,3.000
21116_090101_130416,D,20110831,000000,2.1000000,2.1350000,2.1000000,2.1350000,9.000
21116_090101_130416,D,20110901,000000,2.1418000,2.1418000,2.0837000,2.0837000,11.000
21116_090101_130416,D,20110907,000000,2.0401000,2.1380000,2.0011000,2.1000000,172.000
21116_090101_130416,D,20110908,000000,2.1419000,2.1419000,2.1001000,2.1001000,14.000
21116_090101_130416,D,20110909,000000,2.1002000,2.1499000,2.1002000,2.1151000,13.000
21116_090101_130416,D,20110912,000000,2.0501000,2.1444000,1.9999000,2.1409000,57.000
21116_090101_130416,D,20110913,000000,2.0015000,2.1399000,2.0013000,2.1000000,107.000
21116_090101_130416,D,20110914,000000,2.1284000,2.1284000,2.1284000,2.1284000,6.000
21116_090101_130416,D,20110915,000000,2.1200000,2.1200000,2.1200000,2.1200000,8.000
21116_090101_130416,D,20110916,000000,2.1412000,2.1412000,2.1412000,2.1412000,2.000
21116_090101_130416,D,20110919,000000,2.0838000,2.3200000,2.0800000,2.1560000,210.000
21116_090101_130416,D,20110920,000000,2.3278000,2.3278000,2.2228000,2.2230000,3.000
21116_090101_130416,D,20110921,000000,2.3853000,2.3853000,2.1560000,2.1560000,3.000
21116_090101_130416,D,20110922,000000,2.0659000,2.0659000,2.0600000,2.0600000,8.000
21116_090101_130416,D,20110923,000000,2.1500000,2.1500000,1.8140000,1.9493000,696.000
21116_090101_130416,D,20110926,000000,1.8555000,1.9286000,1.8001000,1.8301000,73.000
21116_090101_130416,D,20110927,000000,1.9960000,1.9960000,1.8706000,1.9440000,7.000
21116_090101_130416,D,20110928,000000,1.8597000,1.9540000,1.8412000,1.9000000,17.000
21116_090101_130416,D,20110929,000000,1.8007000,1.9439000,1.8007000,1.9439000,19.000
21116_090101_130416,D,20110930,000000,1.9439000,1.9439000,1.8455000,1.8455000,6.000
21116_090101_130416,D,20111003,000000,1.8022000,1.8840000,1.8022000,1.8840000,17.000
21116_090101_130416,D,20111004,000000,1.9840000,1.9840000,1.7700000,1.7700000,56.000
21116_090101_130416,D,20111005,000000,1.7700000,1.7700000,1.7201000,1.7201000,4.000
21116_090101_130416,D,20111006,000000,1.7310000,2.0000000,1.7000000,1.9100000,428.000
21116_090101_130416,D,20111007,000000,1.8000000,2.1000000,1.8000000,2.1000000,310.000
21116_090101_130416,D,20111010,000000,1.9999000,2.0999000,1.9999000,2.0954000,8.000
21116_090101_130416,D,20111011,000000,1.9122000,2.0790000,1.9000000,2.0444000,62.000
21116_090101_130416,D,20111012,000000,2.0000000,2.0000000,2.0000000,2.0000000,2.000
21116_090101_130416,D,20111013,000000,2.0500000,2.0997000,1.9500000,1.9500000,39.000
21116_090101_130416,D,20111014,000000,1.9222000,2.0777000,1.9222000,2.0000000,72.000
21116_090101_130416,D,20111017,000000,1.9444000,2.0777000,1.9310000,2.0000000,312.000
21116_090101_130416,D,20111018,000000,2.0000000,2.0000000,2.0000000,2.0000000,100.000
21116_090101_130416,D,20111019,000000,2.0001000,2.0001000,2.0001000,2.0001000,4.000
21116_090101_130416,D,20111020,000000,2.0777000,2.0999000,2.0777000,2.0999000,2.000
21116_090101_130416,D,20111026,000000,2.0900000,2.0900000,2.0502000,2.0502000,7.000
21116_090101_130416,D,20111027,000000,2.1000000,2.1100000,2.0600000,2.0990000,80.000
21116_090101_130416,D,20111028,000000,2.0950000,2.2200000,2.0200000,2.1310000,212.000
21116_090101_130416,D,20111031,000000,2.1270000,2.1270000,2.0946000,2.0946000,5.000
21116_090101_130416,D,20111102,000000,2.1271000,2.1271000,2.0036000,2.0600000,8.000
21116_090101_130416,D,20111108,000000,2.0382000,2.1400000,2.0382000,2.1300000,562.000
21116_090101_130416,D,20111109,000000,2.0314000,2.0539000,2.0000000,2.0250000,108.000
21116_090101_130416,D,20111110,000000,2.0000000,2.0300000,2.0000000,2.0300000,13.000
21116_090101_130416,D,20111114,000000,2.1000000,2.1000000,2.0000000,2.0330000,127.000
21116_090101_130416,D,20111115,000000,2.0222000,2.0222000,2.0000000,2.0199000,86.000
21116_090101_130416,D,20111116,000000,2.0222000,2.0900000,2.0222000,2.0332000,6.000
21116_090101_130416,D,20111117,000000,2.0300000,2.0399000,2.0004000,2.0004000,14.000
21116_090101_130416,D,20111118,000000,2.0000000,2.0800000,2.0000000,2.0000000,153.000
21116_090101_130416,D,20111121,000000,2.0000000,2.0340000,2.0000000,2.0339000,736.000
21116_090101_130416,D,20111122,000000,2.0001000,2.0001000,2.0001000,2.0001000,2.000
21116_090101_130416,D,20111124,000000,2.0003000,2.0003000,2.0000000,2.0000000,4.000
21116_090101_130416,D,20111125,000000,2.0001000,2.0001000,2.0000000,2.0000000,27.000
21116_090101_130416,D,20111128,000000,2.0000000,2.1979000,2.0000000,2.1979000,131.000
21116_090101_130416,D,20111130,000000,2.1855000,2.4201000,2.1600000,2.2336000,833.000
21116_090101_130416,D,20111201,000000,2.2472000,2.3402000,2.2218000,2.2399000,125.000
21116_090101_130416,D,20111202,000000,2.2232000,2.2232000,2.2099000,2.2106000,7.000
21116_090101_130416,D,20111205,000000,2.2002000,2.2002000,2.2002000,2.2002000,2.000
21116_090101_130416,D,20111206,000000,2.2000000,2.2000000,2.2000000,2.2000000,2.000
21116_090101_130416,D,20111207,000000,2.3497000,2.3497000,2.2500000,2.3497000,19.000
21116_090101_130416,D,20111209,000000,2.2001000,2.2001000,2.1420000,2.1999000,60.000
21116_090101_130416,D,20111212,000000,2.2000000,2.2000000,2.1500000,2.1500000,35.000
21116_090101_130416,D,20111213,000000,2.1500000,2.1500000,2.1500000,2.1500000,41.000
21116_090101_130416,D,20111215,000000,2.1500000,2.2211000,2.1500000,2.2211000,11.000
21116_090101_130416,D,20111216,000000,2.1500000,2.2400000,2.1001000,2.1110000,43.000
21116_090101_130416,D,20111219,000000,2.0104000,2.1222000,2.0104000,2.0233000,12.000
21116_090101_130416,D,20111220,000000,2.1500000,2.1505000,2.1500000,2.1505000,23.000
21116_090101_130416,D,20111221,000000,2.1500000,2.2500000,2.0080000,2.1500000,159.000
21116_090101_130416,D,20111222,000000,2.1500000,2.1547000,2.1500000,2.1547000,11.000
21116_090101_130416,D,20111223,000000,2.1510000,2.1510000,2.1500000,2.1500000,19.000
21116_090101_130416,D,20111228,000000,2.1500000,2.1500000,2.1500000,2.1500000,9.000
21116_090101_130416,D,20111229,000000,2.1500000,2.1500000,2.1000000,2.1500000,11.000
21116_090101_130416,D,20111230,000000,2.1500000,2.1745000,2.1000000,2.1001000,108.000
21116_090101_130416,D,20120104,000000,2.1200000,2.1200000,2.1200000,2.1200000,1.000
21116_090101_130416,D,20120109,000000,2.1010000,2.1777000,2.1000000,2.1777000,59.000
21116_090101_130416,D,20120110,000000,2.1422000,2.1880000,2.1104000,2.1104000,16.000
21116_090101_130416,D,20120111,000000,2.1070000,2.1444000,2.0561000,2.1400000,49.000
21116_090101_130416,D,20120112,000000,2.1444000,2.1880000,2.1001000,2.1266000,15.000
21116_090101_130416,D,20120113,000000,2.1100000,2.1497000,2.1100000,2.1497000,19.000
21116_090101_130416,D,20120116,000000,2.1000000,2.1001000,2.0555000,2.0555000,17.000
21116_090101_130416,D,20120117,000000,2.1000000,2.1283000,2.0706000,2.0802000,69.000
21116_090101_130416,D,20120118,000000,2.0801000,2.2400000,2.0525000,2.0803000,323.000
21116_090101_130416,D,20120119,000000,2.1829000,2.1829000,2.0711000,2.1099000,5.000
21116_090101_130416,D,20120120,000000,2.1221000,2.1989000,2.1000000,2.1000000,8.000
21116_090101_130416,D,20120123,000000,2.0589000,2.1037000,2.0500000,2.0800000,6.000
21116_090101_130416,D,20120124,000000,2.0601000,2.0999000,2.0222000,2.0999000,4.000
21116_090101_130416,D,20120125,000000,2.0701000,2.1199000,2.0701000,2.1111000,4.000
21116_090101_130416,D,20120126,000000,2.1096000,2.2000000,2.0555000,2.1999000,52.000
21116_090101_130416,D,20120127,000000,2.1970000,2.2000000,2.1600000,2.1600000,148.000
21116_090101_130416,D,20120130,000000,2.2000000,2.2000000,2.1100000,2.1251000,53.000
21116_090101_130416,D,20120131,000000,2.1492000,2.1750000,2.1492000,2.1500000,183.000
21116_090101_130416,D,20120201,000000,2.1749000,2.3000000,2.1601000,2.2250000,1.785.000
21116_090101_130416,D,20120202,000000,2.2350000,2.7480000,2.1795000,2.6250000,2.352.000
21116_090101_130416,D,20120203,000000,2.4780000,2.8700000,2.4780000,2.5300000,911.000
21116_090101_130416,D,20120206,000000,2.5400000,3.0700000,2.5400000,2.9220000,1.852.000
21116_090101_130416,D,20120207,000000,3.0000000,4.0614000,2.8814000,4.0614000,5.872.000
21116_090101_130416,D,20120208,000000,4.2000000,4.6975000,3.6511000,4.1380000,2.616.000
21116_090101_130416,D,20120209,000000,4.2900000,4.2900000,3.5000000,3.8500000,1.226.000
21116_090101_130416,D,20120210,000000,3.7170000,3.9950000,3.7170000,3.9950000,119.000
21116_090101_130416,D,20120213,000000,3.9949000,4.0500000,3.8200000,3.9000000,178.000
21116_090101_130416,D,20120214,000000,3.8459000,3.9205000,3.8056000,3.8500000,137.000
21116_090101_130416,D,20120215,000000,3.8522000,4.2300000,3.8008000,3.9954000,409.000
21116_090101_130416,D,20120216,000000,3.9999000,4.1900000,3.9948000,4.0000000,272.000
21116_090101_130416,D,20120217,000000,4.0011000,4.0021000,3.7277000,3.8100000,110.000
21116_090101_130416,D,20120220,000000,3.8777000,4.0500000,3.7500000,4.0500000,380.000
21116_090101_130416,D,20120221,000000,3.9995000,3.9995000,3.9000000,3.9000000,53.000
21116_090101_130416,D,20120222,000000,3.8005000,4.0444000,3.8005000,3.9000000,49.000
21116_090101_130416,D,20120224,000000,3.9800000,3.9800000,3.8444000,3.8444000,47.000
21116_090101_130416,D,20120227,000000,3.8985000,4.0500000,3.8511000,3.9771000,55.000
21116_090101_130416,D,20120228,000000,3.8506000,3.9433000,3.6602000,3.8000000,26.000
21116_090101_130416,D,20120229,000000,3.7800000,3.9444000,3.7111000,3.9444000,78.000
21116_090101_130416,D,20120301,000000,3.8205000,3.9000000,3.7001000,3.8000000,50.000
21116_090101_130416,D,20120302,000000,3.9770000,4.1600000,3.8508000,3.9500000,334.000
21116_090101_130416,D,20120305,000000,3.9502000,3.9898000,3.9500000,3.9898000,85.000
21116_090101_130416,D,20120306,000000,3.9010000,4.0000000,3.9005000,3.9005000,792.000
21116_090101_130416,D,20120307,000000,3.9006000,4.0000000,3.9005000,3.9999000,157.000
21116_090101_130416,D,20120311,000000,3.9140000,3.9140000,3.9140000,3.9140000,3.000
21116_090101_130416,D,20120312,000000,3.9101000,3.9500000,3.9100000,3.9101000,155.000
21116_090101_130416,D,20120313,000000,3.9499000,4.0000000,3.9002000,3.9300000,375.000
21116_090101_130416,D,20120314,000000,3.9115000,4.1407000,3.9115000,4.1407000,71.000
21116_090101_130416,D,20120315,000000,4.0000000,4.0000000,3.9407000,3.9501000,7.000
21116_090101_130416,D,20120316,000000,3.9650000,4.6000000,3.9442000,4.2700000,1.637.000
21116_090101_130416,D,20120319,000000,4.2428000,4.3550000,4.0000000,4.0109000,66.000
21116_090101_130416,D,20120320,000000,4.0997000,4.1994000,4.0282000,4.0591000,71.000
21116_090101_130416,D,20120321,000000,4.1497000,4.2500000,4.0011000,4.1419000,222.000
21116_090101_130416,D,20120322,000000,4.0223000,4.3500000,4.0223000,4.0876000,107.000
21116_090101_130416,D,20120323,000000,4.0555000,4.5890000,4.0555000,4.1637000,722.000
21116_090101_130416,D,20120326,000000,4.1501000,4.2499000,4.1501000,4.1773000,40.000
21116_090101_130416,D,20120327,000000,4.1501000,4.3000000,4.1111000,4.1500000,269.000
21116_090101_130416,D,20120328,000000,4.1014000,4.1944000,4.1000000,4.1100000,73.000
21116_090101_130416,D,20120329,000000,4.1111000,4.2500000,4.1111000,4.1500000,223.000
21116_090101_130416,D,20120330,000000,4.1589000,4.4000000,4.1589000,4.2222000,559.000
21116_090101_130416,D,20120402,000000,4.2500000,4.5000000,4.2075000,4.2256000,1.195.000
21116_090101_130416,D,20120403,000000,4.2333000,4.2500000,4.2115000,4.2115000,7.000
21116_090101_130416,D,20120404,000000,4.2000000,4.2990000,4.2000000,4.2000000,18.000
21116_090101_130416,D,20120405,000000,4.2000000,4.2000000,4.2000000,4.2000000,32.000
21116_090101_130416,D,20120406,000000,4.2000000,4.2001000,4.2000000,4.2001000,73.000
21116_090101_130416,D,20120409,000000,4.1500000,4.2000000,4.1500000,4.1570000,124.000
21116_090101_130416,D,20120410,000000,4.1510000,4.2500000,4.1510000,4.1652000,78.000
21116_090101_130416,D,20120411,000000,4.2000000,4.8000000,4.1501000,4.1600000,162.000
21116_090101_130416,D,20120412,000000,4.1803000,4.3994000,4.1803000,4.2003000,225.000
21116_090101_130416,D,20120413,000000,4.2111000,4.3940000,4.2076000,4.2076000,61.000
21116_090101_130416,D,20120416,000000,4.1522000,4.2988000,4.1522000,4.1578000,4.000
21116_090101_130416,D,20120417,000000,4.1622000,4.1622000,4.1507000,4.1507000,2.000
21116_090101_130416,D,20120418,000000,4.1500000,4.2897000,4.1500000,4.2000000,17.000
21116_090101_130416,D,20120419,000000,4.2000000,4.2998000,4.2000000,4.2001000,13.000
21116_090101_130416,D,20120420,000000,4.2005000,4.3500000,4.2005000,4.2227000,57.000
21116_090101_130416,D,20120423,000000,4.2227000,4.2227000,4.1579000,4.2000000,15.000
21116_090101_130416,D,20120424,000000,4.1502000,4.3499000,4.1000000,4.2010000,340.000
21116_090101_130416,D,20120425,000000,4.2044000,4.3000000,4.1505000,4.2012000,223.000
21116_090101_130416,D,20120427,000000,4.2500000,4.5000000,4.2000000,4.2004000,23.000
21116_090101_130416,D,20120502,000000,4.2004000,4.4477000,4.2004000,4.2112000,33.000
21116_090101_130416,D,20120503,000000,4.2112000,4.7777000,4.2112000,4.3200000,29.000
21116_090101_130416,D,20120504,000000,4.9998000,4.9998000,4.2505000,4.3300000,33.000
21116_090101_130416,D,20120505,000000,4.3300000,4.6999000,4.2204000,4.3055000,327.000
21116_090101_130416,D,20120507,000000,4.6000000,5.0000000,4.2103000,4.9998000,7.000
21116_090101_130416,D,20120508,000000,4.3684000,4.3684000,4.3684000,4.3684000,1.000
21116_090101_130416,D,20120510,000000,4.3999000,4.7997000,4.3999000,4.4863000,131.000
21116_090101_130416,D,20120511,000000,4.4862000,4.8000000,4.4200000,4.5510000,62.000
21116_090101_130416,D,20120512,000000,4.7989000,4.9550000,4.7989000,4.9550000,20.000
21116_090101_130416,D,20120514,000000,4.5403000,4.6999000,4.5400000,4.6999000,16.000
21116_090101_130416,D,20120515,000000,4.6999000,4.6999000,4.4500000,4.4500000,91.000
21116_090101_130416,D,20120516,000000,4.4001000,4.4001000,4.2581000,4.2581000,10.000
21116_090101_130416,D,20120517,000000,4.3000000,4.3895000,4.2050000,4.3895000,37.000
21116_090101_130416,D,20120518,000000,4.2002000,4.3870000,4.2000000,4.3700000,93.000
21116_090101_130416,D,20120521,000000,4.3695000,4.3700000,4.3695000,4.3700000,30.000
21116_090101_130416,D,20120522,000000,4.2451000,4.6333000,4.2000000,4.3899000,37.000
21116_090101_130416,D,20120528,000000,4.3800000,4.3800000,4.2281000,4.3000000,16.000
21116_090101_130416,D,20120529,000000,4.3000000,4.3100000,4.3000000,4.3000000,18.000
21116_090101_130416,D,20120530,000000,4.2999000,4.3000000,4.2999000,4.3000000,8.000
21116_090101_130416,D,20120531,000000,3.8000000,4.3650000,3.2001000,4.3650000,22.000
21116_090101_130416,D,20120601,000000,4.1111000,4.2880000,4.0000000,4.2880000,3.000
21116_090101_130416,D,20120604,000000,3.3000000,4.1897000,3.3000000,4.1100000,56.000
21116_090101_130416,D,20120608,000000,4.5000000,4.7997000,4.2003000,4.3999000,5.000
21116_090101_130416,D,20120613,000000,4.4997000,4.4997000,4.4997000,4.4997000,1.000
21116_090101_130416,D,20120618,000000,4.4997000,4.4997000,4.4997000,4.4997000,1.000
21116_090101_130416,D,20120619,000000,4.3000000,4.4995000,4.3000000,4.4995000,8.000
21116_090101_130416,D,20120621,000000,4.2000000,4.2008000,4.2000000,4.2008000,4.000
21116_090101_130416,D,20120625,000000,4.2000000,4.2000000,4.2000000,4.2000000,13.000
21116_090101_130416,D,20120628,000000,4.2000000,4.2000000,4.2000000,4.2000000,1.000
21116_090101_130416,D,20120702,000000,4.1005000,4.1111000,4.1004000,4.1111000,10.000
21116_090101_130416,D,20120703,000000,4.1122000,4.1122000,4.1000000,4.1000000,16.000
21116_090101_130416,D,20120704,000000,4.1111000,4.3974000,4.1111000,4.2000000,5.000
21116_090101_130416,D,20120705,000000,4.1603000,4.3550000,4.1100000,4.2900000,48.000
21116_090101_130416,D,20120706,000000,4.3000000,4.3100000,4.3000000,4.3100000,114.000
21116_090101_130416,D,20120710,000000,4.3000000,4.3654000,4.3000000,4.3654000,36.000
21116_090101_130416,D,20120711,000000,4.3000000,4.3000000,4.3000000,4.3000000,200.000
21116_090101_130416,D,20120713,000000,4.2901000,4.2901000,4.2901000,4.2901000,10.000
21116_090101_130416,D,20120717,000000,4.2700000,4.2700000,4.2001000,4.2301000,12.000
21116_090101_130416,D,20120718,000000,4.2000000,4.2500000,4.1133000,4.1147000,21.000
21116_090101_130416,D,20120719,000000,4.1555000,4.2974000,4.1033000,4.2974000,9.000
21116_090101_130416,D,20120720,000000,4.2974000,4.3594000,4.2974000,4.3590000,22.000
21116_090101_130416,D,20120723,000000,4.0103000,4.0103000,4.0100000,4.0100000,25.000
21116_090101_130416,D,20120725,000000,4.0555000,4.2241000,4.0012000,4.2241000,10.000
21116_090101_130416,D,20120727,000000,4.2496000,4.2496000,4.2496000,4.2496000,1.000
21116_090101_130416,D,20120731,000000,4.2496000,4.2499000,4.2400000,4.2499000,35.000
21116_090101_130416,D,20120801,000000,4.2499000,4.2500000,4.2499000,4.2500000,6.000
21116_090101_130416,D,20120802,000000,4.1500000,4.1500000,4.0111000,4.0559000,12.000
21116_090101_130416,D,20120803,000000,4.0559000,4.0559000,4.0559000,4.0559000,4.000
21116_090101_130416,D,20120806,000000,4.2499000,4.2499000,4.1600000,4.2000000,11.000
21116_090101_130416,D,20120807,000000,4.2000000,4.2000000,4.1001000,4.2000000,11.000
21116_090101_130416,D,20120808,000000,4.2997000,4.2997000,4.2497000,4.2497000,15.000
21116_090101_130416,D,20120809,000000,4.0990000,4.2497000,4.0097000,4.1500000,55.000
21116_090101_130416,D,20120810,000000,4.2497000,4.2500000,4.2209000,4.2209000,115.000
21116_090101_130416,D,20120813,000000,4.2999000,4.4000000,4.2500000,4.2500000,21.000
21116_090101_130416,D,20120814,000000,4.2000000,4.3888000,4.2000000,4.3888000,10.000
21116_090101_130416,D,20120815,000000,4.2000000,4.2001000,4.1999000,4.2000000,40.000
21116_090101_130416,D,20120816,000000,4.2500000,4.2500000,4.2500000,4.2500000,29.000
21116_090101_130416,D,20120817,000000,4.4000000,4.4000000,4.3000000,4.3000000,3.000
21116_090101_130416,D,20120820,000000,4.2501000,4.2501000,4.2501000,4.2501000,8.000
21116_090101_130416,D,20120821,000000,4.2999000,4.3000000,4.2997000,4.3000000,19.000
21116_090101_130416,D,20120822,000000,4.3000000,4.4000000,4.3000000,4.4000000,24.000
21116_090101_130416,D,20120823,000000,4.3998000,4.4000000,4.3998000,4.4000000,5.000
21116_090101_130416,D,20120824,000000,4.3999000,4.4000000,4.3999000,4.4000000,110.000
21116_090101_130416,D,20120827,000000,4.3999000,5.5000000,4.3999000,4.5305000,210.000
21116_090101_130416,D,20120828,000000,4.9999000,5.0000000,4.7513000,4.9216000,26.000
21116_090101_130416,D,20120829,000000,4.6003000,4.7003000,4.6003000,4.7003000,8.000
21116_090101_130416,D,20120830,000000,4.9499000,5.1000000,4.5500000,4.5500000,33.000
21116_090101_130416,D,20120903,000000,4.5500000,4.6000000,4.5500000,4.5900000,16.000
21116_090101_130416,D,20120906,000000,4.6500000,4.6500000,4.6500000,4.6500000,3.000
21116_090101_130416,D,20120907,000000,4.6500000,4.6501000,4.6500000,4.6500000,13.000
21116_090101_130416,D,20120910,000000,4.7000000,4.7000000,4.7000000,4.7000000,6.000
21116_090101_130416,D,20120911,000000,4.7000000,4.7000000,4.7000000,4.7000000,10.000
21116_090101_130416,D,20120912,000000,4.6998000,4.7000000,4.6900000,4.6900000,61.000
21116_090101_130416,D,20120913,000000,4.7000000,4.7000000,4.6500000,4.7000000,26.000
21116_090101_130416,D,20120914,000000,4.6999000,5.2000000,4.4096000,4.9998000,85.000
21116_090101_130416,D,20120917,000000,4.9999000,5.0000000,4.9999000,5.0000000,267.000
21116_090101_130416,D,20120918,000000,5.0000000,5.0500000,5.0000000,5.0000000,90.000
21116_090101_130416,D,20120919,000000,5.0000000,5.0001000,5.0000000,5.0000000,41.000
21116_090101_130416,D,20120920,000000,5.0000000,5.0000000,5.0000000,5.0000000,23.000
21116_090101_130416,D,20120925,000000,5.0001000,5.0002000,5.0001000,5.0002000,55.000
21116_090101_130416,D,20120926,000000,5.0001000,5.0001000,5.0001000,5.0001000,1.000
21116_090101_130416,D,20120927,000000,5.1001000,5.1001000,5.1001000,5.1001000,15.000
21116_090101_130416,D,20120928,000000,5.2500000,5.3000000,5.2500000,5.2501000,66.000
21116_090101_130416,D,20121001,000000,5.2500000,5.2500000,5.1500000,5.1500000,8.000
21116_090101_130416,D,20121002,000000,5.4500000,5.5000000,5.4500000,5.5000000,107.000
21116_090101_130416,D,20121003,000000,4.1606000,5.7999000,4.1606000,5.5000000,5.000
21116_090101_130416,D,20121004,000000,5.5000000,5.5000000,5.5000000,5.5000000,25.000
21116_090101_130416,D,20121005,000000,5.8000000,6.4000000,5.8000000,6.1505000,192.000
21116_090101_130416,D,20121008,000000,6.5000000,6.6499000,6.5000000,6.6499000,2.000
21116_090101_130416,D,20121009,000000,6.9999000,6.9999000,6.4000000,6.4000000,14.000
21116_090101_130416,D,20121010,000000,6.5000000,7.4000000,6.3000000,6.9000000,187.000
21116_090101_130416,D,20121011,000000,6.8000000,6.8000000,6.8000000,6.8000000,1.000
21116_090101_130416,D,20121012,000000,6.4001000,6.4001000,6.4001000,6.4001000,6.000
21116_090101_130416,D,20121015,000000,6.4001000,6.4001000,6.3000000,6.3000000,20.000
21116_090101_130416,D,20121016,000000,6.3000000,6.3000000,6.3000000,6.3000000,12.000
21116_090101_130416,D,20121017,000000,6.2500000,6.2500000,6.2000000,6.2000000,7.000
21116_090101_130416,D,20121018,000000,6.2996000,6.3000000,6.2800000,6.3000000,54.000
21116_090101_130416,D,20121019,000000,6.3000000,6.3000000,6.3000000,6.3000000,5.000
21116_090101_130416,D,20121022,000000,6.5000000,6.7000000,6.5000000,6.7000000,54.000
21116_090101_130416,D,20121023,000000,6.5000000,6.5000000,6.5000000,6.5000000,50.000
21116_090101_130416,D,20121024,000000,6.2001000,6.5000000,6.1500000,6.5000000,227.000
21116_090101_130416,D,20121026,000000,6.2000000,6.2000000,6.2000000,6.2000000,18.000
21116_090101_130416,D,20121030,000000,6.3000000,6.3000000,6.3000000,6.3000000,92.000
21116_090101_130416,D,20121031,000000,6.3000000,6.3001000,6.3000000,6.3000000,50.000
21116_090101_130416,D,20121101,000000,6.3001000,6.3001000,6.3000000,6.3000000,22.000
21116_090101_130416,D,20121106,000000,6.3000000,6.7000000,6.3000000,6.7000000,128.000
21116_090101_130416,D,20121108,000000,6.2000000,6.2001000,6.2000000,6.2001000,11.000
21116_090101_130416,D,20121109,000000,6.2000000,7.0000000,6.2000000,6.2000000,87.000
21116_090101_130416,D,20121115,000000,6.2000000,6.2000000,6.2000000,6.2000000,5.000
21116_090101_130416,D,20121116,000000,6.2223000,6.2223000,6.2223000,6.2223000,1.000
21116_090101_130416,D,20121123,000000,6.1128000,6.1500000,6.1127000,6.1500000,88.000
21116_090101_130416,D,20121126,000000,5.8001000,6.1500000,5.8001000,6.1500000,19.000
21116_090101_130416,D,20121127,000000,6.2000000,6.2000000,6.2000000,6.2000000,1.000
21116_090101_130416,D,20121130,000000,5.8001000,5.8001000,5.8001000,5.8001000,3.000
21116_090101_130416,D,20121203,000000,5.8001000,5.9999000,5.8001000,5.9999000,7.000
21116_090101_130416,D,20121204,000000,6.0000000,6.1499000,5.8052000,5.8052000,27.000
21116_090101_130416,D,20121205,000000,5.8003000,5.8003000,5.8001000,5.8002000,49.000
21116_090101_130416,D,20121206,000000,5.8003000,5.8501000,4.5555000,5.5499000,225.000
21116_090101_130416,D,20121207,000000,5.4001000,6.0000000,5.4001000,5.5001000,55.000
21116_090101_130416,D,20121210,000000,5.5000000,5.8000000,5.5000000,5.8000000,10.000
21116_090101_130416,D,20121211,000000,5.8000000,5.8000000,5.6153000,5.6153000,10.000
21116_090101_130416,D,20121212,000000,6.3499000,6.3499000,6.3499000,6.3499000,1.000
21116_090101_130416,D,20121217,000000,5.6003000,5.6003000,5.6003000,5.6003000,1.000
21116_090101_130416,D,20121221,000000,5.7500000,6.0000000,5.7500000,5.8000000,1.933.000
21116_090101_130416,D,20121224,000000,5.5001000,5.5001000,5.5000000,5.5001000,7.000
21116_090101_130416,D,20121225,000000,5.6500000,6.2777000,5.6255000,5.8000000,27.000
21116_090101_130416,D,20121226,000000,5.8000000,5.8000000,5.6015000,5.6015000,3.000
21116_090101_130416,D,20121228,000000,5.5111000,6.0000000,5.5000000,6.0000000,117.000
21116_090101_130416,D,20130108,000000,5.5222000,5.5222000,5.5222000,5.5222000,1.000
21116_090101_130416,D,20130114,000000,5.3233000,5.5014000,5.3233000,5.5000000,17.000
21116_090101_130416,D,20130118,000000,5.4445000,5.4445000,5.4000000,5.4000000,5.000
21116_090101_130416,D,20130122,000000,5.4000000,5.6977000,5.4000000,5.6177000,21.000
21116_090101_130416,D,20130123,000000,5.9777000,5.9777000,5.4045000,5.6888000,4.000
21116_090101_130416,D,20130128,000000,5.7468000,5.7468000,5.7468000,5.7468000,1.000
21116_090101_130416,D,20130129,000000,5.4000000,5.5555000,5.4000000,5.5555000,6.000
21116_090101_130416,D,20130130,000000,5.4044000,5.5000000,5.4000000,5.5000000,22.000
21116_090101_130416,D,20130204,000000,5.4000000,5.4000000,5.4000000,5.4000000,4.000
21116_090101_130416,D,20130205,000000,5.4000000,5.5540000,5.4000000,5.5540000,5.000
21116_090101_130416,D,20130207,000000,5.3998000,5.5437000,5.3998000,5.5437000,7.000
21116_090101_130416,D,20130208,000000,5.5000000,5.5000000,5.4044000,5.4044000,18.000
21116_090101_130416,D,20130211,000000,5.4500000,5.5437000,5.4500000,5.4500000,16.000
21116_090101_130416,D,20130212,000000,5.4200000,5.5222000,5.4200000,5.4500000,14.000
21116_090101_130416,D,20130213,000000,5.4200000,5.4200000,5.4200000,5.4200000,1.000
21116_090101_130416,D,20130214,000000,5.5200000,5.5200000,5.5200000,5.5200000,140.000
21116_090101_130416,D,20130218,000000,5.4001000,5.4001000,5.4000000,5.4000000,17.000
21116_090101_130416,D,20130219,000000,5.4000000,5.5197000,5.3500000,5.5000000,58.000
21116_090101_130416,D,20130221,000000,5.4000000,5.4000000,5.4000000,5.4000000,4.000
21116_090101_130416,D,20130222,000000,5.5000000,5.5000000,5.5000000,5.5000000,334.000
21116_090101_130416,D,20130227,000000,5.5000000,5.5000000,5.5000000,5.5000000,1.000
21116_090101_130416,D,20130228,000000,5.5000000,5.5500000,5.5000000,5.5500000,1.065.000
21116_090101_130416,D,20130301,000000,5.5000000,5.5000000,5.4901000,5.5000000,4.007.000
21116_090101_130416,D,20130304,000000,5.5000000,5.5000000,5.4000000,5.4000000,7.000
21116_090101_130416,D,20130305,000000,5.4000000,5.7491000,5.4000000,5.7000000,26.000
21116_090101_130416,D,20130307,000000,5.3503000,5.3503000,5.3502000,5.3502000,4.000
21116_090101_130416,D,20130311,000000,5.4000000,5.4000000,5.4000000,5.4000000,4.000
21116_090101_130416,D,20130312,000000,5.3501000,5.5700000,5.3500000,5.5600000,1.669.000
21116_090101_130416,D,20130313,000000,5.3001000,5.3999000,5.3001000,5.3001000,12.000
21116_090101_130416,D,20130318,000000,5.2001000,5.2001000,5.2001000,5.2001000,10.000
21116_090101_130416,D,20130319,000000,5.2111000,5.2111000,5.2111000,5.2111000,1.000
21116_090101_130416,D,20130320,000000,5.2001000,5.5995000,5.2001000,5.5995000,9.000
21116_090101_130416,D,20130321,000000,5.4999000,5.4999000,5.4999000,5.4999000,3.000
21116_090101_130416,D,20130322,000000,5.2002000,5.2002000,5.2000000,5.2000000,102.000
21116_090101_130416,D,20130325,000000,5.1011000,5.1011000,5.1000000,5.1000000,9.000
21116_090101_130416,D,20130327,000000,4.6000000,5.0777000,4.1177000,5.0777000,9.000
21116_090101_130416,D,20130401,000000,4.9999000,5.0994000,4.9999000,5.0000000,42.000
21116_090101_130416,D,20130402,000000,5.0000000,5.0444000,4.7000000,5.0000000,151.000
21116_090101_130416,D,20130403,000000,4.8000000,5.1999000,4.6666000,4.6666000,3.000
