<TICKER>,<PER>,<DATE>,<TIME>,<OPEN>,<HIGH>,<LOW>,<CLOSE>,<VOL>
21167_090101_130416,D,20090408,000000,20.0000000,20.0000000,19.1000000,20.0000000,8.693
21167_090101_130416,D,20090409,000000,21.0000000,27.1700000,21.0000000,21.5200000,51.959
21167_090101_130416,D,20090410,000000,21.0700000,22.0000000,21.0000000,21.8500000,14.160
21167_090101_130416,D,20090413,000000,21.5000000,22.0000000,21.0100000,21.4100000,5.918
21167_090101_130416,D,20090414,000000,23.0000000,23.0000000,17.0500000,19.5000000,28.482
21167_090101_130416,D,20090415,000000,21.7000000,21.7000000,20.0000000,20.0000000,2.635
21167_090101_130416,D,20090416,000000,20.0100000,20.4800000,20.0000000,20.0000000,1.618
21167_090101_130416,D,20090417,000000,20.3300000,20.5700000,20.3300000,20.3300000,2.762
21167_090101_130416,D,20090420,000000,21.5500000,22.0100000,17.0000000,20.5000000,14.025
21167_090101_130416,D,20090421,000000,20.0100000,20.0100000,19.5000000,19.5000000,8.127
21167_090101_130416,D,20090422,000000,19.6000000,20.5000000,19.6000000,19.8000000,24
21167_090101_130416,D,20090423,000000,20.0000000,20.0000000,19.7700000,19.7700000,7
21167_090101_130416,D,20090424,000000,20.0000000,20.9900000,20.0000000,20.0000000,1.046
21167_090101_130416,D,20090427,000000,20.5900000,20.6000000,20.5900000,20.5900000,498
21167_090101_130416,D,20090428,000000,22.4000000,22.4000000,17.0000000,20.1000000,5.040
21167_090101_130416,D,20090429,000000,20.0000000,20.3000000,19.8300000,19.8300000,34
21167_090101_130416,D,20090430,000000,20.0400000,20.4000000,19.5500000,20.4000000,22
21167_090101_130416,D,20090504,000000,20.4000000,20.4000000,19.5000000,20.0000000,1.298
21167_090101_130416,D,20090505,000000,20.5400000,20.5400000,19.5000000,19.5000000,770
21167_090101_130416,D,20090506,000000,19.5000000,20.2100000,19.3000000,19.7200000,2.821
21167_090101_130416,D,20090507,000000,19.9000000,20.3300000,19.9000000,20.3300000,5.043
21167_090101_130416,D,20090508,000000,20.0000000,20.3300000,20.0000000,20.0000000,5.586
21167_090101_130416,D,20090512,000000,20.2200000,20.2200000,20.0000000,20.2200000,5.071
21167_090101_130416,D,20090513,000000,20.2200000,20.2200000,19.7000000,19.7000000,2.619
21167_090101_130416,D,20090514,000000,20.0000000,20.5000000,19.7000000,20.4000000,14.112
21167_090101_130416,D,20090515,000000,20.3500000,20.4300000,20.0000000,20.0000000,565
21167_090101_130416,D,20090518,000000,20.0000000,20.0000000,19.6000000,20.0000000,327
21167_090101_130416,D,20090519,000000,19.7000000,19.8300000,19.7000000,19.8000000,5.209
21167_090101_130416,D,20090520,000000,19.8000000,19.8300000,19.6000000,19.8300000,6.267
21167_090101_130416,D,20090521,000000,19.8300000,19.8300000,19.8200000,19.8200000,8.011
21167_090101_130416,D,20090522,000000,19.8000000,19.8500000,19.8000000,19.8000000,975
21167_090101_130416,D,20090525,000000,19.9000000,20.3200000,19.9000000,19.9000000,2.202
21167_090101_130416,D,20090526,000000,20.0100000,20.1900000,20.0000000,20.1900000,7.229
21167_090101_130416,D,20090527,000000,19.9200000,28.2700000,19.9200000,20.5000000,56.193
21167_090101_130416,D,20090528,000000,21.2300000,21.2300000,20.5000000,20.5000000,210
21167_090101_130416,D,20090529,000000,21.5000000,21.5000000,20.5000000,21.4700000,8.527
21167_090101_130416,D,20090601,000000,21.8900000,21.8900000,20.9900000,21.0000000,8.827
21167_090101_130416,D,20090602,000000,20.9900000,20.9900000,20.0500000,20.1000000,7.200
21167_090101_130416,D,20090603,000000,20.5000000,21.4600000,20.3400000,21.2000000,5.371
21167_090101_130416,D,20090604,000000,20.9600000,20.9600000,20.2400000,20.2400000,528
21167_090101_130416,D,20090605,000000,21.0000000,21.0000000,20.5100000,20.5100000,3.027
21167_090101_130416,D,20090608,000000,20.7900000,20.9700000,20.7900000,20.9700000,169
21167_090101_130416,D,20090609,000000,20.0200000,20.9600000,20.0000000,20.0000000,2.978
21167_090101_130416,D,20090610,000000,20.8900000,20.8900000,20.0000000,20.0000000,718
21167_090101_130416,D,20090611,000000,20.5000000,20.5000000,20.3000000,20.3000000,5.020
21167_090101_130416,D,20090615,000000,20.6000000,20.6000000,20.0000000,20.0000000,1.020
21167_090101_130416,D,20090616,000000,20.0100000,20.4700000,20.0000000,20.4700000,483
21167_090101_130416,D,20090617,000000,20.8800000,20.8800000,20.0000000,20.3300000,4.105
21167_090101_130416,D,20090618,000000,20.3700000,20.4600000,20.0000000,20.4400000,1.096
21167_090101_130416,D,20090619,000000,20.4000000,20.4900000,20.3300000,20.3900000,3.415
21167_090101_130416,D,20090622,000000,20.0000000,20.8000000,20.0000000,20.8000000,3.300
21167_090101_130416,D,20090623,000000,19.5100000,20.3000000,19.5000000,20.3000000,4.842
21167_090101_130416,D,20090624,000000,21.9000000,21.9000000,21.9000000,21.9000000,40
21167_090101_130416,D,20090625,000000,23.0000000,23.0000000,20.0100000,20.6600000,2.083
21167_090101_130416,D,20090626,000000,20.2000000,20.7000000,20.1900000,20.7000000,3.650
21167_090101_130416,D,20090629,000000,21.0000000,21.0000000,20.7000000,20.7000000,2.402
21167_090101_130416,D,20090630,000000,20.7000000,20.7000000,20.0300000,20.6000000,2.716
21167_090101_130416,D,20090701,000000,20.5000000,20.6700000,20.5000000,20.6500000,2.546
21167_090101_130416,D,20090702,000000,20.9900000,20.9900000,20.7000000,20.7300000,2.405
21167_090101_130416,D,20090703,000000,20.5000000,20.9900000,20.5000000,20.6600000,3.292
21167_090101_130416,D,20090706,000000,20.5000000,20.9500000,20.5000000,20.9500000,3.079
21167_090101_130416,D,20090707,000000,20.5000000,20.5000000,20.0000000,20.4500000,7.423
21167_090101_130416,D,20090708,000000,20.3000000,20.4100000,20.0100000,20.4100000,2.969
21167_090101_130416,D,20090709,000000,20.2500000,20.3000000,20.2000000,20.2500000,2.910
21167_090101_130416,D,20090710,000000,20.1500000,20.2800000,20.0000000,20.2500000,3.183
21167_090101_130416,D,20090713,000000,20.0000000,20.1000000,19.9400000,20.1000000,2.347
21167_090101_130416,D,20090714,000000,20.3000000,20.3500000,20.1500000,20.2000000,2.890
21167_090101_130416,D,20090715,000000,20.4900000,20.4900000,20.3000000,20.3500000,2.773
21167_090101_130416,D,20090716,000000,20.1000000,20.1500000,20.0500000,20.1000000,2.906
21167_090101_130416,D,20090717,000000,20.4800000,20.4800000,20.0100000,20.4500000,3.144
21167_090101_130416,D,20090720,000000,20.4900000,20.4900000,20.4900000,20.4900000,3.005
21167_090101_130416,D,20090722,000000,20.4900000,20.8300000,20.4900000,20.7900000,2.705
21167_090101_130416,D,20090723,000000,21.1500000,21.3300000,20.6700000,21.3300000,5.002
21167_090101_130416,D,20090724,000000,21.6800000,21.6800000,20.7000000,20.7000000,3.839
21167_090101_130416,D,20090727,000000,20.9900000,23.2300000,20.9900000,21.6500000,2.550
21167_090101_130416,D,20090728,000000,21.5000000,21.5000000,21.5000000,21.5000000,5
21167_090101_130416,D,20090729,000000,21.0000000,21.0000000,21.0000000,21.0000000,3.333
21167_090101_130416,D,20090730,000000,20.8300000,20.9800000,20.8300000,20.9800000,3.338
21167_090101_130416,D,20090731,000000,20.9900000,21.0000000,20.8300000,21.0000000,7.238
21167_090101_130416,D,20090803,000000,21.0000000,21.3200000,20.3400000,20.9900000,2.723
21167_090101_130416,D,20090804,000000,20.5100000,20.5100000,20.5100000,20.5100000,498
21167_090101_130416,D,20090805,000000,21.5000000,21.7700000,21.4700000,21.4900000,3.263
21167_090101_130416,D,20090806,000000,21.0100000,21.5000000,21.0100000,21.5000000,3.458
21167_090101_130416,D,20090807,000000,20.9900000,21.0000000,20.0000000,20.9700000,1.405
21167_090101_130416,D,20090810,000000,20.5000000,20.5000000,20.5000000,20.5000000,5.380
21167_090101_130416,D,20090811,000000,20.9900000,20.9900000,20.0100000,20.0100000,1.605
21167_090101_130416,D,20090812,000000,20.6400000,20.6400000,20.0200000,20.6400000,2.506
21167_090101_130416,D,20090813,000000,20.0000000,20.5900000,20.0000000,20.5000000,2.435
21167_090101_130416,D,20090814,000000,20.5700000,20.5700000,20.2000000,20.2000000,4.101
21167_090101_130416,D,20090817,000000,20.0100000,20.5000000,20.0100000,20.5000000,498
21167_090101_130416,D,20090818,000000,20.3300000,21.3200000,20.3300000,21.3200000,1.038
21167_090101_130416,D,20090819,000000,20.9900000,20.9900000,20.5300000,20.5300000,3.027
21167_090101_130416,D,20090820,000000,20.6900000,20.6900000,20.6900000,20.6900000,4.000
21167_090101_130416,D,20090821,000000,20.8300000,20.8300000,20.8300000,20.8300000,2.000
21167_090101_130416,D,20090824,000000,20.8300000,20.8300000,20.8000000,20.8200000,2.119
21167_090101_130416,D,20090825,000000,20.8200000,21.0000000,20.5000000,20.5000000,1.058
21167_090101_130416,D,20090826,000000,20.5000000,20.5100000,20.4900000,20.5000000,6.535
21167_090101_130416,D,20090827,000000,20.5000000,20.5000000,20.4900000,20.4900000,3.025
21167_090101_130416,D,20090828,000000,21.0000000,21.0900000,21.0000000,21.0900000,2.026
21167_090101_130416,D,20090831,000000,21.0000000,27.8800000,21.0000000,21.5000000,15.206
21167_090101_130416,D,20090901,000000,27.0000000,27.0000000,20.5300000,21.5000000,2.041
21167_090101_130416,D,20090902,000000,20.5200000,21.5000000,20.5000000,21.5000000,6.521
21167_090101_130416,D,20090903,000000,21.4900000,21.5000000,20.5000000,21.5000000,1.114
21167_090101_130416,D,20090904,000000,20.5200000,24.9900000,20.2200000,21.5000000,3.489
21167_090101_130416,D,20090907,000000,20.8200000,21.4600000,20.5000000,21.3000000,7.003
21167_090101_130416,D,20090908,000000,20.7500000,21.2500000,20.3300000,20.9900000,3.654
21167_090101_130416,D,20090909,000000,20.7000000,21.2900000,20.6000000,21.2900000,70
21167_090101_130416,D,20090910,000000,20.5200000,21.1700000,20.2400000,20.2400000,3.228
21167_090101_130416,D,20090911,000000,20.9900000,20.9900000,20.4100000,20.8900000,254
21167_090101_130416,D,20090914,000000,20.9900000,20.9900000,20.9800000,20.9800000,3.005
21167_090101_130416,D,20090915,000000,20.9600000,24.5000000,20.6000000,21.7200000,8.690
21167_090101_130416,D,20090916,000000,21.9400000,22.3700000,21.0100000,21.0700000,879
21167_090101_130416,D,20090917,000000,21.4100000,21.6300000,21.2000000,21.6300000,3.191
21167_090101_130416,D,20090918,000000,21.6900000,21.7000000,21.6900000,21.7000000,2.529
21167_090101_130416,D,20090921,000000,21.7100000,21.7400000,21.5000000,21.7400000,220
21167_090101_130416,D,20090922,000000,21.5200000,21.8900000,21.0100000,21.4000000,10.285
21167_090101_130416,D,20090923,000000,21.3100000,21.5000000,21.0100000,21.0100000,6.355
21167_090101_130416,D,20090924,000000,21.3000000,21.8300000,21.3000000,21.5200000,1.002
21167_090101_130416,D,20090925,000000,21.5200000,21.7200000,21.0500000,21.7200000,105
21167_090101_130416,D,20090928,000000,21.3100000,21.5000000,21.1000000,21.1000000,72
21167_090101_130416,D,20090929,000000,21.5000000,21.5000000,21.2900000,21.3000000,28
21167_090101_130416,D,20090930,000000,21.1000000,21.1000000,21.0000000,21.0100000,5.400
21167_090101_130416,D,20091001,000000,21.3000000,21.3100000,21.2000000,21.3100000,190
21167_090101_130416,D,20091002,000000,21.1000000,21.3100000,21.0200000,21.3100000,558
21167_090101_130416,D,20091005,000000,21.0000000,21.3100000,21.0000000,21.2900000,1.120
21167_090101_130416,D,20091006,000000,21.3100000,21.6500000,21.0100000,21.0100000,1.247
21167_090101_130416,D,20091007,000000,20.8900000,21.1000000,19.9100000,21.1000000,4.746
21167_090101_130416,D,20091008,000000,21.3100000,21.3100000,21.3100000,21.3100000,1
21167_090101_130416,D,20091009,000000,21.3000000,21.3000000,20.8900000,20.8900000,207
21167_090101_130416,D,20091012,000000,21.2200000,21.4800000,20.8500000,21.2700000,3.645
21167_090101_130416,D,20091013,000000,21.2700000,21.4900000,20.7500000,21.4800000,3.932
21167_090101_130416,D,20091014,000000,21.4200000,21.4200000,20.8300000,21.2600000,156
21167_090101_130416,D,20091015,000000,21.2000000,21.5000000,21.0100000,21.2700000,2.496
21167_090101_130416,D,20091016,000000,21.1000000,21.6500000,21.0000000,21.0000000,8.151
21167_090101_130416,D,20091019,000000,21.4700000,21.4700000,21.0000000,21.0000000,79
21167_090101_130416,D,20091020,000000,20.8600000,20.8600000,20.0300000,20.6400000,493
21167_090101_130416,D,20091021,000000,20.6400000,21.1100000,20.6400000,21.1100000,498
21167_090101_130416,D,20091022,000000,21.0000000,21.0000000,21.0000000,21.0000000,6.013
21167_090101_130416,D,20091023,000000,21.1500000,21.1500000,21.1500000,21.1500000,5.000
21167_090101_130416,D,20091026,000000,21.2600000,21.3000000,21.0500000,21.0500000,520
21167_090101_130416,D,20091027,000000,21.0000000,21.0000000,20.9400000,21.0000000,4.815
21167_090101_130416,D,20091028,000000,21.0000000,21.0000000,20.5000000,20.5000000,3.583
21167_090101_130416,D,20091029,000000,20.0700000,20.6000000,20.0000000,20.0100000,332
21167_090101_130416,D,20091030,000000,20.7000000,20.8400000,20.7000000,20.8000000,150
21167_090101_130416,D,20091102,000000,20.4500000,20.4500000,20.0500000,20.4500000,5.060
21167_090101_130416,D,20091105,000000,20.0200000,20.0200000,20.0100000,20.0100000,153
21167_090101_130416,D,20091106,000000,20.1000000,20.3700000,19.9900000,19.9900000,8.254
21167_090101_130416,D,20091109,000000,19.9100000,20.3500000,19.9000000,20.3500000,106
21167_090101_130416,D,20091110,000000,20.3400000,21.0000000,20.0300000,21.0000000,1.542
21167_090101_130416,D,20091111,000000,20.6300000,20.6300000,20.0100000,20.2300000,4.357
21167_090101_130416,D,20091112,000000,20.2200000,27.8800000,20.0000000,20.0000000,16.931
21167_090101_130416,D,20091113,000000,20.0300000,20.3600000,20.0100000,20.3600000,5.714
21167_090101_130416,D,20091116,000000,20.0300000,20.2200000,20.0100000,20.0200000,1.624
21167_090101_130416,D,20091117,000000,20.1200000,20.1200000,20.0000000,20.0100000,5.324
21167_090101_130416,D,20091118,000000,20.2000000,20.2000000,20.0300000,20.0300000,666
21167_090101_130416,D,20091119,000000,20.0100000,20.0100000,20.0000000,20.0100000,6.500
21167_090101_130416,D,20091120,000000,20.0500000,20.0600000,20.0100000,20.0100000,1.198
21167_090101_130416,D,20091123,000000,20.0000000,20.1900000,20.0000000,20.1900000,502
21167_090101_130416,D,20091124,000000,20.1500000,20.1600000,20.1500000,20.1600000,3.185
21167_090101_130416,D,20091125,000000,20.0000000,20.1500000,20.0000000,20.0000000,2.147
21167_090101_130416,D,20091126,000000,20.0100000,20.0600000,20.0000000,20.0600000,1.031
21167_090101_130416,D,20091127,000000,19.3100000,20.0000000,19.2000000,20.0000000,1.144
21167_090101_130416,D,20091130,000000,20.0100000,20.0100000,20.0000000,20.0000000,1.644
21167_090101_130416,D,20091201,000000,20.0000000,20.1900000,20.0000000,20.0000000,415
21167_090101_130416,D,20091202,000000,20.1900000,20.1900000,20.0000000,20.0000000,10
21167_090101_130416,D,20091203,000000,20.1000000,20.1000000,20.1000000,20.1000000,1
21167_090101_130416,D,20091204,000000,20.1900000,20.1900000,20.0000000,20.0000000,15
21167_090101_130416,D,20091207,000000,20.1400000,20.1400000,20.1400000,20.1400000,1
21167_090101_130416,D,20091208,000000,20.1200000,20.1200000,20.1200000,20.1200000,500
21167_090101_130416,D,20091209,000000,19.9900000,19.9900000,19.9900000,19.9900000,101
21167_090101_130416,D,20091210,000000,20.1000000,20.1000000,20.1000000,20.1000000,49
21167_090101_130416,D,20091211,000000,20.1200000,20.8300000,20.0500000,20.0500000,1.300
21167_090101_130416,D,20091214,000000,20.0300000,20.1700000,20.0000000,20.1700000,1.830
21167_090101_130416,D,20091215,000000,20.0900000,20.0900000,20.0900000,20.0900000,6
21167_090101_130416,D,20091216,000000,20.0100000,20.2200000,20.0000000,20.0100000,418
21167_090101_130416,D,20091217,000000,20.1500000,20.1500000,20.0000000,20.0100000,69
21167_090101_130416,D,20091218,000000,20.0800000,20.0800000,20.0800000,20.0800000,1
21167_090101_130416,D,20091221,000000,19.8700000,19.8700000,19.8700000,19.8700000,1
21167_090101_130416,D,20091222,000000,20.0000000,20.2000000,20.0000000,20.0000000,14
21167_090101_130416,D,20091223,000000,20.0700000,20.0700000,20.0000000,20.0000000,103
21167_090101_130416,D,20091224,000000,20.0000000,20.0000000,20.0000000,20.0000000,710
21167_090101_130416,D,20091225,000000,20.0100000,20.0900000,20.0100000,20.0900000,7.006
21167_090101_130416,D,20091228,000000,20.0900000,20.0900000,20.0800000,20.0800000,4.026
21167_090101_130416,D,20091229,000000,20.2100000,20.2100000,20.2100000,20.2100000,3.000
21167_090101_130416,D,20091230,000000,20.0100000,20.0500000,20.0000000,20.0000000,225
21167_090101_130416,D,20100111,000000,20.0100000,20.0100000,20.0000000,20.0000000,25
21167_090101_130416,D,20100112,000000,20.2200000,20.2200000,20.2200000,20.2200000,1
21167_090101_130416,D,20100113,000000,20.0700000,20.0700000,20.0000000,20.0000000,4.792
21167_090101_130416,D,20100114,000000,20.0300000,20.0300000,20.0000000,20.0000000,85
21167_090101_130416,D,20100115,000000,20.0000000,20.2200000,20.0000000,20.0300000,468
21167_090101_130416,D,20100118,000000,20.0100000,20.2000000,20.0100000,20.2000000,1.062
21167_090101_130416,D,20100119,000000,20.2300000,21.0000000,20.2200000,20.9000000,1.105
21167_090101_130416,D,20100120,000000,20.6300000,26.9700000,20.4300000,21.0900000,40.091
21167_090101_130416,D,20100121,000000,21.4500000,21.4700000,20.5100000,21.0000000,7.273
21167_090101_130416,D,20100122,000000,20.9900000,20.9900000,20.8400000,20.8500000,11
21167_090101_130416,D,20100125,000000,21.2600000,21.2600000,20.0300000,20.0300000,1.428
21167_090101_130416,D,20100126,000000,20.8100000,20.8100000,20.8100000,20.8100000,2
21167_090101_130416,D,20100127,000000,20.8100000,20.8100000,20.8100000,20.8100000,1
21167_090101_130416,D,20100128,000000,20.7900000,20.7900000,15.0000000,19.7500000,15.334
21167_090101_130416,D,20100129,000000,19.5100000,19.8000000,19.5000000,19.8000000,963
21167_090101_130416,D,20100201,000000,19.8200000,19.8300000,19.5000000,19.5000000,107
21167_090101_130416,D,20100202,000000,19.8300000,20.0300000,19.6800000,19.6800000,114
21167_090101_130416,D,20100203,000000,20.0000000,20.1000000,19.8300000,19.8300000,2.728
21167_090101_130416,D,20100204,000000,19.9000000,20.1900000,19.8500000,19.9800000,2.628
21167_090101_130416,D,20100205,000000,19.8400000,19.8400000,19.5000000,19.5000000,1.293
21167_090101_130416,D,20100208,000000,20.0200000,20.0200000,19.6300000,19.6300000,85
21167_090101_130416,D,20100209,000000,19.7000000,19.7000000,19.7000000,19.7000000,1
21167_090101_130416,D,20100210,000000,19.8300000,20.0200000,19.6300000,20.0200000,72
21167_090101_130416,D,20100211,000000,20.0100000,20.0100000,19.5100000,19.5100000,15
21167_090101_130416,D,20100212,000000,20.0000000,20.0000000,19.6000000,19.6000000,1.000
21167_090101_130416,D,20100215,000000,19.5000000,19.8500000,19.5000000,19.8500000,1.791
21167_090101_130416,D,20100216,000000,19.2500000,20.3400000,17.5000000,19.6300000,600
21167_090101_130416,D,20100217,000000,19.5100000,20.1900000,19.5100000,19.9800000,2.183
21167_090101_130416,D,20100218,000000,20.3900000,20.3900000,19.5300000,19.5300000,650
21167_090101_130416,D,20100219,000000,20.3900000,20.3900000,20.0500000,20.3500000,6.242
21167_090101_130416,D,20100224,000000,20.0200000,20.6200000,20.0100000,20.6200000,165
21167_090101_130416,D,20100225,000000,20.0100000,20.4800000,20.0100000,20.0100000,5.305
21167_090101_130416,D,20100226,000000,20.4500000,20.4500000,20.4500000,20.4500000,1
21167_090101_130416,D,20100227,000000,20.6600000,20.6600000,20.6600000,20.6600000,1
21167_090101_130416,D,20100301,000000,20.3300000,20.7000000,20.0000000,20.6300000,28.851
21167_090101_130416,D,20100302,000000,20.0100000,20.5100000,20.0100000,20.0200000,913
21167_090101_130416,D,20100303,000000,20.3000000,20.3000000,20.0000000,20.0000000,152
21167_090101_130416,D,20100304,000000,20.0000000,20.2600000,20.0000000,20.2600000,2.228
21167_090101_130416,D,20100305,000000,20.0300000,20.0300000,20.0000000,20.0000000,40
21167_090101_130416,D,20100309,000000,20.0000000,20.0900000,20.0000000,20.0900000,2.072
21167_090101_130416,D,20100310,000000,20.0000000,20.0000000,20.0000000,20.0000000,2.070
21167_090101_130416,D,20100312,000000,20.0100000,20.6500000,20.0100000,20.6100000,320
21167_090101_130416,D,20100315,000000,20.0200000,20.2700000,20.0100000,20.2200000,16
21167_090101_130416,D,20100316,000000,20.0400000,20.9900000,20.0000000,20.9900000,1.897
21167_090101_130416,D,20100317,000000,20.0200000,20.9900000,20.0000000,20.0100000,43.456
21167_090101_130416,D,20100318,000000,18.5600000,20.0800000,18.5600000,20.0800000,16.528
21167_090101_130416,D,20100319,000000,20.1000000,20.1500000,20.0000000,20.0000000,2.796
21167_090101_130416,D,20100322,000000,20.1800000,20.1800000,19.5700000,20.1800000,12
21167_090101_130416,D,20100323,000000,20.1800000,20.1800000,20.1800000,20.1800000,6
21167_090101_130416,D,20100324,000000,20.1700000,20.1700000,19.8000000,19.8000000,2
21167_090101_130416,D,20100326,000000,19.8000000,20.3200000,19.7000000,20.3000000,22
21167_090101_130416,D,20100329,000000,20.2200000,20.3400000,20.0100000,20.0100000,2.268
21167_090101_130416,D,20100330,000000,20.2400000,20.8300000,20.2400000,20.8300000,28.288
21167_090101_130416,D,20100331,000000,20.9000000,22.7600000,20.0200000,20.0200000,71
21167_090101_130416,D,20100402,000000,20.9900000,20.9900000,20.0200000,20.0200000,181
21167_090101_130416,D,20100405,000000,20.5000000,20.5000000,20.0500000,20.0500000,229
21167_090101_130416,D,20100406,000000,20.9400000,20.9900000,20.0100000,20.9900000,2.433
21167_090101_130416,D,20100407,000000,20.8500000,20.8500000,20.0000000,20.0000000,12
21167_090101_130416,D,20100408,000000,20.8100000,20.8100000,20.8100000,20.8100000,29
21167_090101_130416,D,20100409,000000,20.5500000,20.5500000,20.0100000,20.1100000,488
21167_090101_130416,D,20100412,000000,20.5500000,20.6600000,19.0000000,20.5400000,1.146
21167_090101_130416,D,20100413,000000,20.5300000,20.5300000,20.5300000,20.5300000,1
21167_090101_130416,D,20100414,000000,20.5000000,20.5000000,20.4900000,20.4900000,2
21167_090101_130416,D,20100415,000000,20.5400000,20.5800000,19.0100000,20.4300000,2.012
21167_090101_130416,D,20100416,000000,20.4300000,20.5300000,20.4300000,20.5100000,300
21167_090101_130416,D,20100419,000000,20.4300000,20.4300000,20.4300000,20.4300000,5
21167_090101_130416,D,20100422,000000,19.2600000,19.2600000,19.2500000,19.2500000,4
21167_090101_130416,D,20100427,000000,20.5000000,21.0000000,18.2600000,18.2600000,565
21167_090101_130416,D,20100428,000000,19.9900000,19.9900000,19.9900000,19.9900000,4
21167_090101_130416,D,20100430,000000,20.2400000,20.2400000,20.2400000,20.2400000,1
21167_090101_130416,D,20100505,000000,20.2300000,20.2300000,20.2300000,20.2300000,1
21167_090101_130416,D,20100506,000000,20.0000000,20.0000000,20.0000000,20.0000000,1
21167_090101_130416,D,20100507,000000,18.2500000,18.2500000,18.0000000,18.0000000,109
21167_090101_130416,D,20100511,000000,18.0000000,18.0000000,18.0000000,18.0000000,1.000
21167_090101_130416,D,20100512,000000,18.1000000,19.9300000,18.1000000,19.9300000,501
21167_090101_130416,D,20100514,000000,18.0100000,18.0100000,18.0100000,18.0100000,167
21167_090101_130416,D,20100517,000000,18.0100000,19.7900000,18.0100000,19.7900000,671
21167_090101_130416,D,20100518,000000,19.6300000,19.6300000,19.6300000,19.6300000,1
21167_090101_130416,D,20100519,000000,18.0300000,18.0300000,18.0200000,18.0200000,223
21167_090101_130416,D,20100520,000000,19.9000000,22.9000000,18.1100000,18.1100000,607
21167_090101_130416,D,20100521,000000,19.2100000,19.2100000,19.2100000,19.2100000,1
21167_090101_130416,D,20100525,000000,19.8600000,19.8600000,19.8600000,19.8600000,2
21167_090101_130416,D,20100526,000000,24.0000000,25.3300000,18.0100000,18.7200000,113
21167_090101_130416,D,20100527,000000,18.0100000,18.0100000,18.0100000,18.0100000,250
21167_090101_130416,D,20100528,000000,19.4900000,19.4900000,18.0500000,18.0500000,896
21167_090101_130416,D,20100531,000000,19.0000000,19.0000000,18.0000000,18.1200000,1.454
21167_090101_130416,D,20100601,000000,18.4500000,18.7900000,18.4500000,18.7900000,2.152
21167_090101_130416,D,20100602,000000,19.0000000,19.0000000,17.7600000,17.7600000,711
21167_090101_130416,D,20100603,000000,17.7500000,18.6200000,17.0100000,18.2200000,525
21167_090101_130416,D,20100604,000000,18.4000000,18.4000000,18.4000000,18.4000000,1
21167_090101_130416,D,20100607,000000,18.2200000,18.2200000,18.2200000,18.2200000,8
21167_090101_130416,D,20100608,000000,18.2200000,18.2200000,18.2200000,18.2200000,13
21167_090101_130416,D,20100609,000000,17.1800000,18.1900000,17.0000000,18.1900000,501
21167_090101_130416,D,20100610,000000,18.1100000,18.1100000,18.1100000,18.1100000,29
21167_090101_130416,D,20100611,000000,18.1800000,18.1800000,18.1800000,18.1800000,2
21167_090101_130416,D,20100615,000000,18.1700000,18.1700000,18.1500000,18.1500000,14
21167_090101_130416,D,20100616,000000,18.1100000,19.0000000,18.1100000,18.2600000,260
21167_090101_130416,D,20100617,000000,18.0900000,18.0900000,18.0800000,18.0800000,12
21167_090101_130416,D,20100621,000000,18.2600000,20.0000000,18.0300000,18.2000000,63
21167_090101_130416,D,20100622,000000,18.2000000,18.2000000,18.2000000,18.2000000,10
21167_090101_130416,D,20100624,000000,17.8400000,17.8400000,17.6700000,17.6700000,20
21167_090101_130416,D,20100625,000000,17.8400000,17.8400000,17.8400000,17.8400000,10
21167_090101_130416,D,20100628,000000,20.2200000,23.9500000,18.0200000,18.3900000,254
21167_090101_130416,D,20100629,000000,18.2100000,18.2100000,18.2100000,18.2100000,10
21167_090101_130416,D,20100630,000000,18.0500000,18.3800000,16.5300000,18.3800000,8
21167_090101_130416,D,20100702,000000,20.6700000,20.6800000,16.0500000,17.3900000,14.314
21167_090101_130416,D,20100705,000000,19.3900000,19.3900000,15.5600000,16.4000000,200
21167_090101_130416,D,20100706,000000,17.1200000,17.1200000,15.2400000,16.7100000,633
21167_090101_130416,D,20100707,000000,16.7000000,16.7000000,16.7000000,16.7000000,30
21167_090101_130416,D,20100708,000000,16.0000000,16.0000000,16.0000000,16.0000000,1
21167_090101_130416,D,20100709,000000,16.5700000,16.5900000,16.0100000,16.0100000,34
21167_090101_130416,D,20100712,000000,15.5100000,16.4700000,15.5000000,16.4700000,47
21167_090101_130416,D,20100713,000000,16.3400000,17.0000000,16.3400000,16.6000000,355
21167_090101_130416,D,20100714,000000,15.5000000,16.5700000,15.5000000,16.5700000,511
21167_090101_130416,D,20100715,000000,16.0000000,16.0000000,16.0000000,16.0000000,520
21167_090101_130416,D,20100716,000000,17.3100000,17.3100000,17.3100000,17.3100000,2
21167_090101_130416,D,20100719,000000,15.1700000,17.2900000,15.1700000,17.1200000,690
21167_090101_130416,D,20100720,000000,17.4400000,18.1700000,17.0900000,17.0900000,83
21167_090101_130416,D,20100721,000000,17.4100000,17.4100000,17.4000000,17.4000000,3
21167_090101_130416,D,20100722,000000,17.4300000,17.4300000,16.7500000,17.0800000,19
21167_090101_130416,D,20100723,000000,17.0900000,17.4300000,17.0800000,17.0800000,77
21167_090101_130416,D,20100726,000000,17.4200000,18.1800000,17.4200000,18.1800000,26
21167_090101_130416,D,20100727,000000,18.9900000,18.9900000,16.8900000,17.3200000,288
21167_090101_130416,D,20100728,000000,17.3300000,17.5000000,16.3100000,16.9800000,1.093
21167_090101_130416,D,20100729,000000,16.5800000,16.5800000,16.5400000,16.5700000,702
21167_090101_130416,D,20100730,000000,17.3200000,17.3200000,16.0000000,16.1600000,79
21167_090101_130416,D,20100802,000000,15.4700000,16.9900000,15.4700000,16.9600000,569
21167_090101_130416,D,20100803,000000,16.8700000,16.8700000,16.6700000,16.6700000,120
21167_090101_130416,D,20100804,000000,16.6600000,16.6600000,16.5400000,16.5400000,25
21167_090101_130416,D,20100805,000000,16.7000000,16.7000000,16.7000000,16.7000000,10
21167_090101_130416,D,20100806,000000,16.5400000,16.5400000,16.3300000,16.3800000,36
21167_090101_130416,D,20100809,000000,16.2900000,16.5300000,16.0500000,16.0500000,183
21167_090101_130416,D,20100810,000000,16.2100000,16.2100000,16.2100000,16.2100000,10
21167_090101_130416,D,20100813,000000,16.0900000,16.0900000,16.0600000,16.0600000,172
21167_090101_130416,D,20100817,000000,16.3800000,16.3800000,16.3800000,16.3800000,4
21167_090101_130416,D,20100818,000000,16.3800000,22.9300000,16.3800000,19.4900000,10.875
21167_090101_130416,D,20100819,000000,19.8300000,22.9500000,17.1500000,17.1500000,653
21167_090101_130416,D,20100820,000000,18.8800000,21.5900000,18.8800000,19.8000000,522
21167_090101_130416,D,20100823,000000,18.1900000,22.1500000,17.6800000,21.8200000,7.334
21167_090101_130416,D,20100824,000000,20.9700000,27.3000000,18.3300000,23.0000000,40.016
21167_090101_130416,D,20100825,000000,20.4900000,25.9700000,20.0600000,25.5500000,18.013
21167_090101_130416,D,20100826,000000,28.0000000,30.0000000,19.1100000,24.0000000,27.342
21167_090101_130416,D,20100827,000000,22.8500000,24.0000000,20.3100000,22.2700000,4.432
21167_090101_130416,D,20100830,000000,21.8600000,22.3000000,18.1800000,18.9000000,24.234
21167_090101_130416,D,20100831,000000,18.9300000,19.2800000,18.2000000,19.2100000,2.913
21167_090101_130416,D,20100901,000000,19.1000000,19.1100000,17.8000000,18.3300000,7.407
21167_090101_130416,D,20100902,000000,18.3700000,20.5200000,18.3700000,19.7500000,5.553
21167_090101_130416,D,20100903,000000,19.9300000,19.9300000,18.4900000,19.3400000,736
21167_090101_130416,D,20100906,000000,19.3800000,20.4700000,19.0000000,19.1900000,1.622
21167_090101_130416,D,20100907,000000,19.1900000,19.4800000,18.8000000,19.1400000,222
21167_090101_130416,D,20100908,000000,19.1900000,20.3300000,18.7600000,19.3200000,435
21167_090101_130416,D,20100909,000000,19.0600000,19.2500000,19.0600000,19.2200000,253
21167_090101_130416,D,20100910,000000,19.2900000,20.2000000,19.2900000,19.4900000,2.799
21167_090101_130416,D,20100913,000000,19.6800000,19.8800000,19.0100000,19.3000000,1.172
21167_090101_130416,D,20100914,000000,19.1000000,19.1000000,18.3000000,18.9500000,647
21167_090101_130416,D,20100915,000000,18.7300000,20.0600000,18.7300000,18.9300000,217
21167_090101_130416,D,20100916,000000,19.4000000,19.4000000,18.8300000,18.9200000,164
21167_090101_130416,D,20100917,000000,19.4900000,20.0000000,19.1000000,19.9400000,3.649
21167_090101_130416,D,20100920,000000,18.9200000,19.1100000,18.0000000,18.7000000,3.170
21167_090101_130416,D,20100921,000000,18.9200000,20.0000000,18.7900000,19.2900000,872
21167_090101_130416,D,20100922,000000,18.9200000,18.9200000,18.0500000,18.7300000,863
21167_090101_130416,D,20100923,000000,18.7900000,19.9000000,18.7900000,19.1500000,77
21167_090101_130416,D,20100924,000000,19.1600000,19.3700000,17.6600000,18.9500000,4.675
21167_090101_130416,D,20100927,000000,18.6300000,19.0000000,18.6000000,18.9800000,649
21167_090101_130416,D,20100928,000000,18.6000000,19.5500000,17.3000000,19.1700000,2.760
21167_090101_130416,D,20100929,000000,19.8800000,21.6000000,17.8500000,19.7600000,47.480
21167_090101_130416,D,20100930,000000,19.5600000,19.5600000,17.8000000,19.5600000,8.402
21167_090101_130416,D,20101001,000000,19.3700000,19.3700000,18.1000000,18.4300000,4.154
21167_090101_130416,D,20101004,000000,18.9900000,18.9900000,18.1200000,18.3800000,2.157
21167_090101_130416,D,20101005,000000,18.2700000,18.7100000,18.2200000,18.6800000,481
21167_090101_130416,D,20101006,000000,18.4400000,18.4700000,18.4400000,18.4700000,1.931
21167_090101_130416,D,20101007,000000,18.4300000,18.5100000,18.0000000,18.4600000,38
21167_090101_130416,D,20101008,000000,18.4700000,18.7900000,18.4700000,18.5600000,1.232
21167_090101_130416,D,20101011,000000,18.4300000,18.4300000,18.0100000,18.4300000,1.539
21167_090101_130416,D,20101013,000000,18.4400000,18.6100000,18.0900000,18.5500000,257
21167_090101_130416,D,20101014,000000,18.4300000,18.6000000,18.1000000,18.4900000,117
21167_090101_130416,D,20101015,000000,18.2600000,19.2000000,18.0700000,18.4900000,485
21167_090101_130416,D,20101018,000000,18.2500000,18.6000000,17.5000000,18.0700000,1.473
21167_090101_130416,D,20101019,000000,17.9000000,18.6100000,17.9000000,18.0500000,169
21167_090101_130416,D,20101020,000000,18.2500000,18.6000000,18.2500000,18.5000000,321
21167_090101_130416,D,20101021,000000,18.5000000,18.6100000,18.5000000,18.6100000,2.062
21167_090101_130416,D,20101022,000000,18.4300000,18.7000000,18.4300000,18.7000000,331
21167_090101_130416,D,20101025,000000,18.8000000,21.7000000,18.6800000,20.2000000,16.931
21167_090101_130416,D,20101026,000000,20.0000000,20.0000000,19.2000000,19.9900000,598
21167_090101_130416,D,20101027,000000,20.0100000,21.6000000,20.0100000,21.5000000,13.205
21167_090101_130416,D,20101028,000000,21.0500000,21.4900000,20.2300000,21.4800000,132
21167_090101_130416,D,20101029,000000,21.2600000,21.5000000,19.8600000,20.6300000,3.938
21167_090101_130416,D,20101101,000000,20.8400000,20.8400000,19.6300000,20.3300000,337
21167_090101_130416,D,20101102,000000,20.3300000,20.6900000,20.0300000,20.2000000,33
21167_090101_130416,D,20101103,000000,20.0300000,20.2000000,17.6400000,18.8500000,15.728
21167_090101_130416,D,20101108,000000,18.8700000,19.2500000,18.1500000,18.8400000,770
21167_090101_130416,D,20101109,000000,18.5700000,18.8500000,18.1500000,18.8400000,1.724
21167_090101_130416,D,20101110,000000,18.8000000,18.8000000,18.2000000,18.7900000,110
21167_090101_130416,D,20101111,000000,18.7900000,19.0600000,18.0100000,18.9000000,1.629
21167_090101_130416,D,20101112,000000,18.8700000,19.4500000,18.6800000,18.8000000,1.553
21167_090101_130416,D,20101113,000000,19.0000000,19.3500000,19.0000000,19.3500000,50
21167_090101_130416,D,20101115,000000,19.0600000,20.0000000,19.0000000,19.3600000,8.507
21167_090101_130416,D,20101116,000000,19.6300000,19.6300000,18.8700000,18.9500000,1.312
21167_090101_130416,D,20101117,000000,19.0600000,19.0600000,18.6800000,18.8700000,104
21167_090101_130416,D,20101118,000000,18.7200000,18.7200000,18.6900000,18.6900000,196
21167_090101_130416,D,20101119,000000,18.6800000,19.2500000,18.5100000,19.2500000,275
21167_090101_130416,D,20101122,000000,19.0600000,19.0600000,18.8700000,18.8700000,252
21167_090101_130416,D,20101123,000000,18.6800000,19.2000000,18.0100000,19.2000000,1.509
21167_090101_130416,D,20101124,000000,18.8800000,19.2500000,18.0100000,18.8700000,4.627
21167_090101_130416,D,20101125,000000,19.0600000,19.2000000,18.2300000,18.8700000,578
21167_090101_130416,D,20101126,000000,18.8700000,18.8700000,18.8700000,18.8700000,10
21167_090101_130416,D,20101129,000000,18.6800000,18.8600000,18.1700000,18.1700000,1.003
21167_090101_130416,D,20101130,000000,18.5000000,18.8600000,18.4900000,18.8500000,222
21167_090101_130416,D,20101202,000000,18.8700000,18.8700000,18.5000000,18.8600000,918
21167_090101_130416,D,20101203,000000,18.7000000,18.9000000,18.6800000,18.6800000,45.135
21167_090101_130416,D,20101206,000000,19.0500000,19.8200000,18.5300000,19.0500000,1.146
21167_090101_130416,D,20101207,000000,19.0500000,19.0500000,19.0400000,19.0400000,2
21167_090101_130416,D,20101208,000000,19.0200000,19.2200000,19.0200000,19.2000000,395
21167_090101_130416,D,20101209,000000,19.0000000,19.2000000,19.0000000,19.1500000,204
21167_090101_130416,D,20101210,000000,19.0000000,19.1800000,18.2100000,19.0600000,45.309
21167_090101_130416,D,20101213,000000,19.1100000,19.1100000,19.1100000,19.1100000,121
21167_090101_130416,D,20101214,000000,19.1400000,19.1400000,19.1000000,19.1000000,2
21167_090101_130416,D,20101215,000000,19.2000000,19.2000000,19.0000000,19.1800000,502
21167_090101_130416,D,20101217,000000,19.2200000,19.4300000,18.9700000,18.9700000,1.320
21167_090101_130416,D,20101220,000000,19.3300000,19.3300000,18.0100000,18.6000000,3.587
21167_090101_130416,D,20101221,000000,18.6500000,18.6500000,18.5000000,18.5000000,900
21167_090101_130416,D,20101222,000000,18.7900000,18.7900000,18.7900000,18.7900000,1
21167_090101_130416,D,20101223,000000,18.8900000,18.8900000,18.5700000,18.7600000,169
21167_090101_130416,D,20101224,000000,18.7900000,18.8000000,18.7700000,18.7700000,284
21167_090101_130416,D,20101227,000000,18.7700000,18.7800000,18.6000000,18.6700000,212
21167_090101_130416,D,20101228,000000,19.0500000,19.0500000,18.5900000,18.6000000,30.501
21167_090101_130416,D,20101229,000000,19.0500000,19.0500000,18.2000000,18.3700000,211
21167_090101_130416,D,20101230,000000,18.3100000,18.8200000,18.3100000,18.4000000,45.046
21167_090101_130416,D,20110111,000000,18.6900000,18.8400000,18.3300000,18.8400000,423
21167_090101_130416,D,20110112,000000,18.8400000,18.8400000,18.4900000,18.4900000,374
21167_090101_130416,D,20110113,000000,18.6000000,19.0900000,18.6000000,19.0900000,403
21167_090101_130416,D,20110114,000000,19.1900000,19.5000000,19.1900000,19.2100000,673
21167_090101_130416,D,20110117,000000,19.0800000,19.7000000,19.0800000,19.7000000,1.751
21167_090101_130416,D,20110118,000000,19.8200000,19.8200000,19.3100000,19.7000000,416
21167_090101_130416,D,20110119,000000,19.3700000,19.5300000,19.0600000,19.0600000,756
21167_090101_130416,D,20110120,000000,18.8500000,19.1000000,18.8400000,19.1000000,1.295
21167_090101_130416,D,20110121,000000,19.4500000,20.5200000,19.0600000,20.0000000,4.568
21167_090101_130416,D,20110124,000000,20.0200000,20.1600000,19.4400000,19.5200000,4.171
21167_090101_130416,D,20110125,000000,19.5100000,19.5100000,17.7500000,18.5800000,19.208
21167_090101_130416,D,20110126,000000,18.1200000,18.8400000,17.7500000,17.8300000,11.419
21167_090101_130416,D,20110127,000000,18.3700000,18.7300000,18.0000000,18.5600000,568
21167_090101_130416,D,20110128,000000,18.7300000,22.0000000,17.6500000,18.0800000,128.270
21167_090101_130416,D,20110131,000000,18.3500000,18.5400000,16.9000000,17.7700000,77.858
21167_090101_130416,D,20110201,000000,18.0000000,18.1200000,16.9900000,17.3100000,19.579
21167_090101_130416,D,20110202,000000,17.8300000,17.8300000,16.9900000,17.2000000,20.616
21167_090101_130416,D,20110203,000000,17.4300000,17.4300000,16.8000000,17.0900000,2.342
21167_090101_130416,D,20110204,000000,17.2200000,17.4000000,17.0000000,17.0800000,2.717
21167_090101_130416,D,20110207,000000,17.0700000,17.4000000,16.9200000,16.9500000,2.027
21167_090101_130416,D,20110208,000000,16.9400000,18.4400000,16.7500000,17.3100000,84.042
21167_090101_130416,D,20110209,000000,17.5000000,20.5200000,16.0000000,17.5500000,288.071
21167_090101_130416,D,20110210,000000,17.5900000,18.8000000,16.8500000,17.5000000,148.997
21167_090101_130416,D,20110211,000000,17.3200000,17.6700000,16.8200000,17.6600000,43.727
21167_090101_130416,D,20110214,000000,17.3900000,17.8100000,17.0000000,17.2800000,61.672
21167_090101_130416,D,20110215,000000,17.2800000,17.4400000,16.9800000,16.9800000,15.932
21167_090101_130416,D,20110216,000000,17.2800000,17.3700000,16.9300000,17.1700000,10.705
21167_090101_130416,D,20110217,000000,17.0000000,17.4000000,16.7000000,17.0000000,24.746
21167_090101_130416,D,20110218,000000,17.1600000,17.4600000,16.6100000,16.9000000,49.774
21167_090101_130416,D,20110221,000000,16.7700000,16.9900000,16.7300000,16.9300000,4.971
21167_090101_130416,D,20110222,000000,16.8000000,16.9900000,16.7000000,16.8800000,624
21167_090101_130416,D,20110224,000000,16.6600000,16.8600000,15.7900000,16.3000000,71.785
21167_090101_130416,D,20110225,000000,16.3000000,16.4700000,15.8100000,16.3700000,16.491
21167_090101_130416,D,20110228,000000,16.3700000,16.3800000,16.0000000,16.3700000,30.091
21167_090101_130416,D,20110301,000000,16.0060000,17.0000000,16.0050000,16.2000000,42.600
21167_090101_130416,D,20110302,000000,16.2000000,16.2000000,16.0380000,16.0380000,300
21167_090101_130416,D,20110303,000000,15.9000000,15.9000000,15.9000000,15.9000000,1.500
21167_090101_130416,D,20110304,000000,16.0000000,16.0000000,16.0000000,16.0000000,500
21167_090101_130416,D,20110309,000000,15.9660000,15.9660000,15.9660000,15.9660000,200
21167_090101_130416,D,20110310,000000,16.4000000,16.4370000,16.2500000,16.2500000,600
21167_090101_130416,D,20110311,000000,16.1990000,16.1990000,15.8400000,15.8400000,700
21167_090101_130416,D,20110314,000000,15.3000000,15.9490000,15.0200000,15.9490000,1.600
21167_090101_130416,D,20110315,000000,15.0000000,15.0110000,13.7760000,14.4660000,20.700
21167_090101_130416,D,20110316,000000,13.2950000,14.7040000,12.3900000,13.1720000,478.500
21167_090101_130416,D,20110317,000000,13.6000000,13.7890000,13.4800000,13.6000000,24.100
21167_090101_130416,D,20110318,000000,13.6000000,13.8810000,13.3920000,13.5990000,3.400
21167_090101_130416,D,20110321,000000,14.2680000,14.2920000,13.0010000,13.4970000,56.100
21167_090101_130416,D,20110322,000000,13.2300000,13.4990000,13.1560000,13.3000000,14.300
21167_090101_130416,D,20110323,000000,13.4990000,13.5000000,13.0110000,13.2990000,41.900
21167_090101_130416,D,20110324,000000,13.2990000,13.4930000,13.1010000,13.4600000,14.900
21167_090101_130416,D,20110325,000000,13.4960000,13.4960000,13.0010000,13.2980000,15.700
21167_090101_130416,D,20110328,000000,13.0500000,13.3090000,13.0010000,13.3090000,5.300
21167_090101_130416,D,20110329,000000,13.3890000,13.3890000,13.3760000,13.3760000,400
21167_090101_130416,D,20110330,000000,13.3890000,13.3890000,13.1740000,13.3740000,800
21167_090101_130416,D,20110331,000000,13.4960000,13.4960000,13.4490000,13.4490000,1.100
21167_090101_130416,D,20110401,000000,13.4780000,13.4780000,13.0880000,13.2990000,3.400
21167_090101_130416,D,20110404,000000,13.1690000,13.1690000,13.0000000,13.0000000,2.000
21167_090101_130416,D,20110405,000000,12.9990000,13.0990000,12.6300000,13.0990000,4.000
21167_090101_130416,D,20110406,000000,13.2990000,13.2990000,13.0000000,13.0000000,200
21167_090101_130416,D,20110407,000000,12.6280000,13.0000000,12.6280000,12.6420000,8.600
21167_090101_130416,D,20110408,000000,12.7000000,12.9940000,12.7000000,12.9940000,7.200
21167_090101_130416,D,20110411,000000,12.6560000,12.9940000,12.6550000,12.9940000,800
21167_090101_130416,D,20110413,000000,12.9990000,13.2930000,12.7460000,12.7470000,8.900
21167_090101_130416,D,20110414,000000,12.7110000,12.7110000,12.7110000,12.7110000,100
21167_090101_130416,D,20110415,000000,12.8470000,13.2500000,12.8100000,13.0980000,4.700
21167_090101_130416,D,20110418,000000,13.2930000,13.2940000,13.1000000,13.1000000,700
21167_090101_130416,D,20110419,000000,12.7590000,13.1930000,12.5100000,13.1320000,3.800
21167_090101_130416,D,20110420,000000,13.2890000,13.2890000,13.0000000,13.0000000,1.200
21167_090101_130416,D,20110421,000000,12.8040000,14.2780000,12.8040000,13.3050000,21.700
21167_090101_130416,D,20110422,000000,13.3050000,13.7850000,12.5300000,13.0430000,7.900
21167_090101_130416,D,20110425,000000,12.7500000,13.6600000,12.4990000,12.9990000,17.800
21167_090101_130416,D,20110426,000000,12.4100000,12.9970000,12.4100000,12.9970000,400
21167_090101_130416,D,20110427,000000,12.9950000,12.9990000,12.6500000,12.7590000,2.600
21167_090101_130416,D,20110428,000000,12.7490000,12.7980000,12.5000000,12.7980000,1.400
21167_090101_130416,D,20110429,000000,12.5130000,12.7980000,12.5100000,12.6700000,5.100
21167_090101_130416,D,20110503,000000,12.5000000,12.7990000,12.5000000,12.6990000,6.100
21167_090101_130416,D,20110504,000000,12.6990000,12.8000000,12.5560000,12.6120000,4.400
21167_090101_130416,D,20110505,000000,12.6010000,12.6950000,12.4050000,12.4960000,3.300
21167_090101_130416,D,20110506,000000,12.7000000,12.7000000,12.6610000,12.7000000,7.000
21167_090101_130416,D,20110511,000000,12.7250000,12.9970000,12.7100000,12.9970000,5.300
21167_090101_130416,D,20110512,000000,12.7110000,12.7740000,12.7100000,12.7100000,1.800
21167_090101_130416,D,20110516,000000,12.7110000,14.7030000,12.2200000,13.9810000,15.200
21167_090101_130416,D,20110517,000000,13.1330000,13.3370000,13.1110000,13.1110000,3.000
21167_090101_130416,D,20110518,000000,13.1110000,13.1110000,13.1110000,13.1110000,2.000
21167_090101_130416,D,20110519,000000,13.2620000,14.3850000,13.1110000,13.2620000,1.800
21167_090101_130416,D,20110520,000000,13.1760000,13.1760000,13.1750000,13.1760000,600
21167_090101_130416,D,20110523,000000,12.5010000,13.1110000,12.5000000,13.1110000,7.200
21167_090101_130416,D,20110524,000000,13.1110000,13.1110000,13.1110000,13.1110000,800
21167_090101_130416,D,20110525,000000,13.1110000,13.1110000,13.1110000,13.1110000,300
21167_090101_130416,D,20110526,000000,13.1110000,13.1110000,13.0000000,13.0000000,1.400
21167_090101_130416,D,20110527,000000,13.1110000,13.1110000,13.1100000,13.1110000,3.200
21167_090101_130416,D,20110530,000000,13.1110000,13.8500000,13.1110000,13.5860000,800
21167_090101_130416,D,20110531,000000,14.0200000,14.0200000,13.5860000,13.5860000,200
21167_090101_130416,D,20110601,000000,14.9420000,14.9420000,12.7500000,13.5500000,2.500
21167_090101_130416,D,20110602,000000,14.9000000,14.9030000,13.5870000,14.2890000,400
21167_090101_130416,D,20110603,000000,13.1110000,14.3880000,13.1110000,13.9990000,500
21167_090101_130416,D,20110606,000000,13.1120000,13.1760000,13.1120000,13.1760000,500
21167_090101_130416,D,20110608,000000,13.1110000,13.1130000,13.1110000,13.1130000,200
21167_090101_130416,D,20110614,000000,13.9850000,13.9850000,13.9850000,13.9850000,100
21167_090101_130416,D,20110616,000000,13.2770000,13.2780000,13.2770000,13.2780000,400
21167_090101_130416,D,20110623,000000,13.0460000,13.0460000,12.1290000,13.0000000,10.900
21167_090101_130416,D,20110624,000000,14.0410000,14.0410000,12.6560000,13.2980000,300
21167_090101_130416,D,20110627,000000,12.7340000,12.7340000,12.7330000,12.7330000,400
21167_090101_130416,D,20110630,000000,13.0000000,13.1990000,13.0000000,13.1490000,300
21167_090101_130416,D,20110701,000000,12.6010000,13.1150000,12.6010000,13.1150000,1.300
21167_090101_130416,D,20110704,000000,12.9590000,13.0500000,12.8680000,13.0500000,1.300
21167_090101_130416,D,20110705,000000,13.1130000,13.3000000,12.6300000,13.3000000,1.400
21167_090101_130416,D,20110706,000000,13.5000000,13.5000000,13.5000000,13.5000000,300
21167_090101_130416,D,20110707,000000,13.1000000,13.1000000,13.1000000,13.1000000,100
21167_090101_130416,D,20110720,000000,13.1000000,13.1000000,13.1000000,13.1000000,1.000
21167_090101_130416,D,20110721,000000,12.5610000,12.9620000,12.1250000,12.9580000,1.700
21167_090101_130416,D,20110722,000000,13.0990000,13.0990000,13.0990000,13.0990000,300
21167_090101_130416,D,20110726,000000,13.0300000,13.0300000,12.3120000,12.7000000,4.300
21167_090101_130416,D,20110727,000000,12.5010000,12.7540000,12.5010000,12.7540000,200
21167_090101_130416,D,20110729,000000,12.5000000,12.6490000,12.5000000,12.6490000,3.000
21167_090101_130416,D,20110804,000000,12.5010000,12.5010000,12.5000000,12.5000000,10.000
21167_090101_130416,D,20110809,000000,13.0180000,13.0180000,11.1110000,11.2610000,3.000
21167_090101_130416,D,20110810,000000,11.1290000,11.1290000,11.0000000,11.1270000,4.300
21167_090101_130416,D,20110811,000000,10.6010000,10.9000000,10.5000000,10.9000000,2.200
21167_090101_130416,D,20110816,000000,10.9000000,10.9000000,10.9000000,10.9000000,900
21167_090101_130416,D,20110818,000000,10.5010000,10.5010000,10.5010000,10.5010000,100
21167_090101_130416,D,20110819,000000,10.5000000,10.5000000,10.1010000,10.1010000,200
21167_090101_130416,D,20110822,000000,10.2010000,10.2010000,10.2010000,10.2010000,400
21167_090101_130416,D,20110823,000000,10.0010000,10.0010000,10.0010000,10.0010000,400
21167_090101_130416,D,20110825,000000,10.5000000,10.5000000,10.5000000,10.5000000,200
21167_090101_130416,D,20110831,000000,11.2120000,11.8970000,11.2120000,11.8970000,600
21167_090101_130416,D,20110907,000000,11.0000000,11.8720000,11.0000000,11.8720000,300
21167_090101_130416,D,20110908,000000,11.8740000,11.8740000,11.8740000,11.8740000,500
21167_090101_130416,D,20110912,000000,10.7650000,11.8800000,10.7650000,11.8800000,800
21167_090101_130416,D,20110916,000000,11.7700000,11.7710000,11.7700000,11.7710000,300
21167_090101_130416,D,20110919,000000,11.0950000,11.0950000,11.0950000,11.0950000,100
21167_090101_130416,D,20110920,000000,11.6000000,11.6000000,11.6000000,11.6000000,100
21167_090101_130416,D,20110921,000000,11.5620000,11.5620000,10.9280000,11.5220000,2.400
21167_090101_130416,D,20110922,000000,11.4090000,11.4510000,9.0010000,10.5000000,36.000
21167_090101_130416,D,20110923,000000,9.1790000,9.1790000,8.9250000,8.9250000,1.300
21167_090101_130416,D,20110926,000000,9.8620000,9.8620000,9.8620000,9.8620000,100
21167_090101_130416,D,20110928,000000,10.4530000,10.4540000,10.4530000,10.4540000,200
21167_090101_130416,D,20110929,000000,10.7000000,10.9010000,7.0000000,7.8870000,494.200
21167_090101_130416,D,20110930,000000,7.5000000,8.1000000,7.1000000,8.1000000,37.600
21167_090101_130416,D,20111003,000000,7.3110000,7.7640000,7.0200000,7.3880000,20.000
21167_090101_130416,D,20111004,000000,7.1000000,7.3000000,6.0550000,6.8640000,24.700
21167_090101_130416,D,20111005,000000,6.3510000,6.3700000,5.9990000,6.0120000,26.200
21167_090101_130416,D,20111006,000000,6.4000000,6.6900000,6.0000000,6.5980000,20.600
21167_090101_130416,D,20111007,000000,6.6500000,7.4120000,6.5250000,6.9740000,3.600
21167_090101_130416,D,20111010,000000,6.5010000,7.4100000,6.5010000,7.3290000,2.600
21167_090101_130416,D,20111011,000000,6.9910000,7.4330000,6.9910000,7.1460000,1.600
21167_090101_130416,D,20111012,000000,7.0950000,7.3330000,7.0000000,7.3330000,700
21167_090101_130416,D,20111013,000000,7.1000000,7.1000000,7.0950000,7.0950000,400
21167_090101_130416,D,20111014,000000,6.5000000,7.0940000,6.5000000,7.0940000,2.100
21167_090101_130416,D,20111017,000000,6.5080000,7.0950000,6.5070000,7.0890000,5.400
21167_090101_130416,D,20111018,000000,7.0850000,8.4970000,6.3010000,7.1400000,69.600
21167_090101_130416,D,20111019,000000,7.0000000,7.4000000,6.8300000,6.8300000,4.800
21167_090101_130416,D,20111020,000000,7.0300000,7.0300000,6.3000000,7.0000000,6.900
21167_090101_130416,D,20111021,000000,6.9300000,7.1400000,6.5200000,7.1400000,2.200
21167_090101_130416,D,20111024,000000,7.2000000,7.3600000,6.9010000,7.3290000,500
21167_090101_130416,D,20111025,000000,7.2940000,7.2940000,6.3010000,6.8950000,11.900
21167_090101_130416,D,20111026,000000,6.9000000,7.2000000,6.7000000,7.1790000,5.500
21167_090101_130416,D,20111027,000000,7.1600000,7.4310000,6.9430000,7.2110000,15.000
21167_090101_130416,D,20111028,000000,7.2100000,7.3480000,5.8500000,6.2730000,278.100
21167_090101_130416,D,20111031,000000,6.0670000,6.6000000,6.0670000,6.5000000,74.300
21167_090101_130416,D,20111101,000000,6.3010000,7.1900000,5.7000000,6.1980000,195.100
21167_090101_130416,D,20111102,000000,6.2390000,7.1970000,6.0170000,6.8000000,97.300
21167_090101_130416,D,20111103,000000,6.8900000,7.0660000,6.8900000,6.9970000,300
21167_090101_130416,D,20111107,000000,6.9900000,6.9900000,6.5000000,6.6380000,4.200
21167_090101_130416,D,20111108,000000,6.5030000,7.1800000,6.0630000,6.5800000,182.100
21167_090101_130416,D,20111109,000000,6.4000000,6.9860000,6.1060000,6.4000000,41.000
21167_090101_130416,D,20111110,000000,6.5990000,6.9490000,6.3010000,6.7790000,18.600
21167_090101_130416,D,20111111,000000,6.4010000,6.6940000,6.2300000,6.6940000,6.200
21167_090101_130416,D,20111114,000000,6.7760000,6.7760000,6.2520000,6.2850000,12.900
21167_090101_130416,D,20111115,000000,6.3800000,6.5980000,6.0060000,6.4800000,6.600
21167_090101_130416,D,20111116,000000,6.4000000,6.5950000,6.1500000,6.1500000,7.200
21167_090101_130416,D,20111117,000000,6.3500000,6.4690000,6.1000000,6.3630000,11.200
21167_090101_130416,D,20111118,000000,6.0310000,6.4000000,6.0030000,6.4000000,9.800
21167_090101_130416,D,20111121,000000,6.3890000,6.4950000,6.1900000,6.1900000,5.000
21167_090101_130416,D,20111122,000000,6.3000000,6.3000000,6.0000000,6.1500000,10.300
21167_090101_130416,D,20111123,000000,6.1990000,6.5500000,6.1990000,6.5500000,3.400
21167_090101_130416,D,20111124,000000,6.0410000,6.3710000,6.0400000,6.3710000,400
21167_090101_130416,D,20111128,000000,6.0300000,6.2990000,6.0010000,6.2990000,5.100
21167_090101_130416,D,20111129,000000,6.1000000,6.1990000,6.0010000,6.1500000,3.600
21167_090101_130416,D,20111130,000000,6.1440000,6.1440000,6.1440000,6.1440000,1.400
21167_090101_130416,D,20111201,000000,6.4940000,6.8600000,6.1100000,6.3750000,34.800
21167_090101_130416,D,20111202,000000,6.1030000,6.1030000,6.1030000,6.1030000,100
21167_090101_130416,D,20111205,000000,6.1100000,6.1110000,6.0010000,6.0010000,3.300
21167_090101_130416,D,20111206,000000,6.1800000,6.2200000,6.0020000,6.0650000,18.600
21167_090101_130416,D,20111207,000000,6.1200000,8.0000000,5.8550000,6.1590000,117.000
21167_090101_130416,D,20111208,000000,6.0420000,6.4960000,6.0420000,6.1230000,13.900
21167_090101_130416,D,20111209,000000,5.8520000,6.0990000,5.8510000,5.9740000,16.800
21167_090101_130416,D,20111212,000000,5.9790000,5.9790000,5.8000000,5.9700000,6.200
21167_090101_130416,D,20111213,000000,6.6990000,6.6990000,5.9890000,6.0490000,11.500
21167_090101_130416,D,20111214,000000,5.9010000,5.9890000,5.9000000,5.9400000,11.600
21167_090101_130416,D,20111215,000000,5.8540000,5.9200000,5.8540000,5.9010000,3.600
21167_090101_130416,D,20111216,000000,6.1000000,6.1990000,5.9400000,5.9400000,7.700
21167_090101_130416,D,20111219,000000,5.9020000,5.9500000,5.9000000,5.9500000,1.500
21167_090101_130416,D,20111220,000000,5.9600000,5.9600000,5.9410000,5.9410000,800
21167_090101_130416,D,20111221,000000,5.8980000,5.9400000,5.8980000,5.9100000,3.100
21167_090101_130416,D,20111222,000000,5.9390000,5.9390000,5.9000000,5.9000000,5.000
21167_090101_130416,D,20111223,000000,5.9210000,5.9490000,5.9210000,5.9490000,2.000
21167_090101_130416,D,20111226,000000,5.8990000,5.9650000,5.8990000,5.9650000,2.000
21167_090101_130416,D,20111227,000000,5.9010000,5.9010000,5.9010000,5.9010000,100
21167_090101_130416,D,20111229,000000,5.9010000,5.9010000,5.9010000,5.9010000,2.500
21167_090101_130416,D,20111230,000000,5.9010000,5.9980000,5.9000000,5.9980000,6.600
21167_090101_130416,D,20120103,000000,5.8990000,5.9500000,5.8990000,5.9380000,3.100
21167_090101_130416,D,20120104,000000,5.9990000,5.9990000,5.9970000,5.9990000,900
21167_090101_130416,D,20120105,000000,5.9400000,5.9610000,5.9400000,5.9610000,2.800
21167_090101_130416,D,20120106,000000,5.9000000,5.9490000,5.9000000,5.9410000,1.900
21167_090101_130416,D,20120109,000000,5.9450000,5.9450000,5.9450000,5.9450000,300
21167_090101_130416,D,20120110,000000,6.5000000,6.5000000,5.9010000,5.9990000,700
21167_090101_130416,D,20120111,000000,5.9990000,5.9990000,5.9990000,5.9990000,200
21167_090101_130416,D,20120112,000000,5.9500000,5.9990000,5.9500000,5.9650000,2.200
21167_090101_130416,D,20120113,000000,5.9520000,5.9990000,5.9130000,5.9490000,2.400
21167_090101_130416,D,20120116,000000,5.9550000,5.9550000,5.9550000,5.9550000,100
21167_090101_130416,D,20120117,000000,6.0000000,6.0000000,6.0000000,6.0000000,100
21167_090101_130416,D,20120119,000000,5.9010000,5.9010000,5.9010000,5.9010000,100
21167_090101_130416,D,20120120,000000,5.8410000,5.9500000,5.8410000,5.9500000,400
21167_090101_130416,D,20120123,000000,6.0000000,6.0010000,5.9100000,5.9100000,8.800
21167_090101_130416,D,20120124,000000,5.9020000,5.9490000,5.9010000,5.9340000,1.500
21167_090101_130416,D,20120125,000000,6.0000000,6.2690000,5.9900000,6.1000000,12.200
21167_090101_130416,D,20120126,000000,6.1000000,6.1990000,5.9990000,6.0000000,9.500
21167_090101_130416,D,20120127,000000,6.0490000,6.0920000,5.9660000,5.9660000,11.200
21167_090101_130416,D,20120130,000000,5.9740000,6.0000000,5.9670000,6.0000000,4.900
21167_090101_130416,D,20120131,000000,5.9680000,6.0500000,5.9680000,6.0500000,3.100
21167_090101_130416,D,20120201,000000,6.0200000,6.0200000,6.0200000,6.0200000,100
21167_090101_130416,D,20120202,000000,6.0450000,6.0500000,5.9660000,6.0320000,2.100
21167_090101_130416,D,20120203,000000,6.0010000,6.0250000,6.0010000,6.0250000,3.000
21167_090101_130416,D,20120206,000000,5.9590000,6.1800000,5.9590000,5.9990000,7.000
21167_090101_130416,D,20120207,000000,5.9850000,5.9850000,5.9800000,5.9800000,2.300
21167_090101_130416,D,20120208,000000,5.9990000,6.0320000,5.9990000,6.0010000,4.500
21167_090101_130416,D,20120209,000000,6.0550000,6.8700000,6.0550000,6.1010000,41.300
21167_090101_130416,D,20120213,000000,6.0340000,6.0990000,6.0030000,6.0900000,1.600
21167_090101_130416,D,20120214,000000,6.0210000,6.0960000,6.0040000,6.0600000,5.700
21167_090101_130416,D,20120215,000000,6.1410000,6.3040000,6.1410000,6.2390000,4.100
21167_090101_130416,D,20120217,000000,6.2830000,6.2830000,6.0010000,6.1510000,29.000
21167_090101_130416,D,20120220,000000,6.2010000,6.2410000,6.0090000,6.0100000,28.200
21167_090101_130416,D,20120221,000000,6.0700000,6.4990000,6.0400000,6.1220000,31.000
21167_090101_130416,D,20120222,000000,6.1800000,6.1960000,6.1500000,6.1500000,2.800
21167_090101_130416,D,20120224,000000,6.0500000,6.2170000,6.0330000,6.1290000,3.700
21167_090101_130416,D,20120227,000000,6.2000000,6.2220000,6.1490000,6.1500000,1.200
21167_090101_130416,D,20120228,000000,6.2810000,6.3210000,6.0380000,6.0580000,1.600
21167_090101_130416,D,20120229,000000,6.1400000,6.1410000,6.1400000,6.1410000,600
21167_090101_130416,D,20120301,000000,6.2600000,6.2600000,6.0350000,6.1000000,1.700
21167_090101_130416,D,20120302,000000,6.3770000,7.0000000,6.0310000,6.0310000,32.800
21167_090101_130416,D,20120305,000000,6.1000000,6.1010000,6.1000000,6.1010000,200
21167_090101_130416,D,20120306,000000,6.0430000,6.1000000,6.0100000,6.0100000,14.800
21167_090101_130416,D,20120307,000000,6.0700000,6.1000000,6.0700000,6.1000000,12.000
21167_090101_130416,D,20120311,000000,6.1000000,7.6900000,6.1000000,6.2590000,78.800
21167_090101_130416,D,20120312,000000,6.2400000,6.2990000,6.2400000,6.2890000,6.000
21167_090101_130416,D,20120313,000000,6.2110000,6.9000000,6.2110000,6.9000000,7.500
21167_090101_130416,D,20120314,000000,6.9610000,6.9990000,6.2600000,6.2600000,5.100
21167_090101_130416,D,20120315,000000,6.5270000,6.5270000,6.2050000,6.2050000,2.500
21167_090101_130416,D,20120316,000000,6.2010000,6.2500000,6.2010000,6.2500000,2.200
21167_090101_130416,D,20120319,000000,6.4000000,6.4980000,6.2500000,6.3630000,1.300
21167_090101_130416,D,20120320,000000,6.2270000,6.2270000,6.2210000,6.2210000,1.500
21167_090101_130416,D,20120321,000000,6.3990000,8.7120000,6.3990000,8.7120000,218.900
21167_090101_130416,D,20120322,000000,8.9980000,11.7390000,7.7000000,9.5020000,155.400
21167_090101_130416,D,20120323,000000,9.3270000,10.9170000,9.0000000,9.9500000,24.100
21167_090101_130416,D,20120326,000000,10.2620000,10.2800000,8.7570000,9.6290000,5.700
21167_090101_130416,D,20120327,000000,9.3780000,10.0880000,9.3780000,10.0880000,1.300
21167_090101_130416,D,20120328,000000,8.2950000,8.9640000,8.2000000,8.6500000,11.800
21167_090101_130416,D,20120329,000000,8.2010000,8.6500000,8.2010000,8.4900000,15.300
21167_090101_130416,D,20120330,000000,8.5000000,9.9790000,8.2520000,8.2520000,23.000
21167_090101_130416,D,20120402,000000,8.9130000,8.9130000,8.2550000,8.5770000,400
21167_090101_130416,D,20120403,000000,8.8590000,8.8590000,7.8460000,7.8990000,2.100
21167_090101_130416,D,20120406,000000,7.8400000,8.9140000,7.3500000,8.9140000,8.000
21167_090101_130416,D,20120409,000000,8.7860000,8.7860000,8.7860000,8.7860000,100
21167_090101_130416,D,20120410,000000,7.2780000,7.8000000,7.2580000,7.8000000,2.000
21167_090101_130416,D,20120411,000000,8.5000000,8.9140000,8.5000000,8.9140000,600
21167_090101_130416,D,20120412,000000,8.1240000,8.1240000,7.3100000,7.9000000,10.700
21167_090101_130416,D,20120413,000000,7.3170000,8.8860000,7.3010000,8.8860000,700
21167_090101_130416,D,20120417,000000,8.8990000,8.9070000,8.8990000,8.9070000,200
21167_090101_130416,D,20120418,000000,7.3620000,12.4700000,7.2580000,11.9980000,92.900
21167_090101_130416,D,20120419,000000,12.5000000,15.3000000,11.1510000,11.9000000,42.400
21167_090101_130416,D,20120420,000000,12.4980000,12.4980000,10.0980000,10.7500000,17.900
21167_090101_130416,D,20120423,000000,11.9700000,12.1190000,9.6960000,11.2680000,19.800
21167_090101_130416,D,20120424,000000,10.1000000,11.2540000,8.4840000,8.5000000,118.600
21167_090101_130416,D,20120425,000000,8.5100000,9.1700000,8.2500000,9.1700000,6.800
21167_090101_130416,D,20120426,000000,8.4260000,8.4270000,7.3110000,8.1000000,18.000
21167_090101_130416,D,20120427,000000,8.1000000,8.1000000,6.3530000,6.8000000,205.000
21167_090101_130416,D,20120428,000000,7.0000000,7.2340000,6.2000000,6.9990000,43.900
21167_090101_130416,D,20120502,000000,6.9980000,7.7980000,6.6040000,7.3290000,22.600
21167_090101_130416,D,20120503,000000,6.9000000,7.2900000,6.6010000,6.9860000,3.400
21167_090101_130416,D,20120504,000000,6.7000000,6.7000000,6.2000000,6.3800000,40.700
21167_090101_130416,D,20120505,000000,6.2020000,7.1000000,6.2000000,7.0000000,21.200
21167_090101_130416,D,20120507,000000,6.7020000,6.7020000,6.5000000,6.6960000,4.100
21167_090101_130416,D,20120508,000000,6.6960000,6.6960000,6.6960000,6.6960000,100
21167_090101_130416,D,20120510,000000,6.7000000,6.7000000,6.4010000,6.4150000,11.200
21167_090101_130416,D,20120511,000000,6.4120000,6.4120000,6.3990000,6.3990000,10.100
21167_090101_130416,D,20120512,000000,6.6960000,6.6960000,6.5690000,6.6780000,4.700
21167_090101_130416,D,20120514,000000,6.6790000,6.6790000,6.1780000,6.4000000,13.200
21167_090101_130416,D,20120515,000000,6.4930000,6.4930000,6.3110000,6.3510000,2.600
21167_090101_130416,D,20120516,000000,6.4010000,6.4010000,6.1670000,6.3010000,2.700
21167_090101_130416,D,20120517,000000,6.1670000,6.3780000,6.1120000,6.1120000,5.700
21167_090101_130416,D,20120518,000000,6.0050000,6.0050000,5.5560000,5.8500000,23.300
21167_090101_130416,D,20120521,000000,5.9990000,6.0000000,5.8010000,6.0000000,3.500
21167_090101_130416,D,20120522,000000,5.8500000,5.8500000,5.8500000,5.8500000,100
21167_090101_130416,D,20120523,000000,5.9000000,5.9000000,4.9900000,4.9900000,55.700
21167_090101_130416,D,20120525,000000,5.0060000,5.6680000,5.0060000,5.6680000,16.200
21167_090101_130416,D,20120528,000000,5.5010000,5.9900000,5.5010000,5.9900000,800
21167_090101_130416,D,20120530,000000,5.5990000,5.6000000,5.5010000,5.5010000,1.600
21167_090101_130416,D,20120531,000000,5.4850000,5.4850000,5.1500000,5.2000000,1.800
21167_090101_130416,D,20120601,000000,5.0030000,5.4190000,5.0030000,5.0310000,3.000
21167_090101_130416,D,20120604,000000,5.4430000,6.6020000,5.4280000,6.0000000,104.900
21167_090101_130416,D,20120605,000000,5.7000000,6.0010000,5.2000000,6.0010000,73.400
21167_090101_130416,D,20120606,000000,5.8010000,5.9530000,5.7000000,5.9530000,18.400
21167_090101_130416,D,20120607,000000,5.6510000,5.9850000,5.6500000,5.9850000,2.200
21167_090101_130416,D,20120608,000000,5.7590000,5.9440000,5.7590000,5.9440000,1.400
21167_090101_130416,D,20120613,000000,6.0000000,6.0000000,6.0000000,6.0000000,100
21167_090101_130416,D,20120614,000000,5.6550000,5.9950000,5.6550000,5.9950000,200
21167_090101_130416,D,20120615,000000,5.9980000,6.2890000,5.9980000,6.2890000,1.100
21167_090101_130416,D,20120618,000000,5.7000000,5.9990000,5.6500000,5.9990000,16.700
21167_090101_130416,D,20120619,000000,5.3860000,5.6000000,5.3800000,5.6000000,4.500
21167_090101_130416,D,20120620,000000,5.7500000,5.7500000,5.7500000,5.7500000,100
21167_090101_130416,D,20120621,000000,5.8000000,5.8000000,5.8000000,5.8000000,200
21167_090101_130416,D,20120622,000000,5.8490000,6.2490000,5.8030000,5.8030000,6.100
21167_090101_130416,D,20120625,000000,5.8800000,5.9200000,5.8010000,5.8010000,5.400
21167_090101_130416,D,20120626,000000,5.8460000,5.9200000,5.8020000,5.8980000,6.200
21167_090101_130416,D,20120627,000000,5.9190000,6.1990000,5.9190000,6.0000000,13.000
21167_090101_130416,D,20120629,000000,6.0000000,6.0000000,5.8600000,5.8600000,1.900
21167_090101_130416,D,20120702,000000,5.9990000,5.9990000,5.7010000,5.7010000,1.200
21167_090101_130416,D,20120703,000000,5.9990000,6.0000000,5.9160000,5.9160000,29.900
21167_090101_130416,D,20120704,000000,5.8100000,5.9600000,5.8000000,5.9600000,12.800
21167_090101_130416,D,20120705,000000,5.9990000,7.9180000,5.9900000,7.8890000,107.700
21167_090101_130416,D,20120706,000000,7.4200000,8.7360000,5.8000000,6.4500000,147.600
21167_090101_130416,D,20120709,000000,6.3220000,6.6390000,6.3020000,6.3500000,17.300
21167_090101_130416,D,20120710,000000,6.8190000,6.8190000,6.1940000,6.4480000,33.500
21167_090101_130416,D,20120711,000000,6.2520000,6.6800000,6.2510000,6.6800000,1.300
21167_090101_130416,D,20120712,000000,6.6890000,6.9970000,6.3140000,6.4380000,3.900
21167_090101_130416,D,20120713,000000,6.4380000,6.4400000,6.3000000,6.4400000,4.200
21167_090101_130416,D,20120716,000000,6.3000000,6.4000000,6.2560000,6.4000000,400
21167_090101_130416,D,20120717,000000,6.8800000,7.0080000,6.3000000,6.4940000,2.900
21167_090101_130416,D,20120718,000000,6.3010000,6.5990000,6.2530000,6.5500000,28.000
21167_090101_130416,D,20120719,000000,6.7890000,6.7890000,6.5000000,6.6970000,10.000
21167_090101_130416,D,20120720,000000,6.6930000,7.3990000,6.6930000,6.8000000,30.200
21167_090101_130416,D,20120723,000000,6.9950000,7.2000000,5.7570000,6.8110000,10.900
21167_090101_130416,D,20120724,000000,6.1960000,6.9970000,6.0390000,6.6720000,13.200
21167_090101_130416,D,20120725,000000,6.1780000,6.5380000,6.0380000,6.5000000,18.700
21167_090101_130416,D,20120726,000000,6.1110000,6.5990000,6.1110000,6.4000000,23.900
21167_090101_130416,D,20120727,000000,6.0350000,6.4000000,6.0350000,6.3700000,4.600
21167_090101_130416,D,20120730,000000,6.5990000,6.5990000,6.4990000,6.4990000,1.900
21167_090101_130416,D,20120731,000000,6.4050000,6.4100000,6.3840000,6.3840000,14.800
21167_090101_130416,D,20120801,000000,6.4260000,6.4260000,6.3000000,6.3000000,5.800
21167_090101_130416,D,20120802,000000,6.3000000,6.5000000,6.2990000,6.4050000,13.600
21167_090101_130416,D,20120806,000000,6.3510000,6.5980000,6.3500000,6.5980000,3.800
21167_090101_130416,D,20120807,000000,6.3120000,6.6000000,6.3120000,6.5000000,6.500
21167_090101_130416,D,20120808,000000,6.4990000,6.6580000,6.4390000,6.5800000,1.900
21167_090101_130416,D,20120809,000000,6.6590000,6.6590000,6.5230000,6.5230000,2.500
21167_090101_130416,D,20120814,000000,6.0380000,6.4000000,6.0370000,6.4000000,24.900
21167_090101_130416,D,20120815,000000,6.4000000,6.4390000,6.3500000,6.4390000,3.100
21167_090101_130416,D,20120816,000000,6.2790000,6.7800000,6.2790000,6.7800000,3.700
21167_090101_130416,D,20120817,000000,6.5000000,6.5000000,6.4990000,6.4990000,10.400
21167_090101_130416,D,20120820,000000,6.7800000,6.7800000,6.2210000,6.4000000,6.400
21167_090101_130416,D,20120821,000000,6.3500000,6.3500000,6.3500000,6.3500000,400
21167_090101_130416,D,20120822,000000,6.3900000,6.4200000,6.3700000,6.3700000,5.000
21167_090101_130416,D,20120823,000000,6.7860000,6.8540000,6.3000000,6.3000000,19.600
21167_090101_130416,D,20120824,000000,6.4100000,6.4500000,6.4100000,6.4500000,300
21167_090101_130416,D,20120827,000000,6.3230000,6.3230000,6.3230000,6.3230000,300
21167_090101_130416,D,20120828,000000,6.7990000,6.7990000,6.3200000,6.3200000,2.300
21167_090101_130416,D,20120831,000000,6.4000000,6.4170000,6.2620000,6.2640000,800
21167_090101_130416,D,20120903,000000,6.2560000,6.3970000,6.2560000,6.3970000,300
21167_090101_130416,D,20120904,000000,6.4980000,6.4980000,6.4980000,6.4980000,100
21167_090101_130416,D,20120905,000000,6.2550000,6.3970000,6.2550000,6.3970000,500
21167_090101_130416,D,20120906,000000,6.4000000,6.4000000,6.2600000,6.2600000,1.900
21167_090101_130416,D,20120907,000000,6.3340000,6.3340000,6.3340000,6.3340000,1.700
21167_090101_130416,D,20120910,000000,6.2570000,6.2570000,6.2560000,6.2560000,2.600
21167_090101_130416,D,20120911,000000,6.2010000,6.2010000,6.2010000,6.2010000,1.300
21167_090101_130416,D,20120912,000000,6.2570000,6.4000000,6.2570000,6.4000000,5.200
21167_090101_130416,D,20120914,000000,6.2570000,6.2570000,6.2570000,6.2570000,5.000
21167_090101_130416,D,20120917,000000,6.2570000,6.2570000,6.2130000,6.2130000,2.200
21167_090101_130416,D,20120918,000000,6.3990000,6.3990000,6.2560000,6.2560000,1.200
21167_090101_130416,D,20120921,000000,6.1610000,6.1610000,6.1610000,6.1610000,900
21167_090101_130416,D,20120925,000000,6.2250000,6.3950000,6.2000000,6.3950000,2.000
21167_090101_130416,D,20120927,000000,6.2360000,6.2780000,6.2000000,6.2000000,1.600
21167_090101_130416,D,20121001,000000,6.1000000,6.2710000,6.1000000,6.2710000,300
21167_090101_130416,D,20121002,000000,6.3490000,6.3490000,6.3400000,6.3400000,900
21167_090101_130416,D,20121003,000000,6.2500000,6.2500000,6.2500000,6.2500000,100
21167_090101_130416,D,20121004,000000,6.1120000,6.1120000,6.1120000,6.1120000,300
21167_090101_130416,D,20121005,000000,6.1150000,6.1150000,6.1000000,6.1000000,1.500
21167_090101_130416,D,20121008,000000,6.4050000,6.4050000,6.1010000,6.1010000,800
21167_090101_130416,D,20121009,000000,6.0500000,6.0500000,6.0100000,6.0100000,8.500
21167_090101_130416,D,20121010,000000,6.6000000,6.6000000,6.6000000,6.6000000,1.000
21167_090101_130416,D,20121011,000000,6.3000000,6.3000000,6.2840000,6.2840000,700
21167_090101_130416,D,20121015,000000,6.0350000,6.0350000,6.0340000,6.0340000,700
21167_090101_130416,D,20121016,000000,6.2650000,6.2660000,6.2650000,6.2660000,300
21167_090101_130416,D,20121017,000000,6.0070000,6.0070000,6.0070000,6.0070000,100
21167_090101_130416,D,20121024,000000,6.2220000,6.2220000,6.2220000,6.2220000,100
21167_090101_130416,D,20121026,000000,5.9780000,5.9780000,5.9780000,5.9780000,400
21167_090101_130416,D,20121030,000000,5.9600000,5.9640000,5.9600000,5.9640000,2.500
21167_090101_130416,D,20121031,000000,5.9340000,5.9340000,5.9160000,5.9160000,300
21167_090101_130416,D,20121102,000000,5.9000000,5.9000000,5.7780000,5.7780000,500
21167_090101_130416,D,20121109,000000,5.7500000,5.8000000,5.7000000,5.7000000,4.400
21167_090101_130416,D,20121113,000000,5.7000000,5.7000000,5.7000000,5.7000000,900
21167_090101_130416,D,20121114,000000,5.7080000,5.8000000,5.7040000,5.7040000,5.000
21167_090101_130416,D,20121115,000000,5.7990000,5.9960000,5.7990000,5.9960000,1.100
21167_090101_130416,D,20121116,000000,5.7270000,5.8890000,5.7270000,5.8890000,3.400
21167_090101_130416,D,20121119,000000,5.7010000,5.8460000,5.7000000,5.8460000,2.700
21167_090101_130416,D,20121120,000000,5.5550000,5.7300000,5.5550000,5.7300000,1.100
21167_090101_130416,D,20121121,000000,5.7360000,5.7360000,5.7300000,5.7300000,200
21167_090101_130416,D,20121123,000000,5.7480000,5.9990000,5.7480000,5.9990000,1.900
21167_090101_130416,D,20121127,000000,5.7990000,5.7990000,5.7990000,5.7990000,200
21167_090101_130416,D,20121128,000000,5.8470000,5.8470000,5.8470000,5.8470000,100
21167_090101_130416,D,20121129,000000,5.7980000,5.8000000,5.7980000,5.8000000,200
21167_090101_130416,D,20121130,000000,5.9800000,6.4790000,5.9800000,6.3490000,21.000
21167_090101_130416,D,20121203,000000,5.8840000,5.8840000,5.8840000,5.8840000,100
21167_090101_130416,D,20121204,000000,6.0000000,6.0000000,5.7000000,5.7990000,9.800
21167_090101_130416,D,20121205,000000,5.9590000,5.9940000,5.9590000,5.9940000,1.000
21167_090101_130416,D,20121206,000000,6.0000000,6.0000000,6.0000000,6.0000000,100
21167_090101_130416,D,20121207,000000,6.0000000,6.0000000,6.0000000,6.0000000,100
21167_090101_130416,D,20121210,000000,6.0000000,6.0000000,6.0000000,6.0000000,100
21167_090101_130416,D,20121211,000000,5.9260000,5.9260000,5.9250000,5.9250000,2.000
21167_090101_130416,D,20121212,000000,5.9210000,5.9940000,5.9210000,5.9940000,400
21167_090101_130416,D,20121213,000000,6.0060000,6.2950000,6.0060000,6.1200000,14.800
21167_090101_130416,D,20121214,000000,6.0390000,6.0390000,5.9980000,5.9980000,1.200
21167_090101_130416,D,20121217,000000,6.1410000,6.5990000,5.9190000,6.1000000,160.700
21167_090101_130416,D,20121218,000000,6.2490000,6.4860000,5.6440000,6.0990000,117.900
21167_090101_130416,D,20121219,000000,6.0990000,6.9400000,6.0000000,6.7770000,33.700
21167_090101_130416,D,20121220,000000,6.6870000,6.7610000,6.1010000,6.4970000,8.500
21167_090101_130416,D,20121221,000000,6.3690000,6.7990000,6.3690000,6.6230000,5.400
21167_090101_130416,D,20121224,000000,6.4890000,6.4890000,6.4000000,6.4000000,3.500
21167_090101_130416,D,20121225,000000,6.1400000,6.2990000,5.8080000,5.9990000,35.300
21167_090101_130416,D,20121226,000000,6.1110000,6.1110000,5.8000000,6.1030000,95.800
21167_090101_130416,D,20121227,000000,5.9830000,6.0990000,5.9830000,6.0990000,1.900
21167_090101_130416,D,20121228,000000,5.9010000,6.0860000,5.9010000,6.0860000,7.800
21167_090101_130416,D,20130108,000000,6.0790000,6.0990000,5.8680000,6.0000000,27.100
21167_090101_130416,D,20130109,000000,5.9990000,5.9990000,5.8650000,5.9910000,12.400
21167_090101_130416,D,20130110,000000,5.9920000,6.3800000,5.9920000,5.9990000,4.100
21167_090101_130416,D,20130111,000000,5.9950000,5.9950000,5.9310000,5.9340000,3.000
21167_090101_130416,D,20130114,000000,5.9950000,5.9970000,5.8660000,5.9900000,8.300
21167_090101_130416,D,20130115,000000,5.8660000,5.9220000,5.7990000,5.9220000,66.300
21167_090101_130416,D,20130116,000000,5.8170000,5.8990000,5.7570000,5.8000000,8.000
21167_090101_130416,D,20130118,000000,5.8000000,5.8000000,5.7610000,5.7610000,10.300
21167_090101_130416,D,20130121,000000,5.7830000,5.8000000,5.7790000,5.8000000,700
21167_090101_130416,D,20130122,000000,5.7500000,5.8500000,5.7500000,5.8500000,1.100
21167_090101_130416,D,20130123,000000,5.7500000,5.7500000,5.7500000,5.7500000,300
21167_090101_130416,D,20130124,000000,5.7600000,5.7600000,5.7580000,5.7580000,3.200
21167_090101_130416,D,20130128,000000,5.7600000,5.8330000,5.7410000,5.8330000,12.100
21167_090101_130416,D,20130129,000000,5.8980000,5.9100000,5.7500000,5.7500000,10.400
21167_090101_130416,D,20130130,000000,5.7490000,5.7490000,5.7010000,5.7400000,4.300
21167_090101_130416,D,20130131,000000,5.8450000,5.9990000,5.8000000,5.9500000,15.200
21167_090101_130416,D,20130201,000000,5.8630000,5.8630000,5.8630000,5.8630000,300
21167_090101_130416,D,20130204,000000,5.8860000,5.8860000,5.8500000,5.8500000,3.800
21167_090101_130416,D,20130205,000000,5.8390000,5.8500000,5.8390000,5.8500000,1.600
21167_090101_130416,D,20130206,000000,5.7960000,5.7960000,5.7610000,5.7900000,6.900
21167_090101_130416,D,20130207,000000,5.7800000,5.8600000,5.7800000,5.8600000,2.100
21167_090101_130416,D,20130211,000000,5.8010000,5.8010000,5.8000000,5.8000000,900
21167_090101_130416,D,20130212,000000,5.7910000,5.7910000,5.7620000,5.7620000,600
21167_090101_130416,D,20130213,000000,5.7600000,5.7990000,5.7210000,5.7340000,1.800
21167_090101_130416,D,20130214,000000,5.8600000,5.8610000,5.8600000,5.8610000,200
21167_090101_130416,D,20130215,000000,5.7810000,5.7810000,5.7000000,5.7050000,2.400
21167_090101_130416,D,20130218,000000,5.7500000,5.7500000,5.7500000,5.7500000,300
21167_090101_130416,D,20130219,000000,5.7010000,5.7010000,5.7000000,5.7000000,2.600
21167_090101_130416,D,20130220,000000,5.6200000,5.6210000,5.6200000,5.6200000,900
21167_090101_130416,D,20130228,000000,5.6500000,5.6500000,5.6500000,5.6500000,100
21167_090101_130416,D,20130301,000000,5.6510000,5.6510000,5.6500000,5.6500000,1.400
21167_090101_130416,D,20130304,000000,5.6320000,5.6320000,5.5210000,5.6000000,5.400
21167_090101_130416,D,20130305,000000,5.6030000,5.6030000,5.6030000,5.6030000,100
21167_090101_130416,D,20130306,000000,5.6000000,5.6000000,5.5200000,5.5200000,1.100
21167_090101_130416,D,20130307,000000,5.6500000,5.6500000,5.6500000,5.6500000,100
21167_090101_130416,D,20130311,000000,5.7420000,5.7420000,5.7000000,5.7000000,200
21167_090101_130416,D,20130326,000000,5.6010000,5.6010000,5.6000000,5.6000000,200
21167_090101_130416,D,20130327,000000,5.4600000,5.6230000,5.1000000,5.6230000,7.500
21167_090101_130416,D,20130328,000000,5.8740000,5.8740000,5.6660000,5.6660000,800
21167_090101_130416,D,20130329,000000,5.5010000,5.5010000,5.5000000,5.5000000,900
21167_090101_130416,D,20130401,000000,5.3000000,5.3000000,5.3000000,5.3000000,100
