<TICKER>,<PER>,<DATE>,<TIME>,<OPEN>,<HIGH>,<LOW>,<CLOSE>,<VOL>
22806_090101_130416,D,20100129,000000,6.1000000,6.2500000,6.0500000,6.1500000,85.700
22806_090101_130416,D,20100201,000000,8.5680000,8.5680000,6.0490000,6.3000000,173.200
22806_090101_130416,D,20100202,000000,6.4900000,8.8990000,6.4000000,7.0980000,218.700
22806_090101_130416,D,20100203,000000,7.9990000,7.9990000,6.0700000,6.0700000,173.200
22806_090101_130416,D,20100204,000000,6.0590000,8.6280000,5.9500000,7.4990000,153.900
22806_090101_130416,D,20100205,000000,7.4440000,8.0000000,7.0000000,7.6000000,142.700
22806_090101_130416,D,20100208,000000,7.8480000,7.8480000,6.2600000,6.6190000,153.800
22806_090101_130416,D,20100209,000000,6.6640000,6.8070000,6.2020000,6.6990000,167.100
22806_090101_130416,D,20100210,000000,6.6900000,6.9000000,6.0700000,6.7890000,156.000
22806_090101_130416,D,20100211,000000,6.5300000,6.7880000,6.2180000,6.6200000,146.500
22806_090101_130416,D,20100212,000000,6.4490000,6.8980000,6.2350000,6.7730000,61.500
22806_090101_130416,D,20100215,000000,6.6000000,6.9300000,6.2700000,6.9300000,64.100
22806_090101_130416,D,20100216,000000,6.4530000,7.0500000,6.1610000,7.0500000,127.400
22806_090101_130416,D,20100217,000000,7.1000000,7.1000000,6.3240000,7.0700000,172.800
22806_090101_130416,D,20100218,000000,6.9200000,7.0100000,6.3690000,7.0100000,101.700
22806_090101_130416,D,20100219,000000,6.9440000,7.0300000,6.5500000,7.0300000,67.800
22806_090101_130416,D,20100224,000000,6.5040000,6.9300000,6.4320000,6.9300000,68.200
22806_090101_130416,D,20100225,000000,6.8990000,7.1500000,6.4600000,7.1500000,45.800
22806_090101_130416,D,20100226,000000,7.4370000,7.4370000,7.0000000,7.1910000,82.800
22806_090101_130416,D,20100227,000000,7.1950000,7.2050000,7.0000000,7.1950000,75.500
22806_090101_130416,D,20100301,000000,7.3000000,7.3000000,6.8910000,7.2450000,146.900
22806_090101_130416,D,20100302,000000,7.1500000,7.1660000,6.8950000,7.1150000,134.700
22806_090101_130416,D,20100303,000000,7.1780000,7.2500000,7.0010000,7.2500000,140.600
22806_090101_130416,D,20100304,000000,7.0000000,7.3300000,7.0000000,7.3300000,171.300
22806_090101_130416,D,20100305,000000,7.3000000,7.3840000,6.9500000,7.3840000,161.500
22806_090101_130416,D,20100309,000000,7.2500000,7.4000000,7.1510000,7.4000000,172.300
22806_090101_130416,D,20100310,000000,7.4500000,7.4500000,7.2500000,7.4180000,170.400
22806_090101_130416,D,20100311,000000,7.4300000,7.4540000,7.2500000,7.4160000,168.600
22806_090101_130416,D,20100312,000000,7.4890000,7.4900000,6.1000000,7.3950000,208.700
22806_090101_130416,D,20100315,000000,7.3490000,7.3500000,7.0000000,7.3500000,187.000
22806_090101_130416,D,20100316,000000,7.5900000,7.5900000,7.2500000,7.4600000,204.200
22806_090101_130416,D,20100317,000000,7.4490000,7.4920000,7.2010000,7.4890000,166.100
22806_090101_130416,D,20100318,000000,7.4990000,7.4990000,7.4000000,7.4800000,138.100
22806_090101_130416,D,20100319,000000,7.4450000,7.4450000,6.8000000,7.3300000,231.600
22806_090101_130416,D,20100322,000000,7.0010000,7.4500000,6.8000000,7.4500000,158.100
22806_090101_130416,D,20100323,000000,7.3750000,7.4560000,7.0040000,7.4560000,186.400
22806_090101_130416,D,20100324,000000,7.3490000,7.4490000,7.1610000,7.3990000,210.700
22806_090101_130416,D,20100325,000000,7.3990000,7.5750000,7.0030000,7.5750000,609.900
22806_090101_130416,D,20100326,000000,7.4800000,7.6600000,7.2700000,7.5990000,398.800
22806_090101_130416,D,20100329,000000,7.4000000,7.7500000,7.4000000,7.6000000,283.000
22806_090101_130416,D,20100330,000000,7.8000000,7.8830000,7.5600000,7.6900000,221.000
22806_090101_130416,D,20100331,000000,7.6500000,8.3010000,7.6000000,8.2300000,547.000
22806_090101_130416,D,20100401,000000,7.8540000,8.2490000,7.7030000,7.9500000,217.500
22806_090101_130416,D,20100402,000000,8.0980000,8.3000000,7.7020000,8.1800000,110.800
22806_090101_130416,D,20100405,000000,8.1490000,8.5000000,7.7110000,8.3500000,209.000
22806_090101_130416,D,20100406,000000,8.6800000,8.6800000,8.0080000,8.2960000,316.500
22806_090101_130416,D,20100407,000000,8.4790000,8.4840000,8.0000000,8.4650000,135.500
22806_090101_130416,D,20100408,000000,8.1230000,8.5610000,8.1230000,8.4900000,133.300
22806_090101_130416,D,20100409,000000,8.4990000,8.4990000,8.0000000,8.4480000,46.700
22806_090101_130416,D,20100412,000000,8.3500000,8.5370000,7.8810000,8.3350000,246.500
22806_090101_130416,D,20100413,000000,8.3000000,8.4990000,8.1440000,8.4700000,110.200
22806_090101_130416,D,20100414,000000,8.4000000,8.5000000,7.7020000,8.2950000,424.100
22806_090101_130416,D,20100415,000000,8.4900000,8.4900000,8.0510000,8.3000000,132.400
22806_090101_130416,D,20100416,000000,8.2990000,8.4990000,8.1000000,8.2990000,370.400
22806_090101_130416,D,20100419,000000,8.1900000,8.1990000,7.6010000,8.1950000,90.300
22806_090101_130416,D,20100420,000000,8.9990000,11.4000000,8.4500000,8.5500000,130.300
22806_090101_130416,D,20100421,000000,8.5800000,8.5850000,8.2670000,8.5550000,93.100
22806_090101_130416,D,20100422,000000,8.4790000,8.4840000,7.8370000,8.1990000,214.500
22806_090101_130416,D,20100423,000000,8.1490000,8.1500000,7.8010000,8.1450000,90.800
22806_090101_130416,D,20100426,000000,7.8000000,8.2380000,7.5610000,7.9950000,157.900
22806_090101_130416,D,20100427,000000,8.2390000,8.2390000,7.6200000,7.6200000,111.000
22806_090101_130416,D,20100428,000000,7.8000000,7.9560000,7.7000000,7.9560000,67.100
22806_090101_130416,D,20100429,000000,7.9400000,8.0660000,7.4700000,8.0660000,93.300
22806_090101_130416,D,20100430,000000,8.3900000,8.3900000,7.9000000,8.3000000,277.300
22806_090101_130416,D,20100504,000000,8.1500000,8.3500000,8.1500000,8.3400000,251.400
22806_090101_130416,D,20100505,000000,8.3180000,8.3580000,7.8900000,8.3570000,74.800
22806_090101_130416,D,20100506,000000,7.7800000,8.3800000,7.6300000,7.7950000,63.600
22806_090101_130416,D,20100507,000000,7.8470000,7.8500000,7.7700000,7.8460000,163.300
22806_090101_130416,D,20100511,000000,7.8900000,7.8980000,7.8500000,7.8930000,148.100
22806_090101_130416,D,20100512,000000,7.8900000,7.9000000,7.8490000,7.9000000,122.600
22806_090101_130416,D,20100513,000000,7.8990000,7.8990000,7.4800000,7.7000000,148.900
22806_090101_130416,D,20100514,000000,7.5000000,7.6850000,7.4500000,7.6300000,166.400
22806_090101_130416,D,20100517,000000,7.5500000,7.6500000,7.0500000,7.2490000,555.200
22806_090101_130416,D,20100518,000000,6.9100000,6.9480000,6.4060000,6.7930000,763.200
22806_090101_130416,D,20100519,000000,6.5000000,6.8000000,6.4000000,6.8000000,1.157.200
22806_090101_130416,D,20100520,000000,6.6000000,8.3650000,6.6000000,8.0100000,281.800
22806_090101_130416,D,20100521,000000,8.0000000,8.3650000,7.8000000,8.3200000,392.200
22806_090101_130416,D,20100524,000000,8.1110000,8.3500000,7.8000000,8.2500000,135.300
22806_090101_130416,D,20100525,000000,8.0400000,8.1600000,7.3920000,7.9970000,552.300
22806_090101_130416,D,20100526,000000,7.7740000,7.9980000,7.3760000,7.9830000,693.300
22806_090101_130416,D,20100527,000000,8.0000000,8.0000000,7.3110000,7.8750000,491.200
22806_090101_130416,D,20100528,000000,7.5300000,7.7000000,6.7760000,7.5380000,700.500
22806_090101_130416,D,20100531,000000,7.1000000,7.6980000,6.7440000,7.6910000,239.300
22806_090101_130416,D,20100601,000000,7.6000000,7.8000000,7.0020000,7.1670000,452.000
22806_090101_130416,D,20100602,000000,7.1660000,7.4990000,6.6100000,7.3990000,308.600
22806_090101_130416,D,20100603,000000,7.0690000,7.2490000,6.9570000,7.1850000,431.300
22806_090101_130416,D,20100604,000000,7.2700000,7.2700000,6.8000000,7.0680000,430.000
22806_090101_130416,D,20100607,000000,7.0500000,7.0700000,6.8700000,6.9000000,295.200
22806_090101_130416,D,20100608,000000,6.9990000,7.2370000,6.8490000,6.9980000,302.200
22806_090101_130416,D,20100609,000000,7.0000000,7.0000000,6.7250000,6.9890000,412.600
22806_090101_130416,D,20100610,000000,6.9990000,6.9990000,6.8300000,6.9850000,228.700
22806_090101_130416,D,20100611,000000,6.9500000,6.9900000,6.7160000,6.7990000,231.400
22806_090101_130416,D,20100615,000000,6.9000000,6.9800000,6.7000000,6.7990000,386.300
22806_090101_130416,D,20100616,000000,6.9990000,6.9990000,6.7500000,6.8300000,217.900
22806_090101_130416,D,20100617,000000,6.9500000,8.2500000,6.9500000,8.0000000,451.300
22806_090101_130416,D,20100618,000000,7.0090000,8.3500000,7.0090000,8.1790000,312.100
22806_090101_130416,D,20100621,000000,8.3650000,8.3650000,7.5000000,8.3480000,271.000
22806_090101_130416,D,20100622,000000,8.3500000,8.3500000,7.2500000,7.4900000,304.600
22806_090101_130416,D,20100623,000000,7.4390000,7.5800000,7.0550000,7.2820000,596.700
22806_090101_130416,D,20100624,000000,7.2400000,7.5000000,6.5000000,6.6500000,460.500
22806_090101_130416,D,20100625,000000,6.9340000,6.9340000,6.4460000,6.7980000,302.600
22806_090101_130416,D,20100628,000000,6.7500000,7.0560000,6.5710000,7.0000000,411.400
22806_090101_130416,D,20100629,000000,6.7840000,6.8780000,6.6020000,6.8290000,286.200
22806_090101_130416,D,20100630,000000,6.8000000,7.0000000,6.6500000,6.7880000,282.300
22806_090101_130416,D,20100701,000000,6.9000000,6.9000000,6.5030000,6.7450000,184.000
22806_090101_130416,D,20100702,000000,6.7890000,6.7900000,6.4500000,6.6960000,96.900
22806_090101_130416,D,20100705,000000,6.8030000,6.8030000,6.4850000,6.4850000,351.900
22806_090101_130416,D,20100706,000000,6.6890000,7.5800000,6.3500000,6.4880000,301.600
22806_090101_130416,D,20100707,000000,6.6490000,6.6490000,6.3500000,6.4960000,205.400
22806_090101_130416,D,20100708,000000,6.8030000,7.0000000,6.4500000,6.5950000,226.300
22806_090101_130416,D,20100709,000000,6.7260000,6.7790000,6.5000000,6.7250000,292.900
22806_090101_130416,D,20100712,000000,6.8000000,6.8000000,6.7350000,6.7450000,174.900
22806_090101_130416,D,20100713,000000,6.7990000,6.8030000,6.5100000,6.7480000,173.900
22806_090101_130416,D,20100714,000000,6.8030000,7.0000000,6.5000000,6.7890000,103.000
22806_090101_130416,D,20100715,000000,6.8030000,6.8030000,6.5100000,6.5480000,329.800
22806_090101_130416,D,20100716,000000,6.5020000,6.7190000,6.4200000,6.6770000,274.600
22806_090101_130416,D,20100719,000000,6.8030000,7.4890000,6.4210000,6.5500000,1.623.000
22806_090101_130416,D,20100720,000000,6.5950000,6.7590000,6.4550000,6.5700000,1.183.200
22806_090101_130416,D,20100721,000000,6.5690000,6.5800000,6.4990000,6.4990000,330.400
22806_090101_130416,D,20100722,000000,6.5400000,6.9450000,6.4300000,6.6450000,716.500
22806_090101_130416,D,20100723,000000,6.6400000,6.6940000,6.4320000,6.5500000,645.000
22806_090101_130416,D,20100726,000000,6.5690000,6.5690000,6.4310000,6.5570000,536.500
22806_090101_130416,D,20100727,000000,6.5150000,6.6890000,6.4600000,6.6000000,410.200
22806_090101_130416,D,20100728,000000,6.6890000,6.6900000,6.5480000,6.6300000,221.400
22806_090101_130416,D,20100729,000000,6.6910000,6.6910000,6.5500000,6.6900000,340.700
22806_090101_130416,D,20100730,000000,6.9370000,7.4920000,6.2520000,6.5120000,255.300
22806_090101_130416,D,20100802,000000,6.7390000,6.7390000,6.5740000,6.5820000,174.800
22806_090101_130416,D,20100803,000000,6.6400000,6.8990000,6.4030000,6.5350000,293.100
22806_090101_130416,D,20100804,000000,6.6740000,6.6790000,6.4400000,6.5480000,167.700
22806_090101_130416,D,20100805,000000,6.5200000,6.5290000,6.3050000,6.4550000,239.600
22806_090101_130416,D,20100806,000000,6.5420000,6.8910000,6.5000000,6.8910000,259.500
22806_090101_130416,D,20100809,000000,6.7900000,7.0980000,6.6000000,6.8850000,226.400
22806_090101_130416,D,20100810,000000,6.8900000,7.2500000,6.6010000,6.9100000,461.900
22806_090101_130416,D,20100811,000000,6.9140000,7.4000000,6.7230000,6.9800000,848.100
22806_090101_130416,D,20100812,000000,7.3980000,7.4920000,6.9570000,7.3850000,437.200
22806_090101_130416,D,20100813,000000,7.4850000,7.4850000,7.0800000,7.2000000,81.800
22806_090101_130416,D,20100816,000000,7.1890000,7.3490000,7.0000000,7.1700000,757.700
22806_090101_130416,D,20100817,000000,7.2850000,7.2850000,6.6960000,6.7980000,503.500
22806_090101_130416,D,20100818,000000,6.8410000,6.8420000,6.6990000,6.7500000,386.500
22806_090101_130416,D,20100819,000000,6.7000000,6.7990000,6.6950000,6.7910000,224.200
22806_090101_130416,D,20100820,000000,6.8500000,6.9880000,6.8000000,6.9500000,347.500
22806_090101_130416,D,20100823,000000,6.9480000,6.9880000,6.8860000,6.9880000,362.000
22806_090101_130416,D,20100824,000000,6.9850000,6.9870000,6.7520000,6.9470000,593.500
22806_090101_130416,D,20100825,000000,6.9450000,6.9450000,6.7300000,6.8400000,313.800
22806_090101_130416,D,20100826,000000,6.9300000,6.9300000,6.7970000,6.8970000,365.100
22806_090101_130416,D,20100827,000000,6.8890000,6.8890000,6.7630000,6.7790000,344.300
22806_090101_130416,D,20100830,000000,6.9980000,6.9980000,6.6580000,6.7790000,260.000
22806_090101_130416,D,20100831,000000,6.8850000,6.8850000,6.6100000,6.8490000,139.500
22806_090101_130416,D,20100901,000000,6.7970000,6.7990000,6.6500000,6.7550000,206.600
22806_090101_130416,D,20100902,000000,6.7470000,6.7470000,6.5260000,6.6750000,220.400
22806_090101_130416,D,20100903,000000,6.7820000,6.8900000,6.6460000,6.7980000,224.100
22806_090101_130416,D,20100906,000000,6.8860000,6.9430000,6.5000000,6.5500000,434.500
22806_090101_130416,D,20100907,000000,6.6200000,6.8370000,6.6200000,6.6500000,296.200
22806_090101_130416,D,20100908,000000,6.7500000,6.8450000,6.5060000,6.5500000,508.300
22806_090101_130416,D,20100909,000000,6.7850000,6.7990000,6.5000000,6.5990000,251.700
22806_090101_130416,D,20100910,000000,6.7800000,6.7900000,6.4990000,6.5000000,279.200
22806_090101_130416,D,20100913,000000,6.4800000,6.7060000,6.3370000,6.4480000,697.500
22806_090101_130416,D,20100914,000000,6.4490000,6.4500000,6.2300000,6.3800000,1.404.700
22806_090101_130416,D,20100915,000000,6.3940000,6.4000000,6.3600000,6.3690000,315.000
22806_090101_130416,D,20100916,000000,6.4150000,6.5600000,6.2100000,6.4400000,619.200
22806_090101_130416,D,20100917,000000,6.2030000,6.4250000,6.0300000,6.3700000,176.000
22806_090101_130416,D,20100920,000000,6.4490000,6.4490000,6.3410000,6.3900000,604.800
22806_090101_130416,D,20100921,000000,6.5200000,6.5200000,6.0400000,6.4040000,338.800
22806_090101_130416,D,20100922,000000,6.4000000,6.4090000,6.3600000,6.4080000,331.300
22806_090101_130416,D,20100923,000000,6.3970000,6.3990000,6.2600000,6.3240000,296.300
22806_090101_130416,D,20100924,000000,6.3970000,6.4500000,6.1050000,6.4500000,754.100
22806_090101_130416,D,20100927,000000,6.3600000,6.5200000,6.1500000,6.1740000,604.300
22806_090101_130416,D,20100928,000000,6.3650000,6.5500000,6.2960000,6.5500000,357.400
22806_090101_130416,D,20100929,000000,6.6680000,6.8860000,6.4200000,6.7980000,877.300
22806_090101_130416,D,20100930,000000,6.9790000,7.1980000,6.6680000,7.1380000,1.945.300
22806_090101_130416,D,20101001,000000,7.1980000,7.4850000,6.8500000,7.4850000,1.214.400
22806_090101_130416,D,20101004,000000,7.7990000,7.8280000,7.2100000,7.8280000,221.100
22806_090101_130416,D,20101005,000000,7.9200000,8.2100000,7.2100000,8.0120000,1.441.900
22806_090101_130416,D,20101006,000000,8.3500000,8.3920000,8.0000000,8.2770000,1.042.400
22806_090101_130416,D,20101007,000000,8.2980000,8.7000000,8.1440000,8.2840000,440.700
22806_090101_130416,D,20101008,000000,8.0770000,8.4990000,8.0000000,8.3540000,1.223.100
22806_090101_130416,D,20101011,000000,8.1030000,9.4400000,8.1030000,9.1760000,1.557.400
22806_090101_130416,D,20101012,000000,9.4490000,9.7110000,8.1970000,9.1760000,819.800
22806_090101_130416,D,20101013,000000,9.1000000,9.4000000,8.5680000,9.2900000,516.300
22806_090101_130416,D,20101014,000000,9.3590000,9.3590000,8.7200000,9.1700000,273.700
22806_090101_130416,D,20101015,000000,9.2690000,9.2690000,8.9590000,9.1960000,268.400
22806_090101_130416,D,20101018,000000,9.2590000,9.2590000,8.9500000,9.0930000,334.200
22806_090101_130416,D,20101019,000000,8.4730000,9.2500000,8.4730000,8.8000000,423.400
22806_090101_130416,D,20101020,000000,8.9970000,9.1880000,8.3400000,8.4560000,173.300
22806_090101_130416,D,20101021,000000,8.5980000,8.5980000,7.9990000,8.2700000,371.000
22806_090101_130416,D,20101022,000000,8.3940000,8.8330000,8.0020000,8.2670000,309.700
22806_090101_130416,D,20101025,000000,8.2250000,8.3420000,7.9580000,8.3270000,195.100
22806_090101_130416,D,20101026,000000,8.2680000,8.8400000,8.0000000,8.3780000,682.800
22806_090101_130416,D,20101027,000000,7.8140000,9.2700000,7.8140000,9.2150000,865.900
22806_090101_130416,D,20101028,000000,10.4600000,10.4600000,7.8170000,7.9900000,1.347.800
22806_090101_130416,D,20101029,000000,8.0000000,8.2800000,7.6030000,8.1190000,740.500
22806_090101_130416,D,20101101,000000,8.1840000,8.8780000,7.7800000,8.5000000,680.100
22806_090101_130416,D,20101102,000000,8.5000000,8.9000000,8.0660000,8.7090000,395.500
22806_090101_130416,D,20101103,000000,8.0200000,8.8980000,8.0000000,8.7150000,583.200
22806_090101_130416,D,20101108,000000,8.7100000,9.0990000,7.9990000,8.3990000,684.400
22806_090101_130416,D,20101109,000000,8.3990000,8.3990000,8.3500000,8.3500000,189.600
22806_090101_130416,D,20101110,000000,8.2000000,8.3500000,8.0000000,8.1400000,197.600
22806_090101_130416,D,20101111,000000,8.2990000,8.4000000,7.4700000,7.8800000,543.100
22806_090101_130416,D,20101112,000000,7.9800000,7.9810000,7.6000000,7.9300000,406.500
22806_090101_130416,D,20101113,000000,7.9480000,8.1830000,7.7270000,7.7770000,314.100
22806_090101_130416,D,20101115,000000,7.9010000,8.1790000,7.6000000,7.8600000,273.400
22806_090101_130416,D,20101116,000000,8.1490000,8.1950000,7.7670000,7.9150000,244.900
22806_090101_130416,D,20101117,000000,8.2400000,8.2700000,7.5100000,7.9050000,380.200
22806_090101_130416,D,20101118,000000,7.5150000,7.9090000,7.5150000,7.9080000,427.100
22806_090101_130416,D,20101119,000000,7.9050000,8.0300000,7.7100000,8.0180000,443.200
22806_090101_130416,D,20101122,000000,8.1300000,8.1780000,7.7010000,7.8650000,309.500
22806_090101_130416,D,20101123,000000,7.7300000,8.3800000,7.7300000,7.9000000,826.500
22806_090101_130416,D,20101124,000000,7.9000000,8.1660000,7.5400000,7.8450000,426.800
22806_090101_130416,D,20101125,000000,7.6190000,7.9750000,7.5500000,7.7800000,247.500
22806_090101_130416,D,20101126,000000,7.7500000,7.8000000,7.5250000,7.7700000,232.500
22806_090101_130416,D,20101129,000000,7.9500000,7.9770000,7.5240000,7.8990000,855.900
22806_090101_130416,D,20101130,000000,7.5610000,7.9780000,7.5560000,7.8950000,1.046.400
22806_090101_130416,D,20101201,000000,7.7030000,8.3880000,7.6350000,7.9000000,187.900
22806_090101_130416,D,20101202,000000,7.7200000,8.3000000,7.6010000,7.9100000,1.237.800
22806_090101_130416,D,20101203,000000,7.6940000,8.0490000,7.6000000,7.7930000,373.800
22806_090101_130416,D,20101206,000000,7.6200000,8.3230000,7.6150000,8.2400000,1.098.100
22806_090101_130416,D,20101207,000000,7.7050000,8.1900000,7.7050000,7.9890000,565.200
22806_090101_130416,D,20101208,000000,8.1500000,8.2960000,7.7560000,8.0660000,184.000
22806_090101_130416,D,20101209,000000,8.0820000,8.2960000,7.7500000,8.2810000,393.400
22806_090101_130416,D,20101210,000000,8.2960000,8.2960000,7.8050000,8.2360000,242.300
22806_090101_130416,D,20101213,000000,8.2490000,8.2500000,7.8110000,8.2500000,224.400
22806_090101_130416,D,20101214,000000,8.2500000,8.2990000,7.8800000,8.1910000,244.500
22806_090101_130416,D,20101215,000000,7.9010000,8.1800000,7.8000000,8.0490000,216.400
22806_090101_130416,D,20101216,000000,7.9030000,8.0970000,7.8200000,8.0280000,370.400
22806_090101_130416,D,20101217,000000,8.0590000,8.1500000,7.8500000,8.1000000,1.148.800
22806_090101_130416,D,20101220,000000,8.1990000,8.7980000,7.8950000,8.7980000,574.500
22806_090101_130416,D,20101221,000000,8.8000000,9.1980000,8.4390000,9.1980000,499.100
22806_090101_130416,D,20101222,000000,8.6810000,10.0000000,8.6300000,10.0000000,629.200
22806_090101_130416,D,20101223,000000,10.0000000,10.1300000,9.0110000,9.0110000,706.800
22806_090101_130416,D,20101224,000000,8.6500000,9.2490000,8.6500000,8.7040000,351.500
22806_090101_130416,D,20101227,000000,8.9470000,8.9470000,8.1460000,8.5970000,263.400
22806_090101_130416,D,20101228,000000,8.6970000,8.9080000,8.1800000,8.6000000,1.373.900
22806_090101_130416,D,20101229,000000,8.7900000,8.7900000,8.4000000,8.4800000,410.800
22806_090101_130416,D,20101230,000000,8.5490000,10.1000000,8.1500000,10.1000000,1.785.600
22806_090101_130416,D,20110111,000000,9.3330000,10.0000000,8.5200000,8.7760000,204.600
22806_090101_130416,D,20110112,000000,8.8700000,9.5000000,8.3000000,8.9490000,752.400
22806_090101_130416,D,20110113,000000,8.9400000,8.9400000,8.5120000,8.7190000,237.700
22806_090101_130416,D,20110114,000000,8.8950000,9.2950000,8.3000000,8.5970000,356.900
22806_090101_130416,D,20110117,000000,8.6990000,8.8310000,8.2050000,8.4340000,326.200
22806_090101_130416,D,20110118,000000,8.4450000,9.0000000,8.3230000,8.7000000,192.800
22806_090101_130416,D,20110119,000000,8.4800000,8.7380000,8.3600000,8.4480000,221.800
22806_090101_130416,D,20110120,000000,8.6990000,8.6990000,8.2050000,8.3000000,165.900
22806_090101_130416,D,20110121,000000,8.7000000,9.4930000,8.3440000,9.4930000,202.000
22806_090101_130416,D,20110124,000000,9.4400000,9.7000000,8.5000000,8.9900000,255.600
22806_090101_130416,D,20110125,000000,8.6230000,8.9480000,8.3100000,8.5160000,515.000
22806_090101_130416,D,20110126,000000,8.4990000,8.6470000,8.4000000,8.6340000,439.200
22806_090101_130416,D,20110127,000000,8.5990000,8.6000000,8.3410000,8.5410000,166.300
22806_090101_130416,D,20110128,000000,8.4920000,8.5000000,8.3020000,8.4870000,148.400
22806_090101_130416,D,20110131,000000,8.5500000,8.5950000,8.3100000,8.4490000,146.100
22806_090101_130416,D,20110201,000000,8.4470000,8.4500000,8.3170000,8.3700000,202.300
22806_090101_130416,D,20110202,000000,8.5450000,8.6990000,8.3700000,8.4440000,148.300
22806_090101_130416,D,20110203,000000,8.4910000,8.4970000,8.3700000,8.4880000,138.400
22806_090101_130416,D,20110204,000000,8.4880000,8.5880000,8.3350000,8.4740000,219.500
22806_090101_130416,D,20110207,000000,8.4100000,8.4100000,8.0190000,8.2700000,297.800
22806_090101_130416,D,20110208,000000,8.2670000,8.3990000,8.0310000,8.0310000,1.509.700
22806_090101_130416,D,20110209,000000,8.1490000,8.4380000,8.0030000,8.0030000,135.400
22806_090101_130416,D,20110210,000000,8.0990000,8.4480000,7.7000000,8.0000000,795.900
22806_090101_130416,D,20110211,000000,8.0970000,8.1970000,7.8300000,7.8500000,195.600
22806_090101_130416,D,20110214,000000,7.8990000,7.9790000,7.7480000,7.7980000,222.900
22806_090101_130416,D,20110215,000000,8.0030000,8.0030000,7.8010000,7.9950000,274.000
22806_090101_130416,D,20110216,000000,8.0030000,8.0030000,7.8150000,7.9890000,153.000
22806_090101_130416,D,20110217,000000,8.0030000,8.1250000,7.8270000,7.9960000,783.700
22806_090101_130416,D,20110218,000000,8.3950000,8.5500000,7.7940000,8.0500000,1.103.000
22806_090101_130416,D,20110221,000000,8.2830000,8.2830000,7.8240000,7.9800000,775.800
22806_090101_130416,D,20110222,000000,8.2830000,8.2830000,7.8530000,8.0400000,204.000
22806_090101_130416,D,20110224,000000,7.8640000,8.2000000,7.8450000,7.8980000,100.800
22806_090101_130416,D,20110225,000000,8.1000000,8.1850000,7.5030000,7.9990000,172.100
22806_090101_130416,D,20110228,000000,8.0990000,8.0990000,7.6120000,7.9000000,285.800
22806_090101_130416,D,20110301,000000,8.0990000,8.2000000,7.8000000,7.8850000,206.000
22806_090101_130416,D,20110302,000000,8.1150000,8.1150000,7.6000000,7.9420000,213.000
22806_090101_130416,D,20110303,000000,7.7000000,8.1450000,7.6500000,8.1450000,135.000
22806_090101_130416,D,20110304,000000,8.1890000,8.4950000,8.0000000,8.1470000,172.000
22806_090101_130416,D,20110305,000000,8.2000000,8.2500000,8.0130000,8.1750000,156.000
22806_090101_130416,D,20110309,000000,8.1800000,8.2990000,8.0020000,8.2450000,155.000
22806_090101_130416,D,20110310,000000,8.0050000,8.2490000,7.1100000,8.0990000,414.000
22806_090101_130416,D,20110311,000000,8.1450000,8.5000000,7.9510000,8.2490000,557.000
22806_090101_130416,D,20110314,000000,8.1000000,8.3900000,7.8050000,8.2460000,338.000
22806_090101_130416,D,20110315,000000,8.3660000,8.4890000,8.1990000,8.3500000,646.000
22806_090101_130416,D,20110316,000000,8.4890000,8.4900000,8.2000000,8.4500000,352.000
22806_090101_130416,D,20110317,000000,7.7820000,8.4990000,7.7350000,8.4510000,392.000
22806_090101_130416,D,20110318,000000,8.4990000,8.8010000,8.4900000,8.5500000,460.000
22806_090101_130416,D,20110321,000000,8.3500000,8.7900000,8.3500000,8.7000000,338.000
22806_090101_130416,D,20110322,000000,8.6000000,8.9990000,8.3000000,8.8130000,404.000
22806_090101_130416,D,20110323,000000,8.6000000,8.9480000,8.4990000,8.8890000,368.000
22806_090101_130416,D,20110324,000000,8.9900000,8.9900000,8.4990000,8.5000000,390.000
22806_090101_130416,D,20110325,000000,8.6500000,8.6850000,8.4000000,8.5390000,228.000
22806_090101_130416,D,20110328,000000,8.6500000,9.8880000,8.0110000,9.1040000,483.000
22806_090101_130416,D,20110329,000000,9.4000000,9.5000000,8.7010000,9.5000000,313.000
22806_090101_130416,D,20110330,000000,9.6940000,9.6950000,9.2510000,9.6650000,228.000
22806_090101_130416,D,20110331,000000,9.8000000,9.8000000,9.2000000,9.2010000,362.000
22806_090101_130416,D,20110401,000000,9.4700000,9.4900000,9.2000000,9.2010000,102.000
22806_090101_130416,D,20110404,000000,9.4840000,9.4850000,9.0130000,9.1390000,103.000
22806_090101_130416,D,20110405,000000,8.7100000,9.2600000,8.7100000,9.0980000,226.000
22806_090101_130416,D,20110406,000000,8.7540000,9.5700000,8.4990000,9.5700000,751.000
22806_090101_130416,D,20110407,000000,8.9000000,9.9480000,8.9000000,9.7270000,159.000
22806_090101_130416,D,20110408,000000,9.2890000,9.7900000,8.7720000,9.4500000,203.000
22806_090101_130416,D,20110411,000000,9.4000000,9.8000000,8.8700000,9.5000000,272.000
22806_090101_130416,D,20110412,000000,9.4500000,9.8940000,9.3900000,9.6000000,148.000
22806_090101_130416,D,20110413,000000,9.7940000,9.9000000,9.4500000,9.8900000,150.000
22806_090101_130416,D,20110414,000000,9.8000000,9.9490000,9.7100000,9.9100000,197.000
22806_090101_130416,D,20110415,000000,9.9000000,13.5000000,9.7300000,10.0100000,795.000
22806_090101_130416,D,20110418,000000,9.7110000,12.5000000,9.7110000,11.5000000,274.000
22806_090101_130416,D,20110419,000000,11.4340000,13.5000000,10.8710000,13.4490000,224.000
22806_090101_130416,D,20110420,000000,13.4950000,14.0000000,11.5000000,12.0100000,266.000
22806_090101_130416,D,20110421,000000,12.0000000,13.4900000,12.0000000,12.6210000,431.000
22806_090101_130416,D,20110422,000000,12.2990000,12.7900000,11.6710000,11.7700000,3.650.000
22806_090101_130416,D,20110425,000000,11.9500000,12.5000000,11.3000000,12.5000000,105.000
22806_090101_130416,D,20110426,000000,12.0990000,14.0000000,12.0000000,13.0000000,206.000
22806_090101_130416,D,20110427,000000,13.4900000,15.5090000,12.8000000,12.9890000,149.000
22806_090101_130416,D,20110428,000000,14.5000000,15.0050000,12.5000000,13.2000000,336.000
22806_090101_130416,D,20110429,000000,13.9700000,13.9700000,12.1000000,12.1000000,72.000
22806_090101_130416,D,20110503,000000,12.5500000,12.5500000,11.5100000,12.1500000,257.000
22806_090101_130416,D,20110504,000000,11.1820000,12.1000000,11.1820000,11.8400000,67.000
22806_090101_130416,D,20110505,000000,12.3500000,12.4200000,11.8450000,12.1700000,95.000
22806_090101_130416,D,20110506,000000,11.7000000,12.1000000,11.0000000,11.5260000,143.000
22806_090101_130416,D,20110510,000000,11.5500000,11.5500000,10.6560000,11.4500000,75.000
22806_090101_130416,D,20110511,000000,11.2950000,11.3950000,11.2900000,11.3950000,55.000
22806_090101_130416,D,20110512,000000,11.2980000,11.2980000,11.2850000,11.2850000,63.000
22806_090101_130416,D,20110513,000000,11.4900000,11.4900000,11.2950000,11.2950000,35.000
22806_090101_130416,D,20110516,000000,11.0000000,11.2900000,10.6900000,11.0000000,77.000
22806_090101_130416,D,20110517,000000,11.2000000,12.9500000,11.2000000,12.4900000,123.000
22806_090101_130416,D,20110518,000000,12.4990000,12.4990000,11.7100000,12.4860000,63.000
22806_090101_130416,D,20110519,000000,12.0000000,12.0990000,11.6210000,12.0950000,68.000
22806_090101_130416,D,20110520,000000,12.0000000,12.4500000,11.9900000,11.9900000,210.000
22806_090101_130416,D,20110523,000000,11.7990000,11.9980000,11.7000000,11.8900000,59.000
22806_090101_130416,D,20110524,000000,11.5000000,11.9950000,11.5000000,11.9950000,83.000
22806_090101_130416,D,20110525,000000,11.6000000,11.9500000,11.6000000,11.9000000,52.000
22806_090101_130416,D,20110526,000000,11.6000000,11.8000000,11.6000000,11.7950000,80.000
22806_090101_130416,D,20110527,000000,11.6000000,12.4000000,11.0000000,12.3000000,126.000
22806_090101_130416,D,20110530,000000,11.7000000,12.3310000,11.7000000,12.3310000,81.000
22806_090101_130416,D,20110531,000000,12.0000000,12.7000000,12.0000000,12.4000000,87.000
22806_090101_130416,D,20110601,000000,12.4000000,12.5000000,12.0000000,12.3900000,47.000
22806_090101_130416,D,20110602,000000,12.0000000,13.4500000,12.0000000,12.4950000,61.000
22806_090101_130416,D,20110603,000000,12.0050000,13.1800000,12.0000000,12.4700000,63.000
22806_090101_130416,D,20110606,000000,12.2850000,12.2900000,12.2500000,12.2600000,98.000
22806_090101_130416,D,20110607,000000,12.2800000,12.2800000,12.0000000,12.2500000,58.000
22806_090101_130416,D,20110608,000000,12.2550000,12.2600000,12.2300000,12.2300000,85.000
22806_090101_130416,D,20110609,000000,12.2350000,12.2600000,9.9990000,12.2590000,381.000
22806_090101_130416,D,20110610,000000,12.2000000,12.2000000,11.0000000,11.4630000,553.000
22806_090101_130416,D,20110614,000000,11.9450000,12.1800000,11.7990000,11.8030000,47.000
22806_090101_130416,D,20110615,000000,12.0900000,12.0900000,11.0000000,11.0000000,90.000
22806_090101_130416,D,20110616,000000,11.1000000,11.6000000,10.9940000,11.5400000,82.000
22806_090101_130416,D,20110617,000000,11.5900000,11.5990000,11.4950000,11.5990000,93.000
22806_090101_130416,D,20110620,000000,11.0000000,11.8900000,11.0000000,11.8900000,48.000
22806_090101_130416,D,20110621,000000,11.9940000,11.9940000,11.2770000,11.5750000,265.000
22806_090101_130416,D,20110622,000000,11.5000000,11.6000000,11.0000000,11.3990000,190.000
22806_090101_130416,D,20110623,000000,11.4850000,11.4900000,11.4800000,11.4800000,101.000
22806_090101_130416,D,20110624,000000,11.3240000,11.4770000,11.3220000,11.4770000,47.000
22806_090101_130416,D,20110627,000000,11.4500000,11.5450000,11.3200000,11.5450000,675.000
22806_090101_130416,D,20110628,000000,11.2000000,11.8850000,11.2000000,11.6740000,279.000
22806_090101_130416,D,20110629,000000,12.0000000,12.8650000,11.5060000,11.7950000,80.000
22806_090101_130416,D,20110630,000000,11.5000000,12.4400000,11.5000000,11.7140000,97.000
22806_090101_130416,D,20110701,000000,11.7000000,11.7130000,11.5000000,11.7120000,107.000
22806_090101_130416,D,20110704,000000,11.0000000,11.7000000,10.6260000,11.6000000,80.000
22806_090101_130416,D,20110705,000000,11.1000000,11.6800000,11.1000000,11.6800000,191.000
22806_090101_130416,D,20110706,000000,11.1000000,11.6480000,11.1000000,11.6480000,160.000
22806_090101_130416,D,20110707,000000,11.6000000,12.3950000,11.6000000,12.0000000,303.000
22806_090101_130416,D,20110708,000000,11.8000000,12.4000000,11.8000000,12.3050000,333.000
22806_090101_130416,D,20110711,000000,12.2980000,12.2990000,11.9990000,12.2950000,304.000
22806_090101_130416,D,20110712,000000,12.2000000,12.4400000,12.1000000,12.4400000,267.000
22806_090101_130416,D,20110713,000000,12.5000000,13.4390000,12.5000000,13.2000000,201.000
22806_090101_130416,D,20110714,000000,13.2000000,13.3900000,13.1190000,13.3400000,232.000
22806_090101_130416,D,20110715,000000,13.1000000,14.9990000,13.1000000,14.4400000,278.000
22806_090101_130416,D,20110718,000000,13.5000000,14.7500000,13.2500000,13.9720000,200.000
22806_090101_130416,D,20110719,000000,13.9700000,13.9770000,13.7500000,13.9500000,216.000
22806_090101_130416,D,20110720,000000,13.2500000,14.2700000,13.2500000,14.0500000,162.000
22806_090101_130416,D,20110721,000000,14.0000000,14.9830000,14.0000000,14.9750000,221.000
22806_090101_130416,D,20110722,000000,14.5000000,17.7510000,14.5000000,17.4480000,466.000
22806_090101_130416,D,20110725,000000,17.1000000,17.5550000,16.0680000,16.4100000,622.000
22806_090101_130416,D,20110726,000000,16.9090000,16.9950000,15.9100000,15.9100000,595.000
22806_090101_130416,D,20110727,000000,15.9100000,16.1400000,14.5000000,15.1890000,150.000
22806_090101_130416,D,20110728,000000,15.2490000,15.4980000,15.0000000,15.1680000,216.000
22806_090101_130416,D,20110729,000000,15.1000000,15.4000000,15.0000000,15.2990000,384.000
22806_090101_130416,D,20110801,000000,15.1080000,15.5300000,14.4870000,15.5300000,143.000
22806_090101_130416,D,20110802,000000,15.9000000,16.2250000,15.5000000,15.9950000,459.000
22806_090101_130416,D,20110803,000000,15.9900000,16.5500000,15.5000000,16.0000000,460.000
22806_090101_130416,D,20110804,000000,16.1800000,16.4900000,15.3020000,15.5950000,220.000
22806_090101_130416,D,20110805,000000,14.8900000,15.7300000,13.4000000,15.6990000,162.000
22806_090101_130416,D,20110808,000000,15.8000000,15.8360000,13.2510000,15.4000000,136.000
22806_090101_130416,D,20110809,000000,13.9970000,15.9980000,13.9230000,15.9980000,252.000
22806_090101_130416,D,20110810,000000,15.8950000,15.9890000,15.6000000,15.7950000,103.000
22806_090101_130416,D,20110811,000000,15.9490000,17.4980000,14.0110000,14.9990000,177.000
22806_090101_130416,D,20110812,000000,15.6650000,15.6660000,14.4000000,15.0900000,186.000
22806_090101_130416,D,20110815,000000,15.0800000,15.4880000,14.5000000,14.9900000,257.000
22806_090101_130416,D,20110816,000000,15.2900000,15.7950000,14.2860000,14.7070000,242.000
22806_090101_130416,D,20110817,000000,14.7990000,15.4540000,14.0000000,14.7300000,325.000
22806_090101_130416,D,20110818,000000,14.1280000,14.7900000,14.0000000,14.4680000,299.000
22806_090101_130416,D,20110819,000000,14.3620000,14.5490000,13.4020000,14.5490000,275.000
22806_090101_130416,D,20110822,000000,14.5950000,15.4800000,14.0000000,14.6850000,300.000
22806_090101_130416,D,20110823,000000,14.7000000,16.5000000,14.7000000,15.6490000,654.000
22806_090101_130416,D,20110824,000000,15.9980000,16.9500000,15.7000000,16.9000000,521.000
22806_090101_130416,D,20110825,000000,17.0000000,18.1740000,15.9360000,16.5800000,1.052.000
22806_090101_130416,D,20110826,000000,16.3000000,16.6000000,15.0020000,15.9560000,377.000
22806_090101_130416,D,20110829,000000,15.5550000,16.7770000,15.4000000,16.5420000,344.000
22806_090101_130416,D,20110830,000000,16.4900000,17.2500000,16.0000000,16.6900000,1.142.000
22806_090101_130416,D,20110831,000000,16.1860000,16.9940000,16.1860000,16.9500000,185.000
22806_090101_130416,D,20110901,000000,17.0000000,17.0000000,16.7070000,16.9390000,143.000
22806_090101_130416,D,20110902,000000,16.9490000,16.9490000,16.0140000,16.8850000,329.000
22806_090101_130416,D,20110905,000000,16.5000000,17.2000000,16.0000000,16.2460000,253.000
22806_090101_130416,D,20110906,000000,16.2550000,16.4800000,15.2000000,16.3300000,303.000
22806_090101_130416,D,20110907,000000,16.4990000,17.0000000,16.0000000,16.2110000,187.000
22806_090101_130416,D,20110908,000000,16.0000000,16.5000000,15.2700000,15.2700000,390.000
22806_090101_130416,D,20110909,000000,15.2000000,15.6200000,14.2000000,14.6000000,635.000
22806_090101_130416,D,20110912,000000,14.0730000,14.5850000,13.9290000,14.4700000,193.000
22806_090101_130416,D,20110913,000000,14.6500000,15.4900000,14.1100000,14.3900000,303.000
22806_090101_130416,D,20110914,000000,14.0000000,14.6760000,14.0000000,14.2800000,168.300
22806_090101_130416,D,20110915,000000,14.4870000,14.5390000,14.1880000,14.2980000,367.100
22806_090101_130416,D,20110916,000000,14.0020000,14.5800000,14.0000000,14.3480000,165.500
22806_090101_130416,D,20110919,000000,14.1280000,14.4000000,13.8070000,14.2290000,181.500
22806_090101_130416,D,20110920,000000,14.3750000,14.4800000,14.1000000,14.3700000,213.600
22806_090101_130416,D,20110921,000000,14.4000000,14.4400000,13.9000000,14.2480000,201.600
22806_090101_130416,D,20110922,000000,14.1590000,14.1750000,13.4000000,13.6450000,644.100
22806_090101_130416,D,20110923,000000,13.1110000,13.2960000,10.4000000,11.0200000,370.600
22806_090101_130416,D,20110926,000000,11.1000000,11.4310000,9.7010000,11.1990000,169.700
22806_090101_130416,D,20110927,000000,11.4740000,11.8860000,10.4140000,11.3690000,140.900
22806_090101_130416,D,20110928,000000,11.0030000,11.3670000,10.4010000,10.9990000,169.500
22806_090101_130416,D,20110929,000000,10.5040000,10.9930000,9.4000000,10.6220000,312.600
22806_090101_130416,D,20110930,000000,10.0010000,10.4500000,9.3000000,9.6720000,170.300
22806_090101_130416,D,20111003,000000,9.6710000,9.6710000,8.8500000,9.1900000,295.900
22806_090101_130416,D,20111004,000000,9.1810000,9.4640000,8.6000000,9.1320000,213.400
22806_090101_130416,D,20111005,000000,9.2000000,9.4350000,8.8550000,9.1270000,146.000
22806_090101_130416,D,20111006,000000,9.2980000,9.3980000,6.3610000,8.9000000,156.200
22806_090101_130416,D,20111007,000000,8.9900000,9.1900000,8.6020000,9.1400000,167.800
22806_090101_130416,D,20111010,000000,8.8130000,9.3890000,8.4700000,8.7190000,614.100
22806_090101_130416,D,20111011,000000,8.8680000,8.8680000,7.7220000,7.9420000,252.200
22806_090101_130416,D,20111012,000000,7.7150000,8.6800000,7.5200000,8.4690000,273.800
22806_090101_130416,D,20111013,000000,8.3770000,8.4440000,7.7210000,8.0000000,296.400
22806_090101_130416,D,20111014,000000,8.0950000,9.5000000,8.0250000,8.2800000,2.064.300
22806_090101_130416,D,20111017,000000,8.6500000,8.9470000,7.9110000,8.3590000,291.700
22806_090101_130416,D,20111018,000000,8.3360000,8.8000000,8.0000000,8.8000000,234.600
22806_090101_130416,D,20111019,000000,8.8500000,9.4760000,7.5550000,8.7670000,328.900
22806_090101_130416,D,20111020,000000,8.7800000,8.8380000,8.5000000,8.6790000,191.800
22806_090101_130416,D,20111021,000000,8.9870000,8.9870000,8.5180000,8.8750000,182.800
22806_090101_130416,D,20111024,000000,9.1200000,9.2090000,8.2720000,8.8300000,296.000
22806_090101_130416,D,20111025,000000,8.9210000,8.9660000,8.5000000,8.7000000,174.400
22806_090101_130416,D,20111026,000000,8.7000000,8.8750000,8.5000000,8.8700000,178.500
22806_090101_130416,D,20111027,000000,8.9590000,8.9770000,8.5260000,8.7820000,178.900
22806_090101_130416,D,20111028,000000,8.9760000,9.3800000,8.6910000,8.8300000,236.400
22806_090101_130416,D,20111031,000000,9.3000000,11.8990000,8.9310000,11.1550000,761.600
22806_090101_130416,D,20111101,000000,11.8770000,12.4790000,10.4050000,10.9490000,447.200
22806_090101_130416,D,20111102,000000,10.4220000,11.2800000,10.1220000,10.9210000,157.900
22806_090101_130416,D,20111103,000000,10.9210000,11.1970000,10.5210000,10.9540000,85.300
22806_090101_130416,D,20111107,000000,11.1190000,11.3000000,10.6500000,11.1000000,262.300
22806_090101_130416,D,20111108,000000,10.7050000,11.2490000,10.6720000,11.0990000,181.700
22806_090101_130416,D,20111109,000000,11.1940000,11.1940000,10.4230000,10.5590000,228.400
22806_090101_130416,D,20111110,000000,10.2000000,13.5480000,10.0590000,12.8960000,640.200
22806_090101_130416,D,20111111,000000,13.2490000,13.9970000,12.5010000,13.1450000,387.700
22806_090101_130416,D,20111114,000000,13.6060000,13.6060000,12.9030000,13.1400000,115.000
22806_090101_130416,D,20111115,000000,11.6890000,13.3000000,11.6890000,13.3000000,220.600
22806_090101_130416,D,20111116,000000,12.9980000,13.3000000,12.5040000,13.3000000,149.800
22806_090101_130416,D,20111117,000000,13.2740000,13.9900000,12.8770000,13.9900000,162.800
22806_090101_130416,D,20111118,000000,13.8930000,13.9000000,13.2630000,13.9000000,335.100
22806_090101_130416,D,20111121,000000,13.9210000,15.4900000,13.3220000,15.4900000,373.100
22806_090101_130416,D,20111122,000000,14.1020000,15.4590000,13.5000000,14.2000000,206.000
22806_090101_130416,D,20111123,000000,14.0000000,14.1800000,13.1220000,13.7690000,176.200
22806_090101_130416,D,20111124,000000,13.7400000,13.9870000,13.0000000,13.9860000,123.500
22806_090101_130416,D,20111125,000000,13.8840000,13.8870000,13.1090000,13.4950000,134.900
22806_090101_130416,D,20111128,000000,13.9990000,13.9990000,13.0010000,13.4600000,100.700
22806_090101_130416,D,20111129,000000,13.6480000,13.6480000,12.9000000,13.2280000,68.000
22806_090101_130416,D,20111130,000000,13.8210000,13.8210000,12.8050000,12.9890000,105.000
22806_090101_130416,D,20111201,000000,12.5120000,13.2780000,12.5110000,12.7000000,72.100
22806_090101_130416,D,20111202,000000,12.5010000,12.9000000,12.1390000,12.6470000,243.100
22806_090101_130416,D,20111205,000000,12.9490000,12.9490000,12.5060000,12.8870000,359.400
22806_090101_130416,D,20111206,000000,12.7560000,12.8990000,11.8210000,12.1200000,131.300
22806_090101_130416,D,20111207,000000,12.4870000,12.4870000,11.8010000,12.0980000,85.100
22806_090101_130416,D,20111208,000000,12.2800000,12.2800000,11.3900000,11.8490000,57.200
22806_090101_130416,D,20111209,000000,11.7980000,12.1000000,11.2010000,11.7800000,61.300
22806_090101_130416,D,20111212,000000,11.9980000,12.2480000,10.9510000,11.0940000,78.300
22806_090101_130416,D,20111213,000000,11.1460000,11.1460000,10.6310000,10.6900000,72.200
22806_090101_130416,D,20111214,000000,10.8000000,10.9010000,10.4000000,10.6740000,71.400
22806_090101_130416,D,20111215,000000,10.7000000,10.7000000,10.4150000,10.6100000,128.100
22806_090101_130416,D,20111216,000000,11.1000000,11.4880000,10.6070000,11.1700000,134.300
22806_090101_130416,D,20111219,000000,11.4710000,11.4710000,10.8180000,11.3950000,136.000
22806_090101_130416,D,20111220,000000,11.4700000,11.4700000,10.7500000,11.2630000,134.500
22806_090101_130416,D,20111221,000000,11.4680000,11.4820000,10.4120000,10.6000000,143.000
22806_090101_130416,D,20111222,000000,10.7980000,10.8890000,10.0010000,10.1990000,164.100
22806_090101_130416,D,20111223,000000,10.1000000,10.4770000,9.4120000,9.9990000,159.100
22806_090101_130416,D,20111226,000000,10.5000000,10.7940000,9.6510000,10.7210000,188.500
22806_090101_130416,D,20111227,000000,10.8760000,10.9900000,10.4210000,10.6670000,345.100
22806_090101_130416,D,20111228,000000,10.6990000,10.6990000,10.4240000,10.6300000,148.700
22806_090101_130416,D,20111229,000000,10.6800000,10.6800000,10.4000000,10.4670000,304.500
22806_090101_130416,D,20111230,000000,10.6690000,10.6870000,10.1010000,10.6430000,151.600
22806_090101_130416,D,20120103,000000,10.6810000,10.6810000,10.4080000,10.6520000,194.900
22806_090101_130416,D,20120104,000000,10.6720000,10.6880000,10.6450000,10.6450000,152.100
22806_090101_130416,D,20120105,000000,10.6550000,10.6550000,10.5960000,10.5990000,294.500
22806_090101_130416,D,20120106,000000,10.5690000,10.6800000,10.3230000,10.5650000,148.000
22806_090101_130416,D,20120109,000000,10.5480000,10.5540000,10.2100000,10.4280000,143.300
22806_090101_130416,D,20120110,000000,10.4980000,10.5000000,10.0000000,10.3680000,148.600
22806_090101_130416,D,20120111,000000,10.4990000,10.4990000,9.7790000,9.8000000,164.000
22806_090101_130416,D,20120112,000000,9.9480000,10.1000000,9.6230000,9.8810000,165.600
22806_090101_130416,D,20120113,000000,9.9890000,9.9890000,9.7830000,9.8930000,152.000
22806_090101_130416,D,20120116,000000,9.9880000,9.9880000,9.8500000,9.9490000,154.600
22806_090101_130416,D,20120117,000000,10.0000000,10.1600000,9.5000000,9.6970000,238.300
22806_090101_130416,D,20120118,000000,9.6970000,9.8960000,9.3560000,9.8940000,157.300
22806_090101_130416,D,20120119,000000,9.9450000,10.0000000,9.5000000,9.8800000,191.700
22806_090101_130416,D,20120120,000000,9.8800000,9.9690000,9.5990000,9.9690000,181.300
22806_090101_130416,D,20120123,000000,10.0000000,10.0000000,9.4110000,9.6200000,155.400
22806_090101_130416,D,20120124,000000,9.6970000,9.6970000,9.3610000,9.4280000,186.000
22806_090101_130416,D,20120125,000000,9.4120000,9.5690000,9.2000000,9.4440000,167.100
22806_090101_130416,D,20120126,000000,9.4970000,9.4970000,9.0000000,9.2800000,221.700
22806_090101_130416,D,20120127,000000,9.3430000,9.4490000,9.0150000,9.1670000,164.400
22806_090101_130416,D,20120130,000000,9.2480000,9.4500000,9.0170000,9.2400000,168.900
22806_090101_130416,D,20120131,000000,9.1900000,9.3920000,9.1900000,9.3760000,162.400
22806_090101_130416,D,20120201,000000,9.4700000,9.4700000,8.8270000,8.9400000,182.300
22806_090101_130416,D,20120202,000000,9.0940000,9.0990000,8.8610000,9.0500000,166.100
22806_090101_130416,D,20120203,000000,9.0980000,9.2470000,8.6060000,9.0690000,173.700
22806_090101_130416,D,20120206,000000,9.1470000,9.2480000,8.2250000,8.4000000,190.900
22806_090101_130416,D,20120207,000000,8.4970000,8.5890000,8.3330000,8.4650000,177.700
22806_090101_130416,D,20120208,000000,8.5970000,8.5970000,8.3890000,8.5680000,185.900
22806_090101_130416,D,20120209,000000,8.5970000,9.3980000,8.5780000,8.8970000,169.300
22806_090101_130416,D,20120210,000000,8.9900000,9.3000000,8.4440000,8.5990000,188.500
22806_090101_130416,D,20120213,000000,8.6990000,8.8460000,8.6440000,8.8340000,180.800
22806_090101_130416,D,20120214,000000,8.8500000,9.0980000,8.4990000,8.6670000,597.100
22806_090101_130416,D,20120215,000000,8.7500000,8.8960000,8.2000000,8.6140000,1.174.600
22806_090101_130416,D,20120216,000000,8.6890000,9.7020000,8.5010000,9.3510000,826.700
22806_090101_130416,D,20120217,000000,9.5010000,12.4900000,9.0090000,12.4900000,768.000
22806_090101_130416,D,20120220,000000,12.2000000,12.4000000,10.6000000,10.6000000,402.600
22806_090101_130416,D,20120221,000000,10.8980000,10.8980000,9.5230000,10.1850000,179.600
22806_090101_130416,D,20120222,000000,10.4440000,10.9800000,9.9980000,10.3440000,766.900
22806_090101_130416,D,20120224,000000,10.2000000,10.3990000,10.0000000,10.3810000,732.300
22806_090101_130416,D,20120227,000000,10.3000000,10.4900000,10.0200000,10.1850000,631.600
22806_090101_130416,D,20120228,000000,10.1500000,10.4090000,9.8300000,10.1770000,303.400
22806_090101_130416,D,20120229,000000,10.3880000,11.9840000,10.0010000,11.2000000,647.400
22806_090101_130416,D,20120301,000000,11.1000000,11.3970000,10.7390000,11.3490000,300.900
22806_090101_130416,D,20120302,000000,11.3390000,11.5800000,11.0000000,11.4880000,383.000
22806_090101_130416,D,20120305,000000,11.4800000,11.5780000,11.1570000,11.4850000,515.200
22806_090101_130416,D,20120306,000000,10.5010000,12.0000000,10.5010000,11.3890000,177.900
22806_090101_130416,D,20120307,000000,11.3900000,11.9850000,11.1210000,11.4000000,457.300
22806_090101_130416,D,20120311,000000,11.7000000,11.7000000,11.0000000,11.1990000,147.600
22806_090101_130416,D,20120312,000000,11.2990000,11.4960000,11.0300000,11.3440000,196.600
22806_090101_130416,D,20120313,000000,11.7000000,11.7000000,11.1500000,11.3260000,208.600
22806_090101_130416,D,20120314,000000,11.6500000,11.6500000,11.1130000,11.4990000,152.200
22806_090101_130416,D,20120315,000000,11.4870000,11.4910000,10.5020000,11.4000000,407.800
22806_090101_130416,D,20120316,000000,11.3770000,11.3890000,10.8250000,11.2400000,138.200
22806_090101_130416,D,20120319,000000,11.2900000,11.4000000,10.8000000,11.2890000,139.700
22806_090101_130416,D,20120320,000000,11.2500000,11.3970000,10.7020000,11.2000000,151.100
22806_090101_130416,D,20120321,000000,11.3490000,11.3490000,11.0000000,11.1250000,136.400
22806_090101_130416,D,20120322,000000,11.3500000,11.3500000,10.9030000,11.0970000,182.300
22806_090101_130416,D,20120323,000000,11.2990000,11.3400000,11.0000000,11.2360000,179.200
22806_090101_130416,D,20120326,000000,11.2500000,13.7000000,11.2360000,12.6210000,419.700
22806_090101_130416,D,20120327,000000,12.6490000,12.9720000,11.7030000,12.1490000,326.100
22806_090101_130416,D,20120328,000000,12.5900000,12.5900000,12.0580000,12.2700000,177.600
22806_090101_130416,D,20120329,000000,12.4700000,12.4700000,11.6510000,11.7890000,445.500
22806_090101_130416,D,20120330,000000,12.2000000,12.3440000,11.9500000,11.9800000,219.900
22806_090101_130416,D,20120402,000000,12.3500000,12.4790000,11.8000000,12.1590000,127.100
22806_090101_130416,D,20120403,000000,12.1590000,12.9700000,12.1590000,12.7800000,139.800
22806_090101_130416,D,20120404,000000,12.5000000,12.8700000,12.3000000,12.4700000,126.100
22806_090101_130416,D,20120405,000000,12.7190000,12.7200000,12.2000000,12.6090000,135.800
22806_090101_130416,D,20120406,000000,12.6890000,12.6900000,12.3210000,12.6690000,130.400
22806_090101_130416,D,20120409,000000,12.5400000,12.6130000,12.2040000,12.4100000,122.400
22806_090101_130416,D,20120410,000000,12.3770000,12.4290000,12.1110000,12.1130000,133.000
22806_090101_130416,D,20120411,000000,12.2980000,12.5900000,12.1400000,12.3100000,131.500
22806_090101_130416,D,20120412,000000,12.5200000,13.2000000,12.5200000,13.1460000,213.900
22806_090101_130416,D,20120413,000000,13.1460000,13.9990000,13.1460000,13.7000000,185.900
22806_090101_130416,D,20120416,000000,13.5300000,14.4000000,13.5300000,14.4000000,211.800
22806_090101_130416,D,20120417,000000,14.6960000,15.4700000,14.1400000,14.9210000,244.000
22806_090101_130416,D,20120418,000000,14.9210000,15.1460000,13.9000000,14.3700000,176.700
22806_090101_130416,D,20120419,000000,14.1500000,14.6400000,13.8140000,13.9920000,331.900
22806_090101_130416,D,20120420,000000,14.4690000,14.4690000,8.8800000,11.1990000,655.200
22806_090101_130416,D,20120423,000000,11.3990000,11.4750000,10.3000000,10.7420000,727.000
22806_090101_130416,D,20120424,000000,10.8800000,10.9780000,10.0110000,10.4350000,176.300
22806_090101_130416,D,20120425,000000,10.5000000,11.0980000,10.5000000,10.7990000,154.900
22806_090101_130416,D,20120426,000000,11.0700000,11.3890000,10.5860000,10.9300000,157.400
22806_090101_130416,D,20120427,000000,11.3390000,11.3390000,10.4700000,10.6030000,158.200
22806_090101_130416,D,20120428,000000,10.9900000,10.9900000,10.6100000,10.7840000,145.400
22806_090101_130416,D,20120502,000000,10.9980000,10.9980000,9.9740000,10.2900000,169.600
22806_090101_130416,D,20120503,000000,10.6900000,10.7000000,9.3000000,9.4350000,289.000
22806_090101_130416,D,20120504,000000,9.8800000,10.5420000,9.5210000,9.6590000,436.700
22806_090101_130416,D,20120505,000000,9.9990000,10.3300000,9.8010000,9.9640000,205.500
22806_090101_130416,D,20120507,000000,9.9400000,10.2500000,9.4970000,9.6300000,341.800
22806_090101_130416,D,20120508,000000,10.3400000,10.3400000,9.4250000,9.9140000,397.200
22806_090101_130416,D,20120510,000000,10.0000000,10.1000000,8.0020000,9.7850000,366.800
22806_090101_130416,D,20120511,000000,9.7000000,9.8000000,9.0000000,9.2200000,177.700
22806_090101_130416,D,20120512,000000,9.3990000,9.3990000,9.0020000,9.0980000,167.700
22806_090101_130416,D,20120514,000000,9.2500000,9.2560000,7.0040000,7.8870000,767.300
22806_090101_130416,D,20120515,000000,8.0000000,8.4870000,6.9930000,7.2300000,336.600
22806_090101_130416,D,20120516,000000,7.2010000,7.2580000,6.3700000,6.5500000,435.500
22806_090101_130416,D,20120517,000000,6.5500000,6.7230000,5.8000000,5.9690000,329.400
22806_090101_130416,D,20120518,000000,5.8020000,5.9990000,4.3280000,4.4800000,2.258.600
22806_090101_130416,D,20120521,000000,4.6900000,5.4990000,4.3050000,5.4880000,1.206.300
22806_090101_130416,D,20120522,000000,5.5000000,7.1000000,5.4010000,6.7000000,2.096.000
22806_090101_130416,D,20120523,000000,6.4500000,6.4960000,5.9000000,6.1380000,323.000
22806_090101_130416,D,20120524,000000,6.1000000,6.5870000,5.8900000,6.3450000,639.900
22806_090101_130416,D,20120525,000000,6.3300000,6.3300000,6.0000000,6.1200000,446.800
22806_090101_130416,D,20120528,000000,6.1480000,6.4590000,6.1010000,6.2990000,283.000
22806_090101_130416,D,20120529,000000,6.3000000,6.3500000,6.0640000,6.2570000,260.300
22806_090101_130416,D,20120530,000000,6.2800000,6.5690000,6.0840000,6.2920000,462.500
22806_090101_130416,D,20120531,000000,6.2870000,6.3960000,6.1200000,6.1500000,278.000
22806_090101_130416,D,20120601,000000,6.3300000,6.3300000,5.8000000,6.0200000,244.700
22806_090101_130416,D,20120604,000000,6.0000000,6.1750000,5.8010000,6.1700000,258.700
22806_090101_130416,D,20120605,000000,6.1970000,6.2280000,5.9990000,6.1350000,267.900
22806_090101_130416,D,20120606,000000,6.1330000,6.1880000,5.9020000,6.1170000,264.100
22806_090101_130416,D,20120607,000000,6.1780000,6.1780000,5.9560000,6.1300000,321.600
22806_090101_130416,D,20120608,000000,6.1690000,6.1690000,5.8510000,6.0390000,265.300
22806_090101_130416,D,20120609,000000,6.0400000,6.1850000,5.9570000,6.1120000,260.700
22806_090101_130416,D,20120613,000000,6.0990000,6.2500000,6.0550000,6.1350000,346.700
22806_090101_130416,D,20120614,000000,6.2210000,6.2210000,5.8010000,5.9440000,269.900
22806_090101_130416,D,20120615,000000,5.9600000,6.0220000,5.9100000,5.9500000,297.300
22806_090101_130416,D,20120618,000000,6.0000000,6.1200000,5.6010000,5.8970000,396.700
22806_090101_130416,D,20120619,000000,5.8970000,6.1400000,5.8570000,6.1110000,274.200
22806_090101_130416,D,20120620,000000,6.1750000,7.5340000,5.9990000,6.9990000,634.100
22806_090101_130416,D,20120621,000000,6.9900000,7.5330000,6.5360000,7.1500000,316.000
22806_090101_130416,D,20120622,000000,7.1970000,7.4980000,6.8120000,7.1990000,266.100
22806_090101_130416,D,20120625,000000,7.4960000,7.9290000,7.1060000,7.5970000,314.100
22806_090101_130416,D,20120626,000000,7.7560000,8.1880000,7.6630000,8.0490000,350.100
22806_090101_130416,D,20120627,000000,8.1980000,8.7730000,8.0520000,8.3850000,1.412.100
22806_090101_130416,D,20120628,000000,8.4270000,8.6400000,7.0000000,7.9800000,1.385.400
22806_090101_130416,D,20120629,000000,7.7000000,8.2780000,7.7000000,8.0520000,1.395.300
22806_090101_130416,D,20120702,000000,8.0910000,8.3500000,7.5560000,8.0980000,244.600
22806_090101_130416,D,20120703,000000,8.3500000,8.3940000,8.0120000,8.2920000,199.800
22806_090101_130416,D,20120704,000000,8.3500000,8.3500000,7.5000000,7.6960000,434.300
22806_090101_130416,D,20120705,000000,7.6620000,7.7500000,7.0100000,7.2210000,300.700
22806_090101_130416,D,20120706,000000,7.0010000,7.3000000,6.9280000,7.1990000,221.100
22806_090101_130416,D,20120709,000000,7.1990000,7.2970000,7.0000000,7.2150000,211.700
22806_090101_130416,D,20120710,000000,7.2190000,7.2190000,7.0500000,7.2050000,236.300
22806_090101_130416,D,20120711,000000,7.2470000,7.2480000,6.7030000,6.9010000,229.500
22806_090101_130416,D,20120712,000000,6.9980000,7.0000000,6.6620000,6.9460000,255.600
22806_090101_130416,D,20120713,000000,7.1170000,7.1200000,6.7580000,6.9400000,258.600
22806_090101_130416,D,20120716,000000,7.0000000,7.1000000,6.5010000,6.9690000,273.000
22806_090101_130416,D,20120717,000000,6.9980000,7.0760000,6.9020000,7.0190000,224.600
22806_090101_130416,D,20120718,000000,6.9990000,7.1000000,6.8250000,7.0600000,230.500
22806_090101_130416,D,20120719,000000,7.0930000,7.0990000,6.8500000,7.0870000,228.200
22806_090101_130416,D,20120720,000000,7.0760000,7.0760000,6.8560000,6.9990000,233.600
22806_090101_130416,D,20120723,000000,7.0100000,7.0100000,6.4980000,6.5000000,242.700
22806_090101_130416,D,20120724,000000,6.6500000,7.3000000,6.0220000,6.6960000,699.400
22806_090101_130416,D,20120725,000000,6.6740000,7.2790000,6.1000000,6.5530000,1.051.500
22806_090101_130416,D,20120726,000000,6.4500000,6.8100000,6.1660000,6.8090000,844.500
22806_090101_130416,D,20120727,000000,6.8500000,7.1490000,6.2610000,6.8850000,1.054.100
22806_090101_130416,D,20120730,000000,6.9490000,8.4130000,6.7150000,7.7000000,950.600
22806_090101_130416,D,20120731,000000,7.7000000,7.9270000,6.6550000,7.2480000,1.594.700
22806_090101_130416,D,20120801,000000,7.2460000,7.5500000,6.8000000,7.2000000,597.100
22806_090101_130416,D,20120802,000000,7.1980000,7.4000000,6.3020000,6.5940000,2.205.500
22806_090101_130416,D,20120803,000000,6.6490000,6.9280000,6.3000000,6.7980000,1.370.400
22806_090101_130416,D,20120806,000000,6.7990000,7.1590000,6.7990000,7.0940000,540.700
22806_090101_130416,D,20120807,000000,7.0120000,7.8980000,7.0010000,7.2960000,1.266.200
22806_090101_130416,D,20120808,000000,7.3490000,7.9300000,6.7550000,7.3430000,2.704.100
22806_090101_130416,D,20120809,000000,7.3480000,7.4440000,6.9110000,7.3000000,1.293.400
22806_090101_130416,D,20120810,000000,7.1200000,7.7770000,6.9500000,7.4250000,948.100
22806_090101_130416,D,20120813,000000,7.3240000,7.3480000,6.9520000,7.1880000,1.672.500
22806_090101_130416,D,20120814,000000,7.0130000,7.5890000,6.9100000,7.3480000,1.907.500
22806_090101_130416,D,20120815,000000,7.3490000,7.6000000,6.9400000,7.3490000,1.724.100
22806_090101_130416,D,20120816,000000,7.3490000,7.5000000,7.0150000,7.2500000,1.416.400
22806_090101_130416,D,20120817,000000,7.2880000,7.4070000,7.0500000,7.1010000,1.722.000
22806_090101_130416,D,20120820,000000,7.1110000,7.2980000,7.0080000,7.0890000,688.900
22806_090101_130416,D,20120821,000000,7.0500000,7.0500000,6.7510000,6.8720000,1.807.100
22806_090101_130416,D,20120822,000000,6.8480000,6.9000000,6.6100000,6.7340000,598.700
22806_090101_130416,D,20120823,000000,6.7640000,6.8880000,6.5200000,6.5360000,771.500
22806_090101_130416,D,20120824,000000,6.5560000,6.6150000,6.4530000,6.5240000,646.900
22806_090101_130416,D,20120827,000000,6.5300000,6.5490000,6.4000000,6.4810000,749.000
22806_090101_130416,D,20120828,000000,6.4970000,6.5790000,6.3060000,6.4000000,774.700
22806_090101_130416,D,20120829,000000,6.3980000,6.4490000,6.2900000,6.4200000,364.000
22806_090101_130416,D,20120830,000000,6.3530000,6.4100000,6.2700000,6.3810000,510.800
22806_090101_130416,D,20120831,000000,6.3490000,6.4100000,6.2900000,6.3600000,297.000
22806_090101_130416,D,20120903,000000,6.3650000,6.4000000,6.2860000,6.3110000,425.200
22806_090101_130416,D,20120904,000000,6.3400000,6.3970000,6.1900000,6.1900000,479.900
22806_090101_130416,D,20120905,000000,6.2130000,6.2760000,6.0480000,6.2760000,782.200
22806_090101_130416,D,20120906,000000,6.2760000,6.3980000,6.2540000,6.3960000,301.300
22806_090101_130416,D,20120907,000000,6.4020000,6.5280000,6.4020000,6.4870000,256.500
22806_090101_130416,D,20120910,000000,6.4950000,6.6000000,6.1300000,6.4760000,522.000
22806_090101_130416,D,20120911,000000,6.4490000,6.4490000,6.1650000,6.2480000,1.042.400
22806_090101_130416,D,20120912,000000,6.2480000,6.2480000,6.0500000,6.2440000,793.500
22806_090101_130416,D,20120913,000000,6.2460000,6.4900000,6.0830000,6.1850000,854.000
22806_090101_130416,D,20120914,000000,6.2060000,6.3000000,6.0100000,6.1270000,2.131.400
22806_090101_130416,D,20120917,000000,6.1450000,6.1880000,5.9530000,6.0300000,973.100
22806_090101_130416,D,20120918,000000,6.0300000,6.0900000,5.9160000,6.0790000,1.356.000
22806_090101_130416,D,20120919,000000,6.1160000,6.2900000,5.9000000,5.9960000,464.000
22806_090101_130416,D,20120920,000000,5.9790000,5.9880000,5.8000000,5.9680000,334.700
22806_090101_130416,D,20120921,000000,5.8840000,6.0490000,5.8000000,5.9430000,335.000
22806_090101_130416,D,20120924,000000,5.9560000,5.9750000,5.8000000,5.8980000,334.900
22806_090101_130416,D,20120925,000000,5.8750000,5.8960000,5.8030000,5.8790000,330.400
22806_090101_130416,D,20120926,000000,5.8880000,5.9400000,5.6010000,5.7740000,370.500
22806_090101_130416,D,20120927,000000,5.7750000,5.8500000,5.6510000,5.8030000,349.900
22806_090101_130416,D,20120928,000000,5.8150000,5.9400000,5.6130000,5.7300000,675.500
22806_090101_130416,D,20121001,000000,5.7360000,5.7460000,5.6000000,5.7070000,311.000
22806_090101_130416,D,20121002,000000,5.7340000,5.7560000,5.5000000,5.5870000,494.800
22806_090101_130416,D,20121003,000000,5.5960000,5.5980000,5.3530000,5.5100000,279.700
22806_090101_130416,D,20121004,000000,5.5110000,5.5170000,5.3700000,5.4940000,312.800
22806_090101_130416,D,20121005,000000,5.4900000,5.4920000,5.3330000,5.3930000,452.800
22806_090101_130416,D,20121008,000000,5.3240000,5.3550000,5.1300000,5.2380000,338.100
22806_090101_130416,D,20121009,000000,5.2370000,5.2370000,4.8900000,4.9000000,467.000
22806_090101_130416,D,20121010,000000,4.8090000,5.2400000,4.7000000,4.9990000,1.053.500
22806_090101_130416,D,20121011,000000,5.0460000,5.1000000,4.8990000,4.9000000,468.600
22806_090101_130416,D,20121012,000000,4.9390000,5.0440000,4.7530000,4.8390000,572.100
22806_090101_130416,D,20121015,000000,4.8330000,4.8450000,4.7000000,4.8000000,492.400
22806_090101_130416,D,20121016,000000,4.8460000,4.9900000,4.7840000,4.9440000,313.400
22806_090101_130416,D,20121017,000000,4.9460000,5.7660000,4.8730000,5.6800000,2.126.100
22806_090101_130416,D,20121018,000000,5.7900000,6.1500000,5.4000000,6.0280000,2.803.600
22806_090101_130416,D,20121019,000000,6.0460000,6.3490000,5.9040000,6.1530000,1.827.400
22806_090101_130416,D,20121022,000000,6.1630000,6.2980000,5.9330000,6.0960000,437.200
22806_090101_130416,D,20121023,000000,5.9930000,6.0000000,5.6040000,5.6700000,433.800
22806_090101_130416,D,20121024,000000,5.6730000,5.6790000,5.1000000,5.2660000,753.700
22806_090101_130416,D,20121025,000000,5.2490000,5.2860000,5.1000000,5.2460000,370.000
22806_090101_130416,D,20121026,000000,5.1980000,5.3800000,5.1800000,5.3100000,711.000
22806_090101_130416,D,20121029,000000,5.3260000,5.3500000,5.1800000,5.2290000,345.800
22806_090101_130416,D,20121030,000000,5.2330000,5.2920000,5.0500000,5.1890000,398.400
22806_090101_130416,D,20121031,000000,5.2060000,5.2260000,5.0940000,5.1990000,325.700
22806_090101_130416,D,20121101,000000,5.2050000,5.2660000,5.1160000,5.2230000,373.600
22806_090101_130416,D,20121102,000000,5.2470000,5.2480000,5.1550000,5.2370000,299.500
22806_090101_130416,D,20121106,000000,5.2460000,6.0060000,5.2460000,5.8900000,893.700
22806_090101_130416,D,20121107,000000,5.8140000,6.1900000,5.6390000,6.1000000,570.200
22806_090101_130416,D,20121108,000000,5.8000000,6.1000000,5.7930000,6.1000000,1.198.600
22806_090101_130416,D,20121109,000000,6.0860000,6.0860000,5.8740000,5.9500000,394.200
22806_090101_130416,D,20121112,000000,6.0260000,6.0990000,5.6530000,5.9900000,299.000
22806_090101_130416,D,20121113,000000,6.0060000,6.0500000,5.8030000,5.9260000,281.400
22806_090101_130416,D,20121114,000000,5.9240000,5.9360000,5.7000000,5.8800000,336.400
22806_090101_130416,D,20121115,000000,5.8650000,5.9000000,5.6510000,5.7990000,264.100
22806_090101_130416,D,20121116,000000,5.8060000,5.8990000,5.7000000,5.7160000,462.400
22806_090101_130416,D,20121119,000000,5.7700000,5.9050000,5.7130000,5.9050000,320.700
22806_090101_130416,D,20121120,000000,5.9060000,5.9360000,5.7330000,5.7360000,357.400
22806_090101_130416,D,20121121,000000,5.7980000,5.7980000,5.4500000,5.5810000,362.400
22806_090101_130416,D,20121122,000000,5.5850000,5.5900000,5.4000000,5.5460000,274.900
22806_090101_130416,D,20121123,000000,5.4800000,5.5060000,5.3110000,5.4470000,393.300
22806_090101_130416,D,20121126,000000,5.4460000,5.6900000,5.4460000,5.4880000,1.839.300
22806_090101_130416,D,20121127,000000,5.4900000,5.5300000,5.4030000,5.4270000,282.300
22806_090101_130416,D,20121128,000000,5.4760000,5.5500000,5.2750000,5.3060000,382.600
22806_090101_130416,D,20121129,000000,5.3060000,5.4490000,5.1830000,5.2300000,309.900
22806_090101_130416,D,20121130,000000,5.2300000,5.3350000,5.1540000,5.1990000,288.900
22806_090101_130416,D,20121203,000000,5.2460000,5.3250000,5.0800000,5.1780000,335.500
22806_090101_130416,D,20121204,000000,5.1570000,5.2480000,4.9300000,5.0800000,1.313.700
22806_090101_130416,D,20121205,000000,5.1160000,5.1970000,4.9760000,5.0240000,561.100
22806_090101_130416,D,20121206,000000,5.0300000,5.0490000,4.9000000,5.0480000,447.200
22806_090101_130416,D,20121207,000000,5.0380000,5.0900000,4.9010000,5.0000000,324.800
22806_090101_130416,D,20121210,000000,4.9560000,5.0250000,4.9000000,5.0060000,347.100
22806_090101_130416,D,20121211,000000,4.9890000,4.9990000,4.8700000,4.9390000,475.300
22806_090101_130416,D,20121212,000000,4.9100000,4.9800000,4.8500000,4.9190000,317.000
22806_090101_130416,D,20121213,000000,4.9260000,4.9590000,4.8000000,4.9000000,320.000
22806_090101_130416,D,20121214,000000,4.8440000,4.9200000,4.7850000,4.8580000,667.000
22806_090101_130416,D,20121217,000000,4.8180000,4.8700000,4.7550000,4.8000000,569.300
22806_090101_130416,D,20121218,000000,4.7990000,4.8590000,4.7080000,4.7690000,540.800
22806_090101_130416,D,20121219,000000,4.7590000,4.7860000,4.7000000,4.7420000,325.500
22806_090101_130416,D,20121220,000000,4.7460000,4.7600000,4.6040000,4.7140000,514.800
22806_090101_130416,D,20121221,000000,4.6780000,5.0800000,4.6720000,4.6920000,1.241.500
22806_090101_130416,D,20121224,000000,4.7010000,4.8880000,4.6020000,4.6570000,335.600
22806_090101_130416,D,20121225,000000,4.6660000,4.6760000,4.5860000,4.6490000,431.000
22806_090101_130416,D,20121226,000000,4.6200000,4.8480000,4.4940000,4.6480000,872.300
22806_090101_130416,D,20121227,000000,4.6170000,4.8000000,4.5870000,4.7000000,427.300
22806_090101_130416,D,20121228,000000,4.6230000,4.7760000,4.5970000,4.6900000,594.100
22806_090101_130416,D,20130108,000000,4.6490000,4.7290000,4.5880000,4.7290000,607.800
22806_090101_130416,D,20130109,000000,4.6540000,4.7900000,4.5900000,4.7600000,885.500
22806_090101_130416,D,20130110,000000,4.7500000,4.8000000,4.5970000,4.6620000,1.305.600
22806_090101_130416,D,20130111,000000,4.6600000,4.7200000,4.6000000,4.6700000,326.700
22806_090101_130416,D,20130114,000000,4.6860000,4.6900000,4.5790000,4.5900000,418.800
22806_090101_130416,D,20130115,000000,4.6080000,4.6550000,4.5770000,4.6000000,409.500
22806_090101_130416,D,20130116,000000,4.5860000,4.6390000,4.5370000,4.6000000,549.900
22806_090101_130416,D,20130117,000000,4.5990000,4.6280000,4.5550000,4.5960000,417.700
22806_090101_130416,D,20130118,000000,4.6000000,4.6550000,4.5500000,4.5920000,446.000
22806_090101_130416,D,20130121,000000,4.5950000,4.6290000,4.5500000,4.6290000,319.200
22806_090101_130416,D,20130122,000000,4.5770000,4.6190000,4.5500000,4.5980000,430.200
22806_090101_130416,D,20130123,000000,4.5900000,4.6250000,4.5500000,4.6090000,348.900
22806_090101_130416,D,20130124,000000,4.6000000,4.6290000,4.4430000,4.5740000,593.600
22806_090101_130416,D,20130125,000000,4.5550000,4.5950000,4.4600000,4.5590000,529.300
22806_090101_130416,D,20130128,000000,4.5390000,4.6290000,4.4330000,4.5000000,550.500
22806_090101_130416,D,20130129,000000,4.5060000,4.5990000,4.4000000,4.4800000,442.400
22806_090101_130416,D,20130130,000000,4.4550000,4.5000000,4.4100000,4.4600000,364.800
22806_090101_130416,D,20130131,000000,4.4240000,4.4900000,4.3200000,4.3440000,507.400
22806_090101_130416,D,20130201,000000,4.3560000,4.3740000,4.1530000,4.2190000,361.600
22806_090101_130416,D,20130204,000000,4.1740000,4.2690000,4.0250000,4.1560000,485.200
22806_090101_130416,D,20130205,000000,4.1040000,4.1990000,3.9270000,4.0880000,1.150.900
22806_090101_130416,D,20130206,000000,4.1130000,4.1770000,4.0000000,4.0020000,397.200
22806_090101_130416,D,20130207,000000,4.0080000,4.0740000,3.9500000,4.0000000,515.600
22806_090101_130416,D,20130208,000000,3.9900000,4.0150000,3.9000000,3.9860000,433.600
22806_090101_130416,D,20130211,000000,3.9200000,3.9950000,3.7500000,3.8400000,565.000
22806_090101_130416,D,20130212,000000,3.8200000,4.0770000,3.7670000,3.8190000,1.049.000
22806_090101_130416,D,20130213,000000,3.8180000,3.9400000,3.7680000,3.7900000,659.200
22806_090101_130416,D,20130214,000000,3.7900000,4.0000000,3.7750000,3.8660000,1.206.700
22806_090101_130416,D,20130215,000000,3.8500000,3.9550000,3.7200000,3.7700000,825.300
22806_090101_130416,D,20130218,000000,3.7950000,3.9360000,3.5630000,3.6200000,1.411.700
22806_090101_130416,D,20130219,000000,3.6440000,3.6930000,3.5670000,3.6850000,429.200
22806_090101_130416,D,20130220,000000,3.6200000,3.8790000,3.6000000,3.8030000,750.500
22806_090101_130416,D,20130221,000000,3.7970000,3.8480000,3.7070000,3.8480000,688.600
22806_090101_130416,D,20130222,000000,3.8490000,3.8980000,3.7850000,3.8500000,429.600
22806_090101_130416,D,20130225,000000,3.8500000,3.8950000,3.7030000,3.7280000,278.800
22806_090101_130416,D,20130226,000000,3.6930000,3.6940000,3.5500000,3.6180000,491.700
22806_090101_130416,D,20130227,000000,3.6000000,3.6140000,3.5430000,3.5780000,594.800
22806_090101_130416,D,20130228,000000,3.5800000,3.8000000,3.4640000,3.4740000,544.000
22806_090101_130416,D,20130301,000000,3.4630000,3.5460000,3.2550000,3.2890000,748.800
22806_090101_130416,D,20130304,000000,3.2540000,3.3150000,3.0780000,3.1200000,630.700
22806_090101_130416,D,20130305,000000,3.1100000,3.1790000,2.9500000,3.0190000,397.000
22806_090101_130416,D,20130306,000000,3.0030000,3.1700000,3.0000000,3.0390000,754.700
22806_090101_130416,D,20130307,000000,3.0390000,3.2360000,2.9800000,3.0310000,1.150.300
22806_090101_130416,D,20130311,000000,3.0230000,3.1500000,2.9720000,3.0390000,890.000
22806_090101_130416,D,20130312,000000,3.0450000,3.0790000,2.9810000,3.0280000,351.600
22806_090101_130416,D,20130313,000000,3.0370000,3.1390000,2.9650000,3.0340000,803.900
22806_090101_130416,D,20130314,000000,3.0350000,3.0730000,2.9900000,3.0070000,400.600
22806_090101_130416,D,20130315,000000,3.0100000,3.0500000,2.9600000,2.9950000,279.400
22806_090101_130416,D,20130318,000000,2.9650000,3.0000000,2.8000000,2.8100000,756.000
22806_090101_130416,D,20130319,000000,2.8020000,3.0000000,2.7070000,2.8240000,1.206.100
22806_090101_130416,D,20130320,000000,2.7730000,2.8460000,2.7110000,2.7970000,542.300
22806_090101_130416,D,20130321,000000,2.8000000,2.8490000,2.7600000,2.8130000,392.000
22806_090101_130416,D,20130322,000000,2.8000000,2.8080000,2.6700000,2.7590000,391.100
22806_090101_130416,D,20130325,000000,2.7860000,2.7860000,2.6560000,2.7100000,209.000
22806_090101_130416,D,20130326,000000,2.6710000,2.7200000,2.5180000,2.7000000,204.100
22806_090101_130416,D,20130327,000000,2.6730000,2.7000000,2.6150000,2.6800000,233.200
22806_090101_130416,D,20130328,000000,2.6600000,2.7000000,2.6310000,2.6790000,108.400
22806_090101_130416,D,20130329,000000,2.6790000,2.8780000,2.6500000,2.6930000,490.400
22806_090101_130416,D,20130401,000000,2.7060000,2.7700000,2.5000000,2.6690000,623.200
22806_090101_130416,D,20130402,000000,2.6600000,2.7400000,2.6000000,2.6120000,303.200
22806_090101_130416,D,20130403,000000,2.6100000,2.6140000,2.4260000,2.4590000,269.400
