<TICKER>,<PER>,<DATE>,<TIME>,<OPEN>,<HIGH>,<LOW>,<CLOSE>,<VOL>
29_090101_130416,D,20090111,000000,28.0000000,28.0000000,27.2200000,27.9400000,90.020
29_090101_130416,D,20090112,000000,27.9400000,28.4500000,27.5500000,27.9500000,111.783
29_090101_130416,D,20090113,000000,27.5500000,28.0900000,27.0100000,27.9600000,173.253
29_090101_130416,D,20090114,000000,28.0000000,30.9000000,27.6000000,28.2400000,669.057
29_090101_130416,D,20090115,000000,28.2200000,28.2400000,25.7700000,27.2500000,333.509
29_090101_130416,D,20090116,000000,27.7000000,27.8000000,26.5000000,26.7900000,156.668
29_090101_130416,D,20090119,000000,27.1000000,27.3500000,25.0000000,25.1800000,117.118
29_090101_130416,D,20090120,000000,25.0000000,25.0000000,23.0200000,23.9500000,102.518
29_090101_130416,D,20090121,000000,23.4600000,23.5600000,21.6000000,23.5600000,179.097
29_090101_130416,D,20090122,000000,23.8100000,24.0100000,21.5000000,21.5000000,171.651
29_090101_130416,D,20090123,000000,21.5600000,21.5600000,19.5600000,20.2000000,234.698
29_090101_130416,D,20090126,000000,20.3700000,25.9300000,20.0500000,24.9300000,757.608
29_090101_130416,D,20090127,000000,25.2000000,26.2000000,22.7000000,22.7000000,858.970
29_090101_130416,D,20090128,000000,22.7500000,22.9500000,21.9800000,22.5100000,583.418
29_090101_130416,D,20090129,000000,22.3000000,22.9500000,22.2000000,22.8900000,1.241.281
29_090101_130416,D,20090130,000000,22.9000000,24.8000000,22.3000000,23.3000000,1.088.668
29_090101_130416,D,20090202,000000,23.2800000,23.4900000,21.8000000,22.6800000,129.873
29_090101_130416,D,20090203,000000,22.8200000,23.2300000,22.4100000,23.0000000,128.936
29_090101_130416,D,20090204,000000,23.2200000,24.9400000,23.0000000,23.5500000,648.676
29_090101_130416,D,20090205,000000,23.6000000,23.9000000,23.1000000,23.5100000,557.428
29_090101_130416,D,20090206,000000,23.5500000,26.2000000,23.5500000,24.1000000,1.198.236
29_090101_130416,D,20090209,000000,24.0200000,24.8000000,23.9600000,24.5900000,325.485
29_090101_130416,D,20090210,000000,24.4500000,25.5000000,24.3600000,25.3500000,356.931
29_090101_130416,D,20090211,000000,25.0000000,25.4400000,24.1100000,25.0100000,149.598
29_090101_130416,D,20090212,000000,25.0200000,25.9400000,24.5300000,25.3000000,849.713
29_090101_130416,D,20090213,000000,25.4700000,25.9000000,25.4700000,25.7000000,161.333
29_090101_130416,D,20090216,000000,25.8000000,25.9000000,25.0000000,25.2000000,177.044
29_090101_130416,D,20090217,000000,25.2100000,25.4900000,24.8000000,25.2300000,1.489.455
29_090101_130416,D,20090218,000000,25.0000000,25.2000000,24.4500000,25.1600000,222.958
29_090101_130416,D,20090219,000000,24.9900000,25.9400000,24.9900000,25.9000000,575.279
29_090101_130416,D,20090220,000000,25.7600000,26.0000000,25.5000000,25.8100000,105.061
29_090101_130416,D,20090224,000000,25.6100000,27.0000000,25.0000000,26.7500000,149.557
29_090101_130416,D,20090225,000000,26.8900000,27.2000000,26.5300000,26.9800000,79.172
29_090101_130416,D,20090226,000000,26.9900000,27.0000000,25.9300000,26.7500000,169.700
29_090101_130416,D,20090227,000000,26.5200000,26.8000000,26.1000000,26.5600000,78.125
29_090101_130416,D,20090302,000000,26.5700000,26.5900000,25.1400000,26.2400000,92.858
29_090101_130416,D,20090303,000000,26.2500000,27.7000000,25.1300000,27.6600000,222.497
29_090101_130416,D,20090304,000000,27.7000000,29.9900000,27.7000000,29.9200000,3.249.971
29_090101_130416,D,20090305,000000,29.9200000,30.5000000,29.0500000,29.8900000,469.286
29_090101_130416,D,20090306,000000,29.5100000,29.9500000,28.5500000,29.8900000,98.329
29_090101_130416,D,20090310,000000,29.5000000,30.4900000,29.0000000,30.2200000,802.805
29_090101_130416,D,20090311,000000,30.3700000,31.0000000,29.0300000,30.4600000,1.594.520
29_090101_130416,D,20090312,000000,30.0500000,30.9900000,30.0200000,30.4900000,829.246
29_090101_130416,D,20090313,000000,30.9000000,31.5000000,30.0000000,31.1200000,271.294
29_090101_130416,D,20090316,000000,30.3400000,31.4000000,30.2200000,31.1900000,102.532
29_090101_130416,D,20090317,000000,31.2100000,31.5000000,30.3200000,31.3400000,186.473
29_090101_130416,D,20090318,000000,31.1900000,31.9000000,30.5900000,31.8500000,189.366
29_090101_130416,D,20090319,000000,31.4000000,32.7500000,31.1000000,32.4000000,2.042.043
29_090101_130416,D,20090320,000000,32.4000000,32.8000000,31.5700000,32.0500000,190.326
29_090101_130416,D,20090323,000000,32.3000000,33.9800000,32.1200000,33.8900000,1.170.556
29_090101_130416,D,20090324,000000,34.0100000,35.0000000,33.5100000,34.6400000,193.775
29_090101_130416,D,20090325,000000,34.4900000,36.7500000,34.0200000,36.5000000,10.041.422
29_090101_130416,D,20090326,000000,37.0000000,40.0300000,35.8600000,36.2000000,12.652.232
29_090101_130416,D,20090327,000000,36.2000000,37.2600000,34.9200000,35.7000000,3.651.323
29_090101_130416,D,20090330,000000,35.0000000,40.1000000,32.9400000,36.5000000,10.763.130
29_090101_130416,D,20090331,000000,36.6000000,40.0900000,35.5500000,39.6500000,1.702.322
29_090101_130416,D,20090401,000000,39.4000000,42.0000000,37.8900000,39.1200000,1.734.427
29_090101_130416,D,20090402,000000,40.5000000,41.5000000,38.2000000,39.0000000,208.663
29_090101_130416,D,20090403,000000,39.1000000,39.1100000,36.7000000,37.2900000,266.489
29_090101_130416,D,20090406,000000,37.4100000,39.0000000,35.1600000,35.9000000,450.125
29_090101_130416,D,20090407,000000,35.5000000,37.0200000,35.0000000,35.8800000,115.278
29_090101_130416,D,20090408,000000,35.4100000,37.5000000,34.0100000,36.3000000,781.568
29_090101_130416,D,20090409,000000,36.8900000,36.9000000,35.7700000,36.6000000,256.540
29_090101_130416,D,20090410,000000,36.5000000,36.7000000,35.9900000,36.2100000,209.351
29_090101_130416,D,20090413,000000,36.2200000,36.5000000,35.8500000,36.1900000,346.591
29_090101_130416,D,20090414,000000,36.2000000,36.4800000,34.8000000,35.1500000,318.907
29_090101_130416,D,20090415,000000,35.2500000,35.6000000,34.4100000,34.8000000,225.774
29_090101_130416,D,20090416,000000,34.9000000,35.4900000,34.7100000,35.2700000,95.578
29_090101_130416,D,20090417,000000,35.2700000,35.4300000,34.4400000,35.1600000,254.288
29_090101_130416,D,20090420,000000,35.2500000,35.3200000,34.3500000,34.5000000,115.431
29_090101_130416,D,20090421,000000,34.3100000,34.5000000,32.2400000,32.9600000,229.577
29_090101_130416,D,20090422,000000,33.2000000,33.5000000,32.5200000,33.4500000,142.766
29_090101_130416,D,20090423,000000,33.6000000,33.9000000,33.1100000,33.8700000,227.488
29_090101_130416,D,20090424,000000,33.8700000,34.0000000,33.4000000,33.5000000,200.052
29_090101_130416,D,20090427,000000,33.3300000,33.4700000,32.7500000,33.0000000,105.808
29_090101_130416,D,20090428,000000,32.9900000,32.9900000,32.0300000,32.3200000,111.005
29_090101_130416,D,20090429,000000,32.3200000,32.5100000,31.6700000,32.5100000,220.069
29_090101_130416,D,20090430,000000,32.5000000,35.2000000,32.4500000,33.9600000,341.597
29_090101_130416,D,20090504,000000,35.1000000,35.4200000,34.5300000,34.9800000,748.171
29_090101_130416,D,20090505,000000,35.2500000,35.8000000,34.6000000,35.0000000,1.151.088
29_090101_130416,D,20090506,000000,34.6500000,35.2500000,32.0000000,35.1900000,372.559
29_090101_130416,D,20090507,000000,35.5800000,36.5000000,34.8000000,35.4900000,981.358
29_090101_130416,D,20090508,000000,35.4000000,35.9400000,35.0000000,35.4900000,316.179
29_090101_130416,D,20090512,000000,35.6900000,40.0000000,35.6500000,36.9900000,1.427.366
29_090101_130416,D,20090513,000000,37.2500000,37.5000000,33.3300000,33.7800000,1.020.626
29_090101_130416,D,20090514,000000,32.9900000,33.9900000,32.5000000,33.8700000,336.207
29_090101_130416,D,20090515,000000,34.0900000,34.4000000,33.2500000,33.9800000,185.480
29_090101_130416,D,20090518,000000,33.8700000,36.4500000,33.5400000,35.0000000,422.576
29_090101_130416,D,20090519,000000,35.5000000,35.6000000,34.0400000,34.7000000,440.309
29_090101_130416,D,20090520,000000,35.1900000,35.3200000,34.0100000,34.9300000,378.157
29_090101_130416,D,20090521,000000,35.0000000,35.3700000,33.8100000,34.4800000,315.046
29_090101_130416,D,20090522,000000,34.5000000,34.5700000,33.0000000,34.3400000,148.878
29_090101_130416,D,20090525,000000,33.7500000,34.5000000,33.6900000,34.2000000,103.917
29_090101_130416,D,20090526,000000,34.1000000,35.0000000,32.7100000,33.7500000,530.545
29_090101_130416,D,20090527,000000,33.9800000,35.3700000,33.4100000,35.0000000,591.111
29_090101_130416,D,20090528,000000,35.0000000,35.2800000,34.1000000,35.1300000,531.776
29_090101_130416,D,20090529,000000,35.2500000,35.3500000,34.4200000,35.1500000,331.197
29_090101_130416,D,20090601,000000,35.5000000,35.8000000,34.6500000,34.9900000,1.557.367
29_090101_130416,D,20090602,000000,35.0000000,35.5600000,34.9900000,35.4800000,1.601.428
29_090101_130416,D,20090603,000000,35.7900000,36.0000000,34.9000000,35.1000000,1.092.378
29_090101_130416,D,20090604,000000,35.5000000,37.8800000,35.2100000,37.8600000,1.847.348
29_090101_130416,D,20090605,000000,38.3400000,39.0000000,36.9500000,37.3000000,990.060
29_090101_130416,D,20090608,000000,37.3700000,37.6900000,34.1100000,37.2400000,834.265
29_090101_130416,D,20090609,000000,37.6100000,37.6100000,36.0000000,36.6500000,258.064
29_090101_130416,D,20090610,000000,36.5500000,37.1900000,36.2100000,36.5000000,224.675
29_090101_130416,D,20090611,000000,36.5000000,36.7300000,35.6800000,36.6600000,296.373
29_090101_130416,D,20090615,000000,36.0600000,36.1800000,35.0000000,35.5000000,355.584
29_090101_130416,D,20090616,000000,35.4300000,37.5000000,34.7400000,35.7400000,560.174
29_090101_130416,D,20090617,000000,35.7400000,36.7000000,35.0000000,36.1100000,309.678
29_090101_130416,D,20090618,000000,36.2000000,36.2100000,33.1100000,35.1500000,323.463
29_090101_130416,D,20090619,000000,35.5000000,36.0000000,35.0200000,35.2500000,250.648
29_090101_130416,D,20090622,000000,35.7700000,37.4900000,34.0000000,34.0000000,1.171.575
29_090101_130416,D,20090623,000000,33.7000000,33.7600000,30.0000000,32.5000000,327.494
29_090101_130416,D,20090624,000000,32.5000000,33.6400000,32.0000000,33.4000000,235.293
29_090101_130416,D,20090625,000000,33.5000000,33.9500000,32.6300000,33.1200000,203.912
29_090101_130416,D,20090626,000000,33.2000000,33.6600000,32.6000000,32.7000000,234.039
29_090101_130416,D,20090629,000000,32.6300000,33.4000000,32.1900000,33.3700000,85.192
29_090101_130416,D,20090630,000000,33.4500000,34.4000000,33.0100000,33.8700000,1.079.978
29_090101_130416,D,20090701,000000,33.9200000,34.0300000,33.2000000,33.5000000,91.790
29_090101_130416,D,20090702,000000,33.8000000,33.8000000,32.9600000,33.0000000,73.649
29_090101_130416,D,20090703,000000,33.0000000,33.4000000,32.5000000,33.0900000,83.210
29_090101_130416,D,20090706,000000,32.8000000,33.2500000,32.4800000,32.8100000,44.129
29_090101_130416,D,20090707,000000,33.3500000,33.3500000,32.0500000,32.0500000,289.109
29_090101_130416,D,20090708,000000,32.0500000,32.2800000,30.0000000,30.7200000,158.403
29_090101_130416,D,20090709,000000,30.7200000,31.2000000,30.3300000,30.3300000,79.628
29_090101_130416,D,20090710,000000,30.4000000,30.8000000,29.5200000,29.5500000,88.944
29_090101_130416,D,20090713,000000,29.5100000,30.0000000,28.7900000,29.6500000,120.201
29_090101_130416,D,20090714,000000,29.9800000,30.0000000,27.5200000,28.8500000,309.870
29_090101_130416,D,20090715,000000,29.0200000,29.4400000,28.5100000,29.2800000,113.120
29_090101_130416,D,20090716,000000,29.3900000,30.0000000,29.1000000,29.4600000,414.975
29_090101_130416,D,20090717,000000,29.4700000,31.2400000,29.2500000,30.1600000,710.450
29_090101_130416,D,20090720,000000,30.2600000,30.7300000,30.1500000,30.5500000,134.409
29_090101_130416,D,20090721,000000,30.6000000,32.2500000,30.0100000,31.7000000,222.079
29_090101_130416,D,20090722,000000,31.6300000,32.1800000,30.5700000,30.9900000,147.320
29_090101_130416,D,20090723,000000,30.9900000,31.8200000,30.5100000,31.7000000,104.087
29_090101_130416,D,20090724,000000,31.6800000,31.9800000,31.1800000,31.5400000,196.590
29_090101_130416,D,20090727,000000,31.6500000,32.9000000,31.3100000,32.6700000,165.218
29_090101_130416,D,20090728,000000,32.5000000,32.8900000,31.3100000,31.5100000,176.260
29_090101_130416,D,20090729,000000,31.9800000,31.9800000,30.1400000,30.6500000,255.983
29_090101_130416,D,20090730,000000,30.6400000,31.3000000,30.3100000,31.1700000,114.933
29_090101_130416,D,20090731,000000,31.1700000,31.5000000,30.7500000,31.4300000,182.870
29_090101_130416,D,20090803,000000,31.5400000,33.8500000,31.3300000,33.0600000,267.353
29_090101_130416,D,20090804,000000,33.1800000,33.3800000,32.3200000,33.2800000,57.755
29_090101_130416,D,20090805,000000,33.2900000,33.7700000,32.1200000,32.3400000,219.494
29_090101_130416,D,20090806,000000,32.7500000,34.2000000,32.6800000,33.0000000,236.241
29_090101_130416,D,20090807,000000,32.5100000,33.5500000,32.4000000,33.1900000,118.905
29_090101_130416,D,20090810,000000,33.6000000,33.8200000,32.7000000,33.0500000,68.950
29_090101_130416,D,20090811,000000,33.3200000,33.4900000,32.4100000,32.6100000,102.484
29_090101_130416,D,20090812,000000,32.4000000,32.4900000,31.3100000,32.2000000,128.397
29_090101_130416,D,20090813,000000,33.1200000,34.2000000,32.1000000,33.5600000,430.874
29_090101_130416,D,20090814,000000,33.9000000,34.0000000,32.6000000,33.2900000,185.085
29_090101_130416,D,20090817,000000,32.9800000,33.0000000,31.7700000,32.0000000,122.217
29_090101_130416,D,20090818,000000,31.9700000,32.7400000,31.9700000,32.4200000,86.332
29_090101_130416,D,20090819,000000,32.4500000,33.7900000,32.1000000,32.5500000,95.926
29_090101_130416,D,20090820,000000,32.5500000,33.0000000,31.8100000,32.7000000,109.073
29_090101_130416,D,20090821,000000,32.7800000,33.1200000,32.1100000,33.0900000,169.170
29_090101_130416,D,20090824,000000,33.1100000,33.9600000,32.6900000,33.4500000,321.428
29_090101_130416,D,20090825,000000,33.2000000,33.5000000,32.4800000,32.9900000,247.965
29_090101_130416,D,20090826,000000,33.3400000,33.3400000,32.2400000,32.7700000,190.617
29_090101_130416,D,20090827,000000,32.8900000,32.9900000,32.0400000,32.5000000,219.983
29_090101_130416,D,20090828,000000,32.5000000,33.1500000,32.5000000,32.8700000,125.257
29_090101_130416,D,20090831,000000,32.2200000,32.7000000,32.0200000,32.3500000,199.991
29_090101_130416,D,20090901,000000,32.3500000,35.5100000,32.3500000,35.0000000,827.069
29_090101_130416,D,20090902,000000,34.0000000,37.3400000,33.0500000,36.1200000,827.110
29_090101_130416,D,20090903,000000,36.4500000,38.2200000,36.1100000,36.2000000,1.120.266
29_090101_130416,D,20090904,000000,36.6000000,37.3400000,36.2300000,36.2300000,279.014
29_090101_130416,D,20090907,000000,36.2400000,37.5000000,36.2400000,36.4200000,488.424
29_090101_130416,D,20090908,000000,36.9900000,37.6000000,36.4500000,36.4500000,308.280
29_090101_130416,D,20090909,000000,36.5000000,38.7300000,36.0000000,36.5000000,749.398
29_090101_130416,D,20090910,000000,37.0700000,37.5000000,36.2900000,37.4700000,929.859
29_090101_130416,D,20090911,000000,37.6000000,37.9500000,37.1200000,37.5100000,506.789
29_090101_130416,D,20090914,000000,37.4000000,39.0000000,36.5700000,38.8800000,1.530.979
29_090101_130416,D,20090915,000000,39.0000000,39.9900000,38.7800000,38.8500000,515.571
29_090101_130416,D,20090916,000000,39.0200000,40.6800000,38.2100000,39.4000000,1.054.106
29_090101_130416,D,20090917,000000,39.7700000,40.1900000,37.7000000,38.3000000,410.479
29_090101_130416,D,20090918,000000,38.0000000,40.5000000,37.3000000,40.1800000,837.156
29_090101_130416,D,20090921,000000,40.1800000,40.8500000,38.0800000,38.2700000,660.721
29_090101_130416,D,20090922,000000,38.5900000,40.0000000,38.5100000,39.7700000,454.860
29_090101_130416,D,20090923,000000,40.0000000,41.6200000,39.7000000,40.0000000,868.213
29_090101_130416,D,20090924,000000,39.5100000,41.2000000,39.0500000,40.9000000,713.982
29_090101_130416,D,20090925,000000,41.0000000,42.8800000,40.2700000,42.4900000,572.086
29_090101_130416,D,20090928,000000,42.4900000,44.1000000,41.5200000,44.0000000,435.251
29_090101_130416,D,20090929,000000,44.0000000,44.8000000,42.9600000,44.1000000,598.845
29_090101_130416,D,20090930,000000,44.1000000,46.8800000,43.4000000,45.5000000,3.033.920
29_090101_130416,D,20091001,000000,45.8900000,46.1500000,44.9000000,44.9600000,791.333
29_090101_130416,D,20091002,000000,44.9000000,44.9000000,42.3000000,44.0100000,540.615
29_090101_130416,D,20091005,000000,44.0000000,44.2300000,42.8600000,43.4000000,189.969
29_090101_130416,D,20091006,000000,43.5700000,44.8800000,43.5000000,43.9100000,229.712
29_090101_130416,D,20091007,000000,44.5100000,44.8700000,42.6700000,43.7900000,376.794
29_090101_130416,D,20091008,000000,43.7900000,44.4000000,43.1200000,43.4500000,606.317
29_090101_130416,D,20091009,000000,43.8500000,43.8500000,43.1300000,43.3000000,256.701
29_090101_130416,D,20091012,000000,43.3500000,43.6000000,42.8000000,43.1500000,569.560
29_090101_130416,D,20091013,000000,43.2400000,43.9700000,42.5000000,43.5300000,431.671
29_090101_130416,D,20091014,000000,43.6500000,45.6900000,43.2200000,45.5500000,835.854
29_090101_130416,D,20091015,000000,45.5700000,45.7000000,43.3100000,44.6000000,826.430
29_090101_130416,D,20091016,000000,44.5900000,45.2500000,42.8500000,42.8500000,245.735
29_090101_130416,D,20091019,000000,42.8500000,44.7000000,42.6900000,44.5200000,300.471
29_090101_130416,D,20091020,000000,44.6200000,47.5500000,44.6200000,46.4000000,1.156.791
29_090101_130416,D,20091021,000000,45.9900000,46.2600000,44.6100000,46.1000000,170.408
29_090101_130416,D,20091022,000000,46.0000000,46.0000000,45.0000000,45.3500000,68.308
29_090101_130416,D,20091023,000000,45.4400000,45.9900000,45.1000000,45.2000000,66.126
29_090101_130416,D,20091026,000000,45.1500000,45.5100000,44.5000000,44.6500000,175.459
29_090101_130416,D,20091027,000000,44.5000000,44.5000000,42.6800000,43.0000000,308.633
29_090101_130416,D,20091028,000000,43.0300000,44.5500000,40.9100000,42.2900000,520.391
29_090101_130416,D,20091029,000000,40.1800000,42.4200000,39.7100000,42.4000000,533.725
29_090101_130416,D,20091030,000000,42.3000000,42.4000000,39.8400000,39.8800000,289.440
29_090101_130416,D,20091102,000000,39.8000000,40.6700000,38.7100000,40.6700000,194.525
29_090101_130416,D,20091103,000000,40.6700000,40.6700000,38.9200000,39.3500000,196.177
29_090101_130416,D,20091105,000000,39.3700000,40.4900000,38.9000000,40.2000000,175.602
29_090101_130416,D,20091106,000000,40.6000000,41.9800000,40.1000000,40.8900000,226.156
29_090101_130416,D,20091109,000000,40.9200000,42.2000000,40.9000000,42.0000000,235.097
29_090101_130416,D,20091110,000000,42.2900000,42.3000000,41.6200000,42.1700000,188.366
29_090101_130416,D,20091111,000000,42.3000000,44.0000000,41.7800000,42.9000000,221.334
29_090101_130416,D,20091112,000000,42.8000000,42.8000000,41.4100000,41.8000000,170.631
29_090101_130416,D,20091113,000000,41.6700000,43.8700000,40.8100000,42.9700000,276.199
29_090101_130416,D,20091116,000000,43.4600000,45.2000000,42.7100000,45.0200000,418.008
29_090101_130416,D,20091117,000000,44.9800000,44.9800000,44.0000000,44.1500000,220.905
29_090101_130416,D,20091118,000000,44.5900000,45.5200000,44.4400000,45.5200000,318.995
29_090101_130416,D,20091119,000000,45.5000000,46.8500000,45.0100000,46.5000000,749.772
29_090101_130416,D,20091120,000000,46.3300000,47.0000000,44.8000000,46.0100000,631.462
29_090101_130416,D,20091123,000000,46.1600000,46.8800000,45.0200000,46.5000000,496.850
29_090101_130416,D,20091124,000000,46.4900000,46.4900000,44.8200000,46.2000000,784.541
29_090101_130416,D,20091125,000000,46.2500000,46.2500000,45.2600000,45.7400000,149.880
29_090101_130416,D,20091126,000000,45.8000000,46.2500000,43.3000000,43.7000000,186.018
29_090101_130416,D,20091127,000000,42.5200000,44.1100000,40.5100000,43.9500000,912.915
29_090101_130416,D,20091130,000000,44.3000000,44.9000000,43.3600000,43.7000000,111.771
29_090101_130416,D,20091201,000000,44.2600000,45.2400000,44.2500000,45.1300000,145.441
29_090101_130416,D,20091202,000000,45.3000000,46.1000000,44.5600000,45.0000000,106.106
29_090101_130416,D,20091203,000000,45.1900000,45.9400000,43.8300000,44.0000000,84.397
29_090101_130416,D,20091204,000000,44.5000000,44.9400000,43.4000000,44.6400000,153.035
29_090101_130416,D,20091207,000000,44.6400000,45.1900000,43.4100000,44.1000000,157.884
29_090101_130416,D,20091208,000000,44.0900000,44.5000000,43.2300000,43.3900000,89.277
29_090101_130416,D,20091209,000000,43.8800000,44.8000000,43.2100000,44.3000000,87.335
29_090101_130416,D,20091210,000000,44.0000000,44.8000000,43.4000000,44.0500000,136.367
29_090101_130416,D,20091211,000000,44.4800000,45.7800000,44.2100000,45.1600000,325.553
29_090101_130416,D,20091214,000000,45.3200000,47.1800000,45.1800000,47.0000000,1.864.304
29_090101_130416,D,20091215,000000,47.0000000,48.0800000,46.8000000,47.7200000,4.658.627
29_090101_130416,D,20091216,000000,47.7400000,48.7900000,47.3000000,47.7900000,787.460
29_090101_130416,D,20091217,000000,47.7900000,48.0400000,46.1000000,46.1000000,630.084
29_090101_130416,D,20091218,000000,46.5000000,48.0000000,46.2500000,47.0900000,319.379
29_090101_130416,D,20091221,000000,47.3000000,47.6000000,46.6400000,47.0000000,252.018
29_090101_130416,D,20091222,000000,47.0000000,48.0000000,46.5700000,48.0000000,854.217
29_090101_130416,D,20091223,000000,48.3500000,53.8900000,48.0200000,52.1500000,2.473.518
29_090101_130416,D,20091224,000000,52.9400000,54.2500000,49.6100000,50.1600000,2.416.374
29_090101_130416,D,20091225,000000,50.0100000,50.2700000,48.4000000,49.4800000,516.240
29_090101_130416,D,20091228,000000,49.4900000,53.1900000,48.9000000,50.0300000,711.628
29_090101_130416,D,20091229,000000,50.0100000,52.4300000,49.8300000,51.5400000,321.073
29_090101_130416,D,20091230,000000,51.5300000,53.3000000,51.0600000,53.1400000,483.607
29_090101_130416,D,20091231,000000,53.0400000,53.4600000,52.5000000,52.5000000,64.854
29_090101_130416,D,20100111,000000,54.6700000,55.4900000,53.4700000,54.2600000,966.967
29_090101_130416,D,20100112,000000,54.3200000,55.8000000,53.7300000,54.2500000,952.925
29_090101_130416,D,20100113,000000,54.2000000,54.4500000,53.0100000,53.5000000,572.589
29_090101_130416,D,20100114,000000,54.0000000,55.2700000,54.0000000,54.6000000,1.159.731
29_090101_130416,D,20100115,000000,54.5000000,55.1000000,54.4500000,54.6500000,1.140.934
29_090101_130416,D,20100118,000000,54.5600000,54.6500000,54.1000000,54.5000000,365.139
29_090101_130416,D,20100119,000000,54.5000000,56.8000000,54.1100000,54.8700000,1.330.019
29_090101_130416,D,20100120,000000,54.8700000,55.3000000,54.5000000,54.9900000,326.871
29_090101_130416,D,20100121,000000,55.0000000,55.4800000,54.3000000,54.9000000,430.106
29_090101_130416,D,20100122,000000,54.3000000,54.6500000,52.0000000,52.1400000,655.026
29_090101_130416,D,20100125,000000,51.9000000,53.5000000,47.6000000,52.4800000,762.358
29_090101_130416,D,20100126,000000,52.2500000,52.9300000,50.5000000,52.5400000,532.537
29_090101_130416,D,20100127,000000,52.8000000,54.4000000,52.6500000,53.8000000,585.647
29_090101_130416,D,20100128,000000,54.0000000,55.0000000,53.8000000,54.6500000,464.132
29_090101_130416,D,20100129,000000,54.2000000,56.4900000,54.2000000,56.4800000,478.138
29_090101_130416,D,20100201,000000,56.1000000,56.5100000,55.5000000,56.5100000,444.368
29_090101_130416,D,20100202,000000,56.5700000,57.8000000,56.4500000,57.0100000,1.102.043
29_090101_130416,D,20100203,000000,58.0000000,58.2100000,56.0000000,56.3500000,1.223.639
29_090101_130416,D,20100204,000000,56.0000000,56.5000000,54.0000000,54.3800000,732.234
29_090101_130416,D,20100205,000000,52.1000000,53.3800000,51.2600000,52.5100000,1.081.419
29_090101_130416,D,20100208,000000,52.2000000,53.4900000,50.6200000,51.1900000,391.736
29_090101_130416,D,20100209,000000,51.3900000,52.4000000,50.6000000,52.3000000,320.855
29_090101_130416,D,20100210,000000,52.9000000,52.9000000,50.8000000,51.0000000,344.500
29_090101_130416,D,20100211,000000,51.4000000,52.7000000,51.3200000,51.5400000,286.662
29_090101_130416,D,20100212,000000,52.0000000,53.1000000,50.1500000,50.3800000,433.658
29_090101_130416,D,20100215,000000,50.3700000,51.5000000,50.0000000,51.0300000,156.694
29_090101_130416,D,20100216,000000,51.0500000,54.2500000,50.8500000,54.0100000,479.955
29_090101_130416,D,20100217,000000,54.7000000,56.8100000,54.7000000,56.5900000,1.064.582
29_090101_130416,D,20100218,000000,56.3400000,57.7000000,54.5700000,55.7000000,615.961
29_090101_130416,D,20100219,000000,54.8000000,55.6900000,53.5000000,55.0000000,332.828
29_090101_130416,D,20100224,000000,54.7700000,56.2000000,54.5000000,55.7500000,372.991
29_090101_130416,D,20100225,000000,55.7000000,55.8000000,53.9900000,54.7700000,131.289
29_090101_130416,D,20100226,000000,54.9000000,57.0600000,54.0000000,55.4000000,1.668.571
29_090101_130416,D,20100227,000000,55.3000000,56.0000000,54.8000000,55.5000000,677.235
29_090101_130416,D,20100301,000000,55.7000000,56.4400000,55.0100000,55.2500000,288.687
29_090101_130416,D,20100302,000000,55.3000000,55.7500000,54.8500000,54.8500000,309.745
29_090101_130416,D,20100303,000000,55.1500000,55.5000000,54.3000000,55.1000000,862.301
29_090101_130416,D,20100304,000000,55.0000000,55.0000000,54.0600000,54.8000000,768.297
29_090101_130416,D,20100305,000000,54.8600000,55.3500000,54.8000000,55.0500000,485.527
29_090101_130416,D,20100309,000000,55.0500000,55.6600000,53.5800000,54.4700000,1.773.534
29_090101_130416,D,20100310,000000,54.4700000,54.8800000,53.8300000,54.3600000,735.726
29_090101_130416,D,20100311,000000,54.3200000,54.6000000,53.9800000,54.2500000,750.199
29_090101_130416,D,20100312,000000,54.4300000,56.1200000,54.0600000,55.5500000,2.203.361
29_090101_130416,D,20100315,000000,55.5500000,55.6500000,54.7600000,55.1900000,291.763
29_090101_130416,D,20100316,000000,55.2600000,56.7500000,55.1900000,56.3400000,691.026
29_090101_130416,D,20100317,000000,56.4900000,57.2400000,56.4000000,57.1500000,1.891.558
29_090101_130416,D,20100318,000000,57.1200000,60.4000000,57.0000000,59.6200000,4.489.025
29_090101_130416,D,20100319,000000,60.6000000,61.2000000,59.3000000,60.3000000,1.869.462
29_090101_130416,D,20100322,000000,59.8900000,60.3000000,58.1100000,59.9100000,1.875.819
29_090101_130416,D,20100323,000000,60.1400000,61.3600000,60.0600000,61.3400000,2.427.043
29_090101_130416,D,20100324,000000,61.3400000,61.3900000,60.0100000,61.3000000,3.200.560
29_090101_130416,D,20100325,000000,61.0100000,61.9800000,60.0200000,61.9000000,969.362
29_090101_130416,D,20100326,000000,61.8900000,64.9000000,61.8200000,63.9900000,3.194.321
29_090101_130416,D,20100329,000000,63.9300000,64.9800000,63.1500000,64.4000000,1.536.041
29_090101_130416,D,20100330,000000,64.8000000,65.7000000,64.0100000,65.7000000,1.362.860
29_090101_130416,D,20100331,000000,65.4800000,68.5300000,65.0100000,68.0100000,2.762.899
29_090101_130416,D,20100401,000000,68.4000000,68.9800000,66.5100000,67.9900000,1.104.148
29_090101_130416,D,20100402,000000,68.4600000,69.0000000,68.0000000,68.8500000,536.063
29_090101_130416,D,20100405,000000,69.0000000,70.2000000,67.9400000,68.3500000,2.067.801
29_090101_130416,D,20100406,000000,68.4000000,70.5000000,67.4000000,70.1300000,1.524.550
29_090101_130416,D,20100407,000000,70.3900000,70.8000000,68.6000000,68.9300000,888.375
29_090101_130416,D,20100408,000000,68.8900000,68.8900000,66.3100000,66.7000000,1.187.747
29_090101_130416,D,20100409,000000,67.3500000,68.0000000,67.0000000,67.6700000,1.209.211
29_090101_130416,D,20100412,000000,67.8000000,68.4000000,65.4600000,66.3000000,685.217
29_090101_130416,D,20100413,000000,66.1000000,67.0000000,65.4000000,66.4000000,342.054
29_090101_130416,D,20100414,000000,66.5100000,68.1000000,66.4100000,66.7000000,894.795
29_090101_130416,D,20100415,000000,67.5000000,67.5000000,64.6000000,65.3000000,677.180
29_090101_130416,D,20100416,000000,65.2700000,66.2000000,64.5000000,65.0000000,755.400
29_090101_130416,D,20100419,000000,63.2000000,63.5000000,61.1800000,62.2000000,1.912.078
29_090101_130416,D,20100420,000000,62.3000000,65.0000000,62.3000000,64.0000000,2.212.142
29_090101_130416,D,20100421,000000,64.6100000,65.7000000,63.0100000,63.0500000,776.422
29_090101_130416,D,20100422,000000,63.0400000,63.9800000,60.9900000,62.7000000,890.706
29_090101_130416,D,20100423,000000,62.6600000,63.1900000,61.3600000,62.9900000,557.929
29_090101_130416,D,20100426,000000,63.7000000,64.8800000,63.1100000,64.0000000,1.353.857
29_090101_130416,D,20100427,000000,64.0000000,64.0000000,61.8100000,62.7000000,1.090.757
29_090101_130416,D,20100428,000000,60.7000000,61.8900000,58.5800000,61.0500000,1.066.265
29_090101_130416,D,20100429,000000,61.4700000,63.5000000,61.2000000,63.0000000,878.594
29_090101_130416,D,20100430,000000,63.0100000,63.7900000,62.0000000,62.1700000,857.488
29_090101_130416,D,20100504,000000,62.6600000,63.1300000,59.8000000,59.8100000,312.542
29_090101_130416,D,20100505,000000,59.4000000,60.2500000,57.0000000,58.1000000,819.250
29_090101_130416,D,20100506,000000,58.0800000,58.4900000,56.8000000,58.3200000,1.868.478
29_090101_130416,D,20100507,000000,57.1900000,57.5000000,54.0400000,54.3700000,1.573.683
29_090101_130416,D,20100511,000000,56.7500000,57.9700000,55.0900000,55.8000000,446.007
29_090101_130416,D,20100512,000000,55.5600000,59.7300000,55.4000000,59.7000000,916.901
29_090101_130416,D,20100513,000000,59.8300000,62.8000000,59.5000000,60.2000000,827.320
29_090101_130416,D,20100514,000000,59.8000000,60.4000000,57.4100000,58.7000000,1.390.598
29_090101_130416,D,20100517,000000,57.0000000,59.8000000,55.5100000,59.0000000,343.363
29_090101_130416,D,20100518,000000,59.1000000,60.4000000,58.5000000,59.9000000,729.909
29_090101_130416,D,20100519,000000,59.5100000,59.5100000,57.1200000,58.3000000,662.937
29_090101_130416,D,20100520,000000,58.2100000,59.4700000,57.0800000,57.1100000,656.046
29_090101_130416,D,20100521,000000,57.0000000,57.8900000,54.5600000,56.4500000,785.524
29_090101_130416,D,20100524,000000,57.0100000,57.1300000,54.9900000,56.0800000,743.733
29_090101_130416,D,20100525,000000,54.4500000,54.8900000,53.0100000,53.0600000,376.986
29_090101_130416,D,20100526,000000,54.5000000,56.8000000,53.7000000,56.7000000,458.234
29_090101_130416,D,20100527,000000,56.5000000,58.7800000,56.2000000,56.7700000,513.855
29_090101_130416,D,20100528,000000,57.5000000,57.9900000,56.0300000,56.1700000,306.608
29_090101_130416,D,20100531,000000,56.0300000,57.4000000,55.8600000,57.1000000,125.741
29_090101_130416,D,20100601,000000,56.9900000,57.4500000,55.1600000,57.4000000,391.668
29_090101_130416,D,20100602,000000,56.6000000,61.7100000,56.1200000,60.4500000,834.980
29_090101_130416,D,20100603,000000,61.7000000,63.4000000,61.2800000,61.5100000,965.139
29_090101_130416,D,20100604,000000,62.0000000,62.1100000,59.0900000,60.2000000,436.384
29_090101_130416,D,20100607,000000,58.9500000,59.9000000,57.0000000,58.7200000,356.981
29_090101_130416,D,20100608,000000,59.1200000,59.7600000,57.3000000,58.5000000,735.991
29_090101_130416,D,20100609,000000,58.8700000,59.4800000,58.4000000,58.7700000,182.619
29_090101_130416,D,20100610,000000,59.0700000,61.3000000,58.1500000,59.0000000,320.382
29_090101_130416,D,20100611,000000,60.4000000,60.4000000,58.9900000,59.1600000,278.923
29_090101_130416,D,20100615,000000,59.7500000,61.7000000,58.7000000,61.3900000,764.563
29_090101_130416,D,20100616,000000,61.8900000,62.9000000,60.5100000,60.9300000,302.244
29_090101_130416,D,20100617,000000,60.9200000,62.8900000,60.1100000,61.8000000,554.047
29_090101_130416,D,20100618,000000,62.1200000,62.8800000,61.9000000,62.4000000,230.805
29_090101_130416,D,20100621,000000,63.3200000,64.0000000,62.7300000,63.4900000,732.141
29_090101_130416,D,20100622,000000,63.4900000,63.4900000,61.7000000,62.3000000,249.669
29_090101_130416,D,20100623,000000,61.8000000,62.2600000,60.2000000,60.5100000,1.226.426
29_090101_130416,D,20100624,000000,60.9000000,61.7900000,60.0000000,60.7800000,206.555
29_090101_130416,D,20100625,000000,60.7800000,60.8000000,59.3100000,59.6900000,419.333
29_090101_130416,D,20100628,000000,59.5000000,59.8000000,58.5600000,59.5000000,157.139
29_090101_130416,D,20100629,000000,59.4000000,59.8000000,55.7500000,56.0300000,828.376
29_090101_130416,D,20100630,000000,56.0300000,57.7000000,56.0000000,57.3400000,443.039
29_090101_130416,D,20100701,000000,57.1200000,57.1200000,54.3000000,54.7700000,409.550
29_090101_130416,D,20100702,000000,55.2100000,56.0700000,54.8000000,55.6900000,167.400
29_090101_130416,D,20100705,000000,55.2100000,57.4500000,55.2000000,57.0500000,115.275
29_090101_130416,D,20100706,000000,57.3400000,58.9000000,57.2000000,58.8000000,143.452
29_090101_130416,D,20100707,000000,58.2000000,59.5500000,57.2800000,59.0200000,291.852
29_090101_130416,D,20100708,000000,59.5800000,61.0000000,59.5000000,59.7700000,369.374
29_090101_130416,D,20100709,000000,59.8100000,62.5400000,59.8100000,61.2200000,941.614
29_090101_130416,D,20100712,000000,61.6100000,62.9000000,60.9900000,61.5200000,935.413
29_090101_130416,D,20100713,000000,61.4200000,62.2500000,60.6400000,62.1500000,583.371
29_090101_130416,D,20100714,000000,62.6200000,62.7500000,61.8500000,62.4300000,408.151
29_090101_130416,D,20100715,000000,62.2900000,63.1400000,61.4900000,62.2300000,323.393
29_090101_130416,D,20100716,000000,62.2900000,62.9800000,62.1000000,62.3900000,265.827
29_090101_130416,D,20100719,000000,62.3900000,62.6200000,62.1000000,62.2700000,196.595
29_090101_130416,D,20100720,000000,62.4200000,63.0000000,61.7900000,61.7900000,488.264
29_090101_130416,D,20100721,000000,62.1400000,62.3500000,61.5700000,61.8500000,344.788
29_090101_130416,D,20100722,000000,61.7000000,62.1000000,60.9200000,61.4000000,619.697
29_090101_130416,D,20100723,000000,61.3000000,62.2300000,61.3000000,61.7500000,915.256
29_090101_130416,D,20100726,000000,61.7700000,61.9000000,61.2200000,61.4800000,118.230
29_090101_130416,D,20100727,000000,61.4900000,61.5900000,60.6500000,60.7500000,1.041.680
29_090101_130416,D,20100728,000000,61.0000000,61.2300000,59.5200000,59.9000000,826.290
29_090101_130416,D,20100729,000000,60.4000000,60.8000000,59.1500000,60.4400000,941.151
29_090101_130416,D,20100730,000000,60.0800000,60.6800000,59.9200000,60.6800000,700.933
29_090101_130416,D,20100802,000000,60.7000000,61.7000000,60.7000000,61.4500000,1.187.963
29_090101_130416,D,20100803,000000,61.8000000,64.2700000,61.2400000,63.5000000,2.046.677
29_090101_130416,D,20100804,000000,63.1100000,64.0000000,62.3800000,63.1500000,784.871
29_090101_130416,D,20100805,000000,63.0200000,63.7500000,62.1100000,63.0000000,435.075
29_090101_130416,D,20100806,000000,63.2500000,63.7000000,62.4700000,62.4700000,677.429
29_090101_130416,D,20100809,000000,62.7600000,63.4000000,62.5000000,62.6500000,356.622
29_090101_130416,D,20100810,000000,62.6500000,62.7300000,61.2400000,62.0000000,440.162
29_090101_130416,D,20100811,000000,61.5600000,61.8000000,59.6100000,60.0000000,310.692
29_090101_130416,D,20100812,000000,60.1000000,61.0000000,59.0900000,59.5000000,709.113
29_090101_130416,D,20100813,000000,59.8900000,60.5000000,59.6900000,60.5000000,398.244
29_090101_130416,D,20100816,000000,60.3500000,60.4000000,59.6500000,60.2700000,460.819
29_090101_130416,D,20100817,000000,60.2900000,61.3500000,59.9500000,61.3500000,448.105
29_090101_130416,D,20100818,000000,61.0200000,61.3500000,60.2600000,61.0000000,177.467
29_090101_130416,D,20100819,000000,61.2400000,61.8000000,60.8100000,60.9800000,306.465
29_090101_130416,D,20100820,000000,60.9800000,61.0000000,59.7100000,60.4700000,600.969
29_090101_130416,D,20100823,000000,60.3200000,60.7600000,60.0100000,60.4000000,157.138
29_090101_130416,D,20100824,000000,60.6900000,60.6900000,59.2900000,59.4700000,448.269
29_090101_130416,D,20100825,000000,59.6600000,59.9900000,57.5100000,58.2100000,270.424
29_090101_130416,D,20100826,000000,58.8100000,59.6600000,58.5000000,59.1700000,384.753
29_090101_130416,D,20100827,000000,59.0400000,61.4400000,58.6000000,61.3800000,901.877
29_090101_130416,D,20100830,000000,61.8800000,61.8900000,60.2200000,61.0000000,730.516
29_090101_130416,D,20100831,000000,59.9900000,61.2300000,59.3900000,61.1000000,364.736
29_090101_130416,D,20100901,000000,60.8100000,63.2000000,60.7700000,63.2000000,695.315
29_090101_130416,D,20100902,000000,62.0000000,63.4000000,61.7500000,62.7500000,431.645
29_090101_130416,D,20100903,000000,62.9600000,63.4000000,62.7000000,63.0000000,373.724
29_090101_130416,D,20100906,000000,62.9800000,63.4700000,62.2700000,63.0000000,297.213
29_090101_130416,D,20100907,000000,62.6200000,63.0100000,62.1000000,62.7000000,252.829
29_090101_130416,D,20100908,000000,62.0600000,63.5000000,61.2200000,63.3500000,255.258
29_090101_130416,D,20100909,000000,63.1700000,63.8400000,62.6700000,63.5000000,1.253.227
29_090101_130416,D,20100910,000000,63.1700000,63.8000000,63.0100000,63.6200000,292.639
29_090101_130416,D,20100913,000000,63.8000000,64.5100000,63.5100000,63.7500000,828.337
29_090101_130416,D,20100914,000000,63.9000000,67.9900000,63.7700000,65.8200000,2.921.388
29_090101_130416,D,20100915,000000,65.5000000,66.8000000,64.5000000,66.4300000,1.795.771
29_090101_130416,D,20100916,000000,66.0900000,67.3000000,66.0300000,66.8000000,703.552
29_090101_130416,D,20100917,000000,66.9000000,70.0000000,65.1200000,67.9900000,2.488.113
29_090101_130416,D,20100920,000000,67.5100000,67.9700000,66.0000000,66.1500000,287.735
29_090101_130416,D,20100921,000000,66.0000000,66.8000000,65.5400000,65.6000000,502.790
29_090101_130416,D,20100922,000000,65.5100000,66.2000000,64.0000000,65.1000000,2.054.041
29_090101_130416,D,20100923,000000,64.5600000,65.2000000,64.2900000,64.6500000,497.573
29_090101_130416,D,20100924,000000,64.5400000,66.0000000,64.0400000,65.9200000,674.126
29_090101_130416,D,20100927,000000,66.6000000,66.7900000,65.0600000,65.3000000,422.102
29_090101_130416,D,20100928,000000,65.0600000,65.3500000,64.5100000,65.0000000,394.712
29_090101_130416,D,20100929,000000,65.4100000,65.5000000,65.0200000,65.2300000,183.018
29_090101_130416,D,20100930,000000,65.3800000,66.6300000,65.1700000,66.6300000,686.151
29_090101_130416,D,20101001,000000,66.0900000,67.0000000,65.0600000,66.9700000,1.230.288
29_090101_130416,D,20101004,000000,67.1900000,67.2900000,66.2000000,67.1000000,1.183.409
29_090101_130416,D,20101005,000000,67.2000000,67.6500000,65.0000000,65.4800000,1.635.274
29_090101_130416,D,20101006,000000,65.9300000,65.9800000,65.2000000,65.5000000,611.846
29_090101_130416,D,20101007,000000,65.4000000,66.2000000,65.1000000,65.5000000,688.596
29_090101_130416,D,20101008,000000,65.5000000,66.1000000,64.8000000,66.0000000,400.577
29_090101_130416,D,20101011,000000,66.0900000,66.7500000,65.7700000,66.5700000,787.886
29_090101_130416,D,20101012,000000,66.2000000,66.7000000,65.7100000,66.4500000,566.602
29_090101_130416,D,20101013,000000,66.4600000,69.5000000,66.4600000,69.5000000,1.881.739
29_090101_130416,D,20101014,000000,69.6100000,69.9800000,68.0500000,68.7200000,740.691
29_090101_130416,D,20101015,000000,69.1700000,71.7100000,68.5100000,69.9800000,1.816.179
29_090101_130416,D,20101018,000000,69.9800000,71.0000000,68.6800000,70.8600000,530.492
29_090101_130416,D,20101019,000000,70.9800000,74.9200000,70.7500000,74.6000000,3.079.090
29_090101_130416,D,20101020,000000,74.5000000,75.4000000,73.3200000,74.8100000,2.177.648
29_090101_130416,D,20101021,000000,75.2900000,75.4000000,73.1100000,74.7600000,944.897
29_090101_130416,D,20101022,000000,74.8600000,75.3500000,73.6800000,74.3000000,742.536
29_090101_130416,D,20101025,000000,74.5800000,74.9900000,73.8000000,73.9900000,441.121
29_090101_130416,D,20101026,000000,73.9900000,74.1000000,71.8200000,73.4000000,809.817
29_090101_130416,D,20101027,000000,73.3500000,74.5000000,72.4300000,73.4500000,1.578.093
29_090101_130416,D,20101028,000000,73.5700000,74.1700000,73.1000000,73.2400000,619.645
29_090101_130416,D,20101029,000000,73.1200000,76.8000000,73.1200000,76.8000000,1.207.413
29_090101_130416,D,20101101,000000,76.7900000,77.5000000,75.5400000,76.8000000,796.238
29_090101_130416,D,20101102,000000,76.0600000,76.8000000,75.5000000,76.2500000,537.568
29_090101_130416,D,20101103,000000,76.1500000,77.0000000,75.8200000,76.7600000,551.396
29_090101_130416,D,20101108,000000,77.0000000,77.9900000,76.8000000,77.2300000,503.921
29_090101_130416,D,20101109,000000,77.4800000,78.1800000,76.4800000,77.0000000,1.024.144
29_090101_130416,D,20101110,000000,77.4500000,77.5000000,74.9800000,75.6600000,621.346
29_090101_130416,D,20101111,000000,75.6500000,76.2000000,74.8000000,75.8000000,436.472
29_090101_130416,D,20101112,000000,75.2700000,75.7000000,74.2500000,74.6800000,554.601
29_090101_130416,D,20101113,000000,74.5000000,75.4100000,74.0200000,75.2000000,367.753
29_090101_130416,D,20101115,000000,75.2000000,75.9500000,75.0000000,75.4600000,1.145.646
29_090101_130416,D,20101116,000000,75.4600000,75.4800000,74.5900000,75.1700000,265.956
29_090101_130416,D,20101117,000000,75.0000000,75.4900000,74.4000000,75.1900000,4.067.399
29_090101_130416,D,20101118,000000,75.3200000,79.0000000,75.0500000,78.8000000,1.776.907
29_090101_130416,D,20101119,000000,78.5600000,79.7900000,75.0700000,79.1000000,634.364
29_090101_130416,D,20101122,000000,79.3500000,79.9800000,79.2500000,79.3000000,1.323.527
29_090101_130416,D,20101123,000000,78.5100000,79.1600000,78.0000000,78.4000000,1.168.627
29_090101_130416,D,20101124,000000,78.4000000,79.8700000,78.2800000,79.6000000,717.857
29_090101_130416,D,20101125,000000,79.5000000,81.4500000,79.4900000,81.3000000,754.727
29_090101_130416,D,20101126,000000,80.9400000,82.9000000,80.8000000,81.5000000,972.044
29_090101_130416,D,20101129,000000,82.0000000,82.0000000,79.7900000,80.3000000,736.922
29_090101_130416,D,20101130,000000,80.4100000,80.9900000,78.9200000,80.0000000,688.777
29_090101_130416,D,20101201,000000,80.0900000,80.1000000,79.0000000,79.2000000,695.388
29_090101_130416,D,20101202,000000,79.4900000,80.6800000,79.4000000,80.6800000,818.044
29_090101_130416,D,20101203,000000,80.3000000,83.5000000,79.8700000,82.3900000,982.301
29_090101_130416,D,20101206,000000,82.4600000,85.0000000,82.0100000,83.9000000,549.874
29_090101_130416,D,20101207,000000,84.1100000,87.5000000,83.7000000,84.0000000,1.407.972
29_090101_130416,D,20101208,000000,83.9900000,85.4000000,83.1200000,83.7000000,460.906
29_090101_130416,D,20101209,000000,84.0000000,84.3000000,83.0600000,83.9900000,380.262
29_090101_130416,D,20101210,000000,82.0000000,82.0000000,79.1000000,80.7000000,3.492.356
29_090101_130416,D,20101213,000000,81.0400000,82.8200000,80.7100000,82.1000000,844.179
29_090101_130416,D,20101214,000000,82.1900000,82.3000000,81.1200000,82.0800000,569.234
29_090101_130416,D,20101215,000000,81.7300000,82.0000000,80.5000000,81.3500000,419.009
29_090101_130416,D,20101216,000000,81.0000000,81.7500000,80.5000000,80.7100000,804.706
29_090101_130416,D,20101217,000000,81.0300000,81.9000000,80.5000000,80.7500000,734.310
29_090101_130416,D,20101220,000000,81.0000000,81.5000000,80.4500000,80.5700000,404.076
29_090101_130416,D,20101221,000000,81.0300000,81.5000000,79.6000000,80.3800000,534.462
29_090101_130416,D,20101222,000000,80.5000000,80.9000000,80.0000000,80.2900000,734.031
29_090101_130416,D,20101223,000000,80.3000000,82.2500000,79.6400000,80.8000000,1.251.462
29_090101_130416,D,20101224,000000,81.0000000,81.4300000,79.6600000,80.1500000,644.348
29_090101_130416,D,20101227,000000,79.9500000,79.9800000,74.6300000,79.4700000,371.322
29_090101_130416,D,20101228,000000,79.7900000,79.7900000,78.2500000,78.3000000,377.501
29_090101_130416,D,20101229,000000,78.8000000,78.8600000,77.2500000,77.4000000,394.553
29_090101_130416,D,20101230,000000,77.7700000,80.0000000,76.8300000,79.9900000,1.785.695
29_090101_130416,D,20110111,000000,79.5000000,81.6000000,78.3700000,81.5100000,1.308.109
29_090101_130416,D,20110112,000000,81.5100000,82.5200000,80.6700000,81.5500000,581.875
29_090101_130416,D,20110113,000000,81.8800000,82.3800000,81.0200000,81.4500000,663.053
29_090101_130416,D,20110114,000000,81.0000000,81.9800000,79.6000000,81.7900000,658.122
29_090101_130416,D,20110117,000000,81.8000000,82.1100000,80.8200000,81.0000000,652.279
29_090101_130416,D,20110118,000000,81.0000000,81.2400000,80.0000000,80.1900000,786.049
29_090101_130416,D,20110119,000000,80.2600000,80.8200000,79.3700000,79.9800000,859.496
29_090101_130416,D,20110120,000000,79.7900000,82.2400000,78.6500000,78.8200000,1.514.218
29_090101_130416,D,20110121,000000,78.8200000,79.9000000,78.5000000,79.5000000,685.192
29_090101_130416,D,20110124,000000,79.6100000,80.2500000,75.2500000,78.0300000,2.661.744
29_090101_130416,D,20110125,000000,78.1700000,79.4400000,77.2000000,79.0000000,509.886
29_090101_130416,D,20110126,000000,78.9900000,80.2500000,78.5100000,78.5200000,366.254
29_090101_130416,D,20110127,000000,78.8600000,79.5000000,77.5900000,77.8000000,731.577
29_090101_130416,D,20110128,000000,77.8800000,78.1000000,76.2300000,76.6000000,341.749
29_090101_130416,D,20110131,000000,76.2300000,77.8200000,74.6300000,77.7000000,1.929.022
29_090101_130416,D,20110201,000000,77.6400000,77.9900000,76.2000000,77.8000000,1.142.203
29_090101_130416,D,20110202,000000,77.8000000,78.4000000,76.9900000,77.2000000,710.348
29_090101_130416,D,20110203,000000,77.1900000,78.4100000,76.6700000,77.5000000,441.497
29_090101_130416,D,20110204,000000,77.9800000,78.3000000,77.5100000,78.0000000,557.995
29_090101_130416,D,20110207,000000,77.9900000,78.7700000,77.5000000,78.4500000,407.028
29_090101_130416,D,20110208,000000,78.2200000,78.7900000,77.2000000,77.5000000,351.373
29_090101_130416,D,20110209,000000,77.5400000,77.6000000,76.4700000,76.5900000,246.317
29_090101_130416,D,20110210,000000,76.5900000,76.5900000,74.2200000,74.7200000,661.421
29_090101_130416,D,20110211,000000,74.6800000,75.7900000,73.2500000,73.8000000,972.956
29_090101_130416,D,20110214,000000,74.1000000,75.2000000,72.7200000,72.9500000,726.121
29_090101_130416,D,20110215,000000,72.9600000,74.0000000,72.2000000,72.9200000,577.783
29_090101_130416,D,20110216,000000,73.0900000,73.0900000,72.0500000,72.4000000,438.404
29_090101_130416,D,20110217,000000,72.4200000,74.0000000,72.4200000,73.3300000,1.181.310
29_090101_130416,D,20110218,000000,73.7700000,73.7700000,72.3000000,72.7000000,507.483
29_090101_130416,D,20110221,000000,72.2000000,73.0000000,72.2000000,72.2900000,350.739
29_090101_130416,D,20110222,000000,71.9500000,71.9500000,69.7300000,70.3000000,1.203.229
29_090101_130416,D,20110224,000000,69.9500000,70.5800000,66.7800000,70.0000000,2.466.626
29_090101_130416,D,20110225,000000,70.0000000,71.5800000,68.6200000,71.2500000,2.771.097
29_090101_130416,D,20110228,000000,72.1200000,73.5000000,70.8900000,73.1800000,894.822
29_090101_130416,D,20110301,000000,73.3000000,74.8800000,72.9900000,74.4000000,1.422.700
29_090101_130416,D,20110302,000000,73.9400000,75.6100000,72.1300000,74.6000000,3.552.000
29_090101_130416,D,20110303,000000,74.5000000,75.5900000,73.5700000,73.7100000,911.100
29_090101_130416,D,20110304,000000,73.7100000,76.6000000,73.7100000,74.1500000,3.198.900
29_090101_130416,D,20110305,000000,74.1000000,75.0000000,74.1000000,74.6200000,160.400
29_090101_130416,D,20110309,000000,74.6200000,75.1000000,73.8000000,74.1100000,553.600
29_090101_130416,D,20110310,000000,73.5700000,74.1000000,72.9000000,73.7000000,1.525.900
29_090101_130416,D,20110311,000000,73.0200000,74.7800000,72.5000000,74.1300000,4.202.500
29_090101_130416,D,20110314,000000,74.1400000,76.1000000,73.4800000,75.0000000,3.104.500
29_090101_130416,D,20110315,000000,73.7000000,76.5900000,71.3700000,76.5900000,5.455.300
29_090101_130416,D,20110316,000000,76.7400000,78.6000000,75.0700000,78.4900000,4.195.300
29_090101_130416,D,20110317,000000,77.1100000,78.0000000,76.0000000,76.4800000,724.700
29_090101_130416,D,20110318,000000,76.5000000,76.7000000,74.1100000,74.8000000,499.700
29_090101_130416,D,20110321,000000,75.5500000,75.5500000,73.0000000,74.2100000,900.900
29_090101_130416,D,20110322,000000,74.3200000,74.4800000,73.1100000,73.2600000,437.400
29_090101_130416,D,20110323,000000,73.2600000,74.6500000,72.6300000,74.5000000,4.500.500
29_090101_130416,D,20110324,000000,74.5000000,74.9900000,72.9900000,73.6900000,1.235.800
29_090101_130416,D,20110325,000000,73.7100000,73.8600000,73.0000000,73.3000000,2.091.600
29_090101_130416,D,20110328,000000,73.4400000,74.1900000,73.0300000,73.4000000,825.600
29_090101_130416,D,20110329,000000,73.6000000,73.8900000,72.0000000,72.2000000,869.500
29_090101_130416,D,20110330,000000,72.5000000,73.0000000,72.0300000,72.1000000,1.490.400
29_090101_130416,D,20110331,000000,72.3300000,74.2000000,72.2600000,73.1600000,3.374.100
29_090101_130416,D,20110401,000000,73.5000000,74.4800000,72.5000000,72.5600000,1.629.300
29_090101_130416,D,20110404,000000,73.1800000,73.2000000,72.4000000,72.7100000,1.748.900
29_090101_130416,D,20110405,000000,72.7500000,72.9900000,72.3000000,72.6000000,569.600
29_090101_130416,D,20110406,000000,72.6700000,73.3200000,72.2200000,72.8200000,641.400
29_090101_130416,D,20110407,000000,72.8200000,73.3000000,72.4000000,72.6000000,427.200
29_090101_130416,D,20110408,000000,72.7000000,73.3400000,72.6100000,73.0200000,937.100
29_090101_130416,D,20110411,000000,73.0500000,73.3900000,72.3000000,72.5800000,465.300
29_090101_130416,D,20110412,000000,72.2900000,72.3800000,71.9000000,72.1000000,761.500
29_090101_130416,D,20110413,000000,72.2000000,72.2600000,71.0000000,72.2000000,422.700
29_090101_130416,D,20110414,000000,71.7200000,72.6900000,71.3400000,72.6900000,971.100
29_090101_130416,D,20110415,000000,72.0800000,72.6000000,71.4000000,72.5000000,1.148.100
29_090101_130416,D,20110418,000000,72.5000000,72.7000000,67.6000000,68.1200000,1.535.700
29_090101_130416,D,20110419,000000,68.8800000,74.0500000,67.8400000,70.1600000,4.196.300
29_090101_130416,D,20110420,000000,70.7700000,71.6900000,70.3700000,71.3000000,657.600
29_090101_130416,D,20110421,000000,71.3000000,71.8000000,69.7600000,70.3000000,837.500
29_090101_130416,D,20110422,000000,70.4600000,70.8800000,69.8900000,70.1400000,340.100
29_090101_130416,D,20110425,000000,70.1800000,70.2900000,68.8600000,68.9000000,501.300
29_090101_130416,D,20110426,000000,68.5000000,69.1000000,67.3500000,68.2700000,1.984.300
29_090101_130416,D,20110427,000000,68.8000000,69.0000000,65.8700000,67.1200000,1.197.000
29_090101_130416,D,20110428,000000,67.7000000,69.4900000,66.5000000,68.9000000,1.198.000
29_090101_130416,D,20110429,000000,68.4500000,69.8000000,68.1200000,68.5200000,1.244.400
29_090101_130416,D,20110503,000000,68.5300000,68.9000000,66.9600000,67.2000000,525.300
29_090101_130416,D,20110504,000000,66.9200000,66.9800000,65.0000000,65.3000000,1.142.700
29_090101_130416,D,20110505,000000,65.6700000,66.0000000,63.9600000,64.9900000,1.386.100
29_090101_130416,D,20110506,000000,64.9600000,67.5000000,64.0600000,67.0000000,722.700
29_090101_130416,D,20110510,000000,67.1000000,67.5700000,65.9900000,67.2000000,534.600
29_090101_130416,D,20110511,000000,67.4000000,69.3300000,67.4000000,68.8000000,1.602.600
29_090101_130416,D,20110512,000000,68.0000000,69.3000000,67.1500000,69.3000000,723.200
29_090101_130416,D,20110513,000000,69.3700000,69.8000000,68.3000000,68.3000000,291.400
29_090101_130416,D,20110516,000000,67.8800000,69.0000000,67.1000000,68.3300000,451.100
29_090101_130416,D,20110517,000000,68.0500000,69.4100000,68.0500000,69.1500000,746.200
29_090101_130416,D,20110518,000000,69.1500000,70.7400000,68.5100000,69.5000000,1.559.000
29_090101_130416,D,20110519,000000,69.9600000,70.4900000,68.6600000,69.4000000,450.600
29_090101_130416,D,20110520,000000,69.5000000,69.9400000,68.3000000,68.7300000,474.500
29_090101_130416,D,20110523,000000,68.0200000,68.0200000,66.3000000,66.6000000,194.700
29_090101_130416,D,20110524,000000,66.1600000,68.1900000,66.0200000,67.7300000,395.800
29_090101_130416,D,20110525,000000,67.2500000,69.5000000,67.0600000,68.9400000,1.020.700
29_090101_130416,D,20110526,000000,69.0000000,69.6900000,68.7500000,69.1100000,1.143.600
29_090101_130416,D,20110527,000000,69.2500000,70.7000000,69.2300000,70.1000000,753.500
29_090101_130416,D,20110530,000000,70.3800000,74.1600000,70.0100000,72.6600000,4.209.800
29_090101_130416,D,20110531,000000,72.6600000,73.7900000,72.3400000,72.7700000,1.292.100
29_090101_130416,D,20110601,000000,73.3500000,73.3500000,71.2500000,71.2500000,511.100
29_090101_130416,D,20110602,000000,71.1000000,72.1500000,70.1200000,72.1500000,335.600
29_090101_130416,D,20110603,000000,72.0000000,72.5000000,71.0000000,71.0000000,249.100
29_090101_130416,D,20110606,000000,70.8900000,71.5000000,70.7000000,70.8700000,239.000
29_090101_130416,D,20110607,000000,70.6000000,71.8200000,70.3800000,71.2900000,150.600
29_090101_130416,D,20110608,000000,71.1700000,71.7400000,70.9000000,71.5500000,302.500
29_090101_130416,D,20110609,000000,71.4000000,72.5000000,71.4000000,71.8800000,2.599.100
29_090101_130416,D,20110610,000000,71.8800000,71.9500000,71.3800000,71.5200000,946.300
29_090101_130416,D,20110614,000000,71.5200000,71.7600000,71.2000000,71.3000000,1.596.900
29_090101_130416,D,20110615,000000,71.3000000,72.0000000,70.6000000,70.6000000,770.100
29_090101_130416,D,20110616,000000,70.1600000,70.6800000,69.9200000,70.4000000,435.600
29_090101_130416,D,20110617,000000,70.4000000,70.4000000,69.5800000,69.6700000,517.800
29_090101_130416,D,20110620,000000,69.5500000,69.6600000,68.5100000,69.4900000,336.600
29_090101_130416,D,20110621,000000,69.5300000,69.9900000,69.3800000,69.8500000,93.300
29_090101_130416,D,20110622,000000,69.8600000,70.9000000,69.3000000,69.6000000,941.700
29_090101_130416,D,20110623,000000,69.5900000,72.0000000,67.8600000,68.0100000,1.277.700
29_090101_130416,D,20110624,000000,68.7300000,69.4800000,68.2500000,68.8800000,351.500
29_090101_130416,D,20110627,000000,69.0200000,69.2900000,67.6000000,68.0000000,530.900
29_090101_130416,D,20110628,000000,68.0300000,68.4600000,67.3700000,68.0000000,385.200
29_090101_130416,D,20110629,000000,68.0300000,70.0500000,68.0300000,69.0000000,1.473.700
29_090101_130416,D,20110630,000000,69.0000000,69.4000000,68.5500000,69.2500000,366.100
29_090101_130416,D,20110701,000000,69.1400000,69.9800000,68.5300000,69.2500000,398.400
29_090101_130416,D,20110704,000000,69.5000000,72.7000000,69.2000000,71.9100000,1.548.100
29_090101_130416,D,20110705,000000,71.9800000,73.0000000,70.6000000,70.8900000,1.045.600
29_090101_130416,D,20110706,000000,71.2800000,71.2900000,70.3200000,70.9600000,379.600
29_090101_130416,D,20110707,000000,71.3300000,71.7200000,70.0400000,71.4600000,317.500
29_090101_130416,D,20110708,000000,71.4600000,71.8800000,70.4900000,71.7500000,271.600
29_090101_130416,D,20110711,000000,71.3300000,71.3500000,70.8000000,70.9100000,252.800
29_090101_130416,D,20110712,000000,70.6300000,70.6800000,70.2800000,70.4200000,352.900
29_090101_130416,D,20110713,000000,70.5000000,70.6700000,70.0000000,70.2900000,150.800
29_090101_130416,D,20110714,000000,70.2000000,70.2800000,69.9300000,70.0800000,362.100
29_090101_130416,D,20110715,000000,69.9100000,70.0000000,69.3700000,69.4900000,313.800
29_090101_130416,D,20110718,000000,69.4900000,69.7900000,68.4000000,68.7400000,505.200
29_090101_130416,D,20110719,000000,69.0100000,69.1700000,68.5100000,69.1700000,402.000
29_090101_130416,D,20110720,000000,69.1600000,69.7700000,68.7100000,69.3000000,276.700
29_090101_130416,D,20110721,000000,69.4900000,69.9300000,69.2400000,69.6500000,269.900
29_090101_130416,D,20110722,000000,69.7000000,70.5000000,69.7000000,70.0200000,523.600
29_090101_130416,D,20110725,000000,69.3200000,70.2400000,69.1200000,69.9200000,232.900
29_090101_130416,D,20110726,000000,70.1900000,71.9000000,69.4100000,71.0300000,580.800
29_090101_130416,D,20110727,000000,71.0300000,71.5000000,70.4000000,70.5000000,870.800
29_090101_130416,D,20110728,000000,70.2900000,70.7000000,69.2500000,70.0500000,988.400
29_090101_130416,D,20110729,000000,69.9600000,70.2700000,69.5300000,70.0800000,356.000
29_090101_130416,D,20110801,000000,70.9300000,71.0000000,70.0800000,70.7300000,406.600
29_090101_130416,D,20110802,000000,70.2200000,71.1000000,70.2200000,70.7000000,326.800
29_090101_130416,D,20110803,000000,70.1500000,70.3800000,68.3600000,68.4800000,437.200
29_090101_130416,D,20110804,000000,68.5000000,69.1000000,66.0000000,66.2100000,1.476.000
29_090101_130416,D,20110805,000000,64.7100000,65.9900000,61.1100000,64.5000000,2.703.100
29_090101_130416,D,20110808,000000,62.0200000,66.4400000,59.5100000,59.9000000,1.036.100
29_090101_130416,D,20110809,000000,58.5000000,59.8800000,51.0100000,58.6000000,2.383.100
29_090101_130416,D,20110810,000000,60.8900000,60.9000000,56.1100000,56.1100000,371.800
29_090101_130416,D,20110811,000000,55.0100000,58.3700000,53.1500000,56.9000000,930.200
29_090101_130416,D,20110812,000000,57.2200000,58.6500000,56.0000000,57.9900000,619.800
29_090101_130416,D,20110815,000000,58.5600000,59.5300000,58.0000000,58.8000000,664.900
29_090101_130416,D,20110816,000000,58.7000000,60.2000000,55.5000000,56.8900000,631.900
29_090101_130416,D,20110817,000000,57.0000000,58.5300000,56.5300000,57.7700000,574.600
29_090101_130416,D,20110818,000000,57.3800000,57.4900000,54.8200000,55.5500000,921.000
29_090101_130416,D,20110819,000000,54.0300000,55.2500000,52.6800000,53.2900000,1.204.400
29_090101_130416,D,20110822,000000,52.7400000,53.5200000,51.2600000,51.8800000,1.450.100
29_090101_130416,D,20110823,000000,52.4500000,54.0100000,50.2400000,51.0000000,2.208.200
29_090101_130416,D,20110824,000000,51.8000000,52.5100000,50.7000000,50.8000000,1.382.500
29_090101_130416,D,20110825,000000,51.5400000,51.9900000,50.0000000,50.2100000,4.801.500
29_090101_130416,D,20110826,000000,50.5500000,50.6000000,49.1000000,49.5700000,2.332.800
29_090101_130416,D,20110829,000000,50.1300000,56.9000000,50.1300000,53.8000000,4.567.700
29_090101_130416,D,20110830,000000,54.0200000,54.8900000,53.6200000,54.3000000,3.249.700
29_090101_130416,D,20110831,000000,54.3200000,59.4500000,54.3200000,56.8700000,5.888.900
29_090101_130416,D,20110901,000000,56.9000000,58.5000000,55.5000000,58.0100000,1.798.300
29_090101_130416,D,20110902,000000,56.9900000,59.2000000,55.6500000,57.1700000,2.744.900
29_090101_130416,D,20110905,000000,56.2000000,56.7000000,54.7000000,55.1000000,1.188.400
29_090101_130416,D,20110906,000000,54.7000000,57.3000000,54.1300000,56.3300000,1.711.800
29_090101_130416,D,20110907,000000,57.2800000,58.7700000,57.2000000,58.4000000,1.198.300
29_090101_130416,D,20110908,000000,58.6000000,59.9700000,58.0000000,59.1200000,1.264.000
29_090101_130416,D,20110909,000000,58.5700000,60.8100000,58.2500000,59.0000000,1.710.800
29_090101_130416,D,20110912,000000,58.4400000,58.7000000,55.4000000,55.9900000,1.885.300
29_090101_130416,D,20110913,000000,56.9800000,57.9700000,56.2100000,56.4300000,857.600
29_090101_130416,D,20110914,000000,56.4300000,57.3000000,56.0600000,56.1100000,522.700
29_090101_130416,D,20110915,000000,56.8800000,57.3100000,56.5000000,57.1900000,809.300
29_090101_130416,D,20110916,000000,57.3800000,58.3700000,56.5600000,57.5000000,1.333.200
29_090101_130416,D,20110919,000000,56.7800000,57.3000000,56.5000000,57.1600000,376.400
29_090101_130416,D,20110920,000000,57.1000000,58.3400000,57.0600000,57.5200000,751.800
29_090101_130416,D,20110921,000000,57.3000000,57.7100000,56.6700000,56.8800000,320.600
29_090101_130416,D,20110922,000000,54.2100000,55.7200000,52.0000000,52.4600000,1.300.400
29_090101_130416,D,20110923,000000,52.5000000,52.8300000,48.0000000,48.9200000,2.236.100
29_090101_130416,D,20110926,000000,48.0000000,50.3300000,45.5100000,49.5000000,1.673.300
29_090101_130416,D,20110927,000000,51.4800000,52.0000000,49.6600000,50.9800000,3.370.400
29_090101_130416,D,20110928,000000,50.1600000,50.9300000,49.5100000,49.7300000,897.900
29_090101_130416,D,20110929,000000,49.1900000,52.4200000,49.0200000,51.8500000,2.739.400
29_090101_130416,D,20110930,000000,51.9900000,56.1900000,51.0600000,52.2500000,8.246.800
29_090101_130416,D,20111003,000000,51.1700000,51.7700000,49.2500000,50.7700000,1.528.000
29_090101_130416,D,20111004,000000,50.0400000,50.7200000,48.2500000,48.3100000,2.330.500
29_090101_130416,D,20111005,000000,49.4900000,49.8900000,47.6000000,48.7900000,1.100.500
29_090101_130416,D,20111006,000000,49.1000000,50.8000000,49.0100000,49.8900000,2.143.800
29_090101_130416,D,20111007,000000,50.4800000,51.4500000,50.0400000,50.7700000,1.247.300
29_090101_130416,D,20111010,000000,51.1500000,52.2300000,50.5500000,51.9900000,1.279.600
29_090101_130416,D,20111011,000000,52.2200000,52.3200000,50.9000000,51.5000000,674.400
29_090101_130416,D,20111012,000000,51.7600000,52.5000000,51.0100000,52.4600000,2.443.200
29_090101_130416,D,20111013,000000,52.3000000,52.9900000,51.3200000,51.7700000,927.300
29_090101_130416,D,20111014,000000,51.8900000,52.9400000,51.8000000,52.7300000,1.150.800
29_090101_130416,D,20111017,000000,53.2000000,53.7300000,52.0000000,52.0200000,720.600
29_090101_130416,D,20111018,000000,51.7000000,52.1000000,50.3500000,51.9800000,1.200.400
29_090101_130416,D,20111019,000000,52.4800000,52.9600000,51.9100000,52.0000000,604.400
29_090101_130416,D,20111020,000000,51.5100000,51.5100000,50.0100000,50.9500000,1.220.900
29_090101_130416,D,20111021,000000,51.1800000,51.3900000,50.8900000,51.1200000,1.389.700
29_090101_130416,D,20111024,000000,51.1400000,52.6400000,51.0000000,52.2800000,2.649.000
29_090101_130416,D,20111025,000000,52.1800000,52.5200000,50.2000000,50.7000000,2.066.500
29_090101_130416,D,20111026,000000,50.9000000,51.9000000,50.6100000,51.0000000,2.944.500
29_090101_130416,D,20111027,000000,51.9000000,54.3400000,51.4200000,53.8400000,5.306.300
29_090101_130416,D,20111028,000000,54.4700000,57.2000000,53.5000000,57.1900000,3.932.400
29_090101_130416,D,20111031,000000,56.0300000,57.2000000,55.4400000,56.5500000,1.247.200
29_090101_130416,D,20111101,000000,56.0000000,56.7800000,53.6600000,54.4800000,1.254.900
29_090101_130416,D,20111102,000000,54.3200000,55.8600000,50.7800000,53.2000000,4.828.500
29_090101_130416,D,20111103,000000,52.5100000,52.8700000,50.5000000,52.2700000,3.854.800
29_090101_130416,D,20111107,000000,52.7700000,52.8700000,51.6600000,52.5000000,1.080.200
29_090101_130416,D,20111108,000000,52.5000000,53.4700000,52.1700000,52.9000000,1.158.700
29_090101_130416,D,20111109,000000,52.9800000,53.3500000,51.0000000,51.0000000,1.598.100
29_090101_130416,D,20111110,000000,50.4300000,52.5000000,49.3000000,52.0500000,2.074.100
29_090101_130416,D,20111111,000000,52.0000000,52.0900000,51.1500000,51.6200000,436.100
29_090101_130416,D,20111114,000000,52.2000000,53.4900000,52.1100000,52.8000000,840.800
29_090101_130416,D,20111115,000000,52.2700000,52.8600000,50.8000000,51.2000000,1.771.300
29_090101_130416,D,20111116,000000,50.9000000,51.8800000,50.2600000,51.8800000,1.322.800
29_090101_130416,D,20111117,000000,51.5000000,51.5200000,50.5000000,51.0000000,883.800
29_090101_130416,D,20111118,000000,50.3500000,50.9900000,50.1000000,50.7400000,1.020.300
29_090101_130416,D,20111121,000000,50.5100000,50.8800000,49.5100000,50.0000000,4.261.200
29_090101_130416,D,20111122,000000,50.1800000,50.9800000,49.1500000,49.9000000,6.070.300
29_090101_130416,D,20111123,000000,49.5100000,50.1100000,49.1700000,50.0000000,1.901.900
29_090101_130416,D,20111124,000000,49.9600000,50.3300000,49.5300000,50.0000000,1.151.500
29_090101_130416,D,20111125,000000,50.2500000,50.3000000,48.8000000,49.7500000,1.024.700
29_090101_130416,D,20111128,000000,50.1500000,51.0000000,50.0200000,50.7000000,1.337.900
29_090101_130416,D,20111129,000000,50.8500000,50.9700000,49.7200000,50.0000000,919.400
29_090101_130416,D,20111130,000000,50.0000000,50.9800000,49.5000000,50.4300000,2.053.400
29_090101_130416,D,20111201,000000,50.9000000,54.1200000,50.5000000,50.7500000,3.409.400
29_090101_130416,D,20111202,000000,51.0400000,51.0700000,50.1300000,50.5800000,657.400
29_090101_130416,D,20111205,000000,50.2600000,50.7800000,50.2200000,50.5500000,342.700
29_090101_130416,D,20111206,000000,50.3800000,50.5800000,48.0500000,49.0000000,2.425.900
29_090101_130416,D,20111207,000000,49.7400000,49.7800000,48.3900000,48.9600000,1.408.000
29_090101_130416,D,20111208,000000,49.0000000,49.5000000,48.5000000,48.6700000,599.000
29_090101_130416,D,20111209,000000,48.1900000,48.5000000,45.7000000,47.1400000,1.545.700
29_090101_130416,D,20111212,000000,47.6200000,47.9500000,45.8000000,45.9000000,1.027.100
29_090101_130416,D,20111213,000000,46.1800000,46.2900000,45.0400000,45.9400000,1.028.300
29_090101_130416,D,20111214,000000,46.1100000,46.1400000,45.2100000,45.4100000,734.300
29_090101_130416,D,20111215,000000,45.2200000,45.3700000,44.5000000,45.0600000,695.600
29_090101_130416,D,20111216,000000,45.2000000,45.3700000,44.5700000,44.9500000,1.160.500
29_090101_130416,D,20111219,000000,44.7500000,45.1600000,44.5000000,44.8200000,527.700
29_090101_130416,D,20111220,000000,45.0900000,46.2800000,44.9100000,45.1100000,1.301.400
29_090101_130416,D,20111221,000000,45.4800000,45.6700000,44.7000000,44.9000000,1.385.700
29_090101_130416,D,20111222,000000,45.0000000,45.0000000,44.3000000,44.4900000,1.141.500
29_090101_130416,D,20111223,000000,44.6200000,44.7100000,44.0000000,44.0000000,548.200
29_090101_130416,D,20111226,000000,44.2400000,46.2000000,43.6200000,45.2000000,1.773.800
29_090101_130416,D,20111227,000000,45.0000000,47.0000000,44.9100000,45.4500000,1.140.800
29_090101_130416,D,20111228,000000,45.5800000,47.0000000,45.2400000,46.5200000,1.275.700
29_090101_130416,D,20111229,000000,46.4900000,48.0000000,45.2500000,47.8800000,2.003.800
29_090101_130416,D,20111230,000000,48.4000000,51.3000000,48.0400000,50.2200000,9.069.000
29_090101_130416,D,20120103,000000,51.0000000,52.7400000,50.5700000,50.9900000,536.100
29_090101_130416,D,20120104,000000,50.6500000,53.3300000,50.4000000,52.2700000,2.059.500
29_090101_130416,D,20120105,000000,52.7900000,52.8800000,50.5500000,50.8800000,763.900
29_090101_130416,D,20120106,000000,50.8800000,51.1300000,49.8800000,50.5100000,379.000
29_090101_130416,D,20120109,000000,50.7000000,51.0600000,50.2700000,50.5800000,165.200
29_090101_130416,D,20120110,000000,50.7800000,53.5500000,48.5000000,50.6200000,1.252.300
29_090101_130416,D,20120111,000000,50.7000000,50.9000000,50.1700000,50.6500000,270.800
29_090101_130416,D,20120112,000000,50.3700000,51.1000000,50.3300000,50.3800000,807.300
29_090101_130416,D,20120113,000000,50.4300000,50.9400000,50.0200000,50.1900000,627.400
29_090101_130416,D,20120116,000000,49.6000000,49.9400000,49.1200000,49.7400000,823.200
29_090101_130416,D,20120117,000000,50.2100000,50.6900000,50.0300000,50.1500000,300.700
29_090101_130416,D,20120118,000000,50.3400000,50.4500000,49.7900000,50.1600000,245.100
29_090101_130416,D,20120119,000000,50.5200000,50.8100000,50.0000000,50.4300000,701.100
29_090101_130416,D,20120120,000000,50.2900000,50.6000000,50.1300000,50.1500000,402.000
29_090101_130416,D,20120123,000000,50.1600000,50.5800000,49.9900000,50.5000000,456.000
29_090101_130416,D,20120124,000000,50.1500000,51.0000000,49.5000000,49.9100000,959.900
29_090101_130416,D,20120125,000000,50.1000000,50.3800000,49.8700000,50.0500000,615.100
29_090101_130416,D,20120126,000000,50.3000000,50.8000000,50.2000000,50.4500000,1.534.400
29_090101_130416,D,20120127,000000,50.1500000,50.3200000,50.0500000,50.1000000,323.400
29_090101_130416,D,20120130,000000,50.4000000,50.5300000,49.7000000,50.0500000,1.006.300
29_090101_130416,D,20120131,000000,50.1500000,50.3500000,50.0000000,50.0100000,1.081.200
29_090101_130416,D,20120201,000000,49.9700000,52.1700000,49.6600000,50.4700000,6.783.300
29_090101_130416,D,20120202,000000,50.6000000,51.7400000,50.5000000,50.7300000,3.219.100
29_090101_130416,D,20120203,000000,50.8500000,51.6000000,50.4000000,51.1500000,5.375.200
29_090101_130416,D,20120206,000000,51.1500000,52.0000000,50.5000000,51.1200000,4.492.600
29_090101_130416,D,20120207,000000,51.1200000,51.3600000,50.1500000,50.5000000,2.588.900
29_090101_130416,D,20120208,000000,50.7800000,51.1000000,50.4100000,50.5000000,1.341.500
29_090101_130416,D,20120209,000000,50.7000000,50.9400000,50.2000000,50.6500000,1.548.900
29_090101_130416,D,20120210,000000,50.4900000,50.9500000,49.5100000,50.4500000,1.873.900
29_090101_130416,D,20120213,000000,50.8700000,51.6000000,50.5100000,51.0700000,6.641.700
29_090101_130416,D,20120214,000000,51.0700000,53.4400000,50.5100000,53.3100000,5.232.700
29_090101_130416,D,20120215,000000,53.5000000,54.8000000,52.3500000,53.7600000,5.205.800
29_090101_130416,D,20120216,000000,53.2900000,54.5100000,52.4300000,54.1700000,2.697.400
29_090101_130416,D,20120217,000000,54.5400000,55.5500000,54.2900000,55.4500000,4.043.300
29_090101_130416,D,20120220,000000,55.6500000,56.7600000,54.7200000,54.7800000,2.590.400
29_090101_130416,D,20120221,000000,54.9900000,55.0000000,52.1000000,52.6000000,4.088.800
29_090101_130416,D,20120222,000000,52.8900000,53.1600000,50.1100000,50.9900000,6.608.000
29_090101_130416,D,20120224,000000,51.4900000,52.7500000,50.8200000,52.6800000,3.059.100
29_090101_130416,D,20120227,000000,52.4500000,52.9200000,50.7000000,51.0900000,3.842.000
29_090101_130416,D,20120228,000000,51.3700000,51.7700000,50.6500000,50.7500000,2.479.600
29_090101_130416,D,20120229,000000,51.2000000,51.3900000,49.9500000,50.6000000,5.717.900
29_090101_130416,D,20120301,000000,50.3400000,50.4600000,49.8100000,50.2900000,3.904.100
29_090101_130416,D,20120302,000000,50.3500000,50.8200000,49.9000000,50.3000000,1.910.200
29_090101_130416,D,20120305,000000,50.3000000,50.7700000,50.2700000,50.6800000,951.300
29_090101_130416,D,20120306,000000,50.4800000,50.6900000,49.0100000,49.0100000,1.534.900
29_090101_130416,D,20120307,000000,48.9700000,49.3000000,48.6000000,49.2400000,1.059.100
29_090101_130416,D,20120311,000000,49.9000000,50.3900000,49.8400000,50.2300000,477.800
29_090101_130416,D,20120312,000000,50.0600000,50.1300000,49.3300000,49.4100000,1.246.200
29_090101_130416,D,20120313,000000,49.6100000,50.2000000,49.5900000,49.9700000,1.292.300
29_090101_130416,D,20120314,000000,50.2300000,50.8000000,49.3600000,49.6800000,1.928.600
29_090101_130416,D,20120315,000000,49.7900000,49.9500000,49.0100000,49.4700000,847.700
29_090101_130416,D,20120316,000000,49.5200000,50.1000000,48.7500000,49.5000000,1.728.800
29_090101_130416,D,20120319,000000,49.7400000,49.7900000,47.7800000,48.3500000,3.604.700
29_090101_130416,D,20120320,000000,48.4600000,48.4600000,46.8000000,47.4000000,1.710.800
29_090101_130416,D,20120321,000000,47.5200000,47.6500000,46.6000000,46.9000000,1.040.600
29_090101_130416,D,20120322,000000,46.8900000,48.1800000,45.8800000,46.8900000,2.691.600
29_090101_130416,D,20120323,000000,47.0100000,48.8700000,46.9900000,47.9600000,3.234.100
29_090101_130416,D,20120326,000000,48.2000000,48.5000000,47.7000000,48.1900000,4.477.500
29_090101_130416,D,20120327,000000,48.2500000,49.0500000,47.7200000,48.2500000,5.713.900
29_090101_130416,D,20120328,000000,48.2200000,48.3800000,47.3000000,47.3200000,365.000
29_090101_130416,D,20120329,000000,47.2900000,47.7900000,46.2000000,46.4200000,928.100
29_090101_130416,D,20120330,000000,46.6900000,48.0500000,46.6000000,47.5800000,1.337.900
29_090101_130416,D,20120402,000000,47.7800000,48.4000000,47.3500000,47.7400000,589.900
29_090101_130416,D,20120403,000000,48.0500000,48.3600000,47.7000000,48.0000000,678.400
29_090101_130416,D,20120404,000000,47.8000000,48.1000000,46.6000000,46.8900000,757.600
29_090101_130416,D,20120405,000000,46.9000000,47.2900000,46.4300000,47.2000000,516.900
29_090101_130416,D,20120406,000000,47.2900000,47.4900000,46.5000000,46.5200000,712.400
29_090101_130416,D,20120409,000000,46.8000000,46.8900000,45.9900000,46.7000000,1.438.000
29_090101_130416,D,20120410,000000,46.6800000,46.8500000,46.3000000,46.3000000,233.600
29_090101_130416,D,20120411,000000,46.2000000,47.6000000,46.2000000,47.5000000,2.650.800
29_090101_130416,D,20120412,000000,47.3400000,47.9500000,47.3400000,47.9500000,700.200
29_090101_130416,D,20120413,000000,48.0000000,50.0700000,47.6700000,49.5000000,3.079.000
29_090101_130416,D,20120416,000000,49.2000000,49.4800000,48.7000000,48.7900000,1.208.800
29_090101_130416,D,20120417,000000,48.9800000,49.4000000,48.3000000,48.7200000,1.308.700
29_090101_130416,D,20120418,000000,49.0500000,49.1400000,47.6000000,47.6900000,860.400
29_090101_130416,D,20120419,000000,47.9400000,48.4600000,47.6600000,48.4400000,2.048.300
29_090101_130416,D,20120420,000000,48.2800000,49.0900000,48.0300000,48.6000000,538.500
29_090101_130416,D,20120423,000000,48.7400000,49.1700000,47.1100000,47.3600000,1.099.000
29_090101_130416,D,20120424,000000,47.3100000,47.5300000,46.2000000,46.5000000,993.000
29_090101_130416,D,20120425,000000,46.8500000,48.0400000,46.7500000,47.4300000,636.800
29_090101_130416,D,20120426,000000,47.4200000,47.7000000,46.0000000,46.7100000,697.900
29_090101_130416,D,20120427,000000,46.5200000,47.6700000,46.3000000,47.1700000,361.400
29_090101_130416,D,20120428,000000,47.4000000,51.5200000,47.2000000,48.8000000,3.943.000
29_090101_130416,D,20120502,000000,48.8300000,49.3900000,47.4400000,48.1000000,1.124.300
29_090101_130416,D,20120503,000000,48.0200000,48.4000000,47.2500000,48.1800000,398.300
29_090101_130416,D,20120504,000000,47.9800000,48.0700000,47.0000000,47.4500000,884.100
29_090101_130416,D,20120505,000000,47.2300000,47.3600000,46.7500000,47.0100000,329.600
29_090101_130416,D,20120507,000000,46.8500000,47.0000000,45.5000000,45.9500000,578.500
29_090101_130416,D,20120508,000000,46.2200000,46.3800000,45.6400000,45.8000000,1.089.500
29_090101_130416,D,20120510,000000,45.9800000,46.6000000,45.8100000,46.1000000,894.400
29_090101_130416,D,20120511,000000,45.6000000,45.8000000,44.9400000,45.3700000,1.424.400
29_090101_130416,D,20120512,000000,45.1100000,45.7300000,44.9100000,45.2000000,331.700
29_090101_130416,D,20120514,000000,45.1300000,45.1300000,43.7500000,43.7600000,606.200
29_090101_130416,D,20120515,000000,43.8000000,44.2000000,42.3600000,42.9600000,1.122.200
29_090101_130416,D,20120516,000000,42.7000000,42.7900000,41.7400000,42.0500000,1.113.000
29_090101_130416,D,20120517,000000,42.5000000,42.6000000,40.3000000,40.7200000,1.965.900
29_090101_130416,D,20120518,000000,39.9000000,40.5500000,38.0000000,39.9300000,2.012.100
29_090101_130416,D,20120521,000000,40.0000000,41.6000000,39.9300000,40.9200000,572.400
29_090101_130416,D,20120522,000000,41.2100000,41.5500000,40.6300000,41.2100000,861.800
29_090101_130416,D,20120523,000000,40.6200000,40.9400000,39.2600000,39.3200000,625.900
29_090101_130416,D,20120524,000000,40.4600000,40.9500000,38.8100000,40.6700000,1.296.200
29_090101_130416,D,20120525,000000,40.9700000,41.2500000,40.2800000,40.9000000,549.700
29_090101_130416,D,20120528,000000,41.5000000,42.5000000,41.0900000,41.1000000,464.100
29_090101_130416,D,20120529,000000,41.9900000,42.1800000,41.2900000,42.1300000,625.200
29_090101_130416,D,20120530,000000,41.5000000,41.8000000,41.3000000,41.6700000,566.300
29_090101_130416,D,20120531,000000,41.5000000,44.7700000,41.4000000,43.9000000,5.609.100
29_090101_130416,D,20120601,000000,43.0000000,46.2400000,41.8000000,41.9500000,4.446.600
29_090101_130416,D,20120604,000000,41.4100000,42.5000000,40.5600000,42.3400000,1.958.400
29_090101_130416,D,20120605,000000,42.5000000,43.7300000,42.3100000,43.2400000,887.800
29_090101_130416,D,20120606,000000,43.7600000,45.3800000,43.3500000,45.3000000,1.328.000
29_090101_130416,D,20120607,000000,46.0000000,46.0000000,44.2100000,44.8000000,2.722.100
29_090101_130416,D,20120608,000000,44.5200000,44.5400000,43.3100000,44.4900000,285.000
29_090101_130416,D,20120609,000000,44.5000000,45.3600000,44.3800000,44.5100000,298.800
29_090101_130416,D,20120613,000000,45.0000000,45.0000000,43.0000000,44.7500000,1.102.700
29_090101_130416,D,20120614,000000,44.3500000,44.9700000,43.8100000,44.6500000,692.700
29_090101_130416,D,20120615,000000,44.6400000,44.6400000,43.8500000,44.5300000,794.300
29_090101_130416,D,20120618,000000,44.9000000,45.4700000,44.6300000,45.4700000,620.100
29_090101_130416,D,20120619,000000,44.8200000,45.4900000,44.7200000,45.1500000,429.100
29_090101_130416,D,20120620,000000,45.3800000,45.3800000,44.2500000,44.2600000,1.121.900
29_090101_130416,D,20120621,000000,44.0500000,44.7400000,43.4300000,43.5000000,543.500
29_090101_130416,D,20120622,000000,43.3700000,43.4900000,42.0200000,42.5000000,755.900
29_090101_130416,D,20120625,000000,42.5000000,43.1800000,41.8500000,42.1300000,1.002.200
29_090101_130416,D,20120626,000000,42.3400000,42.9000000,42.3000000,42.5000000,543.000
29_090101_130416,D,20120627,000000,42.6000000,42.8500000,42.4300000,42.5500000,922.400
29_090101_130416,D,20120628,000000,42.7400000,42.9700000,42.1200000,42.2300000,852.800
29_090101_130416,D,20120629,000000,42.6500000,43.8600000,42.5000000,43.4100000,855.400
29_090101_130416,D,20120702,000000,44.0300000,44.0300000,43.2000000,43.5000000,945.100
29_090101_130416,D,20120703,000000,43.6800000,44.6300000,43.6800000,44.3300000,998.700
29_090101_130416,D,20120704,000000,44.5200000,44.7300000,43.5500000,44.3000000,849.300
29_090101_130416,D,20120705,000000,44.1600000,44.3500000,43.8900000,43.9000000,676.500
29_090101_130416,D,20120706,000000,43.9800000,44.1000000,42.8500000,43.0000000,831.900
29_090101_130416,D,20120709,000000,43.0000000,43.6900000,42.8300000,43.3200000,401.600
29_090101_130416,D,20120710,000000,43.3100000,44.3500000,42.9000000,44.1000000,803.600
29_090101_130416,D,20120711,000000,43.9500000,43.9800000,43.3500000,43.4200000,266.800
29_090101_130416,D,20120712,000000,43.6300000,43.6300000,42.8000000,43.0800000,299.500
29_090101_130416,D,20120713,000000,42.9000000,43.8800000,42.9000000,43.6500000,190.700
29_090101_130416,D,20120716,000000,43.7900000,43.7900000,43.4000000,43.7400000,115.500
29_090101_130416,D,20120717,000000,43.7500000,44.9300000,43.4000000,43.9800000,874.000
29_090101_130416,D,20120718,000000,44.1800000,44.7000000,43.5500000,43.8000000,681.200
29_090101_130416,D,20120719,000000,44.0800000,44.3000000,43.5000000,44.0000000,1.017.800
29_090101_130416,D,20120720,000000,43.9500000,43.9500000,43.1500000,43.3500000,655.800
29_090101_130416,D,20120723,000000,43.0000000,43.0700000,42.1300000,42.2200000,593.200
29_090101_130416,D,20120724,000000,42.3500000,42.8000000,41.2500000,42.2000000,738.600
29_090101_130416,D,20120725,000000,41.8300000,42.6200000,41.5500000,42.0500000,592.400
29_090101_130416,D,20120726,000000,42.0500000,42.4000000,41.7600000,41.8500000,2.403.900
29_090101_130416,D,20120727,000000,42.2700000,42.2900000,41.9000000,42.1900000,669.100
29_090101_130416,D,20120730,000000,42.1300000,42.8300000,42.1000000,42.4000000,972.300
29_090101_130416,D,20120731,000000,42.3100000,42.5500000,41.7400000,41.7800000,612.000
29_090101_130416,D,20120801,000000,41.4900000,41.9700000,41.2500000,41.6300000,1.200.600
29_090101_130416,D,20120802,000000,41.6300000,41.6500000,40.8200000,40.9600000,1.402.500
29_090101_130416,D,20120803,000000,40.9200000,41.5700000,40.7000000,41.5500000,731.200
29_090101_130416,D,20120806,000000,41.5500000,42.6200000,41.4500000,42.2600000,871.200
29_090101_130416,D,20120807,000000,42.2500000,42.5000000,42.0100000,42.4000000,582.600
29_090101_130416,D,20120808,000000,42.3500000,42.3900000,41.5700000,42.0700000,1.100.900
29_090101_130416,D,20120809,000000,42.2700000,42.4900000,41.8500000,42.0500000,645.300
29_090101_130416,D,20120810,000000,41.9000000,42.2400000,41.5100000,41.7600000,492.500
29_090101_130416,D,20120813,000000,41.9900000,42.2500000,41.5700000,42.1900000,964.000
29_090101_130416,D,20120814,000000,42.2100000,42.3900000,41.5000000,41.6000000,1.977.000
29_090101_130416,D,20120815,000000,41.6300000,41.7800000,41.2000000,41.3500000,2.005.200
29_090101_130416,D,20120816,000000,41.5000000,41.8500000,41.3900000,41.7000000,585.800
29_090101_130416,D,20120817,000000,41.8400000,43.9700000,41.5700000,43.6700000,3.699.200
29_090101_130416,D,20120820,000000,43.7700000,44.5000000,42.5600000,42.7500000,1.395.100
29_090101_130416,D,20120821,000000,43.0000000,43.7300000,42.8900000,43.5000000,842.300
29_090101_130416,D,20120822,000000,43.0300000,43.4800000,42.5800000,43.4700000,371.900
29_090101_130416,D,20120823,000000,43.7100000,44.1400000,43.0100000,43.0100000,837.200
29_090101_130416,D,20120824,000000,43.0000000,43.3000000,42.5100000,43.0000000,406.600
29_090101_130416,D,20120827,000000,43.2400000,43.8600000,42.5500000,43.7500000,963.500
29_090101_130416,D,20120828,000000,43.6500000,44.1400000,43.3100000,43.6000000,1.805.400
29_090101_130416,D,20120829,000000,43.7600000,43.9900000,43.3500000,43.3900000,449.100
29_090101_130416,D,20120830,000000,43.3000000,43.4700000,42.6100000,42.6200000,856.400
29_090101_130416,D,20120831,000000,42.7800000,42.8300000,42.1300000,42.6000000,407.100
29_090101_130416,D,20120903,000000,42.3700000,42.8900000,42.3600000,42.7100000,476.200
29_090101_130416,D,20120904,000000,42.6600000,42.7700000,42.4500000,42.6900000,200.100
29_090101_130416,D,20120905,000000,42.7000000,42.9900000,42.1800000,42.6000000,926.900
29_090101_130416,D,20120906,000000,42.6000000,42.7000000,42.2000000,42.6600000,941.500
29_090101_130416,D,20120907,000000,42.7400000,43.4700000,42.6000000,43.3000000,1.089.600
29_090101_130416,D,20120910,000000,43.4600000,43.6200000,42.9200000,43.4000000,805.900
29_090101_130416,D,20120911,000000,43.3900000,43.9800000,43.0600000,43.3900000,838.500
29_090101_130416,D,20120912,000000,43.7800000,43.8500000,43.3000000,43.4800000,488.300
29_090101_130416,D,20120913,000000,43.5000000,43.5300000,42.9700000,43.3400000,262.000
29_090101_130416,D,20120914,000000,43.9200000,45.2200000,43.7200000,45.0000000,4.501.200
29_090101_130416,D,20120917,000000,44.7500000,45.9700000,44.4200000,44.9500000,1.672.600
29_090101_130416,D,20120918,000000,44.8600000,45.5300000,44.5700000,44.7000000,767.600
29_090101_130416,D,20120919,000000,44.9600000,45.6400000,44.0100000,44.4800000,1.150.400
29_090101_130416,D,20120920,000000,44.2400000,45.1000000,44.0800000,45.0100000,533.300
29_090101_130416,D,20120921,000000,45.1200000,45.4500000,43.7500000,43.9900000,1.119.500
29_090101_130416,D,20120924,000000,43.3600000,43.9900000,43.1600000,43.5700000,546.100
29_090101_130416,D,20120925,000000,43.6400000,43.9100000,43.3700000,43.4500000,1.122.200
29_090101_130416,D,20120926,000000,43.1200000,43.7900000,42.6000000,42.7500000,1.128.500
29_090101_130416,D,20120927,000000,43.3000000,43.7900000,42.8100000,43.2000000,736.600
29_090101_130416,D,20120928,000000,43.7000000,43.7700000,43.0000000,43.4500000,598.600
29_090101_130416,D,20121001,000000,43.0400000,43.9900000,43.0000000,43.8000000,1.932.600
29_090101_130416,D,20121002,000000,43.5100000,43.7500000,43.2200000,43.3600000,997.000
29_090101_130416,D,20121003,000000,43.4200000,45.2800000,43.1200000,43.5700000,7.886.500
29_090101_130416,D,20121004,000000,43.8500000,44.0400000,43.0500000,43.2600000,997.100
29_090101_130416,D,20121005,000000,43.4000000,43.9700000,43.2700000,43.4400000,1.084.100
29_090101_130416,D,20121008,000000,43.2000000,43.4000000,42.9900000,43.3500000,3.118.300
29_090101_130416,D,20121009,000000,43.4700000,43.9800000,43.1200000,43.1700000,1.020.500
29_090101_130416,D,20121010,000000,42.9700000,43.3800000,42.9400000,43.2500000,719.100
29_090101_130416,D,20121011,000000,43.2700000,43.3800000,43.0600000,43.2600000,258.800
29_090101_130416,D,20121012,000000,43.2600000,43.3400000,42.6800000,43.1000000,658.600
29_090101_130416,D,20121015,000000,43.1000000,43.2900000,42.3000000,42.3500000,1.273.200
29_090101_130416,D,20121016,000000,42.4400000,42.7800000,42.0000000,42.5000000,949.000
29_090101_130416,D,20121017,000000,42.7700000,43.1400000,42.3400000,42.7800000,1.127.400
29_090101_130416,D,20121018,000000,42.7900000,43.0000000,42.4000000,42.4200000,891.400
29_090101_130416,D,20121019,000000,42.3600000,42.6500000,42.1900000,42.2500000,561.700
29_090101_130416,D,20121022,000000,41.9700000,42.3500000,41.5700000,42.0700000,1.898.500
29_090101_130416,D,20121023,000000,42.0700000,42.4700000,40.3800000,40.5700000,1.995.100
29_090101_130416,D,20121024,000000,40.7900000,40.9700000,39.9200000,40.0100000,1.255.600
29_090101_130416,D,20121025,000000,40.2500000,40.4200000,40.0200000,40.2500000,543.900
29_090101_130416,D,20121026,000000,40.0100000,40.1700000,38.9000000,39.5600000,5.125.400
29_090101_130416,D,20121029,000000,39.2600000,39.5600000,38.9600000,39.4100000,750.400
29_090101_130416,D,20121030,000000,39.2000000,39.5700000,38.7100000,38.9000000,773.900
29_090101_130416,D,20121031,000000,38.9900000,40.7700000,38.5600000,39.9100000,2.130.800
29_090101_130416,D,20121101,000000,40.3100000,40.6900000,39.7400000,40.4700000,1.582.500
29_090101_130416,D,20121102,000000,40.7800000,40.8600000,40.3000000,40.5000000,549.200
29_090101_130416,D,20121106,000000,40.2300000,41.6900000,39.9100000,41.5000000,1.607.800
29_090101_130416,D,20121107,000000,41.5500000,43.2900000,41.3000000,41.7800000,7.062.300
29_090101_130416,D,20121108,000000,40.9900000,41.4400000,40.8000000,41.3200000,2.244.600
29_090101_130416,D,20121109,000000,41.3200000,41.4800000,40.3000000,40.7000000,2.133.300
29_090101_130416,D,20121112,000000,40.9800000,41.1900000,40.3200000,40.7100000,1.077.300
29_090101_130416,D,20121113,000000,40.6500000,40.7100000,39.5000000,39.7400000,933.100
29_090101_130416,D,20121114,000000,39.9900000,41.8000000,39.8100000,40.9900000,2.074.500
29_090101_130416,D,20121115,000000,41.2100000,41.8800000,40.9000000,41.8700000,904.100
29_090101_130416,D,20121116,000000,41.5500000,42.5000000,41.5100000,42.3900000,627.900
29_090101_130416,D,20121119,000000,42.7000000,42.7000000,42.0500000,42.3000000,564.700
29_090101_130416,D,20121120,000000,42.1100000,42.3000000,41.6300000,41.9800000,569.700
29_090101_130416,D,20121121,000000,41.8900000,42.2500000,41.4600000,42.1600000,1.123.600
29_090101_130416,D,20121122,000000,42.1900000,43.0400000,42.1100000,42.5500000,1.876.400
29_090101_130416,D,20121123,000000,42.9800000,43.1000000,42.4900000,42.8900000,775.300
29_090101_130416,D,20121126,000000,42.5200000,43.2300000,42.2000000,42.5700000,1.328.500
29_090101_130416,D,20121127,000000,42.7400000,43.1200000,42.4600000,42.9600000,975.100
29_090101_130416,D,20121128,000000,42.8600000,42.9800000,42.1400000,42.4000000,493.600
29_090101_130416,D,20121129,000000,42.5300000,42.7900000,42.3300000,42.7500000,689.300
29_090101_130416,D,20121130,000000,42.4600000,43.1000000,42.4000000,42.8600000,1.483.200
29_090101_130416,D,20121203,000000,42.8600000,43.4100000,42.6800000,42.9900000,1.645.900
29_090101_130416,D,20121204,000000,42.8200000,43.6800000,42.8200000,43.1000000,1.013.500
29_090101_130416,D,20121205,000000,43.1000000,43.8000000,43.1000000,43.7200000,2.541.700
29_090101_130416,D,20121206,000000,43.7600000,43.7800000,43.3200000,43.3200000,648.600
29_090101_130416,D,20121207,000000,43.6600000,43.6800000,42.8000000,42.9000000,1.184.700
29_090101_130416,D,20121210,000000,43.0500000,43.2800000,42.8300000,43.1500000,429.000
29_090101_130416,D,20121211,000000,43.0100000,43.5000000,42.3800000,43.5000000,1.038.800
29_090101_130416,D,20121212,000000,43.4900000,43.7500000,43.1400000,43.4700000,2.443.300
29_090101_130416,D,20121213,000000,43.5000000,43.8600000,43.2000000,43.3900000,3.282.500
29_090101_130416,D,20121214,000000,43.2700000,43.7000000,43.2000000,43.5700000,1.930.600
29_090101_130416,D,20121217,000000,43.5300000,43.6500000,43.2500000,43.5300000,435.700
29_090101_130416,D,20121218,000000,43.3200000,43.7000000,43.0500000,43.2200000,2.972.300
29_090101_130416,D,20121219,000000,43.4700000,43.4700000,42.8500000,43.0700000,1.012.900
29_090101_130416,D,20121220,000000,42.8000000,42.9900000,41.8700000,42.6000000,2.624.200
29_090101_130416,D,20121221,000000,42.1800000,43.0900000,41.9000000,42.9900000,3.024.400
29_090101_130416,D,20121224,000000,43.0100000,43.1000000,42.6100000,42.9900000,745.000
29_090101_130416,D,20121225,000000,42.9600000,43.0000000,42.4200000,42.9600000,774.000
29_090101_130416,D,20121226,000000,42.8700000,43.7000000,42.6600000,43.2500000,1.088.000
29_090101_130416,D,20121227,000000,43.2800000,44.5000000,43.0400000,43.7000000,3.692.100
29_090101_130416,D,20121228,000000,44.0000000,47.0000000,43.5100000,44.9900000,12.517.100
29_090101_130416,D,20130108,000000,45.7700000,46.9800000,44.7500000,46.2200000,1.143.300
29_090101_130416,D,20130109,000000,46.0200000,47.8400000,46.0100000,47.1900000,3.610.700
29_090101_130416,D,20130110,000000,47.4500000,47.4800000,46.7100000,47.1600000,2.249.200
29_090101_130416,D,20130111,000000,46.7700000,48.2300000,46.6100000,48.0000000,7.447.800
29_090101_130416,D,20130114,000000,48.1300000,50.0000000,47.7500000,49.5300000,6.892.000
29_090101_130416,D,20130115,000000,49.3200000,50.6600000,49.2500000,49.4500000,6.520.300
29_090101_130416,D,20130116,000000,49.2500000,49.6800000,48.1600000,48.3400000,3.212.500
29_090101_130416,D,20130117,000000,48.4500000,49.9800000,48.1500000,49.8400000,2.973.400
29_090101_130416,D,20130118,000000,49.9600000,50.3400000,49.8000000,49.8800000,3.822.500
29_090101_130416,D,20130121,000000,50.0000000,50.7500000,49.8400000,50.5500000,4.176.500
29_090101_130416,D,20130122,000000,50.3000000,52.3800000,50.1400000,51.6000000,4.026.600
29_090101_130416,D,20130123,000000,51.6100000,52.9900000,51.6000000,52.6500000,3.036.900
29_090101_130416,D,20130124,000000,52.4000000,53.2900000,52.0200000,52.8800000,1.627.000
29_090101_130416,D,20130125,000000,52.9900000,53.9200000,52.8900000,53.3000000,1.898.400
29_090101_130416,D,20130128,000000,53.3400000,54.2900000,52.6600000,53.3000000,3.372.300
29_090101_130416,D,20130129,000000,53.2900000,53.3800000,50.8300000,51.6900000,3.686.100
29_090101_130416,D,20130130,000000,52.0000000,52.7000000,51.1000000,52.2200000,2.970.300
29_090101_130416,D,20130131,000000,52.1300000,54.1800000,51.9600000,53.5500000,3.958.000
29_090101_130416,D,20130201,000000,53.5000000,54.3500000,52.6400000,53.8000000,3.143.300
29_090101_130416,D,20130204,000000,53.9900000,53.9900000,51.5500000,52.6500000,3.200.000
29_090101_130416,D,20130205,000000,51.9900000,53.6800000,51.7900000,53.3700000,1.956.200
29_090101_130416,D,20130206,000000,53.7200000,54.6400000,53.4700000,54.0700000,2.557.900
29_090101_130416,D,20130207,000000,54.2400000,56.1000000,54.2400000,55.8200000,5.643.700
29_090101_130416,D,20130208,000000,55.9000000,56.9000000,55.0700000,55.9000000,4.633.400
29_090101_130416,D,20130211,000000,56.1000000,56.4300000,55.1100000,55.7200000,1.055.700
29_090101_130416,D,20130212,000000,55.7900000,55.9700000,54.5800000,55.0800000,1.025.200
29_090101_130416,D,20130213,000000,55.2500000,57.3700000,54.8300000,57.1000000,3.347.600
29_090101_130416,D,20130214,000000,57.0000000,58.1600000,56.7000000,57.0100000,3.996.000
29_090101_130416,D,20130215,000000,56.9200000,59.7700000,56.8400000,58.7000000,6.093.200
29_090101_130416,D,20130218,000000,58.7000000,59.8000000,56.6000000,58.7000000,2.020.800
29_090101_130416,D,20130219,000000,58.1100000,58.9000000,57.0100000,57.4900000,1.536.300
29_090101_130416,D,20130220,000000,57.5000000,58.1700000,55.7200000,55.7200000,2.258.200
29_090101_130416,D,20130221,000000,55.5100000,55.9900000,54.7800000,55.7800000,2.145.200
29_090101_130416,D,20130222,000000,56.0000000,56.5500000,55.2500000,55.3000000,1.628.300
29_090101_130416,D,20130225,000000,55.4900000,55.8100000,54.8000000,55.1900000,757.000
29_090101_130416,D,20130226,000000,54.5900000,55.0000000,53.5000000,54.2500000,1.191.700
29_090101_130416,D,20130227,000000,53.9900000,54.5800000,53.0500000,53.7700000,1.044.900
29_090101_130416,D,20130228,000000,54.2000000,54.3300000,52.8100000,53.0000000,1.201.400
29_090101_130416,D,20130301,000000,52.9600000,52.9800000,50.8100000,52.4200000,2.887.500
29_090101_130416,D,20130304,000000,51.6500000,52.9800000,51.6100000,52.6000000,770.500
29_090101_130416,D,20130305,000000,52.9700000,55.1000000,52.7000000,55.0000000,3.628.700
29_090101_130416,D,20130306,000000,55.3800000,56.0600000,54.7300000,55.8900000,3.679.000
29_090101_130416,D,20130307,000000,56.1900000,56.3100000,55.1200000,56.1000000,1.500.700
29_090101_130416,D,20130311,000000,56.3300000,56.8000000,55.8000000,56.3000000,2.454.800
29_090101_130416,D,20130312,000000,56.1000000,56.7500000,55.6000000,56.6000000,2.533.300
29_090101_130416,D,20130313,000000,56.3400000,57.8300000,56.0300000,56.5800000,4.039.300
29_090101_130416,D,20130314,000000,56.0700000,56.7600000,56.0700000,56.1500000,1.160.000
29_090101_130416,D,20130315,000000,56.3000000,56.9800000,54.1000000,54.3900000,2.598.000
29_090101_130416,D,20130318,000000,53.3000000,54.9300000,52.8000000,54.2500000,924.400
29_090101_130416,D,20130319,000000,54.1800000,55.0400000,53.5000000,54.2500000,579.400
29_090101_130416,D,20130320,000000,53.9900000,54.6600000,53.0600000,53.8500000,1.389.100
29_090101_130416,D,20130321,000000,53.9900000,54.5100000,53.7900000,54.2000000,1.547.300
29_090101_130416,D,20130322,000000,53.7600000,54.3400000,52.1100000,52.5000000,904.900
29_090101_130416,D,20130325,000000,53.0000000,53.4900000,50.3300000,51.1100000,1.644.600
29_090101_130416,D,20130326,000000,51.3200000,51.8000000,49.2100000,50.0100000,2.794.200
29_090101_130416,D,20130327,000000,50.5100000,50.8000000,49.8000000,50.2500000,1.041.700
29_090101_130416,D,20130328,000000,50.0300000,53.4300000,50.0200000,52.1700000,2.309.100
29_090101_130416,D,20130329,000000,52.6600000,54.0000000,52.5000000,52.9900000,2.391.000
29_090101_130416,D,20130401,000000,52.8900000,53.0900000,51.3200000,52.0800000,1.236.900
29_090101_130416,D,20130402,000000,52.1700000,52.4700000,50.6200000,52.0400000,1.659.500
29_090101_130416,D,20130403,000000,52.1000000,52.9400000,51.7400000,52.6500000,1.669.400
