<TICKER>,<PER>,<DATE>,<TIME>,<OPEN>,<HIGH>,<LOW>,<CLOSE>,<VOL>
30_090101_130416,D,20090112,000000,161.0800000,161.0800000,161.0800000,161.0800000,1
30_090101_130416,D,20090113,000000,162.0400000,193.7600000,162.0400000,193.7600000,509
30_090101_130416,D,20090114,000000,196.7500000,196.7500000,168.0000000,168.0000000,158
30_090101_130416,D,20090115,000000,168.0000000,168.0000000,168.0000000,168.0000000,25
30_090101_130416,D,20090116,000000,181.1100000,181.5000000,181.0500000,181.5000000,135
30_090101_130416,D,20090119,000000,171.1100000,190.0000000,168.6300000,189.9000000,126
30_090101_130416,D,20090120,000000,176.0100000,189.9300000,170.0000000,170.0000000,8
30_090101_130416,D,20090121,000000,168.6400000,170.0100000,168.6300000,168.6400000,127
30_090101_130416,D,20090122,000000,187.9700000,189.9900000,187.9700000,189.9900000,41
30_090101_130416,D,20090126,000000,180.0100000,189.9600000,179.8000000,189.9600000,22
30_090101_130416,D,20090127,000000,172.0200000,183.0000000,171.1000000,178.0000000,148
30_090101_130416,D,20090128,000000,183.0000000,183.0000000,183.0000000,183.0000000,3
30_090101_130416,D,20090129,000000,183.0000000,183.0000000,183.0000000,183.0000000,20
30_090101_130416,D,20090130,000000,180.1000000,184.9800000,170.0100000,184.9800000,47
30_090101_130416,D,20090202,000000,168.6800000,185.0000000,168.6800000,185.0000000,96
30_090101_130416,D,20090203,000000,180.0000000,180.0000000,180.0000000,180.0000000,11
30_090101_130416,D,20090204,000000,189.5000000,190.0000000,168.7000000,172.0000000,871
30_090101_130416,D,20090205,000000,172.0000000,172.0000000,168.6400000,172.0000000,136
30_090101_130416,D,20090206,000000,172.8700000,172.8700000,172.8700000,172.8700000,1
30_090101_130416,D,20090209,000000,172.7000000,185.0000000,172.7000000,180.0000000,1.863
30_090101_130416,D,20090210,000000,183.7900000,184.8900000,175.0600000,184.8900000,204
30_090101_130416,D,20090211,000000,175.0100000,175.0100000,175.0000000,175.0000000,1.161
30_090101_130416,D,20090212,000000,181.9300000,181.9300000,174.9900000,175.0000000,111
30_090101_130416,D,20090213,000000,172.1400000,183.6400000,171.2800000,183.0000000,476
30_090101_130416,D,20090216,000000,179.9900000,180.0000000,179.9900000,180.0000000,242
30_090101_130416,D,20090217,000000,171.5800000,179.9500000,171.5800000,179.9500000,3
30_090101_130416,D,20090218,000000,173.0100000,173.0100000,170.0000000,170.0000000,13
30_090101_130416,D,20090219,000000,172.0000000,176.0000000,166.0000000,166.0000000,414
30_090101_130416,D,20090220,000000,165.5800000,169.9800000,149.9800000,155.0000000,10.717
30_090101_130416,D,20090224,000000,150.2100000,165.3700000,149.9900000,165.3700000,2.833
30_090101_130416,D,20090225,000000,161.2100000,168.9000000,154.9900000,155.0000000,1.444
30_090101_130416,D,20090226,000000,162.4900000,162.9900000,161.0000000,162.9800000,217
30_090101_130416,D,20090227,000000,155.0100000,159.0000000,155.0100000,157.0000000,5
30_090101_130416,D,20090302,000000,157.0000000,157.0000000,157.0000000,157.0000000,1
30_090101_130416,D,20090303,000000,157.0000000,157.0000000,155.0000000,155.0000000,885
30_090101_130416,D,20090304,000000,155.2400000,160.0000000,151.0000000,155.0000000,1.127
30_090101_130416,D,20090305,000000,161.7000000,161.7000000,149.9900000,149.9900000,645
30_090101_130416,D,20090306,000000,150.0100000,160.9500000,148.0300000,160.9400000,666
30_090101_130416,D,20090310,000000,161.9900000,190.1900000,161.9900000,179.9800000,11.072
30_090101_130416,D,20090311,000000,175.0000000,180.0000000,170.0000000,170.0000000,558
30_090101_130416,D,20090312,000000,179.9900000,179.9900000,165.0000000,178.1100000,9
30_090101_130416,D,20090313,000000,177.9900000,177.9900000,160.0700000,177.0000000,547
30_090101_130416,D,20090316,000000,167.0000000,177.1000000,167.0000000,177.1000000,167
30_090101_130416,D,20090317,000000,160.0300000,179.9700000,155.0000000,169.1100000,2.864
30_090101_130416,D,20090318,000000,165.0000000,170.0000000,164.0200000,164.0200000,194
30_090101_130416,D,20090319,000000,173.9900000,174.0100000,167.9900000,168.0000000,227
30_090101_130416,D,20090320,000000,172.0000000,183.9900000,172.0000000,183.0000000,1.256
30_090101_130416,D,20090323,000000,183.0000000,190.0000000,180.0000000,189.9900000,2.070
30_090101_130416,D,20090324,000000,181.0000000,193.9900000,181.0000000,193.9900000,33
30_090101_130416,D,20090325,000000,185.0000000,195.0000000,183.0000000,195.0000000,1.950
30_090101_130416,D,20090326,000000,190.0000000,215.0000000,190.0000000,195.0400000,3.485
30_090101_130416,D,20090327,000000,206.0000000,217.0000000,200.1200000,209.6500000,2.536
30_090101_130416,D,20090330,000000,212.5000000,213.0000000,190.0000000,201.0000000,1.311
30_090101_130416,D,20090331,000000,210.9900000,214.7500000,209.0000000,214.7000000,751
30_090101_130416,D,20090401,000000,215.0000000,220.9000000,208.0300000,218.9900000,1.181
30_090101_130416,D,20090402,000000,221.0000000,239.8500000,213.6000000,220.0000000,1.024
30_090101_130416,D,20090403,000000,221.0000000,221.0000000,217.0000000,220.0000000,299
30_090101_130416,D,20090406,000000,208.0100000,220.0000000,208.0000000,218.0000000,105
30_090101_130416,D,20090407,000000,204.1300000,220.0000000,204.1300000,210.0000000,753
30_090101_130416,D,20090408,000000,216.9900000,220.0000000,213.0000000,213.0000000,2.060
30_090101_130416,D,20090409,000000,219.0000000,222.0000000,212.2200000,216.9900000,1.671
30_090101_130416,D,20090410,000000,222.0000000,230.0000000,219.0000000,225.0000000,4.634
30_090101_130416,D,20090413,000000,225.0000000,232.0000000,215.0100000,220.0000000,4.520
30_090101_130416,D,20090414,000000,224.9900000,240.0000000,221.0100000,239.9900000,929
30_090101_130416,D,20090415,000000,247.5000000,335.0000000,247.5000000,309.9900000,4.431
30_090101_130416,D,20090416,000000,308.9900000,324.9900000,270.0100000,300.0000000,1.157
30_090101_130416,D,20090417,000000,298.2000000,309.0000000,295.0000000,309.0000000,325
30_090101_130416,D,20090420,000000,270.2000000,319.0000000,270.2000000,279.9800000,860
30_090101_130416,D,20090421,000000,265.1100000,299.0000000,250.0000000,279.9800000,412
30_090101_130416,D,20090422,000000,299.0000000,299.0000000,261.9800000,285.0000000,280
30_090101_130416,D,20090423,000000,297.0000000,297.0000000,285.0000000,296.0000000,616
30_090101_130416,D,20090424,000000,298.0000000,305.0000000,275.0100000,300.0000000,155
30_090101_130416,D,20090427,000000,280.0100000,303.9600000,271.0500000,280.0000000,926
30_090101_130416,D,20090428,000000,299.0000000,299.0000000,222.2000000,289.9800000,1.671
30_090101_130416,D,20090429,000000,318.0000000,318.0000000,270.2800000,289.5700000,702
30_090101_130416,D,20090430,000000,271.1600000,315.8400000,270.9200000,289.9800000,1.869
30_090101_130416,D,20090504,000000,295.2000000,319.9800000,280.0200000,300.0000000,855
30_090101_130416,D,20090505,000000,292.0000000,309.9200000,280.0000000,280.0100000,1.520
30_090101_130416,D,20090506,000000,299.0000000,339.9500000,283.0000000,290.1600000,3.522
30_090101_130416,D,20090507,000000,299.0000000,339.9900000,299.0000000,310.0000000,4.206
30_090101_130416,D,20090508,000000,325.0000000,325.4800000,301.0200000,314.0000000,1.360
30_090101_130416,D,20090512,000000,320.0000000,439.6000000,311.0000000,339.2000000,3.398
30_090101_130416,D,20090513,000000,398.9500000,398.9500000,283.1600000,315.0000000,3.723
30_090101_130416,D,20090514,000000,300.0000000,320.0000000,300.0000000,317.0000000,122
30_090101_130416,D,20090515,000000,315.0700000,327.8000000,290.0000000,318.7900000,373
30_090101_130416,D,20090518,000000,332.9700000,332.9800000,295.0000000,324.8700000,583
30_090101_130416,D,20090519,000000,311.0000000,334.7500000,311.0000000,322.0000000,3.131
30_090101_130416,D,20090520,000000,302.0000000,322.0000000,302.0000000,322.0000000,888
30_090101_130416,D,20090521,000000,311.1200000,333.4100000,310.0000000,327.0000000,2.101
30_090101_130416,D,20090522,000000,314.1700000,320.9900000,306.0000000,311.0000000,723
30_090101_130416,D,20090525,000000,340.0000000,344.3500000,309.0000000,332.9000000,1.289
30_090101_130416,D,20090526,000000,313.6100000,313.6100000,303.0800000,313.0000000,1.007
30_090101_130416,D,20090527,000000,330.0000000,370.0000000,312.9900000,321.2100000,5.477
30_090101_130416,D,20090528,000000,349.0000000,388.7500000,323.0100000,344.9900000,2.536
30_090101_130416,D,20090529,000000,368.7700000,390.0000000,325.0000000,347.4000000,4.004
30_090101_130416,D,20090601,000000,369.0000000,370.0000000,340.0100000,347.0000000,2.439
30_090101_130416,D,20090602,000000,349.0000000,349.0000000,335.4900000,337.1100000,1.330
30_090101_130416,D,20090603,000000,341.1000000,370.0000000,330.1200000,330.1200000,2.960
30_090101_130416,D,20090604,000000,331.0600000,347.0000000,330.0000000,333.3300000,463
30_090101_130416,D,20090605,000000,355.0000000,355.0000000,330.0000000,344.9800000,890
30_090101_130416,D,20090608,000000,326.0100000,339.7900000,325.0000000,328.1500000,1.695
30_090101_130416,D,20090609,000000,335.9900000,339.9800000,325.0000000,326.0000000,431
30_090101_130416,D,20090610,000000,330.0000000,340.0000000,325.0000000,329.9900000,963
30_090101_130416,D,20090611,000000,333.8800000,333.8900000,331.5000000,333.8900000,108
30_090101_130416,D,20090615,000000,322.0000000,322.0000000,311.1200000,316.9900000,88
30_090101_130416,D,20090616,000000,314.9900000,315.0000000,302.0200000,307.1300000,898
30_090101_130416,D,20090617,000000,312.0000000,314.0000000,290.0200000,304.6500000,738
30_090101_130416,D,20090618,000000,304.6500000,304.6500000,271.0400000,300.9800000,700
30_090101_130416,D,20090619,000000,302.0000000,302.0000000,266.5500000,266.5500000,2.726
30_090101_130416,D,20090622,000000,275.0000000,275.0000000,250.0600000,255.0000000,378
30_090101_130416,D,20090623,000000,250.0100000,250.0100000,249.5000000,249.5000000,208
30_090101_130416,D,20090624,000000,250.0000000,271.0000000,232.0000000,271.0000000,2.014
30_090101_130416,D,20090625,000000,256.0000000,267.0000000,235.0000000,254.0000000,4.171
30_090101_130416,D,20090626,000000,255.0100000,267.9600000,244.9900000,244.9900000,701
30_090101_130416,D,20090629,000000,243.9800000,243.9800000,237.0400000,243.7500000,943
30_090101_130416,D,20090630,000000,249.0000000,255.0000000,235.0200000,247.9800000,1.178
30_090101_130416,D,20090701,000000,249.9800000,249.9800000,243.0000000,248.0000000,265
30_090101_130416,D,20090702,000000,245.0000000,245.0000000,241.0000000,242.5400000,40
30_090101_130416,D,20090703,000000,240.2400000,240.2400000,229.9400000,234.0000000,538
30_090101_130416,D,20090706,000000,238.0100000,238.0100000,219.7600000,220.0000000,2.746
30_090101_130416,D,20090707,000000,215.7200000,226.0000000,215.0000000,225.0000000,1.593
30_090101_130416,D,20090708,000000,210.1000000,220.3100000,208.7800000,214.0000000,1.574
30_090101_130416,D,20090709,000000,204.7700000,211.4700000,204.6500000,205.0000000,185
30_090101_130416,D,20090710,000000,205.0000000,209.9900000,202.0000000,202.7600000,3.884
30_090101_130416,D,20090713,000000,210.6300000,228.9700000,205.0000000,206.0300000,3.703
30_090101_130416,D,20090714,000000,229.5000000,229.5000000,210.0000000,210.0000000,340
30_090101_130416,D,20090715,000000,229.9400000,229.9400000,212.1100000,214.0000000,221
30_090101_130416,D,20090716,000000,228.0000000,233.9300000,214.5300000,223.0000000,678
30_090101_130416,D,20090717,000000,225.0000000,225.0000000,224.9800000,224.9900000,568
30_090101_130416,D,20090720,000000,223.1200000,234.1400000,212.0000000,218.0000000,274
30_090101_130416,D,20090721,000000,225.0000000,233.0000000,205.0800000,227.1200000,1.242
30_090101_130416,D,20090722,000000,215.0000000,221.9000000,215.0000000,218.0000000,13
30_090101_130416,D,20090723,000000,221.0000000,222.0000000,220.9900000,221.0000000,43
30_090101_130416,D,20090724,000000,210.0000000,221.9900000,210.0000000,221.0000000,1.258
30_090101_130416,D,20090727,000000,223.0000000,240.0000000,223.0000000,230.0000000,1.853
30_090101_130416,D,20090728,000000,240.0000000,284.2000000,230.0000000,254.9800000,7.164
30_090101_130416,D,20090729,000000,248.0100000,268.9900000,244.9400000,264.9500000,1.166
30_090101_130416,D,20090730,000000,264.9500000,279.0000000,255.0000000,279.0000000,1.052
30_090101_130416,D,20090731,000000,288.0000000,309.9800000,275.0300000,309.9800000,3.442
30_090101_130416,D,20090803,000000,310.0000000,360.0000000,310.0000000,343.0000000,3.386
30_090101_130416,D,20090804,000000,340.0000000,355.0000000,310.0000000,336.1100000,3.101
30_090101_130416,D,20090805,000000,326.5500000,350.0000000,302.0000000,303.0000000,2.520
30_090101_130416,D,20090806,000000,334.0000000,335.0000000,305.0600000,325.0000000,4.213
30_090101_130416,D,20090807,000000,312.0100000,325.0000000,310.1100000,325.0000000,284
30_090101_130416,D,20090810,000000,315.0200000,336.9600000,314.0100000,314.0100000,1.542
30_090101_130416,D,20090811,000000,315.0000000,360.0000000,315.0000000,328.9700000,5.209
30_090101_130416,D,20090812,000000,320.0000000,325.0000000,305.9900000,325.0000000,1.931
30_090101_130416,D,20090813,000000,328.0000000,334.0000000,315.0200000,315.0400000,2.722
30_090101_130416,D,20090814,000000,335.0100000,340.0000000,323.5100000,337.9800000,695
30_090101_130416,D,20090817,000000,330.0000000,330.0000000,312.5000000,320.0000000,1.230
30_090101_130416,D,20090818,000000,320.0000000,320.0000000,312.0000000,319.9500000,1.780
30_090101_130416,D,20090819,000000,312.5200000,315.9900000,312.0000000,315.0000000,269
30_090101_130416,D,20090820,000000,315.5000000,323.9900000,312.6400000,323.0000000,716
30_090101_130416,D,20090821,000000,325.0000000,325.7000000,313.0000000,320.9800000,323
30_090101_130416,D,20090824,000000,323.9900000,325.0000000,320.5000000,323.0000000,4.741
30_090101_130416,D,20090825,000000,324.0000000,329.2000000,324.0000000,329.1900000,449
30_090101_130416,D,20090826,000000,326.0000000,326.8800000,320.0000000,320.0000000,298
30_090101_130416,D,20090827,000000,320.0300000,320.0300000,313.3000000,313.3000000,873
30_090101_130416,D,20090828,000000,327.0000000,336.0000000,317.0900000,324.8700000,416
30_090101_130416,D,20090831,000000,325.9900000,325.9900000,315.1000000,324.9000000,1.062
30_090101_130416,D,20090901,000000,321.0100000,323.8500000,314.0000000,323.8500000,317
30_090101_130416,D,20090902,000000,320.1100000,321.0000000,314.9000000,315.0100000,2.275
30_090101_130416,D,20090903,000000,319.4900000,324.0000000,319.4900000,324.0000000,61
30_090101_130416,D,20090904,000000,315.3500000,330.0000000,312.0000000,326.5000000,933
30_090101_130416,D,20090907,000000,330.0000000,375.0000000,320.1000000,335.0100000,1.181
30_090101_130416,D,20090908,000000,349.1800000,366.9500000,333.3500000,340.0000000,960
30_090101_130416,D,20090909,000000,363.9700000,363.9900000,333.4200000,346.8900000,3.888
30_090101_130416,D,20090910,000000,350.0000000,350.0000000,339.9900000,346.2100000,133
30_090101_130416,D,20090911,000000,346.8600000,374.9800000,342.1400000,354.6000000,1.429
30_090101_130416,D,20090914,000000,330.2000000,355.0000000,330.1000000,348.7600000,120
30_090101_130416,D,20090915,000000,341.3900000,354.9800000,340.0000000,344.0000000,780
30_090101_130416,D,20090916,000000,358.0000000,369.9900000,343.0300000,347.9900000,6.305
30_090101_130416,D,20090917,000000,364.9500000,364.9500000,331.0000000,352.0000000,1.994
30_090101_130416,D,20090921,000000,351.9400000,351.9400000,322.1000000,339.9000000,1.254
30_090101_130416,D,20090922,000000,340.9900000,343.0000000,327.0000000,337.8100000,1.117
30_090101_130416,D,20090923,000000,326.5900000,342.9900000,317.0100000,342.9900000,1.629
30_090101_130416,D,20090924,000000,348.9700000,348.9800000,330.0000000,330.0800000,2.284
30_090101_130416,D,20090925,000000,346.5500000,346.5500000,346.5500000,346.5500000,425
30_090101_130416,D,20090928,000000,346.0000000,348.0000000,320.2000000,339.8900000,2.153
30_090101_130416,D,20090929,000000,339.9900000,339.9900000,339.9800000,339.9900000,40
30_090101_130416,D,20090930,000000,333.0100000,339.9900000,330.0000000,339.9600000,216
30_090101_130416,D,20091001,000000,334.0000000,339.9800000,330.0000000,339.9700000,1.289
30_090101_130416,D,20091002,000000,322.9700000,333.5000000,322.9700000,331.3300000,1.637
30_090101_130416,D,20091005,000000,322.4500000,338.9400000,322.4500000,335.0000000,631
30_090101_130416,D,20091006,000000,346.0000000,400.0000000,340.0000000,400.0000000,17.567
30_090101_130416,D,20091007,000000,401.0000000,433.0000000,380.0000000,398.9900000,11.312
30_090101_130416,D,20091008,000000,418.0000000,448.0000000,400.1200000,444.0000000,10.423
30_090101_130416,D,20091009,000000,430.0000000,459.9700000,430.0000000,445.0000000,2.477
30_090101_130416,D,20091012,000000,440.4600000,455.0000000,430.0000000,440.0000000,3.063
30_090101_130416,D,20091013,000000,431.0300000,454.9500000,421.0700000,428.0000000,2.142
30_090101_130416,D,20091014,000000,470.0000000,470.0000000,430.3400000,434.9200000,832
30_090101_130416,D,20091015,000000,442.0000000,450.0000000,421.0000000,429.8800000,1.773
30_090101_130416,D,20091016,000000,445.0500000,450.2000000,421.2000000,436.9500000,2.992
30_090101_130416,D,20091019,000000,437.0000000,440.0000000,401.0400000,426.0000000,3.953
30_090101_130416,D,20091020,000000,431.3000000,445.0000000,430.0000000,430.0000000,1.629
30_090101_130416,D,20091021,000000,435.9900000,435.9900000,420.0000000,430.0000000,925
30_090101_130416,D,20091022,000000,420.0500000,437.0000000,420.0000000,425.0000000,1.627
30_090101_130416,D,20091023,000000,448.9600000,470.9900000,438.2600000,464.9900000,2.405
30_090101_130416,D,20091026,000000,460.0000000,471.0000000,444.0100000,452.5500000,2.391
30_090101_130416,D,20091027,000000,449.0000000,500.5000000,440.0000000,452.0100000,4.710
30_090101_130416,D,20091028,000000,455.0000000,460.0000000,440.0400000,449.9900000,2.612
30_090101_130416,D,20091029,000000,426.6500000,449.0000000,380.0100000,449.0000000,3.000
30_090101_130416,D,20091030,000000,455.0000000,459.9500000,351.1100000,459.9500000,918
30_090101_130416,D,20091102,000000,449.9500000,457.6000000,431.0900000,457.6000000,482
30_090101_130416,D,20091103,000000,457.5800000,457.5900000,416.0100000,435.0000000,7.970
30_090101_130416,D,20091105,000000,456.9900000,463.9900000,435.1600000,460.0000000,4.311
30_090101_130416,D,20091106,000000,464.0000000,470.0000000,441.0000000,441.1000000,2.737
30_090101_130416,D,20091109,000000,449.7200000,449.7900000,443.0100000,449.7600000,2.714
30_090101_130416,D,20091110,000000,459.5000000,460.0000000,443.3000000,443.3000000,649
30_090101_130416,D,20091111,000000,444.0100000,461.5000000,442.5000000,453.0000000,727
30_090101_130416,D,20091112,000000,455.0000000,466.4900000,440.0000000,466.4900000,4.737
30_090101_130416,D,20091113,000000,460.0000000,464.9900000,459.4900000,464.5000000,466
30_090101_130416,D,20091116,000000,465.0000000,500.0000000,460.0100000,469.1600000,7.007
30_090101_130416,D,20091117,000000,465.0000000,477.9000000,464.9900000,465.0000000,256
30_090101_130416,D,20091118,000000,466.0000000,484.9900000,466.0000000,467.0000000,7.149
30_090101_130416,D,20091119,000000,466.0100000,480.0000000,461.9900000,465.0000000,6.767
30_090101_130416,D,20091120,000000,465.0100000,468.0000000,460.0000000,468.0000000,2.110
30_090101_130416,D,20091123,000000,470.0000000,474.0000000,460.0000000,474.0000000,404
30_090101_130416,D,20091124,000000,470.0000000,470.0000000,465.0300000,470.0000000,334
30_090101_130416,D,20091125,000000,474.9900000,475.0000000,460.0000000,460.0300000,8.446
30_090101_130416,D,20091126,000000,475.0000000,475.0000000,460.0000000,470.0000000,4.256
30_090101_130416,D,20091127,000000,465.0000000,470.0000000,450.0100000,470.0000000,6.466
30_090101_130416,D,20091130,000000,470.0000000,470.0000000,460.0000000,460.0000000,361
30_090101_130416,D,20091201,000000,470.0000000,470.0000000,460.0000000,470.0000000,3.724
30_090101_130416,D,20091202,000000,461.2500000,470.9500000,460.0000000,462.0000000,75
30_090101_130416,D,20091203,000000,455.0000000,470.0000000,455.0000000,456.0300000,929
30_090101_130416,D,20091204,000000,457.0000000,460.0000000,456.0000000,460.0000000,856
30_090101_130416,D,20091207,000000,460.0000000,460.0100000,460.0000000,460.0000000,281
30_090101_130416,D,20091208,000000,460.0100000,465.0000000,455.0000000,465.0000000,2.659
30_090101_130416,D,20091209,000000,465.0000000,465.0000000,460.0000000,460.0000000,668
30_090101_130416,D,20091210,000000,461.0000000,470.0000000,455.0100000,470.0000000,202
30_090101_130416,D,20091211,000000,468.9900000,468.9900000,455.0000000,455.0000000,58
30_090101_130416,D,20091214,000000,455.1600000,455.1600000,450.0000000,455.0000000,136
30_090101_130416,D,20091215,000000,455.0000000,458.8900000,450.0000000,458.8900000,574
30_090101_130416,D,20091216,000000,455.0100000,455.0100000,450.0000000,455.0000000,1.654
30_090101_130416,D,20091217,000000,456.0000000,463.0000000,456.0000000,462.0000000,211
30_090101_130416,D,20091218,000000,460.0100000,465.0000000,450.5000000,459.9000000,2.363
30_090101_130416,D,20091221,000000,463.0000000,465.0000000,458.5000000,458.5000000,1.899
30_090101_130416,D,20091222,000000,461.0000000,465.0000000,445.0000000,465.0000000,3.796
30_090101_130416,D,20091223,000000,463.0000000,463.0000000,463.0000000,463.0000000,15
30_090101_130416,D,20091224,000000,468.9000000,468.9000000,463.0000000,463.0000000,79
30_090101_130416,D,20091225,000000,462.9900000,462.9900000,442.0000000,453.0000000,865
30_090101_130416,D,20091228,000000,455.0000000,456.2600000,449.4300000,456.2600000,506
30_090101_130416,D,20091229,000000,461.9900000,461.9900000,452.0000000,461.0000000,194
30_090101_130416,D,20091230,000000,445.0300000,457.9700000,442.0000000,449.0000000,469
30_090101_130416,D,20091231,000000,446.0100000,457.9900000,445.0000000,457.9900000,22
30_090101_130416,D,20100111,000000,464.9900000,469.9900000,458.0700000,458.0700000,139
30_090101_130416,D,20100112,000000,469.0000000,469.0000000,449.9400000,450.0200000,678
30_090101_130416,D,20100113,000000,455.7700000,474.9900000,453.0000000,470.0000000,5.219
30_090101_130416,D,20100114,000000,469.0000000,470.0000000,460.0000000,465.0000000,2.411
30_090101_130416,D,20100115,000000,455.5700000,470.0000000,422.2400000,470.0000000,2.322
30_090101_130416,D,20100118,000000,470.0000000,478.8900000,460.0300000,471.0300000,4.042
30_090101_130416,D,20100119,000000,478.0000000,494.9900000,473.0400000,480.0000000,2.422
30_090101_130416,D,20100120,000000,480.0000000,485.0000000,473.1000000,484.9000000,5.219
30_090101_130416,D,20100121,000000,485.0000000,547.9800000,485.0000000,525.2000000,8.496
30_090101_130416,D,20100122,000000,525.2000000,529.9800000,520.0000000,527.9900000,2.782
30_090101_130416,D,20100125,000000,523.8200000,527.4800000,505.0100000,518.9000000,647
30_090101_130416,D,20100126,000000,519.8000000,519.8000000,485.0100000,490.0100000,2.826
30_090101_130416,D,20100127,000000,491.0000000,500.0000000,478.3200000,500.0000000,653
30_090101_130416,D,20100128,000000,500.6000000,535.0000000,492.1300000,519.0000000,2.214
30_090101_130416,D,20100129,000000,507.7900000,518.9900000,496.0000000,518.9900000,2.280
30_090101_130416,D,20100201,000000,509.9500000,520.0000000,500.0000000,518.9900000,3.500
30_090101_130416,D,20100202,000000,507.3800000,530.0000000,501.0000000,525.4500000,4.091
30_090101_130416,D,20100203,000000,528.9900000,535.0000000,518.0000000,518.0000000,3.983
30_090101_130416,D,20100204,000000,524.9900000,525.0000000,503.2000000,510.0000000,990
30_090101_130416,D,20100205,000000,508.9900000,510.0000000,495.0000000,505.0000000,4.231
30_090101_130416,D,20100208,000000,500.0000000,502.0000000,480.0000000,495.0000000,924
30_090101_130416,D,20100209,000000,515.0000000,515.0000000,497.7700000,500.0000000,1.091
30_090101_130416,D,20100210,000000,512.9100000,514.9900000,505.0000000,505.0100000,1.335
30_090101_130416,D,20100211,000000,515.0000000,515.0000000,500.0000000,505.0000000,312
30_090101_130416,D,20100212,000000,515.0000000,545.4000000,496.0000000,500.0000000,3.682
30_090101_130416,D,20100215,000000,505.2900000,505.2900000,476.6800000,500.0000000,142
30_090101_130416,D,20100216,000000,500.0000000,518.9800000,477.2600000,515.0000000,6.523
30_090101_130416,D,20100217,000000,510.0100000,524.9900000,505.0000000,518.9600000,3.273
30_090101_130416,D,20100218,000000,514.0000000,514.0000000,513.0000000,513.0000000,232
30_090101_130416,D,20100219,000000,513.0000000,516.0000000,505.0000000,516.0000000,156
30_090101_130416,D,20100224,000000,513.0000000,519.9000000,499.9900000,519.4100000,355
30_090101_130416,D,20100225,000000,511.1600000,519.6700000,504.9900000,513.9900000,829
30_090101_130416,D,20100226,000000,519.6900000,519.6900000,500.0000000,513.9800000,192
30_090101_130416,D,20100227,000000,510.0100000,519.5500000,510.0100000,510.0500000,191
30_090101_130416,D,20100301,000000,519.6700000,523.0000000,513.0100000,523.0000000,1.577
30_090101_130416,D,20100302,000000,523.0000000,530.0000000,515.4000000,530.0000000,375
30_090101_130416,D,20100303,000000,528.9900000,533.0000000,515.3900000,515.4000000,1.066
30_090101_130416,D,20100304,000000,525.0000000,535.0000000,520.0000000,524.5000000,2.186
30_090101_130416,D,20100305,000000,534.9900000,540.0000000,525.0000000,525.0000000,4.296
30_090101_130416,D,20100309,000000,525.0000000,530.0000000,515.0000000,530.0000000,615
30_090101_130416,D,20100310,000000,535.0000000,535.0000000,535.0000000,535.0000000,115
30_090101_130416,D,20100311,000000,537.0000000,544.9900000,530.0100000,541.4900000,21.063
30_090101_130416,D,20100312,000000,535.0000000,582.0000000,515.0200000,565.0000000,35.695
30_090101_130416,D,20100315,000000,569.0000000,577.0000000,555.0000000,559.9600000,4.768
30_090101_130416,D,20100316,000000,569.9600000,589.9700000,556.0700000,587.9600000,8.683
30_090101_130416,D,20100317,000000,589.9900000,590.0000000,575.0000000,580.0000000,1.724
30_090101_130416,D,20100318,000000,588.7000000,588.7900000,575.0100000,584.6700000,2.346
30_090101_130416,D,20100319,000000,595.3200000,595.3200000,575.0000000,583.9900000,632
30_090101_130416,D,20100322,000000,580.0000000,590.0000000,567.1000000,584.4300000,1.334
30_090101_130416,D,20100323,000000,593.3300000,593.3300000,579.9800000,588.9900000,178
30_090101_130416,D,20100324,000000,570.0300000,586.0000000,570.0100000,570.0100000,512
30_090101_130416,D,20100325,000000,580.0000000,580.0000000,569.9900000,573.4000000,2.982
30_090101_130416,D,20100326,000000,577.7500000,580.0000000,572.0100000,579.9000000,279
30_090101_130416,D,20100329,000000,580.0000000,580.0000000,565.0000000,580.0000000,809
30_090101_130416,D,20100330,000000,580.0000000,580.0100000,571.0000000,571.0000000,319
30_090101_130416,D,20100331,000000,563.0100000,577.9900000,563.0100000,575.0000000,788
30_090101_130416,D,20100401,000000,579.9500000,585.0000000,575.0200000,575.0200000,2.006
30_090101_130416,D,20100402,000000,568.0700000,585.0000000,568.0700000,585.0000000,5.697
30_090101_130416,D,20100405,000000,570.0000000,584.0000000,570.0000000,575.0000000,2.025
30_090101_130416,D,20100406,000000,572.0100000,585.0000000,572.0100000,580.0000000,911
30_090101_130416,D,20100407,000000,577.0000000,582.0000000,565.0000000,565.0000000,4.284
30_090101_130416,D,20100408,000000,560.0000000,583.0000000,555.0200000,580.8000000,1.457
30_090101_130416,D,20100409,000000,575.0000000,575.0800000,567.5000000,575.0800000,613
30_090101_130416,D,20100412,000000,575.1000000,582.0000000,560.0000000,568.0600000,572
30_090101_130416,D,20100413,000000,563.1100000,579.7800000,563.0600000,570.0000000,279
30_090101_130416,D,20100414,000000,576.8000000,600.0000000,567.8100000,588.8400000,2.159
30_090101_130416,D,20100415,000000,600.0000000,630.0000000,582.0000000,619.9800000,32.029
30_090101_130416,D,20100416,000000,620.0000000,620.0000000,605.0000000,605.0000000,3.986
30_090101_130416,D,20100419,000000,604.4000000,615.0000000,577.9900000,586.0000000,2.851
30_090101_130416,D,20100420,000000,599.9700000,604.5700000,585.5600000,604.0000000,387
30_090101_130416,D,20100421,000000,592.2500000,600.0100000,590.0000000,590.0100000,558
30_090101_130416,D,20100422,000000,604.5600000,700.0000000,604.5600000,700.0000000,21.912
30_090101_130416,D,20100423,000000,707.0000000,748.0000000,672.0000000,719.9900000,8.317
30_090101_130416,D,20100426,000000,729.9900000,748.3700000,683.0300000,734.2900000,2.848
30_090101_130416,D,20100427,000000,726.9900000,737.0000000,705.0000000,719.8800000,3.674
30_090101_130416,D,20100428,000000,700.0200000,707.0000000,678.0000000,700.0000000,3.235
30_090101_130416,D,20100429,000000,688.6900000,720.0000000,680.0000000,697.0000000,1.062
30_090101_130416,D,20100430,000000,680.0000000,719.8200000,680.0000000,684.5500000,47
30_090101_130416,D,20100504,000000,654.2600000,685.0000000,645.0000000,670.0100000,2.917
30_090101_130416,D,20100505,000000,669.0000000,680.0600000,645.5800000,662.0000000,658
30_090101_130416,D,20100506,000000,697.9900000,697.9900000,645.5100000,646.5800000,846
30_090101_130416,D,20100507,000000,621.5400000,655.0000000,570.0000000,600.0000000,3.404
30_090101_130416,D,20100511,000000,612.1300000,627.9900000,600.0100000,601.7700000,474
30_090101_130416,D,20100512,000000,624.9800000,624.9900000,601.7700000,624.9900000,94
30_090101_130416,D,20100513,000000,625.0400000,680.0000000,606.3100000,619.8000000,196
30_090101_130416,D,20100514,000000,612.0000000,624.9800000,591.0200000,610.0000000,166
30_090101_130416,D,20100517,000000,591.0000000,638.4300000,591.0000000,602.1000000,173
30_090101_130416,D,20100518,000000,636.8500000,636.8500000,601.0400000,623.8600000,171
30_090101_130416,D,20100519,000000,591.0000000,620.9900000,591.0000000,600.0100000,1.780
30_090101_130416,D,20100520,000000,600.0000000,600.0000000,568.5000000,573.8700000,265
30_090101_130416,D,20100521,000000,568.5000000,599.0000000,535.0000000,586.0000000,979
30_090101_130416,D,20100524,000000,598.8800000,606.9100000,551.0000000,606.9100000,8
30_090101_130416,D,20100525,000000,544.0500000,604.9900000,512.0000000,520.0000000,3.525
30_090101_130416,D,20100526,000000,505.0300000,540.0000000,505.0300000,535.0000000,1.837
30_090101_130416,D,20100527,000000,536.8900000,542.4700000,520.0600000,539.9900000,428
30_090101_130416,D,20100528,000000,543.1800000,560.1100000,543.1800000,545.0000000,169
30_090101_130416,D,20100531,000000,533.0000000,592.0000000,512.1600000,580.0000000,672
30_090101_130416,D,20100601,000000,553.0000000,574.0000000,533.0200000,574.0000000,1.403
30_090101_130416,D,20100602,000000,574.0000000,574.0000000,535.5700000,550.0000000,1.630
30_090101_130416,D,20100603,000000,550.0000000,579.8000000,545.1300000,554.0200000,8.322
30_090101_130416,D,20100604,000000,549.9900000,559.9900000,540.0000000,541.0700000,1.563
30_090101_130416,D,20100607,000000,540.0000000,540.0000000,507.0800000,520.0000000,1.194
30_090101_130416,D,20100608,000000,521.1200000,521.1200000,499.9900000,509.9600000,2.879
30_090101_130416,D,20100609,000000,518.9900000,519.9500000,518.9900000,519.0000000,31
30_090101_130416,D,20100610,000000,507.1800000,517.7700000,505.5000000,512.7300000,775
30_090101_130416,D,20100611,000000,515.0000000,524.9400000,500.0000000,500.0200000,2.633
30_090101_130416,D,20100615,000000,505.7800000,514.9900000,500.0500000,514.9900000,37
30_090101_130416,D,20100616,000000,514.9800000,515.0000000,510.0000000,510.0000000,1.296
30_090101_130416,D,20100617,000000,510.0000000,515.0000000,510.0000000,515.0000000,415
30_090101_130416,D,20100618,000000,518.8800000,620.0000000,518.8800000,546.0100000,4.252
30_090101_130416,D,20100621,000000,537.1700000,608.9900000,536.0200000,600.0000000,6.549
30_090101_130416,D,20100622,000000,574.0800000,604.8000000,574.0000000,599.9900000,726
30_090101_130416,D,20100623,000000,569.0100000,598.9700000,569.0000000,577.0200000,895
30_090101_130416,D,20100624,000000,578.5800000,600.0000000,576.0000000,597.9900000,638
30_090101_130416,D,20100625,000000,598.9400000,598.9400000,561.0200000,564.0000000,1.005
30_090101_130416,D,20100628,000000,574.0900000,609.9900000,574.0900000,586.5100000,1.192
30_090101_130416,D,20100629,000000,578.5800000,599.9600000,578.5800000,598.9900000,629
30_090101_130416,D,20100630,000000,598.0000000,600.6500000,571.0000000,587.6900000,1.152
30_090101_130416,D,20100701,000000,563.0000000,579.9900000,521.0000000,521.0000000,4.279
30_090101_130416,D,20100702,000000,558.0000000,558.8500000,520.0000000,528.0800000,51
30_090101_130416,D,20100705,000000,561.2400000,561.2400000,531.1100000,531.1100000,6
30_090101_130416,D,20100706,000000,559.0000000,559.0000000,540.0000000,544.5500000,214
30_090101_130416,D,20100707,000000,547.9800000,547.9800000,520.2100000,547.8900000,9
30_090101_130416,D,20100708,000000,560.0000000,560.0000000,540.0100000,548.9800000,788
30_090101_130416,D,20100709,000000,547.0000000,547.0000000,547.0000000,547.0000000,1
30_090101_130416,D,20100712,000000,547.0000000,547.0000000,540.0000000,540.0000000,11
30_090101_130416,D,20100713,000000,547.7000000,547.7700000,527.6800000,528.0000000,229
30_090101_130416,D,20100714,000000,548.9900000,554.9900000,532.3900000,532.3900000,96
30_090101_130416,D,20100715,000000,569.9700000,569.9700000,520.0000000,520.0000000,523
30_090101_130416,D,20100716,000000,544.4400000,544.4400000,525.7800000,525.7800000,44
30_090101_130416,D,20100719,000000,549.9600000,549.9600000,549.9400000,549.9400000,6
30_090101_130416,D,20100720,000000,547.9000000,547.9000000,525.0500000,525.1000000,13
30_090101_130416,D,20100721,000000,544.4300000,554.9600000,535.1000000,554.9600000,312
30_090101_130416,D,20100722,000000,535.0500000,542.0000000,520.0000000,542.0000000,385
30_090101_130416,D,20100723,000000,546.0000000,561.3800000,531.1300000,543.0000000,27
30_090101_130416,D,20100726,000000,550.0000000,550.0000000,525.0000000,540.0000000,815
30_090101_130416,D,20100727,000000,544.4300000,544.4300000,525.1300000,536.8700000,238
30_090101_130416,D,20100728,000000,550.0000000,561.3400000,535.0000000,535.0000000,29
30_090101_130416,D,20100729,000000,550.0000000,550.0000000,520.0000000,536.9000000,1.432
30_090101_130416,D,20100730,000000,525.7300000,549.0000000,525.7300000,548.9800000,11
30_090101_130416,D,20100802,000000,549.4400000,549.4500000,545.0000000,545.0000000,58
30_090101_130416,D,20100803,000000,535.0300000,545.0000000,525.0800000,544.9600000,346
30_090101_130416,D,20100804,000000,531.1100000,545.0000000,530.0000000,539.9900000,870
30_090101_130416,D,20100805,000000,535.0000000,540.0000000,535.0000000,539.9900000,106
30_090101_130416,D,20100806,000000,540.0000000,555.0000000,540.0000000,544.9900000,1.444
30_090101_130416,D,20100809,000000,544.8000000,566.5500000,544.6900000,560.0000000,243
30_090101_130416,D,20100810,000000,549.0000000,558.9900000,535.0300000,558.9900000,198
30_090101_130416,D,20100811,000000,535.3600000,599.9900000,535.3500000,557.0000000,1.277
30_090101_130416,D,20100812,000000,540.0000000,564.9800000,534.8800000,534.8800000,1.180
30_090101_130416,D,20100813,000000,541.1600000,549.9000000,532.5000000,547.4700000,1.610
30_090101_130416,D,20100816,000000,553.9800000,554.9700000,543.0400000,543.0400000,75
30_090101_130416,D,20100817,000000,548.4700000,549.9800000,537.6700000,549.9800000,136
30_090101_130416,D,20100818,000000,549.8900000,550.0000000,535.3700000,536.3400000,162
30_090101_130416,D,20100819,000000,538.7300000,559.9900000,538.7300000,549.0000000,596
30_090101_130416,D,20100820,000000,559.5600000,565.0000000,536.3500000,565.0000000,160
30_090101_130416,D,20100823,000000,579.9800000,579.9800000,545.1100000,545.1100000,752
30_090101_130416,D,20100824,000000,558.9800000,558.9800000,530.0000000,549.8400000,537
30_090101_130416,D,20100825,000000,524.0600000,549.9800000,522.0300000,532.8200000,694
30_090101_130416,D,20100826,000000,521.0200000,532.8200000,520.0000000,523.0000000,436
30_090101_130416,D,20100827,000000,531.1000000,532.8200000,524.5000000,524.5000000,20
30_090101_130416,D,20100830,000000,535.6900000,535.6900000,520.0100000,524.2100000,104
30_090101_130416,D,20100831,000000,520.0000000,535.0000000,511.0000000,522.2300000,3.529
30_090101_130416,D,20100901,000000,535.5400000,535.5400000,532.0000000,532.0000000,3
30_090101_130416,D,20100902,000000,535.5800000,539.0000000,515.0000000,527.5100000,809
30_090101_130416,D,20100903,000000,518.0800000,538.9900000,500.0000000,536.8900000,247
30_090101_130416,D,20100906,000000,538.1700000,548.0000000,528.0300000,548.0000000,991
30_090101_130416,D,20100907,000000,538.1800000,538.1800000,525.0700000,533.1000000,271
30_090101_130416,D,20100908,000000,537.9900000,550.0000000,537.9900000,543.6200000,23
30_090101_130416,D,20100909,000000,544.3100000,599.9500000,538.2300000,569.9100000,2.394
30_090101_130416,D,20100910,000000,579.5700000,579.5700000,550.0700000,550.3300000,856
30_090101_130416,D,20100913,000000,555.0000000,559.9900000,555.0000000,559.9900000,117
30_090101_130416,D,20100914,000000,550.3200000,559.5900000,550.0000000,555.0000000,4.256
30_090101_130416,D,20100915,000000,550.0000000,575.0000000,540.0000000,550.0000000,689
30_090101_130416,D,20100916,000000,560.9500000,576.9900000,552.5300000,569.6900000,601
30_090101_130416,D,20100917,000000,575.9900000,575.9900000,550.0000000,560.0500000,1.864
30_090101_130416,D,20100920,000000,560.0000000,560.0000000,551.0000000,553.9900000,1.420
30_090101_130416,D,20100921,000000,559.7900000,570.0000000,559.7900000,570.0000000,429
30_090101_130416,D,20100922,000000,561.0000000,570.0000000,552.0000000,568.9900000,600
30_090101_130416,D,20100923,000000,572.2800000,572.2800000,561.0100000,562.0000000,140
30_090101_130416,D,20100924,000000,569.9900000,569.9900000,561.5000000,561.5000000,219
30_090101_130416,D,20100927,000000,561.0100000,569.6900000,555.0000000,566.6200000,451
30_090101_130416,D,20100928,000000,561.0100000,566.6200000,545.0000000,559.9900000,702
30_090101_130416,D,20100929,000000,565.0000000,566.6300000,555.5000000,560.0000000,259
30_090101_130416,D,20100930,000000,556.0000000,620.0000000,555.4600000,566.6300000,2.145
30_090101_130416,D,20101001,000000,572.3000000,574.9600000,561.0300000,567.5900000,1.374
30_090101_130416,D,20101004,000000,561.0300000,573.0800000,553.2400000,566.6500000,219
30_090101_130416,D,20101005,000000,567.0100000,572.0800000,555.0300000,560.9900000,1.162
30_090101_130416,D,20101006,000000,566.6400000,575.0000000,563.0000000,563.0000000,1.871
30_090101_130416,D,20101007,000000,563.0000000,563.0000000,540.0000000,561.0300000,664
30_090101_130416,D,20101008,000000,566.6400000,570.3000000,562.5600000,562.5600000,12
30_090101_130416,D,20101011,000000,570.7500000,570.7500000,556.0000000,566.6400000,1.068
30_090101_130416,D,20101012,000000,561.0400000,569.9700000,559.0000000,569.9700000,251
30_090101_130416,D,20101013,000000,569.9800000,579.9900000,563.0500000,575.0000000,714
30_090101_130416,D,20101014,000000,572.5200000,572.5200000,563.6400000,569.9900000,1.056
30_090101_130416,D,20101015,000000,572.3300000,582.8400000,563.6800000,563.6800000,5
30_090101_130416,D,20101018,000000,570.0000000,570.0000000,561.0000000,566.6700000,1.809
30_090101_130416,D,20101019,000000,561.5600000,565.0000000,561.5600000,563.7500000,989
30_090101_130416,D,20101020,000000,555.5500000,564.9900000,555.0000000,563.6200000,1.274
30_090101_130416,D,20101021,000000,556.1600000,565.9900000,555.0000000,559.9900000,1.134
30_090101_130416,D,20101022,000000,556.0000000,566.6700000,555.7500000,559.9900000,572
30_090101_130416,D,20101025,000000,559.9000000,570.0000000,559.9000000,564.5000000,1.219
30_090101_130416,D,20101026,000000,572.3400000,574.4400000,557.1200000,560.0000000,1.541
30_090101_130416,D,20101027,000000,560.0000000,564.6900000,555.6300000,564.1600000,2.034
30_090101_130416,D,20101028,000000,556.3500000,560.8700000,552.0000000,554.4300000,1.201
30_090101_130416,D,20101029,000000,561.0600000,564.9100000,556.7000000,556.7000000,40
30_090101_130416,D,20101101,000000,559.9700000,560.0000000,556.6000000,560.0000000,1.115
30_090101_130416,D,20101102,000000,555.5500000,567.6700000,555.5500000,561.1500000,1.307
30_090101_130416,D,20101103,000000,569.9800000,582.8500000,567.0000000,567.0000000,39
30_090101_130416,D,20101108,000000,572.3500000,590.9500000,566.7200000,573.8800000,2.279
30_090101_130416,D,20101109,000000,574.8000000,579.0000000,574.8000000,579.0000000,700
30_090101_130416,D,20101110,000000,572.3900000,574.7000000,566.5000000,574.4700000,414
30_090101_130416,D,20101111,000000,574.0000000,574.7900000,560.0000000,569.9900000,1.455
30_090101_130416,D,20101112,000000,565.0000000,570.0000000,550.1200000,562.9400000,2.755
30_090101_130416,D,20101113,000000,561.3400000,565.9600000,561.1500000,564.4600000,385
30_090101_130416,D,20101115,000000,571.7700000,573.6600000,564.1700000,572.0000000,184
30_090101_130416,D,20101116,000000,566.7200000,572.3800000,556.0000000,569.9900000,1.081
30_090101_130416,D,20101117,000000,561.6200000,568.2600000,561.6200000,564.9900000,100
30_090101_130416,D,20101118,000000,571.7600000,571.7600000,558.0000000,566.9900000,450
30_090101_130416,D,20101119,000000,570.0000000,570.0000000,563.0000000,563.0000000,601
30_090101_130416,D,20101122,000000,569.0000000,574.7500000,560.0000000,563.9900000,206
30_090101_130416,D,20101123,000000,556.0100000,563.9500000,556.0000000,562.9800000,58
30_090101_130416,D,20101124,000000,564.0000000,574.9000000,558.0000000,564.3000000,3.195
30_090101_130416,D,20101125,000000,562.9800000,562.9900000,560.0400000,560.0400000,530
30_090101_130416,D,20101126,000000,562.9900000,562.9900000,555.0000000,555.0000000,1.214
30_090101_130416,D,20101129,000000,559.9900000,559.9900000,552.0600000,557.9600000,139
30_090101_130416,D,20101130,000000,556.5000000,556.5000000,550.1500000,550.1500000,812
30_090101_130416,D,20101201,000000,550.0700000,552.0100000,521.0200000,540.0000000,6.624
30_090101_130416,D,20101202,000000,540.0000000,540.0000000,526.0000000,539.9900000,3.656
30_090101_130416,D,20101203,000000,537.0000000,550.0000000,528.0000000,535.0000000,8.306
30_090101_130416,D,20101206,000000,530.0000000,537.8900000,529.0000000,536.9900000,3.254
30_090101_130416,D,20101207,000000,537.0000000,544.4400000,535.2000000,539.0000000,548
30_090101_130416,D,20101208,000000,539.9900000,549.9600000,532.0100000,549.9600000,991
30_090101_130416,D,20101209,000000,549.0000000,552.0000000,543.0000000,547.0000000,2.456
30_090101_130416,D,20101210,000000,562.5200000,575.0000000,541.1200000,574.9000000,5.859
30_090101_130416,D,20101213,000000,574.9000000,590.0000000,560.0000000,575.0000000,1.534
30_090101_130416,D,20101214,000000,575.0000000,578.9900000,571.0000000,576.9000000,262
30_090101_130416,D,20101215,000000,565.6500000,576.0000000,560.0000000,561.0100000,747
30_090101_130416,D,20101216,000000,567.4000000,573.5400000,560.5000000,565.0300000,272
30_090101_130416,D,20101217,000000,566.6600000,571.8800000,556.0000000,556.0100000,1.491
30_090101_130416,D,20101220,000000,560.0700000,567.8400000,549.9900000,558.7100000,2.100
30_090101_130416,D,20101221,000000,561.0500000,561.1300000,550.1100000,556.9500000,301
30_090101_130416,D,20101222,000000,550.2300000,580.0000000,550.2000000,579.9400000,1.352
30_090101_130416,D,20101223,000000,574.5500000,579.9000000,561.7700000,578.0000000,2.103
30_090101_130416,D,20101224,000000,574.9000000,578.0000000,566.8200000,576.0000000,452
30_090101_130416,D,20101227,000000,569.0000000,569.0000000,565.0000000,565.0000000,357
30_090101_130416,D,20101228,000000,569.9800000,569.9800000,550.0000000,557.4900000,736
30_090101_130416,D,20101229,000000,555.9100000,568.0000000,555.9100000,568.0000000,459
30_090101_130416,D,20101230,000000,560.0100000,567.0000000,559.9900000,564.9800000,71
30_090101_130416,D,20110111,000000,555.2100000,584.9900000,550.0000000,558.2600000,5.413
30_090101_130416,D,20110112,000000,569.3900000,569.3900000,558.0900000,561.7200000,311
30_090101_130416,D,20110113,000000,559.0400000,566.5200000,559.0100000,566.5200000,517
30_090101_130416,D,20110114,000000,558.6100000,564.9000000,558.6000000,564.9000000,751
30_090101_130416,D,20110117,000000,564.9000000,569.8400000,560.0600000,569.3600000,115
30_090101_130416,D,20110118,000000,560.7300000,565.9300000,558.6800000,565.9300000,57
30_090101_130416,D,20110119,000000,565.9800000,569.9200000,560.0000000,566.9900000,574
30_090101_130416,D,20110120,000000,566.7600000,566.9900000,559.0700000,559.0700000,68
30_090101_130416,D,20110121,000000,560.0200000,561.9000000,555.0000000,559.9700000,56
30_090101_130416,D,20110124,000000,560.0000000,568.0300000,554.0000000,565.5900000,371
30_090101_130416,D,20110125,000000,567.8600000,567.8600000,567.8600000,567.8600000,10
30_090101_130416,D,20110126,000000,557.2200000,560.8000000,554.9800000,555.0000000,636
30_090101_130416,D,20110127,000000,554.0200000,558.3500000,550.0000000,550.0600000,1.428
30_090101_130416,D,20110128,000000,558.2400000,558.2400000,545.2300000,550.0300000,264
30_090101_130416,D,20110131,000000,535.5600000,553.4900000,535.5600000,553.3600000,21
30_090101_130416,D,20110201,000000,550.0000000,563.0900000,550.0000000,563.0900000,93
30_090101_130416,D,20110202,000000,569.0000000,569.0000000,550.0700000,552.0000000,338
30_090101_130416,D,20110203,000000,550.0600000,564.0000000,545.0100000,558.2900000,2.219
30_090101_130416,D,20110204,000000,545.7500000,561.0100000,545.7500000,550.0000000,96
30_090101_130416,D,20110207,000000,544.4800000,561.0400000,544.4800000,556.4400000,51
30_090101_130416,D,20110208,000000,549.0900000,554.7000000,544.5000000,545.1400000,122
30_090101_130416,D,20110209,000000,550.0000000,550.0200000,525.2500000,541.9800000,163
30_090101_130416,D,20110210,000000,541.1100000,550.0000000,530.0000000,530.0000000,805
30_090101_130416,D,20110211,000000,547.9800000,547.9800000,547.9800000,547.9800000,1
30_090101_130416,D,20110214,000000,530.1800000,540.4600000,530.1800000,540.4600000,578
30_090101_130416,D,20110215,000000,549.0000000,549.0000000,549.0000000,549.0000000,6
30_090101_130416,D,20110216,000000,528.7200000,550.0400000,528.7000000,532.0000000,1.230
30_090101_130416,D,20110217,000000,545.9500000,549.9900000,529.7700000,540.0000000,426
30_090101_130416,D,20110218,000000,529.9900000,536.1400000,529.9900000,536.1400000,277
30_090101_130416,D,20110221,000000,531.1300000,542.9600000,528.0600000,528.0600000,3.653
30_090101_130416,D,20110222,000000,538.9200000,549.9500000,538.9200000,545.0000000,30
30_090101_130416,D,20110224,000000,532.0700000,540.0000000,532.0700000,540.0000000,109
30_090101_130416,D,20110225,000000,526.0200000,540.0000000,520.0000000,540.0000000,1.194
30_090101_130416,D,20110228,000000,535.0200000,539.9900000,530.0000000,530.0200000,1.061
30_090101_130416,D,20110301,000000,530.2000000,535.0000000,525.0000000,535.0000000,560
30_090101_130416,D,20110302,000000,522.5000000,525.3000000,521.0000000,525.3000000,320
30_090101_130416,D,20110303,000000,501.4000000,534.6000000,501.4000000,520.0000000,500
30_090101_130416,D,20110304,000000,529.5000000,529.6000000,519.0000000,519.0000000,620
30_090101_130416,D,20110305,000000,539.5000000,539.5000000,515.0000000,528.5000000,270
30_090101_130416,D,20110309,000000,510.3000000,522.9000000,508.9000000,513.3000000,1.260
30_090101_130416,D,20110310,000000,510.1000000,512.9000000,510.0000000,512.9000000,200
30_090101_130416,D,20110311,000000,504.1000000,514.9000000,500.0000000,503.1000000,1.440
30_090101_130416,D,20110314,000000,503.2000000,509.5000000,502.9000000,509.5000000,400
30_090101_130416,D,20110315,000000,503.1000000,504.9000000,490.0000000,490.0000000,1.360
30_090101_130416,D,20110316,000000,490.1000000,496.3000000,480.0000000,480.0000000,3.590
30_090101_130416,D,20110317,000000,480.2000000,496.3000000,470.0000000,484.2000000,7.740
30_090101_130416,D,20110318,000000,475.4000000,494.0000000,471.0000000,473.1000000,1.310
30_090101_130416,D,20110321,000000,498.5000000,498.6000000,493.0000000,493.9000000,190
30_090101_130416,D,20110322,000000,497.1000000,498.9000000,474.6000000,498.9000000,280
30_090101_130416,D,20110323,000000,475.9000000,500.0000000,475.9000000,500.0000000,2.590
30_090101_130416,D,20110324,000000,509.9000000,510.0000000,490.0000000,490.0000000,540
30_090101_130416,D,20110325,000000,509.9000000,509.9000000,485.5000000,496.8000000,2.080
30_090101_130416,D,20110328,000000,498.0000000,500.0000000,494.8000000,500.0000000,210
30_090101_130416,D,20110329,000000,498.0000000,498.0000000,486.0000000,490.0000000,1.690
30_090101_130416,D,20110330,000000,490.0000000,499.9000000,490.0000000,499.9000000,1.330
30_090101_130416,D,20110331,000000,491.1000000,504.0000000,491.0000000,500.0000000,2.580
30_090101_130416,D,20110401,000000,505.0000000,505.0000000,505.0000000,505.0000000,10
30_090101_130416,D,20110404,000000,500.0000000,501.0000000,500.0000000,501.0000000,740
30_090101_130416,D,20110405,000000,506.1000000,509.0000000,501.3000000,509.0000000,400
30_090101_130416,D,20110406,000000,501.1000000,510.0000000,501.1000000,505.3000000,5.210
30_090101_130416,D,20110407,000000,505.1000000,505.1000000,503.0000000,504.0000000,1.830
30_090101_130416,D,20110408,000000,509.9000000,510.0000000,505.0000000,510.0000000,2.690
30_090101_130416,D,20110411,000000,506.2000000,506.2000000,500.0000000,505.0000000,1.070
30_090101_130416,D,20110412,000000,503.0000000,503.0000000,503.0000000,503.0000000,550
30_090101_130416,D,20110413,000000,495.1000000,495.1000000,495.0000000,495.0000000,20
30_090101_130416,D,20110414,000000,500.0000000,500.0000000,499.9000000,500.0000000,760
30_090101_130416,D,20110415,000000,507.9000000,508.0000000,502.2000000,502.2000000,1.420
30_090101_130416,D,20110418,000000,505.0000000,528.0000000,505.0000000,505.0000000,3.940
30_090101_130416,D,20110419,000000,500.1000000,505.0000000,496.0000000,505.0000000,530
30_090101_130416,D,20110420,000000,511.9000000,514.0000000,511.4000000,514.0000000,490
30_090101_130416,D,20110421,000000,502.7000000,510.0000000,502.0000000,510.0000000,440
30_090101_130416,D,20110422,000000,522.7000000,522.7000000,512.8000000,512.8000000,140
30_090101_130416,D,20110425,000000,503.6000000,503.6000000,503.5000000,503.5000000,370
30_090101_130416,D,20110426,000000,495.0000000,509.9000000,495.0000000,509.9000000,1.330
30_090101_130416,D,20110427,000000,510.0000000,510.1000000,510.0000000,510.1000000,750
30_090101_130416,D,20110428,000000,505.0000000,505.0000000,505.0000000,505.0000000,180
30_090101_130416,D,20110429,000000,509.5000000,524.0000000,496.7000000,524.0000000,1.520
30_090101_130416,D,20110503,000000,520.0000000,520.0000000,508.0000000,508.0000000,430
30_090101_130416,D,20110504,000000,477.7000000,496.3000000,477.7000000,496.3000000,520
30_090101_130416,D,20110505,000000,511.9000000,511.9000000,498.0000000,500.0000000,240
30_090101_130416,D,20110511,000000,524.6000000,524.6000000,507.4000000,510.9000000,460
30_090101_130416,D,20110512,000000,502.6000000,502.6000000,490.0000000,490.3000000,13.090
30_090101_130416,D,20110513,000000,488.0000000,497.4000000,485.0000000,492.5000000,840
30_090101_130416,D,20110516,000000,497.4000000,497.4000000,485.2000000,490.0000000,130
30_090101_130416,D,20110517,000000,492.4000000,492.4000000,492.4000000,492.4000000,10
30_090101_130416,D,20110518,000000,485.3000000,486.0000000,485.0000000,486.0000000,190
30_090101_130416,D,20110519,000000,484.8000000,484.8000000,484.8000000,484.8000000,20
30_090101_130416,D,20110520,000000,485.0000000,485.0000000,471.2000000,471.2000000,90
30_090101_130416,D,20110523,000000,487.1000000,487.1000000,487.1000000,487.1000000,10
30_090101_130416,D,20110525,000000,461.2000000,467.8000000,459.9000000,467.8000000,4.450
30_090101_130416,D,20110526,000000,459.1000000,459.1000000,459.1000000,459.1000000,10
30_090101_130416,D,20110527,000000,460.0000000,469.9000000,460.0000000,461.1000000,730
30_090101_130416,D,20110530,000000,459.0000000,467.2000000,450.0000000,467.2000000,380
30_090101_130416,D,20110531,000000,452.2000000,467.6000000,452.2000000,465.5000000,160
30_090101_130416,D,20110601,000000,459.9000000,459.9000000,445.0000000,450.2000000,3.550
30_090101_130416,D,20110602,000000,459.5000000,459.9000000,448.6000000,448.6000000,3.090
30_090101_130416,D,20110603,000000,454.9000000,454.9000000,447.3000000,447.3000000,270
30_090101_130416,D,20110607,000000,445.1000000,459.8000000,445.0000000,457.7000000,300
30_090101_130416,D,20110609,000000,444.5000000,458.0000000,444.4000000,458.0000000,890
30_090101_130416,D,20110614,000000,458.0000000,458.0000000,458.0000000,458.0000000,10
30_090101_130416,D,20110615,000000,442.6000000,459.8000000,442.2000000,452.0000000,750
30_090101_130416,D,20110616,000000,457.9000000,457.9000000,457.7000000,457.7000000,70
30_090101_130416,D,20110617,000000,457.6000000,457.6000000,440.0000000,440.0000000,2.070
30_090101_130416,D,20110620,000000,435.1000000,444.3000000,435.1000000,438.3000000,210
30_090101_130416,D,20110621,000000,449.8000000,449.8000000,449.8000000,449.8000000,10
30_090101_130416,D,20110622,000000,435.6000000,444.9000000,435.1000000,444.9000000,810
30_090101_130416,D,20110623,000000,435.4000000,447.8000000,435.0000000,447.8000000,440
30_090101_130416,D,20110627,000000,458.1000000,460.0000000,436.9000000,449.6000000,250
30_090101_130416,D,20110628,000000,467.9000000,469.0000000,440.0000000,469.0000000,2.490
30_090101_130416,D,20110629,000000,433.3000000,485.0000000,433.3000000,475.1000000,4.530
30_090101_130416,D,20110630,000000,470.2000000,481.9000000,470.0000000,481.9000000,1.100
30_090101_130416,D,20110701,000000,490.0000000,509.9000000,470.0000000,480.0000000,23.580
30_090101_130416,D,20110704,000000,489.9000000,489.9000000,470.0000000,475.0000000,1.470
30_090101_130416,D,20110705,000000,475.0000000,500.0000000,471.9000000,484.0000000,18.430
30_090101_130416,D,20110706,000000,485.1000000,493.2000000,485.0000000,493.2000000,290
30_090101_130416,D,20110707,000000,496.0000000,500.0000000,495.0000000,495.0000000,3.780
30_090101_130416,D,20110708,000000,495.0000000,495.0000000,486.7000000,489.0000000,1.060
30_090101_130416,D,20110711,000000,480.9000000,499.0000000,480.1000000,499.0000000,300
30_090101_130416,D,20110712,000000,476.1000000,476.1000000,476.1000000,476.1000000,20
30_090101_130416,D,20110714,000000,466.2000000,474.9000000,466.0000000,474.8000000,1.090
30_090101_130416,D,20110719,000000,444.5000000,478.9000000,422.9000000,474.7000000,440
30_090101_130416,D,20110720,000000,464.1000000,466.0000000,460.0000000,466.0000000,480
30_090101_130416,D,20110721,000000,442.0000000,474.2000000,442.0000000,466.5000000,840
30_090101_130416,D,20110722,000000,469.9000000,469.9000000,455.0000000,462.2000000,150
30_090101_130416,D,20110725,000000,459.4000000,460.2000000,453.6000000,460.0000000,940
30_090101_130416,D,20110726,000000,455.1000000,477.9000000,450.0000000,465.0000000,4.130
30_090101_130416,D,20110728,000000,450.3000000,458.0000000,450.0000000,458.0000000,3.670
30_090101_130416,D,20110729,000000,450.3000000,450.3000000,450.0000000,450.0000000,600
30_090101_130416,D,20110801,000000,460.0000000,475.0000000,460.0000000,475.0000000,3.220
30_090101_130416,D,20110802,000000,460.8000000,460.8000000,460.8000000,460.8000000,130
30_090101_130416,D,20110803,000000,452.3000000,455.1000000,452.2000000,455.1000000,30
30_090101_130416,D,20110804,000000,452.0000000,452.0000000,450.0000000,450.2000000,1.020
30_090101_130416,D,20110805,000000,420.0000000,450.0000000,420.0000000,450.0000000,910
30_090101_130416,D,20110808,000000,440.1000000,450.1000000,440.0000000,440.0000000,3.260
30_090101_130416,D,20110809,000000,420.3000000,420.3000000,390.0000000,419.9000000,1.440
30_090101_130416,D,20110810,000000,420.9000000,429.8000000,420.8000000,429.8000000,80
30_090101_130416,D,20110811,000000,429.9000000,450.0000000,407.4000000,415.0000000,160
30_090101_130416,D,20110812,000000,415.1000000,416.4000000,380.1000000,390.7000000,1.990
30_090101_130416,D,20110815,000000,409.8000000,420.0000000,399.7000000,410.0000000,130
30_090101_130416,D,20110816,000000,401.0000000,402.0000000,401.0000000,402.0000000,20
30_090101_130416,D,20110817,000000,415.0000000,418.8000000,404.3000000,404.3000000,40
30_090101_130416,D,20110819,000000,401.5000000,401.5000000,400.0000000,400.0000000,830
30_090101_130416,D,20110822,000000,400.1000000,419.2000000,400.0000000,419.2000000,320
30_090101_130416,D,20110823,000000,403.3000000,410.1000000,403.3000000,410.0000000,30
30_090101_130416,D,20110824,000000,404.0000000,404.0000000,403.0000000,403.0000000,1.050
30_090101_130416,D,20110825,000000,400.5000000,410.2000000,400.5000000,410.0000000,540
30_090101_130416,D,20110826,000000,407.1000000,407.1000000,404.9000000,405.1000000,1.870
30_090101_130416,D,20110829,000000,419.7000000,430.0000000,419.7000000,430.0000000,90
30_090101_130416,D,20110830,000000,429.9000000,429.9000000,429.9000000,429.9000000,10
30_090101_130416,D,20110831,000000,436.9000000,436.9000000,432.1000000,432.1000000,90
30_090101_130416,D,20110901,000000,420.7000000,420.7000000,420.0000000,420.7000000,1.950
30_090101_130416,D,20110902,000000,421.4000000,421.4000000,421.4000000,421.4000000,30
30_090101_130416,D,20110906,000000,429.9000000,429.9000000,429.7000000,429.7000000,20
30_090101_130416,D,20110908,000000,410.1000000,436.8000000,410.0000000,436.8000000,150
30_090101_130416,D,20110909,000000,420.1000000,421.1000000,420.0000000,420.0000000,930
30_090101_130416,D,20110912,000000,393.1000000,449.4000000,393.0000000,449.4000000,210
30_090101_130416,D,20110913,000000,425.1000000,449.6000000,400.4000000,409.1000000,770
30_090101_130416,D,20110914,000000,417.9000000,419.0000000,405.0000000,419.0000000,520
30_090101_130416,D,20110916,000000,421.2000000,429.0000000,421.2000000,423.1000000,60
30_090101_130416,D,20110919,000000,412.0000000,412.0000000,410.0000000,410.0000000,230
30_090101_130416,D,20110920,000000,423.9000000,428.9000000,414.1000000,424.2000000,230
30_090101_130416,D,20110921,000000,406.5000000,498.9000000,406.3000000,495.0000000,1.270
30_090101_130416,D,20110922,000000,428.0000000,470.0000000,428.0000000,470.0000000,160
30_090101_130416,D,20110923,000000,470.0000000,470.0000000,400.0000000,418.8000000,430
30_090101_130416,D,20110926,000000,410.0000000,418.0000000,409.8000000,418.0000000,160
30_090101_130416,D,20110927,000000,410.1000000,450.0000000,410.1000000,449.9000000,610
30_090101_130416,D,20110928,000000,430.0000000,509.8000000,430.0000000,500.0000000,3.990
30_090101_130416,D,20110929,000000,500.0000000,511.8000000,460.0000000,500.0000000,6.230
30_090101_130416,D,20110930,000000,480.1000000,480.1000000,475.0000000,475.0000000,300
30_090101_130416,D,20111003,000000,434.0000000,455.0000000,434.0000000,455.0000000,20
30_090101_130416,D,20111004,000000,450.1000000,450.1000000,410.0000000,444.0000000,910
30_090101_130416,D,20111005,000000,443.9000000,445.0000000,340.3000000,412.1000000,630
30_090101_130416,D,20111006,000000,434.9000000,458.9000000,416.1000000,458.9000000,330
30_090101_130416,D,20111007,000000,460.0000000,520.0000000,460.0000000,510.0000000,13.410
30_090101_130416,D,20111010,000000,478.9000000,510.0000000,468.0000000,510.0000000,3.720
30_090101_130416,D,20111011,000000,505.0000000,510.0000000,505.0000000,510.0000000,950
30_090101_130416,D,20111012,000000,500.0000000,518.0000000,500.0000000,518.0000000,850
30_090101_130416,D,20111013,000000,505.0000000,505.0000000,495.0000000,495.0000000,490
30_090101_130416,D,20111014,000000,504.7000000,515.0000000,502.2000000,502.3000000,490
30_090101_130416,D,20111017,000000,495.0000000,503.0000000,487.1000000,497.9000000,1.740
30_090101_130416,D,20111018,000000,477.2000000,500.0000000,477.0000000,500.0000000,5.480
30_090101_130416,D,20111019,000000,477.5000000,499.8000000,475.0000000,479.6000000,1.330
30_090101_130416,D,20111020,000000,497.0000000,505.0000000,476.0000000,476.0000000,640
30_090101_130416,D,20111021,000000,486.0000000,486.0000000,486.0000000,486.0000000,10
30_090101_130416,D,20111024,000000,490.0000000,500.0000000,475.2000000,500.0000000,3.190
30_090101_130416,D,20111025,000000,504.5000000,504.5000000,504.5000000,504.5000000,10
30_090101_130416,D,20111026,000000,490.0000000,505.0000000,490.0000000,505.0000000,830
30_090101_130416,D,20111027,000000,509.0000000,555.0000000,495.5000000,495.5000000,1.890
30_090101_130416,D,20111028,000000,502.4000000,502.5000000,485.2000000,495.0000000,360
30_090101_130416,D,20111031,000000,500.0000000,504.0000000,500.0000000,504.0000000,360
30_090101_130416,D,20111101,000000,499.9000000,499.9000000,499.9000000,499.9000000,10
30_090101_130416,D,20111102,000000,500.0000000,500.0000000,500.0000000,500.0000000,50
30_090101_130416,D,20111103,000000,480.0000000,500.0000000,480.0000000,500.0000000,2.670
30_090101_130416,D,20111107,000000,499.2000000,499.2000000,499.2000000,499.2000000,10
30_090101_130416,D,20111108,000000,505.0000000,566.6000000,492.0000000,502.0000000,1.830
30_090101_130416,D,20111109,000000,500.0000000,503.9000000,497.9000000,497.9000000,5.280
30_090101_130416,D,20111114,000000,477.2000000,499.6000000,470.0000000,499.6000000,210
30_090101_130416,D,20111115,000000,486.4000000,486.7000000,486.4000000,486.7000000,40
30_090101_130416,D,20111116,000000,492.0000000,497.7000000,492.0000000,497.7000000,30
30_090101_130416,D,20111118,000000,488.0000000,505.0000000,486.6000000,505.0000000,330
30_090101_130416,D,20111124,000000,500.0000000,500.0000000,500.0000000,500.0000000,10
30_090101_130416,D,20111129,000000,502.9000000,508.0000000,499.7000000,505.0000000,9.340
30_090101_130416,D,20111130,000000,495.0000000,524.0000000,495.0000000,511.0000000,14.100
30_090101_130416,D,20111201,000000,500.1000000,509.6000000,500.0000000,500.0000000,17.410
30_090101_130416,D,20111202,000000,507.9000000,514.0000000,502.2000000,504.3000000,12.790
30_090101_130416,D,20111205,000000,505.0000000,509.8000000,502.1000000,509.8000000,30
30_090101_130416,D,20111206,000000,502.5000000,502.5000000,495.1000000,495.1000000,2.490
30_090101_130416,D,20111207,000000,487.1000000,487.1000000,486.0000000,486.5000000,1.480
30_090101_130416,D,20111208,000000,485.1000000,485.1000000,484.0000000,484.0000000,2.120
30_090101_130416,D,20111209,000000,494.7000000,495.0000000,470.0000000,490.0000000,750
30_090101_130416,D,20111213,000000,460.1000000,500.0000000,455.0000000,500.0000000,2.480
30_090101_130416,D,20111214,000000,481.1000000,500.0000000,481.1000000,492.1000000,2.110
30_090101_130416,D,20111215,000000,500.5000000,500.5000000,490.0000000,490.0000000,120
30_090101_130416,D,20111216,000000,480.0000000,480.0000000,480.0000000,480.0000000,10
30_090101_130416,D,20111219,000000,493.8000000,510.0000000,493.8000000,504.0000000,1.840
30_090101_130416,D,20111221,000000,490.0000000,500.0000000,489.9000000,500.0000000,520
30_090101_130416,D,20111222,000000,485.1000000,485.1000000,485.1000000,485.1000000,20
30_090101_130416,D,20111223,000000,480.1000000,480.1000000,480.1000000,480.1000000,10
30_090101_130416,D,20111226,000000,490.0000000,490.0000000,490.0000000,490.0000000,210
30_090101_130416,D,20111227,000000,499.5000000,499.5000000,497.4000000,497.4000000,2.220
30_090101_130416,D,20111228,000000,457.0000000,498.8000000,457.0000000,477.3000000,4.310
30_090101_130416,D,20111229,000000,455.5000000,494.7000000,455.5000000,490.0000000,4.340
30_090101_130416,D,20111230,000000,466.0000000,495.0000000,466.0000000,492.5000000,18.470
30_090101_130416,D,20120103,000000,485.0000000,485.0000000,485.0000000,485.0000000,10
30_090101_130416,D,20120104,000000,490.0000000,490.0000000,490.0000000,490.0000000,100
30_090101_130416,D,20120110,000000,480.1000000,489.9000000,480.0000000,489.9000000,410
30_090101_130416,D,20120111,000000,489.9000000,490.0000000,478.0000000,478.0000000,1.300
30_090101_130416,D,20120112,000000,478.0000000,478.0000000,478.0000000,478.0000000,50
30_090101_130416,D,20120118,000000,489.9000000,490.0000000,489.9000000,490.0000000,50
30_090101_130416,D,20120119,000000,479.1000000,485.0000000,470.0000000,473.5000000,730
30_090101_130416,D,20120120,000000,484.9000000,485.0000000,470.0000000,470.0000000,850
30_090101_130416,D,20120123,000000,477.0000000,482.1000000,476.7000000,482.1000000,60
30_090101_130416,D,20120124,000000,480.0000000,480.0000000,480.0000000,480.0000000,10
30_090101_130416,D,20120125,000000,480.0000000,480.0000000,480.0000000,480.0000000,30
30_090101_130416,D,20120126,000000,484.8000000,484.9000000,483.3000000,483.3000000,350
30_090101_130416,D,20120127,000000,475.3000000,475.3000000,475.0000000,475.0000000,1.250
30_090101_130416,D,20120130,000000,474.9000000,474.9000000,474.9000000,474.9000000,10
30_090101_130416,D,20120131,000000,461.1000000,465.0000000,461.0000000,465.0000000,600
30_090101_130416,D,20120201,000000,462.0000000,479.9000000,460.0000000,479.9000000,120
30_090101_130416,D,20120202,000000,479.9000000,495.0000000,479.9000000,495.0000000,1.000
30_090101_130416,D,20120203,000000,465.0000000,479.9000000,460.1000000,470.0000000,5.830
30_090101_130416,D,20120206,000000,460.0000000,472.9000000,460.0000000,472.9000000,500
30_090101_130416,D,20120207,000000,460.1000000,475.0000000,460.0000000,469.9000000,1.890
30_090101_130416,D,20120209,000000,455.1000000,460.0000000,449.6000000,449.6000000,550
30_090101_130416,D,20120210,000000,459.9000000,469.9000000,432.0000000,449.1000000,1.680
30_090101_130416,D,20120213,000000,458.7000000,458.7000000,430.9000000,440.0000000,50
30_090101_130416,D,20120214,000000,457.5000000,457.5000000,457.5000000,457.5000000,10
30_090101_130416,D,20120215,000000,430.6000000,439.9000000,425.0000000,437.0000000,1.330
30_090101_130416,D,20120216,000000,435.0000000,435.0000000,430.0000000,434.8000000,220
30_090101_130416,D,20120217,000000,425.4000000,448.7000000,416.0000000,444.0000000,2.080
30_090101_130416,D,20120220,000000,441.0000000,454.6000000,423.3000000,435.0000000,1.320
30_090101_130416,D,20120221,000000,448.9000000,448.9000000,425.0000000,425.0000000,190
30_090101_130416,D,20120222,000000,420.0000000,429.9000000,410.7000000,420.2000000,810
30_090101_130416,D,20120224,000000,434.8000000,439.7000000,419.9000000,420.0000000,1.620
30_090101_130416,D,20120227,000000,425.1000000,428.7000000,420.3000000,428.7000000,1.110
30_090101_130416,D,20120228,000000,426.0000000,426.0000000,420.0000000,420.0000000,4.350
30_090101_130416,D,20120229,000000,422.0000000,427.7000000,420.0000000,421.0000000,730
30_090101_130416,D,20120301,000000,425.0000000,445.0000000,425.0000000,443.1000000,44.350
30_090101_130416,D,20120302,000000,443.1000000,444.8000000,430.0000000,435.0000000,480
30_090101_130416,D,20120305,000000,449.2000000,449.2000000,427.5000000,438.9000000,400
30_090101_130416,D,20120306,000000,440.7000000,501.0000000,436.6000000,449.6000000,4.100
30_090101_130416,D,20120307,000000,436.3000000,448.0000000,430.0000000,432.0000000,1.450
30_090101_130416,D,20120311,000000,455.5000000,455.5000000,440.0000000,446.1000000,60
30_090101_130416,D,20120312,000000,441.0000000,441.0000000,419.9000000,435.9000000,1.800
30_090101_130416,D,20120313,000000,439.4000000,455.0000000,434.7000000,450.0000000,1.650
30_090101_130416,D,20120314,000000,450.0000000,478.0000000,442.0000000,475.0000000,6.530
30_090101_130416,D,20120315,000000,464.9000000,474.9000000,460.0000000,469.4000000,170
30_090101_130416,D,20120316,000000,474.8000000,474.8000000,460.0000000,460.0000000,130
30_090101_130416,D,20120319,000000,460.0000000,460.0000000,460.0000000,460.0000000,1.080
30_090101_130416,D,20120320,000000,457.3000000,465.0000000,457.0000000,458.0000000,1.160
30_090101_130416,D,20120321,000000,468.9000000,469.9000000,456.3000000,464.0000000,1.030
30_090101_130416,D,20120322,000000,463.9000000,470.0000000,445.0000000,460.0000000,5.850
30_090101_130416,D,20120323,000000,464.0000000,468.7000000,460.0000000,468.7000000,390
30_090101_130416,D,20120326,000000,469.8000000,469.8000000,469.8000000,469.8000000,10
30_090101_130416,D,20120327,000000,463.1000000,654.8000000,463.1000000,487.0000000,3.090
30_090101_130416,D,20120328,000000,486.0000000,486.0000000,480.0000000,485.0000000,90
30_090101_130416,D,20120329,000000,480.0000000,480.0000000,460.0000000,460.0000000,1.350
30_090101_130416,D,20120330,000000,469.9000000,469.9000000,465.1000000,465.1000000,190
30_090101_130416,D,20120402,000000,465.1000000,465.1000000,465.1000000,465.1000000,20
30_090101_130416,D,20120403,000000,465.1000000,465.1000000,450.0000000,460.1000000,1.560
30_090101_130416,D,20120404,000000,462.0000000,478.0000000,462.0000000,478.0000000,690
30_090101_130416,D,20120406,000000,477.0000000,477.0000000,468.1000000,468.2000000,130
30_090101_130416,D,20120410,000000,465.1000000,465.1000000,465.0000000,465.0000000,1.220
30_090101_130416,D,20120411,000000,477.9000000,478.0000000,465.0000000,465.0000000,210
30_090101_130416,D,20120413,000000,465.1000000,480.0000000,460.0000000,467.3000000,2.790
30_090101_130416,D,20120416,000000,455.2000000,455.2000000,455.1000000,455.1000000,190
30_090101_130416,D,20120418,000000,460.1000000,460.1000000,460.0000000,460.0000000,30
30_090101_130416,D,20120419,000000,458.1000000,458.1000000,458.0000000,458.0000000,180
30_090101_130416,D,20120420,000000,460.0000000,460.0000000,456.0000000,456.2000000,30
30_090101_130416,D,20120425,000000,455.1000000,455.1000000,442.0000000,442.0000000,1.080
30_090101_130416,D,20120426,000000,445.0000000,445.0000000,445.0000000,445.0000000,750
30_090101_130416,D,20120428,000000,459.9000000,484.9000000,458.9000000,484.9000000,2.030
30_090101_130416,D,20120502,000000,458.2000000,458.2000000,458.0000000,458.0000000,150
30_090101_130416,D,20120503,000000,470.0000000,470.0000000,450.0000000,450.0000000,190
30_090101_130416,D,20120510,000000,440.1000000,440.1000000,440.1000000,440.1000000,10
30_090101_130416,D,20120511,000000,436.0000000,436.0000000,425.0000000,425.0000000,230
30_090101_130416,D,20120512,000000,444.0000000,444.0000000,444.0000000,444.0000000,2.000
30_090101_130416,D,20120514,000000,422.0000000,444.4000000,420.0000000,420.0000000,700
30_090101_130416,D,20120515,000000,425.0000000,425.6000000,410.0000000,425.0000000,1.190
30_090101_130416,D,20120516,000000,428.9000000,430.0000000,420.0000000,420.0000000,290
30_090101_130416,D,20120517,000000,418.1000000,420.2000000,399.9000000,420.2000000,1.750
30_090101_130416,D,20120518,000000,395.0000000,428.9000000,395.0000000,428.9000000,4.050
30_090101_130416,D,20120521,000000,460.0000000,485.0000000,412.0000000,415.0000000,1.000
30_090101_130416,D,20120523,000000,424.8000000,425.0000000,424.8000000,425.0000000,100
30_090101_130416,D,20120524,000000,410.6000000,410.6000000,410.0000000,410.0000000,880
30_090101_130416,D,20120525,000000,449.7000000,449.9000000,449.7000000,449.9000000,20
30_090101_130416,D,20120529,000000,449.9000000,449.9000000,416.7000000,416.7000000,60
30_090101_130416,D,20120530,000000,419.9000000,448.0000000,416.9000000,448.0000000,1.580
30_090101_130416,D,20120531,000000,448.0000000,457.9000000,435.1000000,435.1000000,1.290
30_090101_130416,D,20120601,000000,444.9000000,474.0000000,423.9000000,437.0000000,10.070
30_090101_130416,D,20120604,000000,448.9000000,475.0000000,442.2000000,451.5000000,6.670
30_090101_130416,D,20120605,000000,450.2000000,459.8000000,449.9000000,458.0000000,3.170
30_090101_130416,D,20120606,000000,459.9000000,468.9000000,458.0000000,458.0000000,1.370
30_090101_130416,D,20120607,000000,460.0000000,470.0000000,457.9000000,458.9000000,3.750
30_090101_130416,D,20120608,000000,450.1000000,450.1000000,450.0000000,450.0000000,200
30_090101_130416,D,20120613,000000,455.9000000,460.0000000,455.9000000,460.0000000,690
30_090101_130416,D,20120614,000000,460.0000000,463.0000000,450.3000000,450.3000000,760
30_090101_130416,D,20120618,000000,460.0000000,464.9000000,460.0000000,464.9000000,990
30_090101_130416,D,20120619,000000,460.0000000,464.0000000,460.0000000,464.0000000,850
30_090101_130416,D,20120620,000000,460.0000000,465.0000000,459.3000000,464.9000000,1.180
30_090101_130416,D,20120621,000000,458.1000000,465.0000000,458.0000000,465.0000000,1.740
30_090101_130416,D,20120622,000000,451.3000000,455.0000000,449.1000000,455.0000000,230
30_090101_130416,D,20120627,000000,451.0000000,451.0000000,429.9000000,430.0000000,3.420
30_090101_130416,D,20120628,000000,449.8000000,449.9000000,418.0000000,430.0000000,4.650
30_090101_130416,D,20120629,000000,440.0000000,446.6000000,440.0000000,446.6000000,1.970
30_090101_130416,D,20120702,000000,449.6000000,457.9000000,445.1000000,445.6000000,1.090
30_090101_130416,D,20120703,000000,455.9000000,457.6000000,446.3000000,448.0000000,450
30_090101_130416,D,20120704,000000,445.7000000,450.0000000,445.6000000,445.8000000,130
30_090101_130416,D,20120711,000000,445.0000000,455.5000000,439.2000000,439.2000000,710
30_090101_130416,D,20120712,000000,457.3000000,459.9000000,457.3000000,459.9000000,400
30_090101_130416,D,20120716,000000,459.8000000,461.5000000,450.0000000,450.1000000,1.620
30_090101_130416,D,20120719,000000,438.5000000,438.5000000,425.0000000,425.0000000,510
30_090101_130416,D,20120720,000000,448.7000000,448.7000000,448.7000000,448.7000000,50
30_090101_130416,D,20120725,000000,425.1000000,425.1000000,425.1000000,425.1000000,10
30_090101_130416,D,20120726,000000,425.1000000,436.4000000,420.1000000,436.4000000,4.200
30_090101_130416,D,20120727,000000,449.4000000,449.9000000,422.5000000,449.8000000,1.630
30_090101_130416,D,20120730,000000,430.1000000,444.9000000,430.0000000,444.9000000,910
30_090101_130416,D,20120731,000000,440.0000000,445.0000000,432.3000000,432.3000000,3.030
30_090101_130416,D,20120801,000000,432.2000000,432.2000000,431.0000000,432.0000000,200
30_090101_130416,D,20120803,000000,436.0000000,436.0000000,432.0000000,432.0000000,20
30_090101_130416,D,20120806,000000,445.0000000,460.0000000,445.0000000,460.0000000,1.200
30_090101_130416,D,20120807,000000,450.0000000,460.0000000,450.0000000,460.0000000,1.220
30_090101_130416,D,20120808,000000,453.9000000,455.0000000,453.9000000,455.0000000,100
30_090101_130416,D,20120809,000000,455.0000000,460.0000000,450.0000000,450.0000000,1.440
30_090101_130416,D,20120813,000000,454.0000000,465.0000000,453.5000000,455.0000000,3.650
30_090101_130416,D,20120814,000000,455.0000000,455.0000000,455.0000000,455.0000000,10
30_090101_130416,D,20120815,000000,450.0000000,450.0000000,450.0000000,450.0000000,10
30_090101_130416,D,20120817,000000,441.3000000,441.3000000,441.3000000,441.3000000,10
30_090101_130416,D,20120821,000000,441.2000000,465.1000000,438.3000000,465.0000000,24.290
30_090101_130416,D,20120822,000000,465.0000000,470.0000000,460.0000000,460.0000000,5.250
30_090101_130416,D,20120823,000000,464.9000000,470.0000000,459.0000000,464.6000000,4.670
30_090101_130416,D,20120824,000000,450.0000000,450.0000000,440.1000000,440.1000000,420
30_090101_130416,D,20120827,000000,441.0000000,450.0000000,441.0000000,444.4000000,1.190
30_090101_130416,D,20120828,000000,446.7000000,450.0000000,445.0000000,450.0000000,3.750
30_090101_130416,D,20120829,000000,458.7000000,458.7000000,458.7000000,458.7000000,10
30_090101_130416,D,20120830,000000,450.0000000,458.6000000,448.0000000,448.0000000,400
30_090101_130416,D,20120831,000000,453.1000000,453.1000000,453.1000000,453.1000000,50
30_090101_130416,D,20120903,000000,449.7000000,449.8000000,440.0000000,440.0000000,60
30_090101_130416,D,20120904,000000,448.8000000,449.8000000,448.8000000,449.8000000,40
30_090101_130416,D,20120905,000000,454.0000000,465.1000000,454.0000000,455.6000000,12.990
30_090101_130416,D,20120906,000000,455.1000000,465.0000000,455.0000000,465.0000000,3.930
30_090101_130416,D,20120907,000000,460.0000000,465.0000000,460.0000000,465.0000000,3.260
30_090101_130416,D,20120911,000000,456.1000000,460.0000000,455.0000000,460.0000000,270
30_090101_130416,D,20120912,000000,457.9000000,458.0000000,457.9000000,458.0000000,20
30_090101_130416,D,20120913,000000,455.1000000,455.1000000,455.0000000,455.0000000,130
30_090101_130416,D,20120914,000000,464.9000000,465.0000000,455.0000000,465.0000000,210
30_090101_130416,D,20120917,000000,460.0000000,549.7000000,457.1000000,467.1000000,9.450
30_090101_130416,D,20120918,000000,470.0000000,470.0000000,458.1000000,458.1000000,20
30_090101_130416,D,20120919,000000,460.3000000,460.3000000,460.0000000,460.0000000,80
30_090101_130416,D,20120920,000000,455.0000000,455.0000000,450.0000000,450.0000000,460
30_090101_130416,D,20120921,000000,455.4000000,468.0000000,455.4000000,468.0000000,180
30_090101_130416,D,20120924,000000,460.1000000,460.1000000,450.0000000,455.0000000,160
30_090101_130416,D,20120925,000000,455.0000000,455.0000000,455.0000000,455.0000000,210
30_090101_130416,D,20120926,000000,450.0000000,460.0000000,440.0000000,450.1000000,5.350
30_090101_130416,D,20120927,000000,454.9000000,454.9000000,454.9000000,454.9000000,10
30_090101_130416,D,20120928,000000,452.0000000,467.5000000,452.0000000,454.9000000,5.870
30_090101_130416,D,20121001,000000,465.0000000,480.0000000,460.0000000,465.0000000,18.970
30_090101_130416,D,20121002,000000,465.0000000,487.5000000,465.0000000,467.5000000,11.910
30_090101_130416,D,20121003,000000,461.8000000,461.8000000,461.7000000,461.7000000,180
30_090101_130416,D,20121004,000000,460.0000000,460.0000000,457.1000000,457.1000000,1.180
30_090101_130416,D,20121005,000000,459.8000000,460.8000000,457.8000000,458.3000000,250
30_090101_130416,D,20121009,000000,460.0000000,460.1000000,459.9000000,460.0000000,1.360
30_090101_130416,D,20121010,000000,458.0000000,460.0000000,458.0000000,460.0000000,120
30_090101_130416,D,20121011,000000,458.1000000,458.1000000,458.0000000,458.0000000,120
30_090101_130416,D,20121012,000000,466.8000000,466.8000000,455.0000000,464.9000000,260
30_090101_130416,D,20121015,000000,464.9000000,468.0000000,464.9000000,468.0000000,100
30_090101_130416,D,20121016,000000,460.0000000,472.5000000,460.0000000,470.0000000,9.600
30_090101_130416,D,20121017,000000,465.0000000,474.9000000,465.0000000,470.5000000,2.870
30_090101_130416,D,20121018,000000,469.9000000,475.0000000,469.9000000,470.0000000,1.850
30_090101_130416,D,20121019,000000,472.4000000,534.9000000,472.4000000,520.5000000,36.630
30_090101_130416,D,20121022,000000,528.7000000,529.0000000,498.0000000,505.0000000,8.080
30_090101_130416,D,20121023,000000,505.0000000,507.0000000,465.0000000,472.0000000,5.050
30_090101_130416,D,20121024,000000,475.6000000,475.7000000,466.8000000,469.8000000,600
30_090101_130416,D,20121025,000000,469.7000000,485.0000000,469.7000000,480.0000000,730
30_090101_130416,D,20121026,000000,467.1000000,484.6000000,467.0000000,470.1000000,1.580
30_090101_130416,D,20121029,000000,465.7000000,465.7000000,465.0000000,465.0000000,1.130
30_090101_130416,D,20121030,000000,461.1000000,466.0000000,460.1000000,466.0000000,340
30_090101_130416,D,20121031,000000,470.0000000,470.0000000,461.1000000,461.1000000,650
30_090101_130416,D,20121102,000000,469.6000000,469.7000000,469.6000000,469.7000000,20
30_090101_130416,D,20121106,000000,461.2000000,470.0000000,458.0000000,470.0000000,3.300
30_090101_130416,D,20121107,000000,470.0000000,472.0000000,470.0000000,470.1000000,1.590
30_090101_130416,D,20121108,000000,470.9000000,472.0000000,468.7000000,468.7000000,1.250
30_090101_130416,D,20121109,000000,460.2000000,480.3000000,460.0000000,480.3000000,1.810
30_090101_130416,D,20121112,000000,470.1000000,490.0000000,470.1000000,490.0000000,780
30_090101_130416,D,20121113,000000,495.6000000,510.0000000,485.1000000,510.0000000,16.180
30_090101_130416,D,20121114,000000,500.0000000,510.0000000,477.9000000,478.0000000,2.270
30_090101_130416,D,20121115,000000,499.9000000,499.9000000,487.0000000,487.0000000,120
30_090101_130416,D,20121116,000000,508.8000000,508.8000000,482.0000000,482.0000000,310
30_090101_130416,D,20121119,000000,489.6000000,489.6000000,489.6000000,489.6000000,10
30_090101_130416,D,20121120,000000,490.0000000,490.0000000,490.0000000,490.0000000,10
30_090101_130416,D,20121121,000000,485.0000000,490.0000000,475.0000000,490.0000000,7.270
30_090101_130416,D,20121122,000000,490.0000000,490.0000000,490.0000000,490.0000000,10
30_090101_130416,D,20121123,000000,485.5000000,485.5000000,485.0000000,485.0000000,580
30_090101_130416,D,20121126,000000,500.9000000,501.9000000,500.9000000,501.9000000,40
30_090101_130416,D,20121127,000000,472.4000000,496.0000000,472.4000000,474.2000000,230
30_090101_130416,D,20121128,000000,472.8000000,472.8000000,470.0000000,470.0000000,490
30_090101_130416,D,20121129,000000,483.8000000,483.8000000,483.8000000,483.8000000,10
30_090101_130416,D,20121203,000000,476.5000000,476.5000000,461.1000000,461.1000000,750
30_090101_130416,D,20121205,000000,470.0000000,481.5000000,470.0000000,475.0000000,570
30_090101_130416,D,20121207,000000,460.6000000,470.0000000,460.0000000,470.0000000,6.160
30_090101_130416,D,20121210,000000,473.0000000,480.0000000,473.0000000,480.0000000,1.260
30_090101_130416,D,20121211,000000,459.4000000,483.9000000,459.4000000,483.9000000,3.370
30_090101_130416,D,20121212,000000,483.5000000,489.8000000,483.5000000,489.8000000,3.690
30_090101_130416,D,20121213,000000,480.3000000,487.4000000,468.0000000,487.4000000,960
30_090101_130416,D,20121217,000000,475.2000000,475.2000000,475.0000000,475.0000000,420
30_090101_130416,D,20121218,000000,467.2000000,489.8000000,467.2000000,475.0000000,1.720
30_090101_130416,D,20121219,000000,476.1000000,486.0000000,475.0000000,475.0000000,1.230
30_090101_130416,D,20121220,000000,476.0000000,487.9000000,473.2000000,473.2000000,820
30_090101_130416,D,20121221,000000,467.3000000,481.0000000,467.2000000,481.0000000,690
30_090101_130416,D,20121224,000000,474.0000000,486.0000000,468.0000000,470.0000000,1.750
30_090101_130416,D,20121225,000000,471.6000000,482.0000000,466.1000000,466.5000000,3.770
30_090101_130416,D,20121226,000000,469.9000000,484.4000000,469.9000000,470.0000000,1.920
30_090101_130416,D,20121227,000000,465.0000000,465.0000000,365.0000000,435.4000000,44.630
30_090101_130416,D,20121228,000000,435.5000000,448.0000000,430.0000000,447.9000000,14.200
30_090101_130416,D,20130108,000000,473.8000000,480.0000000,470.0000000,470.0000000,720
30_090101_130416,D,20130109,000000,460.0000000,476.3000000,455.0000000,476.3000000,690
30_090101_130416,D,20130110,000000,453.7000000,469.5000000,453.6000000,469.5000000,840
30_090101_130416,D,20130111,000000,460.0000000,469.1000000,450.0000000,450.0000000,640
30_090101_130416,D,20130114,000000,441.2000000,458.4000000,441.2000000,456.4000000,310
30_090101_130416,D,20130115,000000,467.7000000,470.0000000,456.0000000,463.0000000,820
30_090101_130416,D,20130116,000000,460.9000000,470.0000000,460.9000000,470.0000000,3.760
30_090101_130416,D,20130117,000000,465.0000000,474.9000000,465.0000000,471.0000000,1.380
30_090101_130416,D,20130118,000000,472.0000000,474.9000000,470.0000000,470.0000000,450
30_090101_130416,D,20130121,000000,474.0000000,474.0000000,470.2000000,470.4000000,130
30_090101_130416,D,20130122,000000,473.2000000,473.2000000,473.2000000,473.2000000,10
30_090101_130416,D,20130123,000000,455.6000000,469.0000000,452.5000000,461.1000000,750
30_090101_130416,D,20130124,000000,469.4000000,470.0000000,469.4000000,470.0000000,30
30_090101_130416,D,20130125,000000,470.0000000,474.7000000,467.6000000,467.6000000,2.120
30_090101_130416,D,20130128,000000,478.4000000,478.4000000,468.5000000,468.5000000,1.210
30_090101_130416,D,20130129,000000,465.0000000,473.1000000,465.0000000,467.6000000,450
30_090101_130416,D,20130130,000000,470.0000000,474.6000000,470.0000000,474.6000000,550
30_090101_130416,D,20130131,000000,465.0000000,473.0000000,453.0000000,460.0000000,1.960
30_090101_130416,D,20130201,000000,469.7000000,472.3000000,460.6000000,472.3000000,120
30_090101_130416,D,20130205,000000,465.1000000,472.0000000,465.0000000,465.2000000,590
30_090101_130416,D,20130206,000000,473.9000000,474.7000000,460.0000000,465.2000000,1.180
30_090101_130416,D,20130207,000000,465.1000000,465.1000000,460.0000000,462.0000000,3.890
30_090101_130416,D,20130208,000000,462.0000000,462.7000000,462.0000000,462.7000000,200
30_090101_130416,D,20130211,000000,474.4000000,474.9000000,474.4000000,474.9000000,50
30_090101_130416,D,20130212,000000,464.0000000,472.7000000,464.0000000,470.9000000,550
30_090101_130416,D,20130213,000000,470.0000000,474.9000000,470.0000000,474.5000000,400
30_090101_130416,D,20130214,000000,473.5000000,476.7000000,473.0000000,473.2000000,1.000
30_090101_130416,D,20130215,000000,474.4000000,477.5000000,465.3000000,477.3000000,530
30_090101_130416,D,20130218,000000,475.9000000,476.0000000,475.9000000,476.0000000,540
30_090101_130416,D,20130219,000000,470.0000000,475.0000000,470.0000000,475.0000000,970
30_090101_130416,D,20130220,000000,476.0000000,492.0000000,476.0000000,485.0000000,7.830
30_090101_130416,D,20130221,000000,482.8000000,482.8000000,478.8000000,480.8000000,1.760
30_090101_130416,D,20130222,000000,480.8000000,481.0000000,480.8000000,480.8000000,300
30_090101_130416,D,20130225,000000,488.8000000,488.8000000,480.8000000,482.4000000,200
30_090101_130416,D,20130226,000000,484.8000000,489.5000000,479.1000000,482.6000000,1.290
30_090101_130416,D,20130227,000000,479.8000000,486.8000000,479.8000000,486.7000000,1.170
30_090101_130416,D,20130228,000000,486.8000000,495.5000000,486.0000000,487.0000000,2.950
30_090101_130416,D,20130301,000000,496.0000000,496.0000000,485.6000000,494.8000000,760
30_090101_130416,D,20130304,000000,494.9000000,494.9000000,480.1000000,480.1000000,370
30_090101_130416,D,20130305,000000,480.1000000,494.9000000,480.0000000,494.9000000,2.720
30_090101_130416,D,20130306,000000,494.9000000,499.5000000,485.1000000,496.3000000,1.760
30_090101_130416,D,20130307,000000,490.0000000,508.9000000,490.0000000,491.0000000,3.590
30_090101_130416,D,20130311,000000,500.0000000,507.0000000,490.0000000,504.7000000,1.330
30_090101_130416,D,20130312,000000,500.0000000,504.9000000,500.0000000,503.8000000,1.170
30_090101_130416,D,20130313,000000,504.0000000,504.5000000,495.0000000,495.0000000,1.100
30_090101_130416,D,20130314,000000,497.1000000,497.1000000,490.0000000,490.0000000,330
30_090101_130416,D,20130315,000000,499.9000000,499.9000000,499.9000000,499.9000000,140
30_090101_130416,D,20130318,000000,487.0000000,487.0000000,486.0000000,487.0000000,1.080
30_090101_130416,D,20130319,000000,484.1000000,484.1000000,474.8000000,480.0000000,3.820
30_090101_130416,D,20130320,000000,482.8000000,482.8000000,474.8000000,474.8000000,4.750
30_090101_130416,D,20130321,000000,480.0000000,484.8000000,480.0000000,482.8000000,2.060
30_090101_130416,D,20130322,000000,474.9000000,495.0000000,474.8000000,480.0000000,1.800
30_090101_130416,D,20130325,000000,482.7000000,482.7000000,476.9000000,476.9000000,130
30_090101_130416,D,20130326,000000,480.0000000,480.0000000,461.0000000,461.0000000,10.860
30_090101_130416,D,20130327,000000,460.0000000,476.8000000,460.0000000,461.0000000,11.680
30_090101_130416,D,20130328,000000,467.6000000,476.3000000,467.6000000,476.3000000,40
30_090101_130416,D,20130329,000000,479.9000000,479.9000000,474.9000000,474.9000000,30
30_090101_130416,D,20130401,000000,479.8000000,485.0000000,479.8000000,485.0000000,500
30_090101_130416,D,20130402,000000,466.2000000,466.2000000,465.0000000,465.0000000,270
