<TICKER>,<PER>,<DATE>,<TIME>,<OPEN>,<HIGH>,<LOW>,<CLOSE>,<VOL>
35238_090101_130416,D,20100420,000000,284.2000000,284.2000000,173.0200000,175.9900000,275.646
35238_090101_130416,D,20100421,000000,175.0000000,176.9000000,171.0000000,173.7900000,103.181
35238_090101_130416,D,20100422,000000,175.0000000,175.9500000,170.5000000,171.9400000,43.795
35238_090101_130416,D,20100423,000000,170.5000000,175.9500000,170.0000000,174.4800000,9.330
35238_090101_130416,D,20100426,000000,175.0000000,175.0000000,172.0000000,174.0000000,15.658
35238_090101_130416,D,20100427,000000,171.9200000,172.7000000,166.2500000,170.0100000,21.729
35238_090101_130416,D,20100428,000000,169.7200000,173.8500000,167.0000000,170.1900000,10.866
35238_090101_130416,D,20100429,000000,170.1900000,171.8700000,169.5000000,169.5000000,4.802
35238_090101_130416,D,20100430,000000,168.0100000,169.0000000,166.0000000,166.0100000,12.736
35238_090101_130416,D,20100504,000000,168.5100000,168.5100000,142.0000000,160.0000000,32.196
35238_090101_130416,D,20100505,000000,158.0000000,159.9500000,154.0000000,157.8900000,14.153
35238_090101_130416,D,20100506,000000,158.4700000,158.5000000,154.0100000,155.0000000,17.259
35238_090101_130416,D,20100507,000000,159.9000000,159.9000000,137.0000000,146.0000000,3.490
35238_090101_130416,D,20100511,000000,148.9900000,149.9800000,140.0000000,142.8500000,4.562
35238_090101_130416,D,20100512,000000,143.9900000,143.9900000,130.0000000,139.9900000,10.837
35238_090101_130416,D,20100513,000000,139.9800000,139.9900000,131.1300000,136.9500000,3.854
35238_090101_130416,D,20100514,000000,136.0000000,136.9500000,133.0000000,135.0000000,2.503
35238_090101_130416,D,20100517,000000,130.0600000,146.9600000,130.0000000,137.5000000,40.976
35238_090101_130416,D,20100518,000000,136.8400000,137.9900000,135.1000000,137.9300000,484
35238_090101_130416,D,20100519,000000,135.0200000,138.0000000,135.0000000,137.0000000,4.003
35238_090101_130416,D,20100520,000000,137.0200000,137.0200000,137.0000000,137.0000000,2.212
35238_090101_130416,D,20100521,000000,137.0100000,137.0100000,136.5100000,136.5100000,908
35238_090101_130416,D,20100524,000000,136.5000000,139.8900000,136.5000000,138.7200000,454
35238_090101_130416,D,20100525,000000,137.0000000,137.0000000,125.0100000,137.0000000,12.708
35238_090101_130416,D,20100526,000000,139.7500000,139.7500000,135.0000000,139.0000000,158
35238_090101_130416,D,20100527,000000,139.9200000,139.9200000,125.5600000,135.0000000,586
35238_090101_130416,D,20100528,000000,126.5500000,137.8800000,126.5500000,137.8800000,681
35238_090101_130416,D,20100531,000000,127.0500000,140.0000000,127.0500000,138.8800000,928
35238_090101_130416,D,20100601,000000,135.0000000,138.9900000,130.0000000,138.8800000,830
35238_090101_130416,D,20100602,000000,134.0100000,138.6600000,134.0000000,138.6600000,2.107
35238_090101_130416,D,20100603,000000,138.0600000,138.0600000,135.0500000,135.0500000,102
35238_090101_130416,D,20100604,000000,136.0500000,137.9900000,125.0000000,135.0500000,4.379
35238_090101_130416,D,20100607,000000,128.0200000,135.9900000,126.0000000,135.9900000,50
35238_090101_130416,D,20100608,000000,132.6800000,136.0500000,127.7900000,129.1500000,9.290
35238_090101_130416,D,20100609,000000,127.4000000,130.0000000,125.0000000,125.0000000,1.373
35238_090101_130416,D,20100610,000000,125.0000000,127.3000000,122.2900000,126.4000000,190
35238_090101_130416,D,20100611,000000,124.0000000,126.0000000,122.0300000,123.0000000,1.154
35238_090101_130416,D,20100615,000000,123.0000000,128.2900000,122.0000000,125.0000000,207
35238_090101_130416,D,20100616,000000,125.0000000,125.0000000,119.0000000,121.0000000,6.474
35238_090101_130416,D,20100617,000000,119.1300000,121.0000000,118.7100000,119.9900000,3.138
35238_090101_130416,D,20100618,000000,119.9900000,120.3700000,110.1200000,117.0100000,1.599
35238_090101_130416,D,20100621,000000,116.8000000,120.0000000,115.0100000,116.8700000,624
35238_090101_130416,D,20100622,000000,117.9100000,122.6800000,116.0000000,122.6800000,2.188
35238_090101_130416,D,20100623,000000,120.2300000,122.9100000,115.0100000,118.2000000,3.807
35238_090101_130416,D,20100624,000000,119.7600000,124.4500000,117.7200000,118.0300000,13.753
35238_090101_130416,D,20100625,000000,117.7000000,119.0000000,105.6500000,118.5000000,3.215
35238_090101_130416,D,20100628,000000,115.3800000,118.0200000,113.0700000,117.9900000,71
35238_090101_130416,D,20100629,000000,115.8100000,115.8100000,109.0100000,110.1000000,2.167
35238_090101_130416,D,20100630,000000,105.5200000,111.9500000,105.5200000,111.9500000,1.845
35238_090101_130416,D,20100701,000000,103.5100000,110.0000000,98.0300000,105.0000000,1.383
35238_090101_130416,D,20100702,000000,108.1700000,108.1700000,101.0000000,107.6200000,856
35238_090101_130416,D,20100705,000000,103.8600000,103.8600000,98.0700000,103.8100000,840
35238_090101_130416,D,20100706,000000,103.7600000,103.8200000,98.0300000,98.3600000,314
35238_090101_130416,D,20100707,000000,98.0100000,103.8100000,98.0000000,100.3200000,2.814
35238_090101_130416,D,20100708,000000,100.5100000,103.8100000,100.0000000,101.0100000,3.144
35238_090101_130416,D,20100709,000000,101.0100000,102.9400000,100.0000000,100.0200000,1.296
35238_090101_130416,D,20100712,000000,100.5100000,100.5100000,99.5000000,100.5000000,5.242
35238_090101_130416,D,20100713,000000,101.5300000,103.8100000,100.5200000,100.5200000,109
35238_090101_130416,D,20100714,000000,100.5300000,103.8100000,100.5000000,102.9900000,304
35238_090101_130416,D,20100715,000000,103.8000000,103.8000000,100.7600000,102.9800000,1.462
35238_090101_130416,D,20100716,000000,100.0100000,103.8000000,100.0000000,103.8000000,12
35238_090101_130416,D,20100719,000000,102.9000000,102.9900000,102.0000000,102.9500000,86
35238_090101_130416,D,20100720,000000,102.0000000,103.8000000,100.0000000,101.0000000,157
35238_090101_130416,D,20100721,000000,100.0100000,100.0100000,96.5000000,96.5100000,6.711
35238_090101_130416,D,20100722,000000,97.0000000,97.4600000,94.0000000,95.0000000,10.177
35238_090101_130416,D,20100723,000000,94.0300000,98.0100000,92.5000000,94.0000000,4.478
35238_090101_130416,D,20100726,000000,94.9500000,95.0000000,89.7200000,90.0600000,11.958
35238_090101_130416,D,20100727,000000,93.0000000,94.8400000,88.8800000,93.3900000,3.345
35238_090101_130416,D,20100728,000000,91.2400000,92.0000000,88.7500000,89.9700000,3.401
35238_090101_130416,D,20100729,000000,91.2100000,92.0000000,89.0000000,91.4400000,1.748
35238_090101_130416,D,20100730,000000,92.3000000,92.3000000,87.5000000,87.6500000,5.819
35238_090101_130416,D,20100802,000000,89.3200000,91.2000000,86.0000000,88.0000000,3.881
35238_090101_130416,D,20100803,000000,90.2900000,93.7800000,86.1800000,88.2200000,8.530
35238_090101_130416,D,20100804,000000,90.6900000,92.4800000,86.1300000,87.7000000,21.476
35238_090101_130416,D,20100805,000000,88.9900000,92.0000000,87.3000000,88.8800000,3.240
35238_090101_130416,D,20100806,000000,91.9900000,92.0000000,86.0000000,88.5000000,5.033
35238_090101_130416,D,20100809,000000,90.5900000,90.5900000,88.5100000,88.5100000,531
35238_090101_130416,D,20100810,000000,87.5100000,94.3500000,87.5000000,90.0000000,7.597
35238_090101_130416,D,20100811,000000,89.9900000,89.9900000,88.4700000,88.4700000,61
35238_090101_130416,D,20100812,000000,88.2900000,90.4100000,88.2900000,89.0000000,137
35238_090101_130416,D,20100813,000000,94.0000000,94.7900000,89.9900000,90.0000000,6.600
35238_090101_130416,D,20100816,000000,89.5000000,91.2300000,89.0000000,89.5000000,279
35238_090101_130416,D,20100817,000000,90.0000000,92.9900000,89.5100000,92.9500000,1.849
35238_090101_130416,D,20100818,000000,91.2300000,94.7000000,88.7200000,89.7700000,27.210
35238_090101_130416,D,20100819,000000,90.0200000,92.1400000,87.0100000,87.4900000,93.300
35238_090101_130416,D,20100820,000000,87.0400000,87.8000000,87.0000000,87.0100000,22.801
35238_090101_130416,D,20100823,000000,87.9900000,88.5000000,87.0200000,87.7000000,194
35238_090101_130416,D,20100824,000000,89.5000000,89.5000000,86.8200000,88.0000000,1.146
35238_090101_130416,D,20100825,000000,88.0000000,88.0000000,83.0300000,84.3500000,11.259
35238_090101_130416,D,20100826,000000,86.5900000,86.9900000,83.2000000,83.5600000,843
35238_090101_130416,D,20100827,000000,83.5600000,85.7500000,83.1100000,83.1600000,1.661
35238_090101_130416,D,20100830,000000,84.7800000,85.6800000,82.8300000,84.4400000,974
35238_090101_130416,D,20100831,000000,83.0400000,83.9400000,82.3400000,83.0000000,2.160
35238_090101_130416,D,20100901,000000,84.6700000,84.6700000,82.5000000,82.6100000,948
35238_090101_130416,D,20100902,000000,84.5000000,85.0000000,83.2000000,84.0200000,2.144
35238_090101_130416,D,20100903,000000,84.7000000,88.4900000,83.0000000,84.7100000,27.056
35238_090101_130416,D,20100906,000000,84.7000000,87.4900000,82.0000000,84.6800000,67.052
35238_090101_130416,D,20100907,000000,87.0000000,87.1000000,84.5300000,84.6500000,8.453
35238_090101_130416,D,20100908,000000,85.8500000,87.0000000,84.4900000,84.9900000,31.888
35238_090101_130416,D,20100909,000000,85.8000000,85.8000000,84.7000000,84.9900000,12.604
35238_090101_130416,D,20100910,000000,84.7300000,85.9000000,84.7000000,85.6000000,9.230
35238_090101_130416,D,20100913,000000,85.8500000,87.0000000,85.5600000,85.5700000,7.621
35238_090101_130416,D,20100914,000000,86.5100000,86.5100000,85.0000000,85.1100000,7.536
35238_090101_130416,D,20100915,000000,85.9500000,85.9900000,82.6300000,83.7400000,9.768
35238_090101_130416,D,20100916,000000,83.8300000,83.8300000,74.1000000,78.0000000,75.227
35238_090101_130416,D,20100917,000000,78.2500000,79.5200000,78.0000000,78.2000000,4.811
35238_090101_130416,D,20100920,000000,79.0000000,85.0000000,78.7200000,81.2500000,13.919
35238_090101_130416,D,20100921,000000,81.9900000,83.0000000,79.8100000,79.9900000,15.755
35238_090101_130416,D,20100922,000000,80.8000000,80.8500000,79.0100000,79.8000000,2.996
35238_090101_130416,D,20100923,000000,80.6900000,80.6900000,79.1100000,79.5100000,1.844
35238_090101_130416,D,20100924,000000,80.6900000,80.7000000,79.0800000,79.4100000,819
35238_090101_130416,D,20100927,000000,78.6200000,80.2200000,78.4600000,79.8700000,2.104
35238_090101_130416,D,20100928,000000,79.9800000,80.0000000,78.5800000,78.5800000,3.317
35238_090101_130416,D,20100929,000000,79.9900000,82.9000000,77.9100000,81.0000000,27.479
35238_090101_130416,D,20100930,000000,80.0000000,82.5000000,79.2100000,79.2100000,9.524
35238_090101_130416,D,20101001,000000,79.2100000,80.8700000,70.0000000,79.4900000,12.022
35238_090101_130416,D,20101004,000000,79.5000000,80.9800000,79.1400000,80.1100000,2.344
35238_090101_130416,D,20101005,000000,79.1400000,80.1000000,77.5700000,79.4900000,1.041
35238_090101_130416,D,20101006,000000,79.5000000,80.5000000,78.5000000,79.8400000,4.959
35238_090101_130416,D,20101007,000000,79.9900000,79.9900000,78.1200000,78.5000000,881
35238_090101_130416,D,20101008,000000,79.7500000,79.7500000,75.5000000,77.6000000,36.898
35238_090101_130416,D,20101011,000000,78.4400000,79.5100000,76.0000000,79.3800000,3.424
35238_090101_130416,D,20101012,000000,79.3800000,79.4800000,78.1000000,78.1500000,1.128
35238_090101_130416,D,20101013,000000,79.2400000,79.2400000,77.5000000,79.0000000,1.562
35238_090101_130416,D,20101014,000000,79.0500000,80.0000000,76.6300000,77.1500000,6.716
35238_090101_130416,D,20101015,000000,77.0500000,77.4000000,77.0000000,77.4000000,701
35238_090101_130416,D,20101018,000000,77.0200000,77.7000000,76.8100000,77.5400000,2.937
35238_090101_130416,D,20101019,000000,77.0000000,79.3900000,76.9100000,76.9100000,2.854
35238_090101_130416,D,20101020,000000,76.9100000,76.9100000,76.0000000,76.1100000,11.424
35238_090101_130416,D,20101021,000000,78.9700000,79.3900000,75.6300000,75.8800000,872
35238_090101_130416,D,20101022,000000,76.0000000,76.0000000,74.9000000,75.0300000,11.976
35238_090101_130416,D,20101025,000000,75.0300000,78.3900000,73.0000000,74.5500000,47.516
35238_090101_130416,D,20101026,000000,75.8600000,76.6300000,74.0300000,74.9500000,3.834
35238_090101_130416,D,20101027,000000,74.9500000,75.7800000,74.0100000,75.0800000,1.049
35238_090101_130416,D,20101028,000000,75.4900000,75.4900000,73.0100000,74.0700000,11.870
35238_090101_130416,D,20101029,000000,74.4600000,74.9500000,73.5300000,74.4600000,6.287
35238_090101_130416,D,20101101,000000,74.4700000,74.7900000,72.9200000,74.4700000,12.523
35238_090101_130416,D,20101102,000000,74.3000000,74.8000000,73.9800000,73.9900000,4.296
35238_090101_130416,D,20101103,000000,73.6200000,74.9900000,73.6200000,74.5000000,1.947
35238_090101_130416,D,20101108,000000,75.7800000,77.3100000,73.0000000,73.9700000,6.769
35238_090101_130416,D,20101109,000000,74.0000000,74.5000000,73.0000000,73.9900000,9.787
35238_090101_130416,D,20101110,000000,73.3700000,74.4900000,73.0300000,73.1200000,10.300
35238_090101_130416,D,20101111,000000,73.0500000,73.7900000,71.4100000,72.9800000,12.206
35238_090101_130416,D,20101112,000000,72.5300000,78.3700000,71.2100000,75.6800000,35.189
35238_090101_130416,D,20101113,000000,75.7100000,76.8100000,72.4100000,74.1000000,15.562
35238_090101_130416,D,20101115,000000,73.3300000,73.9900000,72.9000000,73.8500000,6.226
35238_090101_130416,D,20101116,000000,74.3900000,74.3900000,72.5100000,72.6300000,6.366
35238_090101_130416,D,20101117,000000,73.3000000,75.9900000,73.0000000,73.1000000,16.076
35238_090101_130416,D,20101118,000000,73.8800000,75.2000000,72.9700000,75.2000000,11.584
35238_090101_130416,D,20101119,000000,74.9600000,75.9300000,74.0000000,75.8500000,7.927
35238_090101_130416,D,20101122,000000,75.9300000,77.0400000,74.0000000,74.6000000,53.299
35238_090101_130416,D,20101123,000000,74.1100000,74.4100000,73.0100000,73.9900000,8.367
35238_090101_130416,D,20101124,000000,74.3100000,75.0000000,73.5500000,75.0000000,7.913
35238_090101_130416,D,20101125,000000,74.9900000,76.0800000,73.8000000,74.9700000,39.306
35238_090101_130416,D,20101126,000000,74.9700000,76.9900000,73.9900000,74.0100000,104.390
35238_090101_130416,D,20101129,000000,75.7600000,75.7600000,73.9300000,74.8800000,18.688
35238_090101_130416,D,20101130,000000,74.0900000,74.7900000,73.9300000,74.7400000,4.416
35238_090101_130416,D,20101201,000000,74.8000000,74.9900000,73.9900000,74.8800000,15.807
35238_090101_130416,D,20101202,000000,74.1500000,75.6700000,74.0500000,74.9800000,16.005
35238_090101_130416,D,20101203,000000,75.3000000,75.3500000,74.1400000,74.5000000,8.693
35238_090101_130416,D,20101206,000000,75.0000000,82.3600000,74.5000000,80.2000000,203.373
35238_090101_130416,D,20101207,000000,80.0000000,81.0000000,77.3000000,78.5900000,41.326
35238_090101_130416,D,20101208,000000,78.7000000,80.2000000,77.6900000,77.8800000,30.986
35238_090101_130416,D,20101209,000000,79.9100000,80.5000000,77.0000000,78.5000000,37.795
35238_090101_130416,D,20101210,000000,78.7100000,78.8000000,76.6700000,77.4100000,13.799
35238_090101_130416,D,20101213,000000,77.7700000,79.2200000,77.0500000,78.0100000,10.441
35238_090101_130416,D,20101214,000000,78.6800000,78.7500000,77.9000000,78.6900000,6.291
35238_090101_130416,D,20101215,000000,79.2100000,87.9000000,79.0000000,82.7400000,237.307
35238_090101_130416,D,20101216,000000,83.0000000,83.5000000,80.0000000,82.5000000,140.300
35238_090101_130416,D,20101217,000000,84.0000000,84.0000000,82.3000000,82.8800000,57.541
35238_090101_130416,D,20101220,000000,83.2000000,83.8000000,81.4900000,83.7100000,21.328
35238_090101_130416,D,20101221,000000,83.8800000,85.9900000,83.1000000,85.0000000,45.432
35238_090101_130416,D,20101222,000000,85.0200000,88.0000000,84.1200000,84.9700000,55.374
35238_090101_130416,D,20101223,000000,86.2800000,86.2800000,82.9500000,85.0900000,33.964
35238_090101_130416,D,20101224,000000,85.1000000,85.5000000,83.5000000,85.0000000,27.868
35238_090101_130416,D,20101227,000000,85.8000000,85.8000000,83.6400000,84.8900000,5.530
35238_090101_130416,D,20101228,000000,83.5200000,84.9900000,83.5000000,84.2800000,13.240
35238_090101_130416,D,20101229,000000,84.7900000,84.7900000,80.5000000,83.7300000,7.980
35238_090101_130416,D,20101230,000000,84.2900000,84.2900000,82.5000000,82.7500000,14.052
35238_090101_130416,D,20110111,000000,83.4600000,84.9900000,82.6300000,83.9800000,9.772
35238_090101_130416,D,20110112,000000,83.1000000,87.8900000,82.5000000,85.9700000,54.281
35238_090101_130416,D,20110113,000000,85.8200000,86.6800000,84.4900000,86.0000000,25.889
35238_090101_130416,D,20110114,000000,86.6900000,87.0000000,85.0300000,85.8000000,17.166
35238_090101_130416,D,20110117,000000,85.9600000,86.5900000,85.1100000,86.0100000,12.774
35238_090101_130416,D,20110118,000000,86.2900000,86.3000000,84.8900000,85.4800000,13.369
35238_090101_130416,D,20110119,000000,85.4900000,86.0000000,83.1000000,85.4700000,75.165
35238_090101_130416,D,20110120,000000,84.0600000,85.9000000,83.0300000,85.8800000,60.307
35238_090101_130416,D,20110121,000000,85.9800000,92.1300000,85.3600000,86.9000000,162.843
35238_090101_130416,D,20110124,000000,88.0000000,88.9500000,87.0000000,87.4000000,30.583
35238_090101_130416,D,20110125,000000,87.5500000,102.4500000,87.5500000,90.9200000,1.181.823
35238_090101_130416,D,20110126,000000,91.4800000,93.7500000,90.1100000,91.3500000,135.913
35238_090101_130416,D,20110127,000000,91.9900000,93.1200000,89.0000000,92.4700000,112.169
35238_090101_130416,D,20110128,000000,92.0000000,93.0000000,90.1500000,91.5100000,18.043
35238_090101_130416,D,20110131,000000,91.6000000,92.7800000,89.0000000,90.9800000,42.304
35238_090101_130416,D,20110201,000000,91.2500000,93.0800000,89.6200000,92.0000000,25.154
35238_090101_130416,D,20110202,000000,92.9000000,92.9000000,89.5100000,91.4500000,56.673
35238_090101_130416,D,20110203,000000,91.9800000,91.9800000,89.1000000,90.7900000,6.336
35238_090101_130416,D,20110204,000000,91.1600000,91.1600000,87.7700000,88.6600000,22.323
35238_090101_130416,D,20110207,000000,88.9000000,89.2500000,86.1100000,88.0500000,12.546
35238_090101_130416,D,20110208,000000,88.4900000,88.9300000,85.1500000,88.1900000,34.194
35238_090101_130416,D,20110209,000000,87.3000000,91.8800000,83.0000000,88.5700000,40.712
35238_090101_130416,D,20110210,000000,88.5000000,88.5000000,86.1100000,87.2900000,50.090
35238_090101_130416,D,20110211,000000,86.4100000,88.9600000,86.4100000,88.8600000,8.429
35238_090101_130416,D,20110214,000000,88.9700000,88.9700000,86.0000000,87.4900000,21.251
35238_090101_130416,D,20110215,000000,87.5200000,87.8700000,85.3000000,87.0000000,53.950
35238_090101_130416,D,20110216,000000,87.4700000,87.4700000,85.1200000,86.9900000,40.189
35238_090101_130416,D,20110217,000000,87.5000000,88.8000000,85.0500000,87.0000000,70.343
35238_090101_130416,D,20110218,000000,87.5200000,87.5200000,86.0200000,86.8000000,40.706
35238_090101_130416,D,20110221,000000,87.6500000,88.4300000,86.5000000,87.3700000,26.109
35238_090101_130416,D,20110222,000000,88.2000000,88.2000000,86.5900000,87.6500000,21.336
35238_090101_130416,D,20110224,000000,88.4000000,88.4000000,86.5800000,87.0000000,18.746
35238_090101_130416,D,20110225,000000,88.6800000,88.6800000,86.5700000,86.6000000,4.344
35238_090101_130416,D,20110228,000000,87.4500000,87.4500000,85.8000000,86.5000000,27.047
35238_090101_130416,D,20110301,000000,87.4300000,87.4300000,84.8000000,85.6500000,40.600
35238_090101_130416,D,20110302,000000,85.7000000,85.7000000,84.0000000,84.0200000,9.700
35238_090101_130416,D,20110303,000000,83.1000000,83.1000000,82.0000000,82.0000000,30.400
35238_090101_130416,D,20110304,000000,83.0000000,83.0000000,78.2000000,79.6000000,75.800
35238_090101_130416,D,20110305,000000,80.3000000,80.3800000,78.0000000,79.4400000,9.600
35238_090101_130416,D,20110309,000000,79.8900000,79.8900000,77.0000000,77.6900000,12.400
35238_090101_130416,D,20110310,000000,77.0100000,77.0100000,75.0000000,76.9000000,21.900
35238_090101_130416,D,20110311,000000,76.9300000,76.9300000,75.0300000,76.2900000,7.300
35238_090101_130416,D,20110314,000000,78.0000000,78.0100000,75.5000000,75.5000000,21.700
35238_090101_130416,D,20110315,000000,74.2100000,74.5000000,71.0000000,71.9000000,59.100
35238_090101_130416,D,20110316,000000,71.1800000,78.0000000,68.3100000,71.9900000,57.800
35238_090101_130416,D,20110317,000000,74.0000000,74.0000000,70.7900000,71.4000000,42.400
35238_090101_130416,D,20110318,000000,72.0000000,72.0000000,70.5000000,70.5000000,26.200
35238_090101_130416,D,20110321,000000,70.3600000,71.8400000,70.2200000,70.4500000,14.400
35238_090101_130416,D,20110322,000000,70.5200000,70.7400000,69.0000000,70.3500000,9.700
35238_090101_130416,D,20110323,000000,70.0200000,70.7500000,69.5000000,70.0100000,35.100
35238_090101_130416,D,20110324,000000,70.9900000,71.6200000,69.7000000,69.9900000,29.000
35238_090101_130416,D,20110325,000000,69.4600000,70.3400000,68.4800000,70.1000000,26.200
35238_090101_130416,D,20110328,000000,70.0000000,71.5000000,70.0000000,71.3600000,46.800
35238_090101_130416,D,20110329,000000,71.3600000,71.5000000,69.4000000,69.4000000,8.700
35238_090101_130416,D,20110330,000000,69.0600000,70.0000000,69.0000000,69.6000000,5.700
35238_090101_130416,D,20110331,000000,69.4000000,70.0000000,68.0000000,69.5200000,9.700
35238_090101_130416,D,20110401,000000,69.4900000,71.5000000,68.5000000,69.7000000,98.200
35238_090101_130416,D,20110404,000000,69.0300000,69.9000000,69.0300000,69.3600000,47.900
35238_090101_130416,D,20110405,000000,69.6300000,70.4900000,69.4000000,70.0100000,32.300
35238_090101_130416,D,20110406,000000,70.4900000,72.0000000,69.5400000,69.5500000,136.300
35238_090101_130416,D,20110407,000000,70.0000000,75.9500000,69.0800000,72.6200000,469.000
35238_090101_130416,D,20110408,000000,71.2500000,73.0000000,71.2000000,72.9300000,140.300
35238_090101_130416,D,20110411,000000,71.7100000,74.2000000,70.5000000,71.2400000,60.200
35238_090101_130416,D,20110412,000000,71.0100000,72.9000000,70.3100000,71.9800000,32.800
35238_090101_130416,D,20110413,000000,71.9900000,72.2500000,65.6800000,70.2300000,28.200
35238_090101_130416,D,20110414,000000,70.0000000,70.0000000,68.0100000,68.5000000,30.900
35238_090101_130416,D,20110415,000000,68.0000000,70.0000000,68.0000000,68.6000000,9.300
35238_090101_130416,D,20110418,000000,68.0700000,69.9000000,65.0100000,65.0100000,18.700
35238_090101_130416,D,20110419,000000,66.0000000,67.7500000,64.0000000,65.5000000,46.300
35238_090101_130416,D,20110420,000000,66.4600000,67.0000000,63.9900000,66.8500000,66.300
35238_090101_130416,D,20110421,000000,65.8000000,65.8000000,63.7000000,64.1300000,37.700
35238_090101_130416,D,20110422,000000,64.0100000,64.0100000,62.5600000,63.8800000,38.300
35238_090101_130416,D,20110425,000000,63.9700000,64.7500000,61.0000000,61.2500000,69.700
35238_090101_130416,D,20110426,000000,61.7500000,62.7700000,56.9900000,58.2200000,103.600
35238_090101_130416,D,20110427,000000,58.3500000,58.7500000,55.0100000,58.0000000,37.800
35238_090101_130416,D,20110428,000000,57.8000000,60.0000000,55.1700000,57.4500000,51.900
35238_090101_130416,D,20110429,000000,58.0000000,58.5000000,53.5000000,54.5400000,50.600
35238_090101_130416,D,20110503,000000,55.0000000,55.0000000,52.5000000,53.0000000,12.100
35238_090101_130416,D,20110504,000000,54.0700000,54.0700000,50.5100000,52.0100000,39.000
35238_090101_130416,D,20110505,000000,53.8900000,55.0000000,50.0000000,50.4100000,58.100
35238_090101_130416,D,20110506,000000,51.9400000,51.9400000,49.0700000,50.3800000,13.200
35238_090101_130416,D,20110510,000000,49.1200000,50.5000000,49.1200000,50.5000000,19.800
35238_090101_130416,D,20110511,000000,50.5000000,54.0000000,49.8000000,49.8000000,83.100
35238_090101_130416,D,20110512,000000,50.0000000,50.9900000,47.9900000,48.0000000,79.900
35238_090101_130416,D,20110513,000000,48.0300000,49.0000000,44.9900000,47.9900000,48.600
35238_090101_130416,D,20110516,000000,48.0000000,48.0000000,41.2000000,46.8900000,129.700
35238_090101_130416,D,20110517,000000,45.9200000,49.0000000,45.8100000,48.0000000,42.100
35238_090101_130416,D,20110518,000000,48.5000000,52.3900000,48.2800000,52.3900000,63.300
35238_090101_130416,D,20110519,000000,52.5000000,62.0000000,50.0000000,56.0000000,386.000
35238_090101_130416,D,20110520,000000,57.0000000,57.0100000,53.1500000,53.3600000,42.800
35238_090101_130416,D,20110523,000000,52.0000000,52.1800000,50.6600000,51.9500000,6.400
35238_090101_130416,D,20110524,000000,51.1700000,52.0000000,50.1100000,51.6500000,15.600
35238_090101_130416,D,20110525,000000,50.0000000,52.0000000,50.0000000,51.4400000,4.500
35238_090101_130416,D,20110526,000000,51.0000000,52.0000000,51.0000000,51.9900000,4.700
35238_090101_130416,D,20110527,000000,51.0100000,52.5000000,51.0000000,52.4800000,8.600
35238_090101_130416,D,20110530,000000,51.0000000,52.5000000,51.0000000,51.3900000,4.400
35238_090101_130416,D,20110531,000000,51.9900000,52.0000000,51.0900000,51.5000000,15.500
35238_090101_130416,D,20110601,000000,51.5000000,52.0000000,50.5600000,51.2500000,3.700
35238_090101_130416,D,20110602,000000,50.9900000,51.5000000,50.9900000,51.0000000,10.300
35238_090101_130416,D,20110603,000000,51.0000000,56.8800000,51.0000000,52.5000000,138.600
35238_090101_130416,D,20110606,000000,52.7100000,53.4900000,52.5000000,53.0000000,48.600
35238_090101_130416,D,20110607,000000,52.5200000,56.9900000,52.0000000,56.0000000,322.800
35238_090101_130416,D,20110608,000000,55.0000000,62.8000000,55.0000000,61.4200000,216.800
35238_090101_130416,D,20110609,000000,60.0700000,63.9900000,60.0100000,62.9900000,18.600
35238_090101_130416,D,20110610,000000,62.9700000,66.7400000,60.0000000,62.5000000,63.000
35238_090101_130416,D,20110614,000000,62.2500000,63.5500000,59.2700000,61.3000000,23.400
35238_090101_130416,D,20110615,000000,59.5100000,66.9600000,59.2700000,65.9700000,77.300
35238_090101_130416,D,20110616,000000,65.1000000,66.3500000,64.1000000,65.5000000,19.700
35238_090101_130416,D,20110617,000000,65.5000000,66.9200000,65.5000000,66.8500000,31.600
35238_090101_130416,D,20110620,000000,66.0300000,68.9900000,65.7500000,66.0200000,57.400
35238_090101_130416,D,20110621,000000,66.2000000,73.0000000,66.0300000,71.9600000,65.600
35238_090101_130416,D,20110622,000000,71.8200000,73.7300000,66.0600000,72.0000000,83.700
35238_090101_130416,D,20110623,000000,70.0700000,71.7200000,67.3100000,69.4000000,71.200
35238_090101_130416,D,20110624,000000,70.6700000,70.7000000,68.7000000,68.7000000,10.900
35238_090101_130416,D,20110627,000000,67.5900000,68.6000000,67.5900000,67.6000000,14.200
35238_090101_130416,D,20110628,000000,69.4400000,69.9700000,68.5000000,69.3800000,5.200
35238_090101_130416,D,20110629,000000,76.0000000,85.9900000,74.7800000,75.0100000,536.100
35238_090101_130416,D,20110630,000000,75.7000000,76.5000000,73.0100000,74.9900000,31.700
35238_090101_130416,D,20110701,000000,75.0000000,75.2900000,73.0000000,74.0100000,29.000
35238_090101_130416,D,20110704,000000,74.9800000,75.0000000,73.0000000,73.5100000,13.900
35238_090101_130416,D,20110705,000000,73.2100000,74.4900000,72.1000000,72.8500000,51.700
35238_090101_130416,D,20110706,000000,73.0000000,74.4900000,72.5000000,73.4900000,11.900
35238_090101_130416,D,20110707,000000,74.3900000,74.3900000,73.0100000,73.4900000,4.900
35238_090101_130416,D,20110708,000000,72.9300000,74.6500000,72.0000000,72.5000000,42.500
35238_090101_130416,D,20110711,000000,73.2900000,73.3400000,72.5000000,72.5000000,4.000
35238_090101_130416,D,20110712,000000,72.9900000,79.0000000,71.4700000,74.0100000,59.800
35238_090101_130416,D,20110713,000000,74.9900000,76.0000000,74.0400000,75.0000000,23.300
35238_090101_130416,D,20110714,000000,74.9800000,75.7900000,74.0000000,74.6100000,8.800
35238_090101_130416,D,20110715,000000,74.9900000,75.0000000,74.0300000,74.9800000,14.900
35238_090101_130416,D,20110718,000000,74.0100000,74.4800000,72.7000000,73.6300000,14.500
35238_090101_130416,D,20110719,000000,73.9700000,73.9900000,72.0000000,73.0100000,24.900
35238_090101_130416,D,20110720,000000,73.5000000,73.5000000,72.5000000,72.5100000,1.800
35238_090101_130416,D,20110721,000000,71.3300000,71.6600000,71.3000000,71.6600000,1.100
35238_090101_130416,D,20110722,000000,71.6600000,72.9900000,71.3000000,72.0200000,10.300
35238_090101_130416,D,20110725,000000,71.3000000,71.3000000,69.0300000,70.8400000,8.900
35238_090101_130416,D,20110726,000000,71.3000000,71.3000000,70.9900000,70.9900000,600
35238_090101_130416,D,20110727,000000,70.5500000,70.5500000,68.0000000,68.8000000,17.300
35238_090101_130416,D,20110728,000000,69.5700000,73.1000000,68.0000000,71.5300000,164.300
35238_090101_130416,D,20110729,000000,71.0400000,72.3000000,70.0000000,71.0000000,200.600
35238_090101_130416,D,20110801,000000,70.0900000,72.8300000,70.0500000,72.0000000,10.000
35238_090101_130416,D,20110802,000000,71.9800000,73.8000000,71.9800000,73.8000000,32.500
35238_090101_130416,D,20110803,000000,71.9800000,72.9700000,71.0000000,72.0000000,28.900
35238_090101_130416,D,20110804,000000,72.7400000,72.7400000,70.0200000,70.0400000,6.800
35238_090101_130416,D,20110805,000000,65.6700000,68.0000000,60.1000000,67.0100000,23.300
35238_090101_130416,D,20110808,000000,64.0000000,66.9100000,62.5300000,63.0900000,14.400
35238_090101_130416,D,20110809,000000,59.0100000,63.0000000,52.0500000,61.5000000,30.200
35238_090101_130416,D,20110810,000000,65.9900000,69.9900000,63.0000000,67.0000000,61.600
35238_090101_130416,D,20110811,000000,66.0300000,69.5000000,60.0000000,69.4900000,76.700
35238_090101_130416,D,20110812,000000,71.0000000,73.5000000,69.0700000,71.0500000,15.400
35238_090101_130416,D,20110815,000000,70.5100000,72.0000000,70.5100000,71.0300000,3.000
35238_090101_130416,D,20110816,000000,72.9900000,73.4300000,69.0000000,70.4100000,4.700
35238_090101_130416,D,20110817,000000,73.4400000,76.0000000,73.4400000,76.0000000,21.000
35238_090101_130416,D,20110818,000000,77.9300000,77.9900000,74.5000000,74.5000000,6.800
35238_090101_130416,D,20110819,000000,75.0000000,76.6900000,74.7000000,76.6900000,10.300
35238_090101_130416,D,20110822,000000,76.9200000,82.0000000,76.9200000,81.0000000,19.500
35238_090101_130416,D,20110823,000000,83.8900000,83.8900000,79.9800000,79.9900000,7.100
35238_090101_130416,D,20110824,000000,81.9900000,81.9900000,80.5000000,81.8000000,3.100
35238_090101_130416,D,20110825,000000,81.4000000,81.7500000,78.1500000,81.7500000,9.600
35238_090101_130416,D,20110826,000000,80.0900000,81.0000000,80.0000000,80.0000000,15.500
35238_090101_130416,D,20110829,000000,79.8800000,81.9900000,79.8800000,81.9900000,1.300
35238_090101_130416,D,20110830,000000,79.8000000,80.0000000,78.0300000,80.0000000,3.700
35238_090101_130416,D,20110831,000000,80.0000000,80.0100000,80.0000000,80.0100000,4.500
35238_090101_130416,D,20110901,000000,80.5000000,80.8000000,80.5000000,80.5000000,4.200
35238_090101_130416,D,20110902,000000,81.6000000,82.4000000,81.0000000,81.0000000,3.800
35238_090101_130416,D,20110905,000000,80.5000000,82.0000000,80.5000000,82.0000000,10.700
35238_090101_130416,D,20110906,000000,82.0100000,83.5000000,82.0000000,83.5000000,2.700
35238_090101_130416,D,20110907,000000,83.6300000,86.9100000,83.5400000,86.9100000,5.900
35238_090101_130416,D,20110908,000000,85.1500000,86.9600000,85.0000000,85.9500000,2.800
35238_090101_130416,D,20110909,000000,86.6100000,86.6100000,85.0000000,85.0000000,400
35238_090101_130416,D,20110912,000000,85.0000000,85.8800000,82.1300000,85.8800000,2.100
35238_090101_130416,D,20110913,000000,86.9900000,88.9900000,86.0000000,88.9900000,5.200
35238_090101_130416,D,20110914,000000,88.0000000,88.0000000,85.5800000,87.8200000,400
35238_090101_130416,D,20110915,000000,90.0000000,90.0000000,82.6100000,87.2700000,6.400
35238_090101_130416,D,20110916,000000,85.0600000,86.5000000,85.0000000,85.0000000,4.000
35238_090101_130416,D,20110919,000000,85.0100000,88.9700000,85.0000000,88.9700000,28.700
35238_090101_130416,D,20110920,000000,88.5000000,89.9900000,88.0000000,89.9000000,6.700
35238_090101_130416,D,20110921,000000,89.9900000,90.8700000,89.1000000,89.9900000,15.400
35238_090101_130416,D,20110922,000000,88.5000000,88.5000000,80.0000000,81.1900000,40.700
35238_090101_130416,D,20110923,000000,81.1900000,81.1900000,72.9200000,75.8900000,2.700
35238_090101_130416,D,20110926,000000,75.0000000,81.4900000,65.2100000,81.0000000,9.400
35238_090101_130416,D,20110927,000000,80.0000000,81.0000000,76.0000000,78.0000000,6.600
35238_090101_130416,D,20110928,000000,78.0000000,81.9000000,77.0000000,81.5000000,27.300
35238_090101_130416,D,20110929,000000,80.0100000,80.1000000,80.0000000,80.0000000,9.400
35238_090101_130416,D,20110930,000000,80.0000000,82.9500000,80.0000000,80.9900000,4.000
35238_090101_130416,D,20111003,000000,78.0100000,78.0100000,78.0000000,78.0000000,1.100
35238_090101_130416,D,20111004,000000,80.0400000,80.0400000,76.0000000,76.0000000,9.000
35238_090101_130416,D,20111005,000000,78.9700000,78.9700000,76.0100000,77.0000000,5.800
35238_090101_130416,D,20111006,000000,80.0200000,80.0200000,75.0000000,75.0000000,26.500
35238_090101_130416,D,20111010,000000,75.0100000,75.0100000,75.0000000,75.0000000,1.000
35238_090101_130416,D,20111011,000000,79.9600000,84.9900000,79.9600000,80.0000000,1.100
35238_090101_130416,D,20111012,000000,75.0400000,77.9800000,75.0000000,77.9800000,4.100
35238_090101_130416,D,20111013,000000,76.0000000,76.9700000,75.5500000,76.0000000,1.400
35238_090101_130416,D,20111014,000000,74.5100000,74.5100000,74.5000000,74.5000000,500
35238_090101_130416,D,20111017,000000,74.2600000,74.5900000,74.2600000,74.5900000,200
35238_090101_130416,D,20111018,000000,74.2600000,74.2600000,74.2600000,74.2600000,100
35238_090101_130416,D,20111019,000000,74.9900000,74.9900000,74.0000000,74.0000000,11.300
35238_090101_130416,D,20111021,000000,74.0100000,74.0100000,74.0000000,74.0000000,1.300
35238_090101_130416,D,20111024,000000,74.9900000,75.0000000,73.9800000,74.0000000,3.400
35238_090101_130416,D,20111025,000000,73.9900000,75.0000000,72.0000000,72.0000000,2.600
35238_090101_130416,D,20111026,000000,67.3300000,73.1700000,67.3300000,73.0000000,3.400
35238_090101_130416,D,20111027,000000,73.0000000,74.0000000,71.0300000,74.0000000,4.400
35238_090101_130416,D,20111028,000000,73.5000000,74.0000000,73.5000000,74.0000000,500
35238_090101_130416,D,20111031,000000,66.8300000,73.5000000,66.8200000,73.5000000,2.300
35238_090101_130416,D,20111102,000000,67.0500000,72.8300000,67.0000000,72.8300000,1.600
35238_090101_130416,D,20111103,000000,72.7800000,73.9700000,72.7800000,73.9700000,300
35238_090101_130416,D,20111107,000000,72.9900000,90.0000000,68.7000000,76.9600000,79.500
35238_090101_130416,D,20111108,000000,75.5000000,76.9800000,73.0100000,76.9800000,5.000
35238_090101_130416,D,20111109,000000,75.5000000,75.5000000,68.5000000,75.2500000,21.100
35238_090101_130416,D,20111110,000000,75.2400000,75.2400000,70.0400000,72.9800000,3.500
35238_090101_130416,D,20111111,000000,70.2200000,74.0000000,70.2200000,74.0000000,2.000
35238_090101_130416,D,20111114,000000,72.0000000,74.5000000,70.0100000,74.5000000,5.800
35238_090101_130416,D,20111115,000000,71.9900000,71.9900000,69.0000000,71.8800000,700
35238_090101_130416,D,20111116,000000,70.5000000,71.3900000,70.0000000,71.3900000,700
35238_090101_130416,D,20111117,000000,70.0100000,70.7000000,68.9900000,70.7000000,2.300
35238_090101_130416,D,20111118,000000,69.9900000,71.9500000,69.0000000,71.9500000,1.800
35238_090101_130416,D,20111122,000000,69.0100000,71.8900000,67.2600000,71.8900000,800
35238_090101_130416,D,20111123,000000,69.5700000,71.7600000,69.1100000,71.7600000,1.100
35238_090101_130416,D,20111124,000000,71.0000000,71.0000000,69.3300000,70.4000000,500
35238_090101_130416,D,20111125,000000,69.0100000,69.0100000,67.0000000,68.4000000,1.400
35238_090101_130416,D,20111128,000000,68.8800000,68.9700000,68.0000000,68.0000000,1.200
35238_090101_130416,D,20111129,000000,68.6600000,68.8000000,68.6600000,68.8000000,2.200
35238_090101_130416,D,20111130,000000,67.1100000,68.9000000,67.1000000,68.2500000,1.600
35238_090101_130416,D,20111201,000000,70.4000000,70.4000000,70.4000000,70.4000000,100
35238_090101_130416,D,20111202,000000,69.0000000,75.0000000,69.0000000,73.9900000,3.200
35238_090101_130416,D,20111205,000000,71.0000000,75.0000000,70.0000000,74.9000000,1.700
35238_090101_130416,D,20111206,000000,71.0000000,72.9500000,69.0000000,72.9500000,3.100
35238_090101_130416,D,20111207,000000,72.0000000,72.9900000,71.0000000,72.9900000,2.200
35238_090101_130416,D,20111208,000000,72.0100000,72.0100000,71.0000000,72.0000000,3.500
35238_090101_130416,D,20111209,000000,71.0000000,72.9900000,70.0000000,71.0000000,2.700
35238_090101_130416,D,20111212,000000,77.0000000,77.0000000,73.0000000,73.9000000,31.900
35238_090101_130416,D,20111213,000000,75.9900000,76.0000000,74.0000000,75.5000000,37.200
35238_090101_130416,D,20111214,000000,75.5000000,80.0000000,74.5100000,74.5100000,2.500
35238_090101_130416,D,20111215,000000,80.5000000,80.5000000,75.0700000,79.8900000,400
35238_090101_130416,D,20111216,000000,80.9700000,84.0800000,74.5000000,75.0000000,2.500
35238_090101_130416,D,20111219,000000,73.3900000,77.9900000,73.0000000,75.0000000,4.600
35238_090101_130416,D,20111220,000000,75.0100000,75.8900000,74.9000000,75.8100000,4.100
35238_090101_130416,D,20111221,000000,75.9800000,79.9200000,75.9800000,76.0000000,8.700
35238_090101_130416,D,20111222,000000,76.0000000,77.0000000,75.0000000,77.0000000,1.600
35238_090101_130416,D,20111223,000000,76.9900000,77.0000000,76.0100000,76.9900000,2.500
35238_090101_130416,D,20111226,000000,75.0100000,75.0100000,75.0100000,75.0100000,100
35238_090101_130416,D,20111227,000000,75.9900000,84.0000000,75.9900000,77.0000000,2.100
35238_090101_130416,D,20111228,000000,75.0100000,77.9900000,75.0000000,77.9900000,300
35238_090101_130416,D,20111229,000000,77.0000000,84.5000000,77.0000000,77.9900000,3.100
35238_090101_130416,D,20111230,000000,82.9900000,89.1000000,79.9400000,89.0000000,21.400
35238_090101_130416,D,20120103,000000,89.0000000,89.0000000,80.0100000,85.9800000,600
35238_090101_130416,D,20120104,000000,80.0100000,85.3800000,80.0100000,82.5000000,600
35238_090101_130416,D,20120105,000000,86.3800000,86.3800000,80.0000000,83.3900000,900
35238_090101_130416,D,20120106,000000,89.4700000,93.2300000,79.2600000,87.9900000,800
35238_090101_130416,D,20120109,000000,81.0200000,87.0000000,81.0100000,85.9800000,800
35238_090101_130416,D,20120110,000000,81.0000000,84.9900000,81.0000000,84.9900000,400
35238_090101_130416,D,20120111,000000,86.2000000,86.2000000,83.0000000,85.9900000,700
35238_090101_130416,D,20120112,000000,83.0100000,86.9800000,83.0000000,83.0000000,2.500
35238_090101_130416,D,20120113,000000,79.2500000,82.9800000,79.2500000,82.9800000,300
35238_090101_130416,D,20120116,000000,80.1100000,83.1300000,80.1100000,83.1300000,300
35238_090101_130416,D,20120117,000000,83.1200000,83.1200000,82.8600000,82.8600000,200
35238_090101_130416,D,20120118,000000,80.8600000,82.8800000,80.0000000,82.8800000,3.000
35238_090101_130416,D,20120119,000000,81.0000000,82.0000000,80.5000000,81.5000000,5.500
35238_090101_130416,D,20120120,000000,81.5100000,81.5100000,81.5100000,81.5100000,200
35238_090101_130416,D,20120123,000000,81.0000000,82.3900000,81.0000000,82.3900000,1.100
35238_090101_130416,D,20120124,000000,81.0100000,82.0700000,81.0000000,82.0700000,1.200
35238_090101_130416,D,20120125,000000,82.6300000,82.6300000,80.0100000,82.5400000,600
35238_090101_130416,D,20120126,000000,82.6400000,82.6400000,80.0000000,80.0000000,700
35238_090101_130416,D,20120127,000000,81.0000000,82.0000000,80.0000000,80.9300000,35.200
35238_090101_130416,D,20120130,000000,79.2600000,79.2600000,78.2000000,78.9500000,500
35238_090101_130416,D,20120131,000000,78.9800000,82.0000000,77.0000000,80.5800000,32.200
35238_090101_130416,D,20120201,000000,79.9900000,80.0000000,79.9900000,80.0000000,800
35238_090101_130416,D,20120202,000000,76.1400000,79.9800000,76.1400000,79.9800000,400
35238_090101_130416,D,20120203,000000,77.0100000,79.6500000,77.0000000,79.6500000,600
35238_090101_130416,D,20120206,000000,77.0100000,79.3600000,77.0100000,79.3600000,200
35238_090101_130416,D,20120207,000000,79.4600000,80.6200000,79.0000000,79.0100000,4.800
35238_090101_130416,D,20120208,000000,80.0000000,80.0100000,80.0000000,80.0000000,4.300
35238_090101_130416,D,20120209,000000,80.0000000,80.0000000,80.0000000,80.0000000,6.000
35238_090101_130416,D,20120210,000000,80.0000000,81.0000000,80.0000000,80.0000000,2.000
35238_090101_130416,D,20120213,000000,80.1500000,80.9000000,80.1500000,80.1500000,300
35238_090101_130416,D,20120214,000000,80.2000000,80.8500000,80.0000000,80.0000000,3.200
35238_090101_130416,D,20120215,000000,80.1100000,82.0000000,79.5000000,81.0000000,38.500
35238_090101_130416,D,20120216,000000,81.0000000,81.9500000,79.0000000,79.5000000,21.000
35238_090101_130416,D,20120217,000000,81.6400000,82.0000000,80.0200000,80.9600000,3.600
35238_090101_130416,D,20120220,000000,81.9900000,82.0000000,81.0000000,81.0000000,20.700
35238_090101_130416,D,20120221,000000,81.0100000,81.0100000,80.2600000,80.2600000,1.500
35238_090101_130416,D,20120222,000000,81.0000000,81.0000000,70.2600000,80.0000000,4.700
35238_090101_130416,D,20120224,000000,79.5000000,79.5000000,79.5000000,79.5000000,600
35238_090101_130416,D,20120227,000000,78.1100000,79.3900000,78.1100000,79.0100000,900
35238_090101_130416,D,20120228,000000,80.9900000,82.0000000,79.3000000,80.1100000,4.900
35238_090101_130416,D,20120229,000000,80.0100000,82.0000000,80.0000000,80.4800000,3.500
35238_090101_130416,D,20120301,000000,82.0000000,82.5000000,81.9500000,82.5000000,1.300
35238_090101_130416,D,20120302,000000,85.1100000,95.1000000,85.1100000,91.0000000,8.700
35238_090101_130416,D,20120305,000000,81.3800000,85.9600000,81.3800000,85.9600000,900
35238_090101_130416,D,20120306,000000,83.0400000,88.9900000,83.0400000,84.5100000,1.700
35238_090101_130416,D,20120307,000000,87.3400000,87.3400000,86.0000000,87.0000000,3.300
35238_090101_130416,D,20120311,000000,83.0000000,87.4900000,83.0000000,87.4900000,300
35238_090101_130416,D,20120312,000000,87.4500000,89.9100000,87.3800000,88.4400000,2.700
35238_090101_130416,D,20120313,000000,88.8000000,94.0000000,88.8000000,94.0000000,1.200
35238_090101_130416,D,20120314,000000,87.0100000,93.4500000,87.0000000,90.0000000,12.300
35238_090101_130416,D,20120315,000000,92.9900000,117.0000000,90.1500000,117.0000000,57.300
35238_090101_130416,D,20120316,000000,117.0000000,148.9900000,105.0000000,132.0000000,86.200
35238_090101_130416,D,20120319,000000,131.2700000,131.2700000,107.5000000,109.6600000,31.000
35238_090101_130416,D,20120320,000000,107.3300000,114.9900000,107.3000000,111.0000000,4.900
35238_090101_130416,D,20120321,000000,109.4800000,111.0000000,105.0100000,110.3300000,4.000
35238_090101_130416,D,20120322,000000,103.0100000,109.0000000,103.0000000,105.0000000,4.100
35238_090101_130416,D,20120323,000000,112.0000000,113.0000000,106.0800000,106.1000000,1.300
35238_090101_130416,D,20120326,000000,113.9500000,113.9500000,113.0000000,113.0000000,300
35238_090101_130416,D,20120327,000000,110.0000000,110.0000000,107.0500000,107.0500000,600
35238_090101_130416,D,20120328,000000,100.0700000,104.9900000,100.0700000,104.9900000,1.800
35238_090101_130416,D,20120329,000000,100.0100000,105.0000000,97.0000000,105.0000000,6.900
35238_090101_130416,D,20120330,000000,100.0100000,109.0000000,100.0000000,101.0000000,1.100
35238_090101_130416,D,20120402,000000,106.9900000,107.0000000,106.0000000,107.0000000,700
35238_090101_130416,D,20120403,000000,100.0400000,102.9900000,95.1000000,97.7700000,3.700
35238_090101_130416,D,20120404,000000,96.0600000,113.7900000,95.0000000,109.4900000,6.000
35238_090101_130416,D,20120405,000000,103.0100000,107.0000000,100.0400000,105.0000000,2.200
35238_090101_130416,D,20120406,000000,107.8700000,124.9900000,107.0100000,112.0000000,7.100
35238_090101_130416,D,20120409,000000,110.0000000,110.0000000,105.0000000,110.0000000,1.600
35238_090101_130416,D,20120410,000000,106.0600000,109.9900000,106.0600000,108.0000000,1.200
35238_090101_130416,D,20120411,000000,105.0100000,109.0000000,100.0000000,106.0000000,2.100
35238_090101_130416,D,20120412,000000,104.5600000,104.5600000,96.0200000,99.0000000,4.200
35238_090101_130416,D,20120413,000000,99.0200000,102.9000000,99.0200000,102.1000000,1.000
35238_090101_130416,D,20120416,000000,101.9000000,108.9900000,101.9000000,102.0100000,3.800
35238_090101_130416,D,20120417,000000,106.9600000,106.9600000,95.0000000,98.9800000,7.400
35238_090101_130416,D,20120418,000000,99.0000000,99.0000000,94.1300000,95.6900000,4.800
35238_090101_130416,D,20120419,000000,94.6600000,94.6600000,94.6500000,94.6500000,300
35238_090101_130416,D,20120420,000000,96.5000000,109.0000000,96.5000000,105.0000000,3.900
35238_090101_130416,D,20120423,000000,104.9900000,106.0000000,97.5300000,97.5300000,800
35238_090101_130416,D,20120424,000000,100.0200000,105.9800000,100.0000000,105.9800000,2.300
35238_090101_130416,D,20120425,000000,103.0800000,108.9800000,103.0800000,104.0100000,1.300
35238_090101_130416,D,20120426,000000,108.8000000,109.9700000,107.0000000,109.9500000,3.500
35238_090101_130416,D,20120428,000000,102.0300000,107.5000000,102.0000000,104.4400000,2.100
35238_090101_130416,D,20120502,000000,107.0000000,107.0000000,107.0000000,107.0000000,200
35238_090101_130416,D,20120503,000000,103.5500000,105.0000000,102.0000000,102.0000000,800
35238_090101_130416,D,20120504,000000,102.0000000,103.8800000,96.0300000,96.0300000,1.500
35238_090101_130416,D,20120505,000000,95.5300000,102.9700000,93.5000000,102.9700000,2.500
35238_090101_130416,D,20120507,000000,96.0000000,96.0000000,90.0200000,91.9900000,4.800
35238_090101_130416,D,20120508,000000,90.5300000,94.0000000,90.1400000,93.9000000,1.700
35238_090101_130416,D,20120510,000000,93.7000000,97.0000000,93.7000000,97.0000000,1.500
35238_090101_130416,D,20120511,000000,93.0000000,93.0000000,91.6000000,91.6000000,1.000
35238_090101_130416,D,20120512,000000,92.0000000,93.2800000,92.0000000,93.2800000,1.500
35238_090101_130416,D,20120514,000000,90.4000000,90.4000000,77.0000000,78.5000000,14.900
35238_090101_130416,D,20120515,000000,78.8900000,82.0000000,71.0000000,77.5600000,16.800
35238_090101_130416,D,20120516,000000,75.3600000,79.0000000,74.0000000,79.0000000,3.000
35238_090101_130416,D,20120517,000000,78.2100000,78.2100000,73.0000000,76.5000000,4.600
35238_090101_130416,D,20120518,000000,73.5000000,75.5000000,71.0000000,75.5000000,2.500
35238_090101_130416,D,20120521,000000,76.0000000,78.0000000,76.0000000,76.0100000,500
35238_090101_130416,D,20120522,000000,76.1100000,77.0000000,73.0000000,77.0000000,1.000
35238_090101_130416,D,20120523,000000,76.5000000,77.0000000,63.0000000,68.2000000,13.700
35238_090101_130416,D,20120524,000000,67.0200000,71.0000000,66.0000000,70.9900000,3.400
35238_090101_130416,D,20120525,000000,69.9900000,70.0000000,50.0000000,63.8800000,10.600
35238_090101_130416,D,20120528,000000,63.4900000,82.5200000,61.2100000,82.5200000,20.300
35238_090101_130416,D,20120529,000000,89.7000000,99.2900000,84.0100000,89.9900000,7.700
35238_090101_130416,D,20120530,000000,83.4100000,85.4900000,81.0000000,81.1500000,3.100
35238_090101_130416,D,20120531,000000,89.9700000,89.9700000,89.9700000,89.9700000,100
35238_090101_130416,D,20120601,000000,83.1500000,83.1500000,82.0000000,82.0000000,2.000
35238_090101_130416,D,20120605,000000,82.0100000,82.0200000,82.0100000,82.0100000,500
35238_090101_130416,D,20120606,000000,82.0000000,82.0000000,82.0000000,82.0000000,400
35238_090101_130416,D,20120607,000000,82.0000000,85.0000000,82.0000000,85.0000000,900
35238_090101_130416,D,20120608,000000,87.0000000,87.0000000,87.0000000,87.0000000,500
35238_090101_130416,D,20120609,000000,85.9900000,85.9900000,85.9900000,85.9900000,100
35238_090101_130416,D,20120614,000000,89.6100000,89.6100000,89.6100000,89.6100000,100
35238_090101_130416,D,20120615,000000,83.0100000,87.0000000,80.0000000,87.0000000,2.300
35238_090101_130416,D,20120618,000000,87.0000000,87.0000000,83.0100000,83.0100000,200
35238_090101_130416,D,20120619,000000,88.9900000,88.9900000,88.9900000,88.9900000,100
35238_090101_130416,D,20120622,000000,80.0900000,80.0900000,80.0900000,80.0900000,100
35238_090101_130416,D,20120625,000000,70.2600000,70.2600000,70.2600000,70.2600000,300
35238_090101_130416,D,20120628,000000,80.0100000,80.0100000,80.0000000,80.0000000,700
35238_090101_130416,D,20120629,000000,80.0000000,84.4000000,80.0000000,84.4000000,200
35238_090101_130416,D,20120702,000000,98.9700000,101.9900000,82.0300000,94.8900000,1.900
35238_090101_130416,D,20120709,000000,80.0300000,80.0300000,80.0300000,80.0300000,100
35238_090101_130416,D,20120712,000000,80.0400000,80.0400000,80.0400000,80.0400000,100
35238_090101_130416,D,20120716,000000,87.5000000,88.0000000,83.9100000,83.9100000,400
35238_090101_130416,D,20120717,000000,80.0900000,83.5000000,75.5000000,83.5000000,2.700
35238_090101_130416,D,20120718,000000,80.2300000,84.4400000,76.0000000,84.4400000,3.400
35238_090101_130416,D,20120719,000000,83.0000000,83.0000000,83.0000000,83.0000000,200
35238_090101_130416,D,20120724,000000,76.0100000,82.5500000,73.0000000,77.1400000,1.800
35238_090101_130416,D,20120725,000000,78.7900000,81.1100000,78.5700000,79.9900000,800
35238_090101_130416,D,20120726,000000,81.9800000,81.9800000,77.7700000,77.7700000,1.800
35238_090101_130416,D,20120727,000000,79.9000000,81.0000000,79.9000000,80.8800000,600
35238_090101_130416,D,20120730,000000,81.5000000,81.5000000,81.5000000,81.5000000,100
35238_090101_130416,D,20120731,000000,81.1100000,81.6500000,77.7000000,77.7000000,900
35238_090101_130416,D,20120806,000000,85.9800000,85.9800000,85.9800000,85.9800000,100
35238_090101_130416,D,20120807,000000,87.5900000,87.9800000,87.5900000,87.9800000,400
35238_090101_130416,D,20120810,000000,75.5100000,81.6000000,75.0100000,79.9700000,2.300
35238_090101_130416,D,20120813,000000,81.4900000,81.4900000,76.0100000,76.0100000,2.900
35238_090101_130416,D,20120814,000000,81.0000000,81.0000000,76.0100000,78.0000000,8.900
35238_090101_130416,D,20120816,000000,75.7700000,78.8800000,75.7600000,78.8800000,700
35238_090101_130416,D,20120817,000000,77.7600000,77.7600000,77.7600000,77.7600000,100
35238_090101_130416,D,20120823,000000,79.9600000,79.9600000,77.2200000,78.4800000,900
35238_090101_130416,D,20120827,000000,72.0400000,75.8500000,72.0400000,72.5000000,2.500
35238_090101_130416,D,20120828,000000,73.1100000,73.1200000,70.0300000,70.5000000,8.300
35238_090101_130416,D,20120829,000000,72.0000000,72.0000000,70.0000000,72.0000000,8.300
35238_090101_130416,D,20120830,000000,71.9900000,72.0000000,71.9900000,72.0000000,1.200
35238_090101_130416,D,20120831,000000,69.3800000,72.2200000,69.3800000,72.2200000,200
35238_090101_130416,D,20120903,000000,70.0000000,70.0000000,69.9900000,69.9900000,200
35238_090101_130416,D,20120905,000000,72.0000000,72.0000000,71.0000000,71.0000000,3.300
35238_090101_130416,D,20120906,000000,71.4900000,71.4900000,71.4900000,71.4900000,100
35238_090101_130416,D,20120907,000000,71.9100000,75.0000000,70.0100000,72.9700000,23.200
35238_090101_130416,D,20120911,000000,71.9900000,71.9900000,70.0500000,70.0700000,500
35238_090101_130416,D,20120912,000000,72.0000000,74.0000000,72.0000000,72.9900000,4.100
35238_090101_130416,D,20120913,000000,69.0100000,69.0100000,69.0100000,69.0100000,100
35238_090101_130416,D,20120914,000000,71.0000000,74.9800000,71.0000000,74.9800000,4.000
35238_090101_130416,D,20120917,000000,74.0000000,76.0000000,74.0000000,76.0000000,3.600
35238_090101_130416,D,20120918,000000,74.0000000,76.0000000,72.0400000,76.0000000,2.100
35238_090101_130416,D,20120919,000000,74.0000000,75.0000000,73.0100000,73.0100000,2.600
35238_090101_130416,D,20120920,000000,72.0300000,72.0300000,72.0000000,72.0000000,1.500
35238_090101_130416,D,20120921,000000,71.9900000,73.0000000,71.9900000,73.0000000,200
35238_090101_130416,D,20120925,000000,70.0000000,72.6000000,70.0000000,72.6000000,400
35238_090101_130416,D,20120926,000000,70.9900000,72.0000000,70.0000000,70.0000000,2.100
35238_090101_130416,D,20120927,000000,71.9300000,72.0000000,68.0000000,70.2400000,5.700
35238_090101_130416,D,20121001,000000,71.0100000,71.0100000,71.0100000,71.0100000,100
35238_090101_130416,D,20121002,000000,71.0000000,71.1000000,71.0000000,71.0000000,2.100
35238_090101_130416,D,20121003,000000,71.9700000,71.9700000,71.5000000,71.5000000,200
35238_090101_130416,D,20121004,000000,69.0100000,69.0100000,68.0000000,68.0000000,2.800
35238_090101_130416,D,20121005,000000,67.0200000,71.0000000,67.0200000,70.0000000,2.800
35238_090101_130416,D,20121008,000000,68.0100000,68.9900000,68.0100000,68.9900000,400
35238_090101_130416,D,20121009,000000,68.0600000,68.0600000,68.0000000,68.0000000,1.000
35238_090101_130416,D,20121010,000000,67.0000000,67.0000000,67.0000000,67.0000000,200
35238_090101_130416,D,20121011,000000,67.0000000,67.0000000,67.0000000,67.0000000,1.000
35238_090101_130416,D,20121012,000000,66.0000000,66.0000000,62.2200000,65.8000000,1.200
35238_090101_130416,D,20121015,000000,65.0000000,65.0200000,65.0000000,65.0200000,500
35238_090101_130416,D,20121016,000000,68.9500000,68.9500000,68.9500000,68.9500000,100
35238_090101_130416,D,20121017,000000,65.9900000,65.9900000,65.9900000,65.9900000,100
35238_090101_130416,D,20121018,000000,65.4900000,65.5000000,65.4900000,65.5000000,1.000
35238_090101_130416,D,20121022,000000,63.0100000,67.0000000,63.0000000,67.0000000,3.200
35238_090101_130416,D,20121023,000000,62.0000000,63.5000000,62.0000000,62.5200000,600
35238_090101_130416,D,20121024,000000,62.5000000,71.0000000,62.5000000,71.0000000,5.100
35238_090101_130416,D,20121026,000000,69.5000000,70.0000000,69.5000000,69.5000000,1.300
35238_090101_130416,D,20121030,000000,69.0000000,69.0000000,68.9900000,68.9900000,200
35238_090101_130416,D,20121031,000000,69.0000000,71.0000000,67.9900000,68.0000000,8.600
35238_090101_130416,D,20121106,000000,68.0000000,68.0000000,68.0000000,68.0000000,200
35238_090101_130416,D,20121107,000000,69.0000000,69.0000000,64.9900000,65.0000000,1.200
35238_090101_130416,D,20121108,000000,65.0000000,65.0000000,63.0000000,63.0000000,1.900
35238_090101_130416,D,20121109,000000,64.0000000,64.0200000,63.0000000,64.0000000,32.400
35238_090101_130416,D,20121112,000000,61.0200000,62.6000000,61.0100000,62.5000000,1.400
35238_090101_130416,D,20121113,000000,62.3200000,62.3200000,60.5500000,61.7700000,1.200
35238_090101_130416,D,20121115,000000,62.0000000,62.0000000,62.0000000,62.0000000,100
35238_090101_130416,D,20121116,000000,62.0000000,62.0000000,60.0500000,60.0500000,300
35238_090101_130416,D,20121119,000000,62.0000000,64.9900000,62.0000000,63.5000000,1.000
35238_090101_130416,D,20121120,000000,64.5000000,64.5000000,64.5000000,64.5000000,100
35238_090101_130416,D,20121121,000000,64.9900000,64.9900000,64.9900000,64.9900000,100
35238_090101_130416,D,20121126,000000,62.1400000,62.1400000,62.1000000,62.1000000,600
35238_090101_130416,D,20121127,000000,62.0600000,62.0600000,61.9900000,62.0000000,800
35238_090101_130416,D,20121129,000000,60.0100000,61.7300000,54.0100000,60.7400000,4.600
35238_090101_130416,D,20121130,000000,60.5100000,60.5100000,59.0000000,59.0000000,500
35238_090101_130416,D,20121203,000000,60.9800000,60.9800000,59.0000000,60.0000000,400
35238_090101_130416,D,20121204,000000,60.9900000,60.9900000,60.9900000,60.9900000,100
35238_090101_130416,D,20121205,000000,60.1600000,60.1600000,60.1500000,60.1500000,400
35238_090101_130416,D,20121206,000000,58.0100000,61.9900000,58.0100000,60.0000000,5.500
35238_090101_130416,D,20121207,000000,59.5000000,59.5000000,59.5000000,59.5000000,200
35238_090101_130416,D,20121212,000000,63.7000000,64.5500000,63.7000000,64.5500000,800
35238_090101_130416,D,20121213,000000,62.0000000,62.0000000,61.9900000,61.9900000,500
35238_090101_130416,D,20121217,000000,64.9900000,70.0000000,62.1600000,64.0000000,26.700
35238_090101_130416,D,20121218,000000,64.0000000,64.4000000,64.0000000,64.4000000,3.100
35238_090101_130416,D,20121219,000000,63.0000000,64.2800000,62.1200000,63.9800000,4.300
35238_090101_130416,D,20121220,000000,62.9000000,62.9000000,62.0000000,62.9000000,3.000
35238_090101_130416,D,20121221,000000,63.0000000,63.0000000,60.7100000,62.9900000,1.800
35238_090101_130416,D,20121224,000000,64.4000000,64.4000000,63.0000000,63.0000000,500
35238_090101_130416,D,20121225,000000,63.0000000,63.0000000,62.0000000,62.0000000,2.000
35238_090101_130416,D,20121226,000000,62.0000000,62.0000000,60.5000000,61.9900000,5.000
35238_090101_130416,D,20121227,000000,60.3200000,62.0000000,60.2000000,62.0000000,6.200
35238_090101_130416,D,20121228,000000,60.0100000,61.9700000,60.0000000,61.3900000,4.900
35238_090101_130416,D,20130108,000000,62.3900000,62.4000000,55.6800000,61.7700000,3.700
35238_090101_130416,D,20130109,000000,60.1800000,61.3200000,60.1500000,61.0000000,2.800
35238_090101_130416,D,20130110,000000,60.1200000,61.6000000,59.5100000,60.1900000,2.800
35238_090101_130416,D,20130111,000000,60.9300000,62.3300000,60.3000000,60.7100000,2.700
35238_090101_130416,D,20130114,000000,61.0000000,61.4300000,61.0000000,61.4200000,800
35238_090101_130416,D,20130115,000000,61.0100000,61.4900000,60.9900000,61.0000000,24.900
35238_090101_130416,D,20130116,000000,59.5800000,60.8800000,59.5800000,60.8800000,4.600
35238_090101_130416,D,20130117,000000,60.2100000,60.8800000,59.5900000,60.8000000,3.900
35238_090101_130416,D,20130118,000000,60.9700000,61.0000000,60.9000000,61.0000000,4.800
35238_090101_130416,D,20130121,000000,61.4900000,62.4000000,60.0000000,61.0000000,23.900
35238_090101_130416,D,20130122,000000,61.3000000,61.3000000,61.0000000,61.0000000,12.700
35238_090101_130416,D,20130123,000000,61.2000000,61.2000000,61.2000000,61.2000000,100
35238_090101_130416,D,20130124,000000,61.1900000,61.1900000,61.1900000,61.1900000,100
35238_090101_130416,D,20130125,000000,61.2400000,61.2400000,60.0000000,60.0000000,2.400
35238_090101_130416,D,20130128,000000,61.1900000,61.1900000,60.6700000,60.6700000,2.300
35238_090101_130416,D,20130129,000000,60.0100000,60.0100000,59.5900000,59.9900000,2.900
35238_090101_130416,D,20130130,000000,59.0200000,59.6600000,59.0200000,59.5000000,3.000
35238_090101_130416,D,20130131,000000,59.5800000,59.5800000,59.0000000,59.0000000,2.000
35238_090101_130416,D,20130201,000000,59.5000000,60.7700000,58.9900000,59.9900000,2.400
35238_090101_130416,D,20130204,000000,60.8800000,60.8800000,60.8800000,60.8800000,200
35238_090101_130416,D,20130205,000000,59.0000000,61.2400000,59.0000000,61.0000000,3.800
35238_090101_130416,D,20130206,000000,60.0100000,61.0000000,60.0000000,61.0000000,2.000
35238_090101_130416,D,20130211,000000,60.9900000,61.0000000,60.0000000,60.0000000,1.100
35238_090101_130416,D,20130212,000000,60.9900000,61.0000000,60.9900000,61.0000000,5.100
35238_090101_130416,D,20130213,000000,60.2200000,60.2200000,60.2000000,60.2000000,1.400
35238_090101_130416,D,20130214,000000,60.9900000,60.9900000,60.9900000,60.9900000,100
35238_090101_130416,D,20130215,000000,60.8500000,60.9700000,60.8500000,60.9700000,1.400
35238_090101_130416,D,20130218,000000,55.2000000,59.0100000,55.2000000,59.0100000,1.000
35238_090101_130416,D,20130219,000000,59.7700000,59.7700000,59.7700000,59.7700000,100
35238_090101_130416,D,20130220,000000,59.9600000,59.9700000,59.9600000,59.9700000,1.100
35238_090101_130416,D,20130221,000000,59.9000000,59.9000000,59.9000000,59.9000000,200
35238_090101_130416,D,20130225,000000,57.0800000,58.5200000,57.0800000,58.0000000,3.500
35238_090101_130416,D,20130226,000000,58.9900000,60.4400000,55.1100000,58.5400000,6.700
35238_090101_130416,D,20130227,000000,59.8800000,59.8800000,56.6000000,56.8300000,2.000
35238_090101_130416,D,20130228,000000,56.0200000,59.7700000,55.0000000,57.2200000,3.900
35238_090101_130416,D,20130301,000000,56.4400000,57.3200000,56.4400000,57.3200000,300
35238_090101_130416,D,20130304,000000,56.4400000,56.4400000,55.0000000,55.0000000,1.000
35238_090101_130416,D,20130305,000000,54.0400000,54.0400000,54.0400000,54.0400000,100
35238_090101_130416,D,20130306,000000,55.0100000,57.4300000,55.0000000,57.4300000,2.600
35238_090101_130416,D,20130307,000000,56.2200000,61.0000000,54.8800000,57.1100000,21.400
35238_090101_130416,D,20130311,000000,57.0000000,57.2300000,56.2200000,57.2200000,2.700
35238_090101_130416,D,20130312,000000,56.8900000,57.0000000,56.8800000,57.0000000,3.100
35238_090101_130416,D,20130314,000000,56.2900000,56.3000000,56.2900000,56.3000000,200
35238_090101_130416,D,20130315,000000,56.0000000,56.8700000,55.1900000,56.0000000,3.600
35238_090101_130416,D,20130318,000000,54.6700000,54.6700000,53.0000000,53.5300000,500
35238_090101_130416,D,20130319,000000,55.1100000,55.1100000,52.2200000,54.0100000,1.000
35238_090101_130416,D,20130320,000000,54.9600000,55.9800000,54.9000000,55.8300000,4.100
35238_090101_130416,D,20130321,000000,55.9700000,55.9700000,54.6000000,55.8500000,1.200
35238_090101_130416,D,20130322,000000,55.4800000,55.4800000,52.1800000,52.3700000,3.600
35238_090101_130416,D,20130325,000000,53.1700000,53.1700000,50.9900000,51.0000000,1.000
35238_090101_130416,D,20130326,000000,49.8400000,49.9000000,46.0700000,48.0000000,15.800
35238_090101_130416,D,20130327,000000,48.0000000,48.0000000,47.0100000,47.0100000,200
35238_090101_130416,D,20130328,000000,47.4700000,47.4700000,47.4700000,47.4700000,300
35238_090101_130416,D,20130329,000000,47.4700000,47.6800000,47.4700000,47.5200000,600
35238_090101_130416,D,20130401,000000,48.9700000,48.9700000,48.9500000,48.9500000,200
35238_090101_130416,D,20130402,000000,45.5300000,47.4000000,45.5300000,47.4000000,300
35238_090101_130416,D,20130403,000000,48.9700000,48.9700000,45.4400000,45.4400000,200
