<TICKER>,<PER>,<DATE>,<TIME>,<OPEN>,<HIGH>,<LOW>,<CLOSE>,<VOL>
35248_090101_130416,D,20100427,000000,19.2000000,19.2000000,19.2000000,19.2000000,5.005
35248_090101_130416,D,20100428,000000,26.8800000,26.8800000,26.8800000,26.8800000,30.519
35248_090101_130416,D,20100429,000000,37.6300000,37.6300000,37.6300000,37.6300000,31.738
35248_090101_130416,D,20100430,000000,52.6800000,52.6800000,37.6400000,52.6800000,281.583
35248_090101_130416,D,20100504,000000,52.6900000,53.0000000,35.0100000,43.0000000,156.235
35248_090101_130416,D,20100505,000000,42.5000000,42.5000000,32.0100000,33.5000000,72.340
35248_090101_130416,D,20100506,000000,34.9900000,43.3300000,28.0000000,35.2000000,138.205
35248_090101_130416,D,20100507,000000,36.9500000,36.9500000,31.3000000,35.0000000,15.923
35248_090101_130416,D,20100511,000000,31.5200000,34.9700000,28.1100000,30.0500000,51.326
35248_090101_130416,D,20100512,000000,32.2000000,32.2000000,28.5800000,30.0000000,41.312
35248_090101_130416,D,20100513,000000,31.0000000,31.0000000,28.0000000,28.3000000,17.235
35248_090101_130416,D,20100514,000000,28.2800000,29.9800000,28.0100000,28.5500000,4.239
35248_090101_130416,D,20100517,000000,28.0100000,28.0100000,26.0000000,26.9000000,29.471
35248_090101_130416,D,20100518,000000,26.5100000,28.1900000,25.9000000,27.3900000,17.506
35248_090101_130416,D,20100519,000000,27.0000000,27.0000000,24.0000000,24.6000000,24.877
35248_090101_130416,D,20100520,000000,24.4900000,27.3300000,23.2300000,25.5000000,42.750
35248_090101_130416,D,20100521,000000,26.0000000,26.0000000,23.0000000,25.3900000,11.189
35248_090101_130416,D,20100524,000000,25.3000000,25.3000000,23.0300000,25.0000000,5.656
35248_090101_130416,D,20100525,000000,24.0000000,26.5800000,23.1700000,23.1700000,4.753
35248_090101_130416,D,20100526,000000,23.2500000,23.5000000,21.1200000,21.6100000,18.278
35248_090101_130416,D,20100527,000000,23.0300000,24.0000000,20.2000000,21.5500000,59.474
35248_090101_130416,D,20100528,000000,22.0000000,23.6900000,21.5200000,22.4400000,13.555
35248_090101_130416,D,20100531,000000,22.3700000,23.2000000,20.6000000,20.6000000,13.833
35248_090101_130416,D,20100601,000000,21.5800000,21.5800000,20.3100000,20.3100000,6.690
35248_090101_130416,D,20100602,000000,20.2100000,22.4500000,20.1000000,20.9000000,30.038
35248_090101_130416,D,20100603,000000,20.9500000,21.4000000,20.0000000,20.0200000,16.481
35248_090101_130416,D,20100604,000000,20.0000000,24.4700000,19.2000000,23.2800000,84.269
35248_090101_130416,D,20100607,000000,22.5000000,24.4400000,20.6400000,22.9500000,35.179
35248_090101_130416,D,20100608,000000,22.9000000,22.9000000,20.3000000,21.4900000,42.726
35248_090101_130416,D,20100609,000000,21.4000000,21.4400000,19.2500000,20.7000000,11.720
35248_090101_130416,D,20100610,000000,20.9900000,20.9900000,19.5600000,20.4900000,19.878
35248_090101_130416,D,20100611,000000,20.7900000,21.7500000,19.6200000,20.9900000,27.045
35248_090101_130416,D,20100615,000000,21.1400000,21.1400000,19.8200000,20.7000000,19.866
35248_090101_130416,D,20100616,000000,20.8600000,20.8600000,19.4300000,19.4600000,36.159
35248_090101_130416,D,20100617,000000,19.9800000,20.8300000,19.2500000,19.2500000,10.935
35248_090101_130416,D,20100618,000000,19.9900000,20.0000000,19.1500000,19.9500000,16.229
35248_090101_130416,D,20100621,000000,19.9700000,20.2400000,19.3100000,20.2300000,6.672
35248_090101_130416,D,20100622,000000,20.2100000,20.2100000,19.5900000,19.6400000,11.823
35248_090101_130416,D,20100623,000000,19.6700000,20.4900000,19.6700000,20.0000000,1.701
35248_090101_130416,D,20100624,000000,20.3700000,20.3700000,19.1500000,19.5500000,26.582
35248_090101_130416,D,20100625,000000,19.2000000,19.5600000,19.1100000,19.1100000,15.784
35248_090101_130416,D,20100628,000000,19.1100000,19.7200000,19.0100000,19.5300000,1.245
35248_090101_130416,D,20100629,000000,19.7700000,19.7700000,19.0500000,19.0500000,3.289
35248_090101_130416,D,20100630,000000,19.0100000,19.8300000,19.0000000,19.0400000,3.009
35248_090101_130416,D,20100701,000000,19.0000000,19.1000000,18.9000000,18.9900000,18.572
35248_090101_130416,D,20100702,000000,19.0100000,19.6000000,19.0100000,19.2000000,4.284
35248_090101_130416,D,20100705,000000,19.6000000,19.6000000,19.1000000,19.1000000,1.107
35248_090101_130416,D,20100706,000000,19.5400000,19.9200000,19.3000000,19.5000000,5.677
35248_090101_130416,D,20100707,000000,19.2500000,19.6500000,19.2100000,19.2100000,3.143
35248_090101_130416,D,20100708,000000,19.2300000,19.3400000,19.2300000,19.3000000,3.124
35248_090101_130416,D,20100709,000000,19.2500000,19.8800000,19.2500000,19.2500000,3.030
35248_090101_130416,D,20100712,000000,19.2500000,19.3900000,19.0000000,19.3000000,9.490
35248_090101_130416,D,20100713,000000,18.8000000,19.8000000,18.8000000,19.8000000,6.016
35248_090101_130416,D,20100714,000000,19.9200000,20.2500000,19.6000000,19.6700000,3.677
35248_090101_130416,D,20100715,000000,19.7200000,20.0000000,19.1000000,19.1000000,6.071
35248_090101_130416,D,20100716,000000,19.1500000,19.8900000,19.0100000,19.0100000,23.102
35248_090101_130416,D,20100719,000000,19.0500000,19.3000000,19.0200000,19.0200000,15.057
35248_090101_130416,D,20100720,000000,19.0600000,19.1100000,18.9200000,18.9200000,25.112
35248_090101_130416,D,20100721,000000,19.0500000,19.2000000,18.9300000,18.9300000,44.869
35248_090101_130416,D,20100722,000000,19.3000000,23.5500000,18.7000000,22.2400000,52.401
35248_090101_130416,D,20100723,000000,21.0600000,21.9000000,19.9500000,21.2500000,32.011
35248_090101_130416,D,20100726,000000,22.0900000,22.1000000,20.1000000,21.2500000,68.571
35248_090101_130416,D,20100727,000000,21.1300000,21.5000000,20.7500000,21.5000000,67.784
35248_090101_130416,D,20100728,000000,19.9400000,22.9000000,19.9400000,20.5000000,22.465
35248_090101_130416,D,20100729,000000,20.7400000,21.2500000,20.3500000,20.7000000,29.632
35248_090101_130416,D,20100730,000000,20.5000000,20.9500000,19.9500000,20.0200000,38.632
35248_090101_130416,D,20100802,000000,20.1600000,20.5900000,19.7500000,19.8100000,22.869
35248_090101_130416,D,20100803,000000,19.8100000,19.8100000,19.0300000,19.0300000,55.367
35248_090101_130416,D,20100804,000000,19.5000000,20.9300000,18.6100000,19.1200000,35.151
35248_090101_130416,D,20100805,000000,19.1000000,20.1000000,18.9400000,19.4000000,28.408
35248_090101_130416,D,20100806,000000,19.1200000,19.3000000,19.0100000,19.0200000,19.655
35248_090101_130416,D,20100809,000000,19.0100000,20.0000000,19.0100000,19.7900000,24.072
35248_090101_130416,D,20100810,000000,19.6000000,19.6000000,19.0300000,19.3000000,18.462
35248_090101_130416,D,20100811,000000,19.4800000,19.6800000,18.7500000,19.0400000,22.276
35248_090101_130416,D,20100812,000000,19.0800000,19.4000000,18.5100000,18.6500000,21.105
35248_090101_130416,D,20100813,000000,18.9900000,19.3900000,18.2700000,18.2700000,20.390
35248_090101_130416,D,20100816,000000,18.2600000,18.8400000,18.0500000,18.7500000,16.994
35248_090101_130416,D,20100817,000000,18.8600000,19.1400000,18.8000000,19.1100000,17.225
35248_090101_130416,D,20100818,000000,19.1800000,19.7700000,19.0000000,19.5000000,16.980
35248_090101_130416,D,20100819,000000,19.8100000,20.6900000,19.7000000,20.0000000,22.998
35248_090101_130416,D,20100820,000000,19.6000000,20.8600000,19.2100000,20.6400000,46.965
35248_090101_130416,D,20100823,000000,20.5000000,20.7700000,20.0000000,20.5000000,19.411
35248_090101_130416,D,20100824,000000,20.5200000,20.5500000,20.0500000,20.4700000,15.094
35248_090101_130416,D,20100825,000000,20.6900000,20.8700000,20.1700000,20.5800000,14.905
35248_090101_130416,D,20100826,000000,20.6000000,20.8700000,20.6000000,20.8500000,17.330
35248_090101_130416,D,20100827,000000,21.0000000,21.5000000,20.8000000,21.0000000,17.044
35248_090101_130416,D,20100830,000000,20.5100000,20.8000000,20.0000000,20.8000000,14.807
35248_090101_130416,D,20100831,000000,20.7000000,20.7500000,20.3000000,20.7500000,2.341
35248_090101_130416,D,20100901,000000,20.6500000,21.5000000,20.1500000,21.0000000,36.498
35248_090101_130416,D,20100902,000000,21.4300000,21.4300000,20.8000000,21.2400000,3.710
35248_090101_130416,D,20100903,000000,21.7500000,21.7500000,21.0000000,21.5000000,18.578
35248_090101_130416,D,20100906,000000,21.4900000,21.5500000,21.2700000,21.2700000,20.532
35248_090101_130416,D,20100907,000000,21.4000000,21.4000000,20.8000000,20.9000000,13.496
35248_090101_130416,D,20100908,000000,20.9700000,21.1700000,20.9500000,21.0500000,15.050
35248_090101_130416,D,20100909,000000,20.5100000,21.0000000,20.5100000,21.0000000,5.316
35248_090101_130416,D,20100910,000000,21.2400000,21.2400000,20.9000000,20.9500000,29.591
35248_090101_130416,D,20100913,000000,21.8800000,21.8800000,21.0500000,21.2200000,5.903
35248_090101_130416,D,20100914,000000,21.5600000,21.7000000,21.0000000,21.1300000,20.596
35248_090101_130416,D,20100915,000000,21.6900000,21.6900000,21.2000000,21.2000000,3.795
35248_090101_130416,D,20100916,000000,21.8100000,21.8100000,21.0000000,21.3500000,22.358
35248_090101_130416,D,20100917,000000,21.5000000,21.5000000,21.0000000,21.2000000,28.388
35248_090101_130416,D,20100920,000000,21.6000000,21.6000000,20.7500000,20.7500000,14.458
35248_090101_130416,D,20100921,000000,20.7000000,21.3000000,20.7000000,20.9000000,16.851
35248_090101_130416,D,20100922,000000,20.9800000,20.9800000,20.5000000,20.6000000,4.965
35248_090101_130416,D,20100923,000000,20.7900000,20.8500000,20.5000000,20.5000000,14.943
35248_090101_130416,D,20100924,000000,20.4400000,20.5500000,20.3000000,20.5100000,2.727
35248_090101_130416,D,20100927,000000,20.8000000,20.9800000,20.1700000,20.1700000,20.374
35248_090101_130416,D,20100928,000000,20.4000000,20.4000000,20.0000000,20.1000000,5.315
35248_090101_130416,D,20100929,000000,19.7400000,20.0000000,19.6200000,20.0000000,9.343
35248_090101_130416,D,20100930,000000,19.7700000,20.4400000,19.7700000,20.4400000,27.037
35248_090101_130416,D,20101001,000000,20.9400000,21.6800000,20.3300000,20.5000000,20.999
35248_090101_130416,D,20101004,000000,20.4100000,20.7000000,20.4100000,20.6000000,16.216
35248_090101_130416,D,20101005,000000,20.9500000,20.9500000,20.3500000,20.7000000,15.400
35248_090101_130416,D,20101006,000000,20.4200000,20.6100000,20.4200000,20.5000000,3.235
35248_090101_130416,D,20101007,000000,20.6200000,20.6200000,20.3700000,20.5000000,14.585
35248_090101_130416,D,20101008,000000,20.5000000,20.7500000,20.1500000,20.6000000,22.401
35248_090101_130416,D,20101011,000000,20.5000000,20.7000000,20.4600000,20.7000000,15.597
35248_090101_130416,D,20101012,000000,20.9200000,21.7800000,20.4900000,20.5000000,15.190
35248_090101_130416,D,20101013,000000,21.8800000,21.8900000,20.5000000,20.6700000,14.960
35248_090101_130416,D,20101014,000000,20.7000000,20.7000000,20.0100000,20.4800000,7.929
35248_090101_130416,D,20101015,000000,20.3200000,20.5500000,20.0000000,20.2800000,9.196
35248_090101_130416,D,20101018,000000,20.9000000,21.8800000,20.3800000,21.7800000,16.772
35248_090101_130416,D,20101019,000000,21.7700000,21.7700000,20.0000000,20.4800000,11.761
35248_090101_130416,D,20101020,000000,20.8000000,20.8000000,19.9500000,20.2000000,4.719
35248_090101_130416,D,20101021,000000,20.2900000,20.5000000,20.1500000,20.2700000,5.676
35248_090101_130416,D,20101022,000000,20.3000000,20.3000000,19.6000000,20.0000000,5.361
35248_090101_130416,D,20101025,000000,20.1800000,20.4000000,20.1000000,20.2900000,15.562
35248_090101_130416,D,20101026,000000,20.1100000,20.1400000,19.9900000,20.0000000,723
35248_090101_130416,D,20101027,000000,20.0900000,20.6200000,20.0900000,20.5800000,25
35248_090101_130416,D,20101028,000000,20.1400000,20.2500000,20.1000000,20.2500000,1.091
35248_090101_130416,D,20101029,000000,20.0400000,20.3100000,20.0000000,20.1000000,722
35248_090101_130416,D,20101101,000000,20.0000000,20.2500000,19.8000000,20.0000000,15.773
35248_090101_130416,D,20101102,000000,20.1000000,20.1000000,20.0000000,20.0000000,11
35248_090101_130416,D,20101103,000000,20.1200000,20.1200000,20.0500000,20.0500000,60
35248_090101_130416,D,20101108,000000,20.2000000,20.2000000,20.1000000,20.1000000,120
35248_090101_130416,D,20101109,000000,20.0400000,20.0400000,19.5000000,19.5000000,1.095
35248_090101_130416,D,20101110,000000,19.8500000,20.1100000,19.7800000,19.7900000,998
35248_090101_130416,D,20101111,000000,19.8200000,20.5000000,19.8000000,19.8000000,2.100
35248_090101_130416,D,20101112,000000,20.1900000,20.9500000,20.0000000,20.4300000,3.115
35248_090101_130416,D,20101113,000000,20.4200000,20.7200000,19.0100000,19.8000000,5.970
35248_090101_130416,D,20101115,000000,20.3700000,20.3800000,20.0100000,20.1400000,1.312
35248_090101_130416,D,20101116,000000,19.7200000,28.0000000,19.0000000,24.6000000,73.770
35248_090101_130416,D,20101117,000000,27.4700000,28.0000000,20.2000000,21.6400000,61.269
35248_090101_130416,D,20101118,000000,21.7400000,22.8700000,20.6200000,20.9900000,27.096
35248_090101_130416,D,20101119,000000,21.4800000,21.4800000,20.4900000,20.9800000,3.140
35248_090101_130416,D,20101122,000000,20.9900000,24.3500000,20.7800000,22.2400000,74.384
35248_090101_130416,D,20101123,000000,21.7600000,22.0800000,21.0200000,21.2700000,14.663
35248_090101_130416,D,20101124,000000,21.1800000,21.6500000,21.1000000,21.2900000,3.974
35248_090101_130416,D,20101125,000000,21.7900000,24.8900000,21.2300000,22.6100000,81.777
35248_090101_130416,D,20101126,000000,22.7000000,23.9700000,21.2600000,22.6300000,31.330
35248_090101_130416,D,20101129,000000,22.6900000,23.0000000,21.5400000,22.0000000,3.858
35248_090101_130416,D,20101130,000000,21.5600000,23.9800000,21.4800000,23.7000000,51.602
35248_090101_130416,D,20101201,000000,24.0600000,24.9000000,21.2300000,22.5000000,64.229
35248_090101_130416,D,20101202,000000,22.5900000,22.9700000,21.5600000,22.1700000,45.582
35248_090101_130416,D,20101203,000000,22.3600000,22.4800000,21.7600000,21.8000000,8.725
35248_090101_130416,D,20101206,000000,21.7800000,22.2000000,21.4000000,21.4200000,11.262
35248_090101_130416,D,20101207,000000,21.6900000,21.9800000,21.3200000,21.5000000,9.434
35248_090101_130416,D,20101208,000000,21.8000000,21.8200000,21.1000000,21.6800000,13.212
35248_090101_130416,D,20101209,000000,21.3000000,22.4900000,21.0500000,22.0700000,22.671
35248_090101_130416,D,20101210,000000,22.0400000,22.0400000,20.2200000,21.0000000,54.916
35248_090101_130416,D,20101213,000000,21.1600000,21.2300000,20.5100000,21.2300000,13.303
35248_090101_130416,D,20101214,000000,21.1100000,21.4300000,20.6000000,20.6500000,14.433
35248_090101_130416,D,20101215,000000,20.6100000,21.2300000,20.3100000,20.7000000,32.172
35248_090101_130416,D,20101216,000000,20.6200000,20.8500000,20.4200000,20.7200000,9.603
35248_090101_130416,D,20101217,000000,20.6600000,21.4900000,20.2700000,21.4500000,31.276
35248_090101_130416,D,20101220,000000,20.8300000,21.7500000,20.5100000,21.1500000,48.950
35248_090101_130416,D,20101221,000000,21.2300000,21.2700000,20.6500000,21.0000000,13.015
35248_090101_130416,D,20101222,000000,21.1800000,21.1800000,20.5000000,20.9500000,10.960
35248_090101_130416,D,20101223,000000,21.1100000,21.7600000,20.5100000,21.1700000,46.898
35248_090101_130416,D,20101224,000000,21.5000000,23.0000000,20.8000000,21.1000000,77.146
35248_090101_130416,D,20101227,000000,21.2000000,29.5000000,20.8000000,29.5000000,1.943.483
35248_090101_130416,D,20101228,000000,31.0000000,39.9000000,27.0000000,27.0000000,3.594.354
35248_090101_130416,D,20101229,000000,27.9000000,28.8600000,24.3700000,25.7600000,1.148.748
35248_090101_130416,D,20101230,000000,25.5400000,26.8700000,24.0000000,24.8600000,252.249
35248_090101_130416,D,20110111,000000,24.9200000,28.7000000,24.1600000,24.4000000,407.971
35248_090101_130416,D,20110112,000000,24.6000000,24.7000000,22.5500000,23.2700000,309.142
35248_090101_130416,D,20110113,000000,23.2700000,25.1000000,22.9000000,23.1200000,344.553
35248_090101_130416,D,20110114,000000,23.4000000,24.8600000,23.4000000,24.0000000,141.049
35248_090101_130416,D,20110117,000000,24.2500000,24.3800000,23.2300000,23.4800000,92.625
35248_090101_130416,D,20110118,000000,23.1700000,23.7300000,22.9500000,23.4000000,113.875
35248_090101_130416,D,20110119,000000,23.2500000,23.3400000,22.4000000,22.8000000,82.554
35248_090101_130416,D,20110120,000000,22.5200000,22.9600000,21.9100000,22.3300000,49.638
35248_090101_130416,D,20110121,000000,22.0200000,23.9000000,21.9000000,22.5500000,182.682
35248_090101_130416,D,20110124,000000,22.5800000,23.6100000,22.2900000,22.8900000,110.057
35248_090101_130416,D,20110125,000000,22.9400000,23.0800000,22.1800000,22.6000000,49.698
35248_090101_130416,D,20110126,000000,22.8500000,23.3000000,22.3000000,22.6900000,87.838
35248_090101_130416,D,20110127,000000,22.6000000,22.7800000,22.0000000,22.3800000,70.108
35248_090101_130416,D,20110128,000000,22.1000000,22.4500000,22.0000000,22.3500000,44.893
35248_090101_130416,D,20110131,000000,22.0000000,22.1800000,21.7600000,22.1100000,19.563
35248_090101_130416,D,20110201,000000,22.1000000,22.4000000,21.7900000,22.0900000,26.668
35248_090101_130416,D,20110202,000000,22.1400000,22.1400000,21.0500000,21.6600000,67.605
35248_090101_130416,D,20110203,000000,21.2300000,21.5800000,21.0000000,21.2200000,35.516
35248_090101_130416,D,20110204,000000,21.2200000,22.2200000,20.9500000,21.5300000,132.522
35248_090101_130416,D,20110207,000000,21.5000000,21.6800000,20.9100000,21.2100000,30.314
35248_090101_130416,D,20110208,000000,21.3100000,21.3100000,20.2500000,20.5700000,63.218
35248_090101_130416,D,20110209,000000,20.5000000,20.5500000,19.8000000,20.0800000,73.284
35248_090101_130416,D,20110210,000000,19.8300000,20.9600000,19.6500000,20.3200000,35.227
35248_090101_130416,D,20110211,000000,20.3200000,21.8000000,19.6200000,21.0000000,85.243
35248_090101_130416,D,20110214,000000,20.8200000,21.3900000,20.3100000,20.6400000,24.807
35248_090101_130416,D,20110215,000000,20.5100000,21.1500000,20.2000000,20.6300000,43.890
35248_090101_130416,D,20110216,000000,20.3800000,20.7600000,19.9900000,20.4200000,53.338
35248_090101_130416,D,20110217,000000,20.2400000,20.4500000,19.8700000,20.2400000,51.422
35248_090101_130416,D,20110218,000000,20.0400000,20.3800000,19.9600000,20.2400000,28.169
35248_090101_130416,D,20110221,000000,20.0500000,20.6800000,20.0000000,20.4400000,57.242
35248_090101_130416,D,20110222,000000,20.1800000,20.2800000,19.8000000,20.0000000,36.628
35248_090101_130416,D,20110224,000000,19.9600000,20.1400000,19.6100000,19.9200000,41.520
35248_090101_130416,D,20110225,000000,20.0800000,22.0000000,19.8600000,20.3000000,389.009
35248_090101_130416,D,20110228,000000,20.0300000,21.5000000,20.0300000,21.3400000,136.854
35248_090101_130416,D,20110301,000000,21.4400000,22.4000000,20.6010000,20.9500000,55.300
35248_090101_130416,D,20110302,000000,21.0000000,21.2000000,20.5530000,20.9500000,56.600
35248_090101_130416,D,20110303,000000,20.9390000,20.9390000,20.5340000,20.6060000,23.300
35248_090101_130416,D,20110304,000000,20.2150000,21.0180000,20.1500000,20.3000000,91.800
35248_090101_130416,D,20110305,000000,20.1800000,20.7060000,20.0000000,20.6500000,154.600
35248_090101_130416,D,20110309,000000,20.5000000,20.5000000,20.0920000,20.2000000,27.000
35248_090101_130416,D,20110310,000000,20.0610000,20.2880000,19.9200000,19.9220000,88.100
35248_090101_130416,D,20110311,000000,19.9200000,20.0000000,19.5010000,19.7000000,50.300
35248_090101_130416,D,20110314,000000,19.5990000,20.0050000,19.5050000,19.6920000,38.900
35248_090101_130416,D,20110315,000000,19.5140000,19.7450000,19.0200000,19.2380000,53.700
35248_090101_130416,D,20110316,000000,19.5990000,19.5990000,19.0360000,19.3970000,15.900
35248_090101_130416,D,20110317,000000,19.0000000,19.5780000,19.0000000,19.2040000,4.200
35248_090101_130416,D,20110318,000000,19.4990000,19.8600000,19.1500000,19.5500000,17.100
35248_090101_130416,D,20110321,000000,19.2060000,19.9980000,19.2060000,19.7000000,8.900
35248_090101_130416,D,20110322,000000,19.1760000,19.6500000,19.1580000,19.2110000,19.900
35248_090101_130416,D,20110323,000000,19.1500000,19.7000000,19.1500000,19.7000000,6.200
35248_090101_130416,D,20110324,000000,19.7000000,20.1810000,19.1500000,19.9970000,39.900
35248_090101_130416,D,20110325,000000,19.5210000,19.8490000,19.3170000,19.8490000,19.100
35248_090101_130416,D,20110328,000000,19.4230000,19.5990000,19.3560000,19.3560000,13.700
35248_090101_130416,D,20110329,000000,19.3070000,19.3070000,19.0050000,19.0060000,34.600
35248_090101_130416,D,20110330,000000,19.0540000,19.5300000,19.0000000,19.1990000,19.300
35248_090101_130416,D,20110331,000000,19.0700000,19.1970000,19.0010000,19.0110000,17.800
35248_090101_130416,D,20110401,000000,19.0100000,19.3000000,18.8310000,19.0200000,29.600
35248_090101_130416,D,20110404,000000,19.0000000,19.3980000,19.0000000,19.2370000,13.800
35248_090101_130416,D,20110405,000000,19.0110000,19.1980000,19.0000000,19.1500000,11.000
35248_090101_130416,D,20110406,000000,19.1600000,19.3500000,19.0000000,19.0690000,23.400
35248_090101_130416,D,20110407,000000,19.2490000,19.2490000,18.8100000,19.0000000,35.700
35248_090101_130416,D,20110408,000000,19.0000000,20.1480000,18.9010000,20.0630000,153.700
35248_090101_130416,D,20110411,000000,19.6540000,19.7110000,19.1630000,19.2950000,31.000
35248_090101_130416,D,20110412,000000,19.1620000,23.5620000,19.0060000,20.5000000,570.100
35248_090101_130416,D,20110413,000000,20.0870000,20.7000000,19.0000000,19.3600000,265.500
35248_090101_130416,D,20110414,000000,19.0800000,19.9780000,19.0200000,19.0950000,138.700
35248_090101_130416,D,20110415,000000,19.1980000,19.3390000,19.0800000,19.1550000,9.300
35248_090101_130416,D,20110418,000000,19.1500000,19.2450000,18.4800000,18.9000000,73.800
35248_090101_130416,D,20110419,000000,18.9830000,19.0950000,18.7270000,18.8520000,56.900
35248_090101_130416,D,20110420,000000,19.0000000,19.1460000,18.9030000,19.0990000,22.300
35248_090101_130416,D,20110421,000000,19.1500000,19.1970000,18.7600000,19.0500000,17.700
35248_090101_130416,D,20110422,000000,18.9000000,19.0800000,18.7710000,19.0760000,17.500
35248_090101_130416,D,20110425,000000,18.9500000,19.0900000,18.8500000,18.8500000,4.100
35248_090101_130416,D,20110426,000000,18.7720000,18.8000000,18.6200000,18.6200000,5.900
35248_090101_130416,D,20110427,000000,18.7000000,18.8980000,18.5000000,18.5000000,17.200
35248_090101_130416,D,20110428,000000,18.5400000,18.7980000,18.5130000,18.6910000,8.600
35248_090101_130416,D,20110429,000000,18.4400000,18.5990000,18.1520000,18.3990000,32.900
35248_090101_130416,D,20110503,000000,18.4450000,18.4450000,18.1660000,18.2770000,9.300
35248_090101_130416,D,20110504,000000,18.1010000,18.4990000,18.0020000,18.1000000,42.200
35248_090101_130416,D,20110505,000000,18.1000000,18.1000000,17.9900000,18.0000000,30.300
35248_090101_130416,D,20110506,000000,18.0000000,18.2340000,17.9000000,18.1990000,22.200
35248_090101_130416,D,20110510,000000,18.0120000,18.1200000,17.9020000,18.1200000,6.200
35248_090101_130416,D,20110511,000000,18.0100000,18.1200000,17.8530000,17.8810000,18.600
35248_090101_130416,D,20110512,000000,17.8530000,19.4000000,17.7700000,17.8120000,70.000
35248_090101_130416,D,20110513,000000,17.9900000,18.0470000,17.7510000,17.7530000,9.600
35248_090101_130416,D,20110516,000000,17.9150000,17.9700000,17.6030000,17.7820000,4.900
35248_090101_130416,D,20110517,000000,17.6240000,17.8710000,17.6010000,17.6010000,14.200
35248_090101_130416,D,20110518,000000,17.6010000,17.9990000,17.6000000,17.6450000,13.900
35248_090101_130416,D,20110519,000000,17.6050000,19.4090000,17.6050000,18.1490000,146.300
35248_090101_130416,D,20110520,000000,18.0000000,18.1800000,17.7440000,17.8990000,7.800
35248_090101_130416,D,20110523,000000,17.5030000,18.7000000,17.5020000,17.8840000,53.600
35248_090101_130416,D,20110524,000000,17.9850000,18.2990000,17.8050000,18.2000000,15.100
35248_090101_130416,D,20110525,000000,18.0000000,18.1990000,17.8210000,18.0990000,19.800
35248_090101_130416,D,20110526,000000,18.2000000,18.2000000,17.7560000,17.9990000,11.900
35248_090101_130416,D,20110527,000000,18.0980000,18.1990000,17.8100000,18.1700000,9.000
35248_090101_130416,D,20110530,000000,18.1000000,20.0000000,18.0000000,18.1330000,173.100
35248_090101_130416,D,20110531,000000,18.4490000,18.9510000,18.2000000,18.3350000,14.100
35248_090101_130416,D,20110601,000000,18.1500000,18.7650000,18.0300000,18.7000000,10.800
35248_090101_130416,D,20110602,000000,18.5520000,18.9800000,18.5520000,18.7430000,4.100
35248_090101_130416,D,20110603,000000,19.1240000,19.2350000,18.2500000,18.7240000,4.800
35248_090101_130416,D,20110606,000000,18.4990000,18.4990000,18.1400000,18.3600000,3.400
35248_090101_130416,D,20110607,000000,18.3500000,18.6840000,17.9500000,18.0490000,76.000
35248_090101_130416,D,20110608,000000,18.0000000,18.0300000,17.7500000,17.9000000,68.000
35248_090101_130416,D,20110609,000000,17.8990000,18.0000000,17.8000000,17.9990000,41.000
35248_090101_130416,D,20110610,000000,17.9980000,17.9980000,17.7550000,17.8580000,45.400
35248_090101_130416,D,20110614,000000,17.8500000,17.8990000,17.8500000,17.8890000,14.800
35248_090101_130416,D,20110615,000000,17.9400000,17.9400000,17.5510000,17.7200000,61.500
35248_090101_130416,D,20110616,000000,17.7990000,17.7990000,17.7500000,17.7500000,2.700
35248_090101_130416,D,20110617,000000,17.7990000,18.0000000,17.6610000,17.9980000,29.600
35248_090101_130416,D,20110620,000000,17.8790000,17.8990000,17.6110000,17.6500000,25.000
35248_090101_130416,D,20110621,000000,17.7990000,17.7990000,17.7000000,17.7980000,3.900
35248_090101_130416,D,20110622,000000,17.7110000,17.7370000,17.2500000,17.5390000,69.200
35248_090101_130416,D,20110623,000000,17.4000000,17.4000000,16.5500000,16.7550000,103.100
35248_090101_130416,D,20110624,000000,17.0000000,17.0000000,16.9220000,16.9880000,8.600
35248_090101_130416,D,20110627,000000,16.8990000,16.9750000,16.7140000,16.8990000,1.900
35248_090101_130416,D,20110628,000000,16.9000000,16.9100000,16.8000000,16.8980000,2.400
35248_090101_130416,D,20110629,000000,16.7770000,16.9000000,16.6210000,16.8010000,2.600
35248_090101_130416,D,20110630,000000,16.9000000,16.9910000,16.7710000,16.8500000,3.100
35248_090101_130416,D,20110701,000000,16.9100000,16.9100000,16.8000000,16.8920000,4.400
35248_090101_130416,D,20110704,000000,16.7500000,16.8000000,16.6000000,16.7990000,5.500
35248_090101_130416,D,20110705,000000,16.7990000,16.9480000,16.7990000,16.7990000,3.300
35248_090101_130416,D,20110706,000000,16.8710000,16.8760000,16.5000000,16.6110000,3.900
35248_090101_130416,D,20110707,000000,16.6600000,16.7990000,16.6600000,16.7700000,1.600
35248_090101_130416,D,20110708,000000,16.8810000,16.8810000,16.5300000,16.5600000,16.500
35248_090101_130416,D,20110711,000000,16.5160000,16.5160000,16.2600000,16.4960000,3.600
35248_090101_130416,D,20110712,000000,16.4000000,16.5000000,16.4000000,16.5000000,700
35248_090101_130416,D,20110713,000000,16.3110000,16.7380000,16.3100000,16.5010000,5.200
35248_090101_130416,D,20110714,000000,16.5010000,16.5390000,16.4000000,16.5390000,6.500
35248_090101_130416,D,20110715,000000,16.5000000,16.9400000,16.3920000,16.7960000,30.300
35248_090101_130416,D,20110718,000000,16.7990000,16.7990000,16.6650000,16.6990000,6.300
35248_090101_130416,D,20110719,000000,16.7650000,16.7650000,16.4600000,16.7490000,11.900
35248_090101_130416,D,20110720,000000,16.5990000,16.7560000,16.5990000,16.7560000,4.500
35248_090101_130416,D,20110721,000000,16.5990000,16.6990000,16.5330000,16.6990000,12.900
35248_090101_130416,D,20110722,000000,16.4490000,16.7470000,16.4490000,16.5550000,12.700
35248_090101_130416,D,20110725,000000,16.5000000,16.6790000,16.2500000,16.4990000,27.000
35248_090101_130416,D,20110726,000000,16.2990000,16.4000000,16.2400000,16.2960000,8.700
35248_090101_130416,D,20110727,000000,16.2590000,16.3990000,16.2590000,16.2980000,1.800
35248_090101_130416,D,20110728,000000,16.2970000,16.3230000,16.2030000,16.2990000,5.000
35248_090101_130416,D,20110729,000000,16.2490000,16.3990000,16.0000000,16.0500000,19.500
35248_090101_130416,D,20110801,000000,16.0640000,16.2990000,16.0640000,16.2990000,4.700
35248_090101_130416,D,20110802,000000,16.1500000,16.4440000,16.1460000,16.2990000,3.800
35248_090101_130416,D,20110803,000000,16.1240000,16.1510000,15.5600000,15.5610000,17.900
35248_090101_130416,D,20110804,000000,15.7620000,15.8200000,15.0000000,15.1590000,19.400
35248_090101_130416,D,20110805,000000,14.6800000,15.5860000,14.0050000,15.0000000,16.800
35248_090101_130416,D,20110808,000000,14.5010000,15.0000000,14.5000000,14.5020000,21.200
35248_090101_130416,D,20110809,000000,14.0010000,14.5000000,13.0000000,14.5000000,46.100
35248_090101_130416,D,20110810,000000,14.5050000,14.5050000,14.0000000,14.0010000,4.600
35248_090101_130416,D,20110811,000000,14.0010000,14.4000000,12.9060000,13.1000000,42.800
35248_090101_130416,D,20110812,000000,13.0990000,13.7640000,12.9090000,13.5030000,19.100
35248_090101_130416,D,20110815,000000,13.8490000,13.9000000,13.8490000,13.9000000,600
35248_090101_130416,D,20110816,000000,13.8470000,13.8490000,13.8470000,13.8490000,500
35248_090101_130416,D,20110817,000000,13.9000000,14.4980000,13.7000000,13.9020000,10.700
35248_090101_130416,D,20110818,000000,13.9990000,14.0420000,13.2040000,14.0420000,4.600
35248_090101_130416,D,20110819,000000,13.5010000,13.8240000,12.5010000,13.0000000,30.000
35248_090101_130416,D,20110822,000000,13.0000000,13.3040000,12.9990000,13.1500000,2.600
35248_090101_130416,D,20110823,000000,13.4000000,13.5000000,13.2500000,13.5000000,2.800
35248_090101_130416,D,20110824,000000,13.6050000,13.6050000,13.0010000,13.6040000,4.100
35248_090101_130416,D,20110825,000000,13.6000000,13.6500000,13.5120000,13.6000000,3.300
35248_090101_130416,D,20110826,000000,13.0200000,13.0500000,13.0200000,13.0500000,300
35248_090101_130416,D,20110829,000000,13.7370000,13.7370000,13.5000000,13.6000000,300
35248_090101_130416,D,20110830,000000,13.5000000,13.5000000,13.5000000,13.5000000,3.500
35248_090101_130416,D,20110831,000000,13.8490000,13.8490000,13.2520000,13.7500000,3.000
35248_090101_130416,D,20110901,000000,13.5180000,13.7710000,13.0000000,13.0000000,8.600
35248_090101_130416,D,20110902,000000,13.3670000,14.0000000,13.3430000,13.3640000,8.000
35248_090101_130416,D,20110905,000000,13.3770000,13.8000000,13.3770000,13.5000000,5.300
35248_090101_130416,D,20110906,000000,13.5010000,13.5010000,13.5000000,13.5000000,600
35248_090101_130416,D,20110907,000000,13.6390000,13.6420000,13.6390000,13.6420000,500
35248_090101_130416,D,20110908,000000,13.8410000,14.0000000,13.8410000,14.0000000,14.400
35248_090101_130416,D,20110909,000000,13.6010000,13.6010000,13.5000000,13.5120000,2.500
35248_090101_130416,D,20110912,000000,13.4300000,13.4300000,12.5010000,13.3570000,5.500
35248_090101_130416,D,20110913,000000,13.4990000,13.5480000,13.4990000,13.5480000,200
35248_090101_130416,D,20110914,000000,13.5150000,13.7000000,13.2430000,13.6990000,1.600
35248_090101_130416,D,20110915,000000,13.0500000,13.6690000,13.0020000,13.4000000,1.700
35248_090101_130416,D,20110916,000000,13.2020000,13.2020000,13.0500000,13.0500000,2.200
35248_090101_130416,D,20110919,000000,13.3270000,13.3270000,12.7620000,12.7670000,900
35248_090101_130416,D,20110920,000000,13.0000000,13.3500000,12.9510000,13.0020000,3.100
35248_090101_130416,D,20110921,000000,13.0020000,13.3280000,13.0010000,13.3280000,3.000
35248_090101_130416,D,20110922,000000,13.3190000,13.3190000,12.6000000,12.8020000,5.800
35248_090101_130416,D,20110923,000000,12.8010000,13.2670000,12.0000000,12.7980000,17.400
35248_090101_130416,D,20110926,000000,13.1890000,13.1890000,12.0020000,13.0050000,2.300
35248_090101_130416,D,20110927,000000,12.2510000,13.0250000,12.2510000,13.0250000,2.300
35248_090101_130416,D,20110928,000000,12.9990000,12.9990000,12.8000000,12.8000000,300
35248_090101_130416,D,20110929,000000,12.4990000,12.5060000,12.4990000,12.5000000,2.300
35248_090101_130416,D,20110930,000000,12.5000000,12.9970000,12.2500000,12.4980000,1.600
35248_090101_130416,D,20111003,000000,12.0050000,12.0050000,12.0050000,12.0050000,100
35248_090101_130416,D,20111004,000000,11.9020000,11.9020000,11.0000000,11.0000000,6.300
35248_090101_130416,D,20111005,000000,11.5000000,11.9750000,11.0000000,11.9750000,3.900
35248_090101_130416,D,20111006,000000,11.7500000,11.9690000,11.0000000,11.9290000,6.900
35248_090101_130416,D,20111007,000000,11.9740000,11.9740000,11.3130000,11.9400000,1.700
35248_090101_130416,D,20111010,000000,11.9750000,12.3050000,11.5060000,12.3050000,1.500
35248_090101_130416,D,20111012,000000,12.0000000,12.3860000,11.7510000,12.3490000,1.400
35248_090101_130416,D,20111013,000000,11.7010000,11.9850000,11.3600000,11.3600000,7.600
35248_090101_130416,D,20111014,000000,11.2570000,11.8610000,10.7500000,11.8480000,12.500
35248_090101_130416,D,20111017,000000,11.8900000,12.7200000,11.0450000,11.4000000,27.900
35248_090101_130416,D,20111018,000000,11.6530000,11.6550000,11.6530000,11.6550000,1.000
35248_090101_130416,D,20111019,000000,11.7700000,11.8940000,11.7700000,11.8940000,2.200
35248_090101_130416,D,20111020,000000,11.4830000,11.4830000,11.3410000,11.3410000,200
35248_090101_130416,D,20111024,000000,11.4880000,11.8140000,11.3180000,11.8140000,400
35248_090101_130416,D,20111025,000000,11.1280000,11.1300000,11.1280000,11.1300000,400
35248_090101_130416,D,20111026,000000,11.1590000,11.7740000,11.1590000,11.7740000,700
35248_090101_130416,D,20111027,000000,11.7990000,12.2900000,11.7990000,11.8010000,5.000
35248_090101_130416,D,20111028,000000,11.8000000,12.1490000,11.8000000,12.0260000,2.200
35248_090101_130416,D,20111031,000000,12.2000000,12.2000000,12.2000000,12.2000000,100
35248_090101_130416,D,20111101,000000,11.0630000,11.4870000,11.0630000,11.4020000,500
35248_090101_130416,D,20111103,000000,11.5000000,12.1000000,11.5000000,11.5500000,1.600
35248_090101_130416,D,20111108,000000,12.0000000,12.2000000,12.0000000,12.0000000,700
35248_090101_130416,D,20111109,000000,11.8470000,11.8470000,11.7250000,11.7290000,1.100
35248_090101_130416,D,20111110,000000,11.7230000,11.7230000,10.9000000,11.5860000,7.900
35248_090101_130416,D,20111111,000000,11.1210000,11.6830000,10.5550000,11.4650000,5.300
35248_090101_130416,D,20111114,000000,11.4580000,11.4900000,11.0010000,11.4900000,2.500
35248_090101_130416,D,20111115,000000,11.4730000,11.4730000,11.2000000,11.3500000,600
35248_090101_130416,D,20111116,000000,11.4110000,11.8000000,10.5020000,10.9000000,6.600
35248_090101_130416,D,20111117,000000,11.1410000,11.1850000,10.7500000,10.7500000,1.400
35248_090101_130416,D,20111118,000000,10.5000000,10.8000000,10.3000000,10.8000000,7.600
35248_090101_130416,D,20111121,000000,10.2500000,10.5990000,10.0000000,10.1990000,13.600
35248_090101_130416,D,20111122,000000,10.2000000,10.2000000,10.2000000,10.2000000,200
35248_090101_130416,D,20111123,000000,10.1500000,10.2000000,9.5000000,10.2000000,14.900
35248_090101_130416,D,20111125,000000,10.0090000,10.0990000,9.5020000,9.9950000,2.800
35248_090101_130416,D,20111128,000000,10.0990000,10.0990000,9.2510000,9.8990000,2.100
35248_090101_130416,D,20111129,000000,9.7800000,9.8890000,9.7800000,9.8890000,200
35248_090101_130416,D,20111130,000000,9.4050000,9.9920000,9.4050000,9.8970000,500
35248_090101_130416,D,20111201,000000,9.6060000,9.8740000,9.6060000,9.8240000,2.600
35248_090101_130416,D,20111202,000000,9.8760000,11.6000000,9.8760000,11.4900000,28.300
35248_090101_130416,D,20111205,000000,11.0000000,11.7780000,11.0000000,11.7780000,3.300
35248_090101_130416,D,20111206,000000,10.3670000,11.8000000,10.3670000,11.8000000,4.800
35248_090101_130416,D,20111207,000000,11.3330000,11.7000000,10.2000000,11.3960000,5.300
35248_090101_130416,D,20111208,000000,10.8010000,11.3770000,10.8010000,11.3770000,1.000
35248_090101_130416,D,20111209,000000,11.2990000,12.2370000,11.0010000,11.8020000,6.500
35248_090101_130416,D,20111212,000000,12.1540000,12.6990000,10.8050000,11.4360000,9.200
35248_090101_130416,D,20111213,000000,11.7480000,11.7480000,11.7480000,11.7480000,100
35248_090101_130416,D,20111214,000000,11.6000000,11.6990000,11.5990000,11.5990000,11.000
35248_090101_130416,D,20111215,000000,11.9500000,11.9500000,11.9500000,11.9500000,100
35248_090101_130416,D,20111220,000000,11.7000000,11.7000000,11.6500000,11.6500000,200
35248_090101_130416,D,20111222,000000,10.8810000,11.5590000,10.5560000,11.5590000,400
35248_090101_130416,D,20111223,000000,11.9460000,11.9460000,11.5000000,11.6990000,400
35248_090101_130416,D,20111227,000000,11.5890000,11.5890000,10.6780000,10.8000000,5.000
35248_090101_130416,D,20111228,000000,10.9800000,10.9800000,10.0270000,10.7600000,9.400
35248_090101_130416,D,20111229,000000,10.4740000,10.5000000,10.0040000,10.2990000,14.500
35248_090101_130416,D,20111230,000000,10.3000000,10.7590000,9.8510000,10.4500000,4.500
35248_090101_130416,D,20120104,000000,10.3420000,10.6370000,10.1500000,10.1500000,1.000
35248_090101_130416,D,20120105,000000,10.3620000,10.3620000,10.0100000,10.0100000,1.100
35248_090101_130416,D,20120106,000000,10.8000000,10.8000000,10.8000000,10.8000000,1.000
35248_090101_130416,D,20120110,000000,10.6390000,11.2450000,10.6390000,11.2450000,5.000
35248_090101_130416,D,20120111,000000,11.2000000,11.5850000,10.8050000,11.0000000,9.300
35248_090101_130416,D,20120112,000000,11.0200000,11.0400000,10.8070000,10.8070000,900
35248_090101_130416,D,20120113,000000,11.0500000,11.0500000,11.0500000,11.0500000,100
35248_090101_130416,D,20120116,000000,10.8080000,10.8080000,10.8080000,10.8080000,100
35248_090101_130416,D,20120117,000000,11.0640000,11.1290000,10.9800000,10.9800000,1.100
35248_090101_130416,D,20120118,000000,10.8050000,10.8080000,10.8050000,10.8080000,300
35248_090101_130416,D,20120119,000000,11.0300000,11.0640000,10.8230000,10.9880000,1.100
35248_090101_130416,D,20120120,000000,11.0000000,11.0000000,10.8050000,10.9000000,700
35248_090101_130416,D,20120123,000000,10.9920000,10.9990000,10.2520000,10.9990000,800
35248_090101_130416,D,20120124,000000,10.9570000,10.9570000,10.9570000,10.9570000,100
35248_090101_130416,D,20120125,000000,10.8990000,10.8990000,10.8990000,10.8990000,100
35248_090101_130416,D,20120126,000000,10.9750000,11.5600000,10.5000000,11.3990000,5.100
35248_090101_130416,D,20120127,000000,11.5800000,11.5800000,11.1010000,11.5780000,1.700
35248_090101_130416,D,20120131,000000,11.0000000,11.5500000,11.0000000,11.0260000,3.900
35248_090101_130416,D,20120201,000000,11.0030000,11.2540000,11.0030000,11.2540000,400
35248_090101_130416,D,20120202,000000,11.2290000,11.2840000,11.2290000,11.2840000,200
35248_090101_130416,D,20120203,000000,11.1970000,11.1970000,11.0000000,11.0000000,400
35248_090101_130416,D,20120206,000000,11.1990000,11.5500000,10.3000000,10.5780000,4.500
35248_090101_130416,D,20120207,000000,11.1490000,11.1490000,11.1490000,11.1490000,100
35248_090101_130416,D,20120208,000000,11.0490000,11.0490000,10.9000000,10.9000000,400
35248_090101_130416,D,20120209,000000,11.1000000,11.1000000,11.0010000,11.0990000,1.300
35248_090101_130416,D,20120210,000000,10.9990000,10.9990000,10.9990000,10.9990000,100
35248_090101_130416,D,20120213,000000,10.9990000,11.1000000,10.7050000,11.1000000,1.300
35248_090101_130416,D,20120214,000000,11.0000000,11.3000000,10.5270000,11.3000000,3.500
35248_090101_130416,D,20120215,000000,11.0000000,15.7250000,11.0000000,15.7250000,160.300
35248_090101_130416,D,20120216,000000,17.2970000,18.0000000,13.5300000,13.5300000,370.300
35248_090101_130416,D,20120217,000000,13.9990000,13.9990000,12.4830000,12.6140000,138.600
35248_090101_130416,D,20120220,000000,12.7400000,13.3690000,12.2070000,12.3550000,46.700
35248_090101_130416,D,20120221,000000,12.1120000,12.8550000,11.2580000,12.2540000,111.600
35248_090101_130416,D,20120222,000000,12.1200000,12.1600000,11.5690000,12.1590000,22.000
35248_090101_130416,D,20120224,000000,12.2480000,12.7500000,11.6050000,12.1800000,24.300
35248_090101_130416,D,20120227,000000,12.3400000,12.3800000,11.8500000,12.0000000,15.700
35248_090101_130416,D,20120228,000000,11.5280000,11.8000000,11.4140000,11.7970000,14.100
35248_090101_130416,D,20120229,000000,11.4010000,11.4970000,11.2040000,11.2670000,13.700
35248_090101_130416,D,20120301,000000,11.2680000,11.2680000,10.9720000,11.0000000,23.600
35248_090101_130416,D,20120302,000000,11.0010000,11.4980000,10.8010000,10.9870000,14.300
35248_090101_130416,D,20120305,000000,11.0000000,11.0000000,10.8390000,11.0000000,7.300
35248_090101_130416,D,20120306,000000,10.9990000,11.0000000,10.0000000,10.4060000,43.100
35248_090101_130416,D,20120307,000000,10.3990000,10.8000000,10.3990000,10.6000000,7.700
35248_090101_130416,D,20120311,000000,11.1900000,11.2710000,10.8010000,10.8180000,1.900
35248_090101_130416,D,20120312,000000,10.6000000,10.8560000,10.1010000,10.5700000,17.400
35248_090101_130416,D,20120313,000000,10.7000000,10.7000000,10.7000000,10.7000000,200
35248_090101_130416,D,20120314,000000,10.6990000,10.8900000,10.6990000,10.8900000,2.200
35248_090101_130416,D,20120315,000000,10.8000000,10.8000000,10.3000000,10.7000000,2.600
35248_090101_130416,D,20120316,000000,10.3510000,10.3510000,10.2520000,10.3500000,7.300
35248_090101_130416,D,20120319,000000,10.3040000,10.3040000,10.3040000,10.3040000,200
35248_090101_130416,D,20120320,000000,10.3490000,10.3500000,10.2050000,10.2050000,900
35248_090101_130416,D,20120321,000000,10.6930000,10.6930000,10.4000000,10.5730000,1.500
35248_090101_130416,D,20120322,000000,10.6890000,13.6890000,10.6890000,11.7900000,140.100
35248_090101_130416,D,20120323,000000,11.8100000,11.8100000,11.2140000,11.5500000,4.600
35248_090101_130416,D,20120326,000000,11.3380000,11.8000000,11.0000000,11.3900000,43.100
35248_090101_130416,D,20120327,000000,11.3000000,11.3000000,10.8060000,11.2880000,14.600
35248_090101_130416,D,20120328,000000,11.0050000,11.2470000,10.6210000,11.0010000,7.000
35248_090101_130416,D,20120329,000000,10.7150000,11.0000000,10.6020000,10.6030000,2.200
35248_090101_130416,D,20120330,000000,11.0000000,11.2310000,10.7500000,10.9980000,6.400
35248_090101_130416,D,20120402,000000,11.1290000,11.1290000,10.8250000,11.1070000,1.100
35248_090101_130416,D,20120403,000000,11.0990000,11.1000000,11.0890000,11.1000000,600
35248_090101_130416,D,20120404,000000,11.1700000,11.1700000,10.6250000,11.1000000,4.600
35248_090101_130416,D,20120405,000000,11.1500000,11.5900000,11.0510000,11.3850000,8.900
35248_090101_130416,D,20120406,000000,10.9050000,11.2220000,10.9040000,11.2220000,1.200
35248_090101_130416,D,20120409,000000,11.0010000,12.5900000,10.7510000,12.4970000,23.000
35248_090101_130416,D,20120410,000000,12.0000000,12.4780000,11.5020000,11.6000000,2.700
35248_090101_130416,D,20120411,000000,11.0480000,11.9980000,11.0480000,11.0780000,1.400
35248_090101_130416,D,20120412,000000,11.0830000,11.8530000,10.7060000,11.6490000,24.400
35248_090101_130416,D,20120413,000000,11.0010000,11.3870000,11.0000000,11.3870000,300
35248_090101_130416,D,20120416,000000,11.0000000,11.1400000,11.0000000,11.1400000,200
35248_090101_130416,D,20120417,000000,11.1500000,11.1620000,10.6300000,11.1510000,1.400
35248_090101_130416,D,20120419,000000,10.6770000,11.1000000,10.6240000,10.8040000,2.600
35248_090101_130416,D,20120420,000000,11.0480000,11.0980000,11.0000000,11.0980000,2.200
35248_090101_130416,D,20120423,000000,11.1550000,11.1770000,10.5200000,10.5550000,4.500
35248_090101_130416,D,20120424,000000,10.7040000,11.0890000,10.5030000,10.5030000,1.300
35248_090101_130416,D,20120425,000000,11.1810000,11.6980000,10.8000000,10.8000000,300
35248_090101_130416,D,20120426,000000,10.9920000,10.9920000,10.6810000,10.6810000,1.000
35248_090101_130416,D,20120427,000000,10.6060000,10.8950000,10.4000000,10.6500000,3.100
35248_090101_130416,D,20120428,000000,10.5000000,10.6040000,10.0000000,10.6040000,14.200
35248_090101_130416,D,20120502,000000,10.2080000,10.7290000,10.0150000,10.5970000,5.800
35248_090101_130416,D,20120503,000000,10.5630000,10.5630000,10.5630000,10.5630000,100
35248_090101_130416,D,20120504,000000,10.4920000,10.4920000,10.0000000,10.0000000,2.400
35248_090101_130416,D,20120505,000000,10.1110000,10.9550000,10.1110000,10.9550000,3.000
35248_090101_130416,D,20120507,000000,10.0560000,10.5000000,10.0550000,10.5000000,2.500
35248_090101_130416,D,20120508,000000,10.8440000,10.8560000,9.5000000,10.7950000,5.100
35248_090101_130416,D,20120510,000000,10.1000000,10.4550000,10.0040000,10.3500000,3.900
35248_090101_130416,D,20120511,000000,10.4900000,10.6900000,10.4900000,10.6900000,400
35248_090101_130416,D,20120514,000000,10.0070000,10.0070000,9.4230000,9.5000000,14.000
35248_090101_130416,D,20120515,000000,9.9480000,10.0100000,9.5510000,9.5510000,10.800
35248_090101_130416,D,20120516,000000,9.5010000,9.6500000,9.5000000,9.5000000,3.700
35248_090101_130416,D,20120517,000000,9.5010000,9.5010000,9.5000000,9.5000000,1.900
35248_090101_130416,D,20120518,000000,9.7980000,9.9630000,9.2000000,9.9630000,600
35248_090101_130416,D,20120521,000000,9.7000000,9.9440000,9.7000000,9.9440000,200
35248_090101_130416,D,20120522,000000,9.8160000,9.8160000,9.6860000,9.6860000,400
35248_090101_130416,D,20120523,000000,9.6010000,9.6010000,9.0000000,9.4660000,9.600
35248_090101_130416,D,20120524,000000,9.4980000,9.5000000,9.0000000,9.2000000,7.700
35248_090101_130416,D,20120525,000000,9.2500000,9.2500000,9.2500000,9.2500000,500
35248_090101_130416,D,20120528,000000,9.3960000,9.3970000,9.3960000,9.3970000,1.000
35248_090101_130416,D,20120529,000000,9.6190000,9.6190000,9.6190000,9.6190000,200
35248_090101_130416,D,20120530,000000,9.1660000,9.5870000,9.1640000,9.5870000,4.100
35248_090101_130416,D,20120531,000000,9.1070000,9.2990000,8.7500000,9.2990000,5.500
35248_090101_130416,D,20120601,000000,9.0000000,9.1300000,8.7500000,8.8500000,1.900
35248_090101_130416,D,20120604,000000,9.0000000,9.4800000,8.7520000,9.4800000,1.300
35248_090101_130416,D,20120605,000000,9.4950000,9.4950000,9.4930000,9.4950000,400
35248_090101_130416,D,20120606,000000,9.0000000,9.4460000,9.0000000,9.4460000,200
35248_090101_130416,D,20120607,000000,9.0090000,9.3000000,9.0090000,9.3000000,400
35248_090101_130416,D,20120608,000000,9.1010000,9.2000000,9.0000000,9.2000000,1.000
35248_090101_130416,D,20120609,000000,9.6000000,10.9000000,9.6000000,10.3000000,9.500
35248_090101_130416,D,20120613,000000,10.0130000,10.1490000,9.5000000,10.0000000,11.400
35248_090101_130416,D,20120615,000000,9.9960000,10.0000000,9.9960000,10.0000000,2.500
35248_090101_130416,D,20120618,000000,10.0000000,10.0000000,9.9000000,10.0000000,700
35248_090101_130416,D,20120619,000000,10.3600000,10.8160000,10.0000000,10.0000000,3.700
35248_090101_130416,D,20120620,000000,10.5970000,10.5970000,10.1250000,10.4000000,2.200
35248_090101_130416,D,20120621,000000,10.0070000,10.3860000,10.0070000,10.3860000,200
35248_090101_130416,D,20120622,000000,10.5980000,10.5980000,10.0090000,10.0090000,400
35248_090101_130416,D,20120625,000000,10.0240000,10.0240000,10.0240000,10.0240000,100
35248_090101_130416,D,20120626,000000,10.1030000,10.1030000,10.1000000,10.1010000,700
35248_090101_130416,D,20120627,000000,10.0150000,10.0150000,9.9990000,10.0000000,2.800
35248_090101_130416,D,20120629,000000,10.1010000,10.1010000,10.1010000,10.1010000,200
35248_090101_130416,D,20120702,000000,10.0010000,10.0010000,10.0010000,10.0010000,100
35248_090101_130416,D,20120703,000000,9.6010000,10.0990000,9.5000000,10.0990000,4.100
35248_090101_130416,D,20120704,000000,10.0010000,10.4400000,10.0010000,10.4400000,200
35248_090101_130416,D,20120705,000000,10.3290000,10.3650000,10.3290000,10.3650000,600
35248_090101_130416,D,20120706,000000,10.1010000,10.1010000,10.1010000,10.1010000,200
35248_090101_130416,D,20120709,000000,10.0010000,10.1000000,10.0010000,10.1000000,1.500
35248_090101_130416,D,20120710,000000,10.2370000,10.2370000,10.2370000,10.2370000,300
35248_090101_130416,D,20120711,000000,10.3670000,10.3670000,10.3670000,10.3670000,100
35248_090101_130416,D,20120713,000000,10.0040000,10.2300000,10.0040000,10.1950000,2.700
35248_090101_130416,D,20120716,000000,10.0020000,10.1010000,10.0020000,10.1010000,11.000
35248_090101_130416,D,20120717,000000,10.0000000,10.2430000,10.0000000,10.2400000,11.200
35248_090101_130416,D,20120718,000000,10.0050000,10.6480000,10.0050000,10.5990000,3.900
35248_090101_130416,D,20120719,000000,10.0080000,10.6160000,10.0080000,10.6160000,500
35248_090101_130416,D,20120720,000000,10.1500000,10.2710000,10.0570000,10.2710000,900
35248_090101_130416,D,20120723,000000,10.0020000,10.1980000,9.9000000,10.0920000,2.200
35248_090101_130416,D,20120724,000000,9.8110000,9.8110000,9.8000000,9.8000000,700
35248_090101_130416,D,20120725,000000,10.1440000,10.1440000,10.1440000,10.1440000,1.000
35248_090101_130416,D,20120726,000000,9.9000000,10.1500000,9.9000000,10.1500000,200
35248_090101_130416,D,20120727,000000,10.1290000,10.1440000,9.5050000,9.9070000,2.500
35248_090101_130416,D,20120730,000000,9.5120000,9.7800000,9.2010000,9.7800000,2.000
35248_090101_130416,D,20120731,000000,9.8470000,9.8470000,9.8470000,9.8470000,100
35248_090101_130416,D,20120801,000000,9.6000000,9.7960000,9.4020000,9.7600000,2.600
35248_090101_130416,D,20120802,000000,9.9960000,10.2150000,9.5010000,9.5010000,800
35248_090101_130416,D,20120803,000000,9.8000000,10.0900000,9.8000000,10.0900000,200
35248_090101_130416,D,20120806,000000,10.0950000,10.0950000,10.0950000,10.0950000,100
35248_090101_130416,D,20120807,000000,9.9990000,9.9990000,9.5010000,9.9780000,1.800
35248_090101_130416,D,20120808,000000,9.6000000,10.0780000,9.6000000,10.0780000,200
35248_090101_130416,D,20120809,000000,10.3130000,10.3130000,9.1800000,10.1790000,1.300
35248_090101_130416,D,20120814,000000,10.0000000,10.7380000,9.0000000,9.3890000,51.200
35248_090101_130416,D,20120815,000000,9.2250000,9.3500000,8.0000000,8.1920000,136.900
35248_090101_130416,D,20120816,000000,8.1500000,8.1920000,6.5000000,6.9100000,234.500
35248_090101_130416,D,20120817,000000,7.0900000,7.7000000,7.0000000,7.1300000,23.600
35248_090101_130416,D,20120820,000000,7.1000000,7.1000000,6.6750000,6.8900000,26.100
35248_090101_130416,D,20120821,000000,6.8200000,7.4940000,6.7140000,7.2960000,32.100
35248_090101_130416,D,20120822,000000,7.3790000,7.7700000,7.2000000,7.5530000,39.500
35248_090101_130416,D,20120823,000000,7.2020000,7.5830000,7.2010000,7.5780000,8.500
35248_090101_130416,D,20120824,000000,7.2700000,7.3000000,7.0250000,7.3000000,2.300
35248_090101_130416,D,20120827,000000,7.0350000,7.2000000,6.7530000,7.2000000,2.500
35248_090101_130416,D,20120828,000000,7.2940000,7.2940000,7.0000000,7.2710000,2.600
35248_090101_130416,D,20120829,000000,7.0020000,7.1880000,6.7670000,7.1880000,15.200
35248_090101_130416,D,20120830,000000,7.0000000,7.0030000,7.0000000,7.0000000,3.500
35248_090101_130416,D,20120831,000000,6.8060000,7.0890000,6.7500000,7.0100000,5.300
35248_090101_130416,D,20120903,000000,7.0500000,7.1180000,6.8520000,7.1180000,1.300
35248_090101_130416,D,20120904,000000,7.1070000,7.1940000,7.0110000,7.0480000,3.000
35248_090101_130416,D,20120905,000000,6.9150000,6.9150000,6.9140000,6.9150000,400
35248_090101_130416,D,20120906,000000,6.9990000,7.0470000,6.9990000,7.0470000,1.600
35248_090101_130416,D,20120910,000000,7.1920000,7.2780000,7.0290000,7.0760000,1.600
35248_090101_130416,D,20120911,000000,7.0710000,7.1970000,6.9000000,7.0010000,5.200
35248_090101_130416,D,20120912,000000,7.0000000,7.0000000,6.8530000,7.0000000,1.400
35248_090101_130416,D,20120913,000000,7.0390000,7.0390000,7.0390000,7.0390000,100
35248_090101_130416,D,20120914,000000,7.0460000,7.4880000,7.0380000,7.3010000,17.700
35248_090101_130416,D,20120917,000000,7.1660000,7.1720000,7.1660000,7.1710000,1.200
35248_090101_130416,D,20120918,000000,7.1730000,7.2000000,7.0010000,7.0100000,1.800
35248_090101_130416,D,20120919,000000,7.1500000,7.1500000,7.0000000,7.0000000,2.200
35248_090101_130416,D,20120921,000000,6.7550000,7.1700000,6.7510000,6.8510000,4.300
35248_090101_130416,D,20120924,000000,6.9990000,7.2250000,6.8020000,6.9140000,6.100
35248_090101_130416,D,20120925,000000,7.1210000,7.1210000,7.0000000,7.0000000,500
35248_090101_130416,D,20120926,000000,6.8030000,6.9620000,6.5570000,6.9620000,9.000
35248_090101_130416,D,20120927,000000,6.9910000,6.9910000,6.5100000,6.7590000,16.000
35248_090101_130416,D,20120928,000000,6.7690000,7.1370000,6.7510000,6.7510000,2.100
35248_090101_130416,D,20121001,000000,6.8010000,6.8010000,6.7000000,6.7000000,600
35248_090101_130416,D,20121002,000000,6.8960000,7.1370000,6.5410000,7.1370000,12.700
35248_090101_130416,D,20121003,000000,6.8040000,6.8040000,6.8040000,6.8040000,100
35248_090101_130416,D,20121004,000000,7.0000000,7.0000000,6.8500000,6.9480000,4.900
35248_090101_130416,D,20121005,000000,6.9310000,6.9500000,6.9200000,6.9500000,6.500
35248_090101_130416,D,20121008,000000,6.9500000,6.9500000,6.9500000,6.9500000,200
35248_090101_130416,D,20121010,000000,7.1400000,7.1970000,6.9570000,6.9680000,5.300
35248_090101_130416,D,20121011,000000,6.9680000,6.9680000,6.9300000,6.9300000,3.300
35248_090101_130416,D,20121012,000000,6.9200000,7.1950000,6.9050000,7.0000000,6.300
35248_090101_130416,D,20121015,000000,7.0000000,7.0000000,4.6660000,6.9470000,62.000
35248_090101_130416,D,20121016,000000,6.6000000,7.0000000,6.6000000,6.7810000,12.900
35248_090101_130416,D,20121017,000000,6.6130000,6.9980000,6.3000000,6.9920000,12.200
35248_090101_130416,D,20121018,000000,6.9010000,6.9010000,6.8900000,6.8900000,400
35248_090101_130416,D,20121019,000000,6.8500000,6.9500000,6.8500000,6.8900000,1.600
35248_090101_130416,D,20121022,000000,6.8350000,6.8350000,6.7250000,6.7250000,7.100
35248_090101_130416,D,20121023,000000,6.7010000,6.7010000,6.7010000,6.7010000,200
35248_090101_130416,D,20121024,000000,6.7010000,6.8000000,6.7000000,6.7000000,1.000
35248_090101_130416,D,20121025,000000,6.6510000,7.1800000,6.6510000,7.1800000,2.400
35248_090101_130416,D,20121026,000000,7.0000000,7.0000000,6.8560000,6.9050000,3.000
35248_090101_130416,D,20121030,000000,6.7000000,6.9840000,6.7000000,6.9840000,300
35248_090101_130416,D,20121031,000000,6.9890000,6.9890000,6.7040000,6.9730000,300
35248_090101_130416,D,20121102,000000,6.9990000,6.9990000,6.9990000,6.9990000,500
35248_090101_130416,D,20121108,000000,6.4710000,6.9450000,6.0220000,6.3310000,8.200
35248_090101_130416,D,20121109,000000,6.0010000,6.1500000,6.0000000,6.0040000,2.200
35248_090101_130416,D,20121112,000000,6.3920000,6.5500000,6.0060000,6.0060000,300
35248_090101_130416,D,20121114,000000,6.0500000,6.0500000,6.0500000,6.0500000,100
35248_090101_130416,D,20121115,000000,6.1500000,6.2980000,6.1500000,6.2980000,200
35248_090101_130416,D,20121116,000000,5.9500000,5.9500000,5.9500000,5.9500000,100
35248_090101_130416,D,20121119,000000,6.1000000,6.1000000,6.1000000,6.1000000,100
35248_090101_130416,D,20121120,000000,6.1970000,6.1970000,6.1500000,6.1500000,300
35248_090101_130416,D,20121121,000000,6.2820000,6.6540000,6.2820000,6.2940000,6.500
35248_090101_130416,D,20121126,000000,6.2930000,6.2940000,6.2930000,6.2940000,1.200
35248_090101_130416,D,20121128,000000,6.4800000,6.8890000,6.3300000,6.5010000,1.500
35248_090101_130416,D,20121129,000000,6.3510000,6.8990000,6.3510000,6.8960000,2.400
35248_090101_130416,D,20121130,000000,6.7500000,6.9970000,6.6120000,6.6960000,3.100
35248_090101_130416,D,20121203,000000,6.7000000,6.8000000,6.6750000,6.6750000,500
35248_090101_130416,D,20121204,000000,6.6310000,6.6310000,6.0000000,6.1300000,12.000
35248_090101_130416,D,20121205,000000,5.9120000,6.2800000,5.9100000,6.1300000,5.500
35248_090101_130416,D,20121206,000000,6.1970000,6.1970000,6.1610000,6.1610000,200
35248_090101_130416,D,20121211,000000,6.1610000,6.1610000,6.1610000,6.1610000,100
35248_090101_130416,D,20121212,000000,6.0090000,6.0090000,5.9980000,5.9990000,2.700
35248_090101_130416,D,20121213,000000,6.1470000,6.1470000,5.9200000,5.9200000,300
35248_090101_130416,D,20121214,000000,6.2130000,6.2130000,5.9260000,6.1000000,7.300
35248_090101_130416,D,20121217,000000,6.1000000,6.1500000,6.0100000,6.0100000,3.800
35248_090101_130416,D,20121218,000000,6.0990000,6.1000000,5.7530000,5.7530000,10.200
35248_090101_130416,D,20121219,000000,5.8000000,7.3770000,5.7110000,6.5970000,83.500
35248_090101_130416,D,20121220,000000,6.4000000,6.7970000,5.7500000,6.0040000,35.500
35248_090101_130416,D,20121221,000000,6.2500000,6.9880000,6.2500000,6.4000000,21.400
35248_090101_130416,D,20121224,000000,6.3000000,6.3330000,6.2470000,6.3330000,1.800
35248_090101_130416,D,20121225,000000,6.1500000,6.1500000,5.9940000,5.9940000,3.900
35248_090101_130416,D,20121226,000000,6.0990000,6.1000000,5.9000000,5.9000000,2.000
35248_090101_130416,D,20121227,000000,5.8010000,6.8100000,5.8000000,6.2000000,115.900
35248_090101_130416,D,20121228,000000,6.0700000,6.0700000,6.0000000,6.0100000,4.900
35248_090101_130416,D,20130108,000000,6.0120000,6.1000000,6.0110000,6.1000000,1.100
35248_090101_130416,D,20130109,000000,5.9100000,6.2300000,5.9100000,6.1000000,104.300
35248_090101_130416,D,20130110,000000,6.0040000,6.5880000,5.9200000,6.2490000,18.400
35248_090101_130416,D,20130111,000000,6.2990000,6.5000000,6.2000000,6.3100000,8.300
35248_090101_130416,D,20130114,000000,6.2890000,6.2890000,6.0200000,6.0200000,4.300
35248_090101_130416,D,20130115,000000,6.0410000,6.4930000,5.9990000,6.3980000,17.900
35248_090101_130416,D,20130116,000000,6.1770000,6.3030000,6.1770000,6.2990000,1.900
35248_090101_130416,D,20130117,000000,6.1760000,6.4180000,5.7760000,6.0550000,6.000
35248_090101_130416,D,20130118,000000,6.1630000,6.1690000,6.1070000,6.1070000,900
35248_090101_130416,D,20130121,000000,6.0630000,6.0730000,6.0010000,6.0100000,4.000
35248_090101_130416,D,20130122,000000,6.0130000,6.0150000,6.0130000,6.0150000,200
35248_090101_130416,D,20130125,000000,6.1410000,6.1410000,5.9270000,6.0470000,800
35248_090101_130416,D,20130128,000000,5.9510000,5.9510000,5.9510000,5.9510000,100
35248_090101_130416,D,20130129,000000,6.0020000,6.0790000,6.0000000,6.0790000,5.100
35248_090101_130416,D,20130201,000000,6.0800000,6.0800000,6.0000000,6.0000000,2.900
35248_090101_130416,D,20130204,000000,6.0890000,6.1650000,6.0870000,6.1650000,3.800
35248_090101_130416,D,20130205,000000,6.1420000,6.1420000,5.9500000,6.1000000,1.800
35248_090101_130416,D,20130206,000000,6.1010000,6.1010000,6.0550000,6.0550000,4.800
35248_090101_130416,D,20130207,000000,6.0520000,6.0520000,5.9500000,5.9500000,5.600
35248_090101_130416,D,20130208,000000,6.0010000,6.0010000,5.9040000,5.9880000,1.300
35248_090101_130416,D,20130211,000000,5.9240000,5.9240000,5.7730000,5.9000000,1.500
35248_090101_130416,D,20130212,000000,5.9270000,5.9270000,5.5990000,5.8040000,69.300
35248_090101_130416,D,20130213,000000,5.7790000,5.7790000,5.6980000,5.6980000,2.300
35248_090101_130416,D,20130214,000000,5.7970000,5.7970000,5.4050000,5.5000000,1.200
35248_090101_130416,D,20130215,000000,5.4960000,5.4960000,5.1600000,5.1620000,33.000
35248_090101_130416,D,20130218,000000,5.3000000,5.3490000,5.1000000,5.2000000,11.700
35248_090101_130416,D,20130219,000000,5.2040000,5.2440000,5.0120000,5.2440000,4.100
35248_090101_130416,D,20130220,000000,5.2010000,5.2010000,4.9030000,5.0950000,18.800
35248_090101_130416,D,20130221,000000,5.0000000,5.0000000,4.9100000,5.0000000,11.000
35248_090101_130416,D,20130222,000000,4.9150000,4.9500000,4.7000000,4.8490000,12.300
35248_090101_130416,D,20130225,000000,4.7740000,4.7740000,4.4000000,4.4990000,28.600
35248_090101_130416,D,20130226,000000,4.4970000,4.7000000,4.4970000,4.6000000,9.000
35248_090101_130416,D,20130227,000000,4.5510000,4.5790000,4.2750000,4.4510000,12.700
35248_090101_130416,D,20130228,000000,4.4040000,4.5210000,4.4000000,4.4150000,4.900
35248_090101_130416,D,20130301,000000,4.4020000,4.4040000,4.2000000,4.3530000,5.900
35248_090101_130416,D,20130304,000000,4.3510000,4.3510000,3.5120000,4.0010000,45.200
35248_090101_130416,D,20130305,000000,4.0900000,5.6250000,4.0900000,5.6250000,374.200
35248_090101_130416,D,20130306,000000,6.2000000,7.8750000,5.6000000,7.8750000,1.100.100
35248_090101_130416,D,20130307,000000,8.0800000,10.3180000,7.1060000,7.1600000,785.300
35248_090101_130416,D,20130311,000000,7.0420000,8.9000000,6.7500000,7.5000000,542.900
35248_090101_130416,D,20130312,000000,7.6000000,7.8880000,6.7000000,6.8220000,158.900
35248_090101_130416,D,20130313,000000,6.7380000,6.9940000,6.0800000,6.4910000,131.500
35248_090101_130416,D,20130314,000000,6.5940000,7.7000000,6.4000000,7.5960000,320.200
35248_090101_130416,D,20130315,000000,7.6950000,7.8000000,7.0000000,7.7000000,105.900
35248_090101_130416,D,20130318,000000,7.6840000,7.8900000,7.5030000,7.8900000,1.800
35248_090101_130416,D,20130319,000000,7.8500000,7.8500000,7.0000000,7.7990000,9.800
35248_090101_130416,D,20130320,000000,7.8000000,7.8000000,7.4000000,7.5000000,10.500
35248_090101_130416,D,20130321,000000,7.6000000,7.7500000,6.5530000,7.0100000,11.400
35248_090101_130416,D,20130322,000000,7.6190000,7.6190000,6.6000000,6.6800000,18.500
35248_090101_130416,D,20130325,000000,6.8600000,9.0020000,6.2510000,7.8500000,132.200
35248_090101_130416,D,20130326,000000,7.9870000,9.0000000,7.9870000,8.3200000,57.500
35248_090101_130416,D,20130327,000000,8.5000000,8.8000000,7.5400000,8.6420000,13.200
35248_090101_130416,D,20130328,000000,8.7970000,9.3700000,7.6500000,8.8000000,21.500
35248_090101_130416,D,20130329,000000,8.8020000,8.8020000,8.0500000,8.5870000,7.400
35248_090101_130416,D,20130401,000000,8.8990000,8.9700000,7.9990000,8.0000000,6.000
35248_090101_130416,D,20130402,000000,8.1970000,8.3970000,7.7000000,8.0970000,8.100
35248_090101_130416,D,20130403,000000,8.0000000,8.0000000,7.5000000,7.9800000,2.600
