<TICKER>,<PER>,<DATE>,<TIME>,<OPEN>,<HIGH>,<LOW>,<CLOSE>,<VOL>
522_090101_130416,D,20090111,000000,84.9900000,85.9800000,80.0000000,85.9800000,936
522_090101_130416,D,20090112,000000,84.2900000,84.5000000,84.2900000,84.5000000,23
522_090101_130416,D,20090113,000000,81.0000000,81.0000000,80.0000000,80.0000000,101
522_090101_130416,D,20090114,000000,78.2500000,79.9800000,76.0300000,78.9800000,144
522_090101_130416,D,20090115,000000,79.9700000,97.0000000,71.9200000,81.9900000,989
522_090101_130416,D,20090116,000000,82.0000000,82.0000000,77.8000000,80.0000000,1.580
522_090101_130416,D,20090119,000000,76.1100000,80.4900000,76.1000000,79.9900000,61
522_090101_130416,D,20090120,000000,76.1000000,77.7700000,75.0000000,77.7700000,207
522_090101_130416,D,20090121,000000,70.9300000,75.0500000,70.0600000,70.0600000,147
522_090101_130416,D,20090122,000000,72.2100000,73.0100000,72.0000000,72.0000000,83
522_090101_130416,D,20090123,000000,72.0000000,72.0000000,72.0000000,72.0000000,10
522_090101_130416,D,20090126,000000,70.0000000,74.0000000,69.8100000,74.0000000,227
522_090101_130416,D,20090127,000000,71.9000000,74.0000000,71.9000000,73.9400000,136
522_090101_130416,D,20090128,000000,73.0500000,74.4900000,69.7800000,73.0000000,2.757
522_090101_130416,D,20090129,000000,70.0100000,70.0100000,70.0000000,70.0000000,13
522_090101_130416,D,20090130,000000,70.1000000,74.3900000,70.0500000,74.3800000,576
522_090101_130416,D,20090202,000000,73.5000000,73.5000000,66.7600000,68.4000000,519
522_090101_130416,D,20090203,000000,68.3600000,81.3500000,68.3600000,81.3500000,1.174
522_090101_130416,D,20090204,000000,81.0000000,81.0000000,75.0400000,79.9000000,395
522_090101_130416,D,20090205,000000,77.9900000,78.9800000,73.0300000,73.0300000,2.833
522_090101_130416,D,20090206,000000,75.9800000,78.9900000,75.0000000,77.9900000,153
522_090101_130416,D,20090209,000000,77.9800000,79.9800000,75.0000000,79.9800000,1.544
522_090101_130416,D,20090210,000000,77.0100000,81.9800000,77.0100000,81.9500000,38
522_090101_130416,D,20090211,000000,77.0000000,81.9400000,77.0000000,81.7800000,81
522_090101_130416,D,20090212,000000,80.0000000,80.0300000,80.0000000,80.0000000,658
522_090101_130416,D,20090213,000000,80.0000000,84.9900000,80.0000000,84.9900000,1.849
522_090101_130416,D,20090216,000000,84.9900000,88.1400000,82.2500000,87.5900000,1.839
522_090101_130416,D,20090217,000000,87.5900000,87.5900000,81.0200000,81.2500000,515
522_090101_130416,D,20090218,000000,80.0100000,80.0100000,73.0000000,78.8000000,1.602
522_090101_130416,D,20090219,000000,78.3500000,88.8900000,78.3500000,81.0100000,251
522_090101_130416,D,20090220,000000,84.9900000,84.9900000,84.9900000,84.9900000,4
522_090101_130416,D,20090224,000000,72.3600000,80.0000000,72.3600000,80.0000000,772
522_090101_130416,D,20090225,000000,77.0100000,82.6500000,68.1100000,81.0000000,2.096
522_090101_130416,D,20090226,000000,80.3900000,85.9900000,78.0200000,78.0200000,915
522_090101_130416,D,20090227,000000,81.9500000,85.9000000,77.8000000,85.9000000,1.563
522_090101_130416,D,20090302,000000,73.8800000,73.9100000,73.8800000,73.9100000,100
522_090101_130416,D,20090303,000000,83.4700000,83.4700000,83.4700000,83.4700000,30
522_090101_130416,D,20090305,000000,77.0100000,80.9900000,77.0100000,80.9900000,49
522_090101_130416,D,20090306,000000,73.0100000,81.4900000,70.0000000,75.8900000,1.707
522_090101_130416,D,20090310,000000,82.9900000,87.0000000,71.0700000,84.3100000,3.067
522_090101_130416,D,20090312,000000,78.5000000,79.9900000,78.5000000,79.9900000,178
522_090101_130416,D,20090313,000000,84.4900000,84.5000000,81.0600000,81.0600000,117
522_090101_130416,D,20090316,000000,80.0600000,80.0600000,75.2500000,78.5500000,2.364
522_090101_130416,D,20090317,000000,78.7000000,80.0000000,77.0100000,79.9900000,5.773
522_090101_130416,D,20090318,000000,79.9900000,81.5000000,77.0100000,81.4900000,2.243
522_090101_130416,D,20090319,000000,81.0000000,88.9900000,80.2200000,85.0000000,2.910
522_090101_130416,D,20090320,000000,82.9800000,84.3900000,80.0000000,81.9900000,3.078
522_090101_130416,D,20090323,000000,81.9900000,81.9900000,80.0000000,81.8900000,1.095
522_090101_130416,D,20090324,000000,81.9900000,88.9700000,78.6300000,88.9600000,2.597
522_090101_130416,D,20090325,000000,80.0300000,94.9800000,80.0000000,92.9800000,6.061
522_090101_130416,D,20090326,000000,87.0200000,87.0200000,87.0200000,87.0200000,84
522_090101_130416,D,20090327,000000,89.9900000,105.0000000,84.3400000,100.0000000,3.092
522_090101_130416,D,20090330,000000,93.0300000,95.5300000,89.9900000,95.5300000,437
522_090101_130416,D,20090331,000000,83.1500000,94.9900000,83.1500000,94.9900000,25
522_090101_130416,D,20090401,000000,90.0200000,99.6000000,88.0000000,89.0000000,578
522_090101_130416,D,20090402,000000,86.0200000,98.7000000,80.0000000,85.9900000,2.253
522_090101_130416,D,20090403,000000,86.0000000,86.9700000,82.1200000,86.9700000,318
522_090101_130416,D,20090406,000000,87.0000000,94.8000000,87.0000000,93.4800000,4.270
522_090101_130416,D,20090407,000000,92.9900000,96.0000000,89.0100000,94.9700000,685
522_090101_130416,D,20090408,000000,90.0000000,97.1900000,90.0000000,96.9900000,2.477
522_090101_130416,D,20090409,000000,99.0000000,100.0000000,92.9900000,94.9900000,4.383
522_090101_130416,D,20090410,000000,90.0800000,95.0000000,90.0800000,94.3000000,6.149
522_090101_130416,D,20090413,000000,94.9000000,97.9900000,90.0100000,94.0000000,15.257
522_090101_130416,D,20090414,000000,95.2200000,131.6300000,95.2000000,131.6300000,416.314
522_090101_130416,D,20090415,000000,140.0000000,174.9900000,131.6000000,157.0000000,62.961
522_090101_130416,D,20090416,000000,157.0000000,157.0000000,130.2500000,137.9900000,8.308
522_090101_130416,D,20090417,000000,140.0000000,140.9000000,132.0000000,139.9300000,10.168
522_090101_130416,D,20090420,000000,139.0000000,139.8700000,127.3400000,135.2800000,1.888
522_090101_130416,D,20090421,000000,135.0100000,139.0000000,127.0400000,138.5100000,2.028
522_090101_130416,D,20090422,000000,137.0000000,138.6900000,131.1100000,137.0000000,480
522_090101_130416,D,20090423,000000,138.0000000,138.9900000,125.6100000,134.8200000,1.188
522_090101_130416,D,20090424,000000,137.7700000,137.7700000,125.0200000,130.2400000,2.794
522_090101_130416,D,20090427,000000,130.2200000,134.0000000,121.5400000,130.0000000,2.146
522_090101_130416,D,20090428,000000,125.0000000,129.7800000,120.0100000,125.0500000,17.868
522_090101_130416,D,20090429,000000,123.7000000,143.0000000,123.7000000,141.8600000,5.395
522_090101_130416,D,20090430,000000,140.0000000,143.0000000,130.4500000,140.7500000,1.267
522_090101_130416,D,20090504,000000,140.0000000,146.9900000,140.0000000,143.9900000,3.590
522_090101_130416,D,20090505,000000,146.9900000,147.0000000,129.9000000,140.9900000,3.050
522_090101_130416,D,20090506,000000,140.9600000,159.9900000,139.0000000,155.9600000,17.094
522_090101_130416,D,20090507,000000,157.9900000,158.0000000,131.6700000,149.0000000,11.002
522_090101_130416,D,20090508,000000,153.9900000,153.9900000,141.0800000,151.9900000,641
522_090101_130416,D,20090512,000000,149.5300000,161.1000000,142.0000000,159.9400000,3.403
522_090101_130416,D,20090513,000000,154.9800000,179.9900000,147.0000000,156.0100000,4.222
522_090101_130416,D,20090514,000000,154.0000000,161.0000000,132.0000000,158.0000000,3.003
522_090101_130416,D,20090515,000000,156.0000000,160.0000000,147.1100000,157.5000000,2.454
522_090101_130416,D,20090518,000000,169.8900000,169.8900000,150.1900000,159.9500000,418
522_090101_130416,D,20090519,000000,169.6900000,169.6900000,153.0000000,159.9800000,2.589
522_090101_130416,D,20090520,000000,163.9900000,163.9900000,148.0500000,161.3700000,1.221
522_090101_130416,D,20090521,000000,161.3600000,161.3600000,148.1400000,153.1000000,1.315
522_090101_130416,D,20090522,000000,153.1000000,158.9900000,150.0100000,151.8000000,3.088
522_090101_130416,D,20090525,000000,159.9900000,168.0000000,150.0000000,159.3500000,9.038
522_090101_130416,D,20090526,000000,160.0000000,163.9900000,152.0600000,154.5000000,3.172
522_090101_130416,D,20090527,000000,160.0000000,163.0000000,150.0500000,150.0500000,4.784
522_090101_130416,D,20090528,000000,158.8600000,159.9900000,150.0000000,154.0000000,3.756
522_090101_130416,D,20090529,000000,155.5400000,159.9800000,154.0000000,155.0000000,3.968
522_090101_130416,D,20090601,000000,163.7500000,164.9300000,156.0100000,158.9900000,19.610
522_090101_130416,D,20090602,000000,155.0100000,165.0000000,155.0000000,162.4900000,9.605
522_090101_130416,D,20090603,000000,163.9300000,163.9300000,155.0000000,156.9700000,2.109
522_090101_130416,D,20090604,000000,156.9700000,163.7600000,148.0000000,153.4400000,4.549
522_090101_130416,D,20090605,000000,153.4400000,162.8800000,148.0200000,159.9900000,12.277
522_090101_130416,D,20090608,000000,154.0000000,163.9900000,150.0100000,153.8000000,28.976
522_090101_130416,D,20090609,000000,154.7800000,158.5800000,147.2000000,148.4900000,22.413
522_090101_130416,D,20090610,000000,148.6000000,155.9800000,147.3500000,151.0000000,26.949
522_090101_130416,D,20090611,000000,149.0000000,149.0000000,140.0000000,143.7100000,6.944
522_090101_130416,D,20090615,000000,145.0800000,145.0800000,130.0000000,131.3000000,15.623
522_090101_130416,D,20090616,000000,129.7500000,135.9600000,125.0100000,135.9600000,1.308
522_090101_130416,D,20090617,000000,133.0000000,134.2900000,128.8800000,131.7600000,1.446
522_090101_130416,D,20090618,000000,129.0300000,131.0000000,116.0000000,122.9500000,8.877
522_090101_130416,D,20090619,000000,129.4700000,129.9300000,120.2100000,126.9800000,862
522_090101_130416,D,20090622,000000,121.0700000,124.8800000,117.0000000,117.0000000,4.571
522_090101_130416,D,20090623,000000,117.0000000,117.9800000,105.0000000,112.0600000,4.380
522_090101_130416,D,20090624,000000,122.9900000,122.9900000,108.2700000,120.7500000,2.722
522_090101_130416,D,20090625,000000,120.0000000,121.9100000,116.2900000,121.6000000,326
522_090101_130416,D,20090626,000000,122.0000000,124.4300000,117.7700000,118.9900000,3.519
522_090101_130416,D,20090629,000000,118.4900000,121.9400000,116.1600000,120.0000000,1.806
522_090101_130416,D,20090630,000000,121.9700000,121.9800000,118.0000000,118.0000000,754
522_090101_130416,D,20090701,000000,119.9400000,120.0000000,118.0300000,119.0000000,1.925
522_090101_130416,D,20090702,000000,121.9900000,122.8900000,112.0100000,114.4500000,7.491
522_090101_130416,D,20090703,000000,116.0000000,118.2000000,112.0400000,117.8000000,4.605
522_090101_130416,D,20090706,000000,113.0200000,114.8000000,112.2000000,114.8000000,502
522_090101_130416,D,20090707,000000,112.0500000,116.0000000,111.0000000,114.2300000,1.317
522_090101_130416,D,20090708,000000,112.0600000,113.9900000,110.0000000,111.5000000,3.511
522_090101_130416,D,20090709,000000,111.0000000,113.1000000,111.0000000,111.9000000,475
522_090101_130416,D,20090710,000000,112.5900000,113.0000000,101.6000000,103.0000000,3.573
522_090101_130416,D,20090713,000000,109.9600000,109.9900000,101.0000000,106.0000000,392
522_090101_130416,D,20090714,000000,106.8800000,113.9900000,106.5000000,107.4400000,604
522_090101_130416,D,20090715,000000,113.9200000,113.9200000,109.0000000,110.0000000,1.550
522_090101_130416,D,20090716,000000,111.9700000,113.9900000,104.5000000,108.0000000,3.549
522_090101_130416,D,20090717,000000,105.0300000,111.0000000,105.0300000,108.9900000,8.635
522_090101_130416,D,20090720,000000,111.9800000,113.9900000,105.0100000,106.9800000,22.227
522_090101_130416,D,20090721,000000,105.4900000,106.9900000,104.3200000,106.7700000,5.695
522_090101_130416,D,20090722,000000,108.0000000,108.0000000,103.5800000,105.9900000,2.182
522_090101_130416,D,20090723,000000,109.9900000,110.0000000,105.5000000,109.0000000,8.043
522_090101_130416,D,20090724,000000,109.8800000,110.9900000,106.0100000,108.5000000,1.425
522_090101_130416,D,20090727,000000,108.0000000,117.0000000,105.0100000,113.5000000,11.627
522_090101_130416,D,20090728,000000,115.0000000,125.0000000,112.0000000,113.9900000,29.845
522_090101_130416,D,20090729,000000,112.0000000,116.9400000,109.5500000,111.5000000,2.334
522_090101_130416,D,20090730,000000,113.9900000,115.9500000,111.0000000,115.9500000,9.678
522_090101_130416,D,20090731,000000,115.0100000,116.9400000,113.1700000,115.0900000,1.617
522_090101_130416,D,20090803,000000,116.0000000,116.3700000,113.7000000,116.3000000,4.156
522_090101_130416,D,20090804,000000,116.9900000,117.5000000,115.0100000,116.0100000,6.019
522_090101_130416,D,20090805,000000,116.0000000,118.0000000,114.5100000,115.0000000,13.466
522_090101_130416,D,20090806,000000,116.9900000,116.9900000,107.0000000,109.9800000,19.568
522_090101_130416,D,20090807,000000,109.0000000,111.5000000,107.0000000,111.5000000,10.937
522_090101_130416,D,20090810,000000,110.9900000,111.0000000,108.1000000,108.6000000,1.227
522_090101_130416,D,20090811,000000,110.8400000,111.9000000,108.0000000,109.9800000,8.124
522_090101_130416,D,20090812,000000,108.0000000,110.9600000,107.0500000,110.9600000,2.605
522_090101_130416,D,20090813,000000,110.9900000,111.0000000,109.0200000,110.6500000,2.602
522_090101_130416,D,20090814,000000,109.0300000,111.0000000,109.0300000,109.7900000,1.835
522_090101_130416,D,20090817,000000,109.9700000,109.9700000,106.0100000,107.9900000,2.818
522_090101_130416,D,20090818,000000,107.9800000,108.9900000,106.0900000,108.0000000,1.148
522_090101_130416,D,20090819,000000,109.9900000,109.9900000,104.0000000,106.9500000,10.083
522_090101_130416,D,20090820,000000,107.0000000,107.5000000,105.0200000,106.0000000,10.944
522_090101_130416,D,20090821,000000,105.9900000,105.9900000,104.5000000,105.0000000,16.118
522_090101_130416,D,20090824,000000,105.5000000,106.7900000,104.2000000,105.4900000,23.761
522_090101_130416,D,20090825,000000,105.0000000,105.5000000,103.5700000,104.2200000,10.160
522_090101_130416,D,20090826,000000,105.3400000,105.3400000,103.0800000,104.2000000,4.812
522_090101_130416,D,20090827,000000,103.1000000,107.8800000,103.0600000,107.4900000,54.669
522_090101_130416,D,20090828,000000,107.4900000,109.9000000,107.2200000,109.0000000,12.753
522_090101_130416,D,20090831,000000,109.1700000,117.7000000,104.6000000,109.3000000,58.968
522_090101_130416,D,20090901,000000,109.9000000,109.9000000,106.5400000,108.3000000,7.797
522_090101_130416,D,20090902,000000,105.0300000,107.4600000,105.0300000,107.0000000,5.550
522_090101_130416,D,20090903,000000,107.9500000,108.8900000,106.0100000,107.3800000,1.429
522_090101_130416,D,20090904,000000,106.5000000,108.7000000,105.1000000,107.0700000,13.704
522_090101_130416,D,20090907,000000,108.8900000,109.4900000,107.0000000,109.0000000,2.016
522_090101_130416,D,20090908,000000,108.6900000,109.3000000,107.6800000,108.5300000,7.781
522_090101_130416,D,20090909,000000,109.5900000,113.4900000,109.0000000,112.0000000,16.987
522_090101_130416,D,20090910,000000,113.5900000,113.5900000,110.0000000,111.6800000,6.924
522_090101_130416,D,20090911,000000,111.9900000,114.0000000,110.0200000,113.5000000,27.177
522_090101_130416,D,20090914,000000,113.0000000,126.0000000,113.0000000,126.0000000,35.585
522_090101_130416,D,20090915,000000,123.0000000,125.0000000,121.2900000,121.8100000,41.177
522_090101_130416,D,20090916,000000,122.0000000,122.5000000,118.2800000,120.4200000,18.439
522_090101_130416,D,20090917,000000,121.9100000,122.0000000,117.0100000,117.0100000,15.947
522_090101_130416,D,20090918,000000,119.4800000,123.0000000,117.9900000,121.5000000,159.454
522_090101_130416,D,20090921,000000,122.9000000,123.5000000,118.0000000,119.9900000,39.100
522_090101_130416,D,20090922,000000,119.0000000,123.3900000,118.0000000,121.0000000,114.347
522_090101_130416,D,20090923,000000,121.0000000,121.5000000,120.0000000,121.0000000,43.465
522_090101_130416,D,20090924,000000,122.0000000,122.0000000,116.0000000,120.4900000,7.455
522_090101_130416,D,20090925,000000,122.0000000,125.9800000,118.0300000,119.9200000,55.768
522_090101_130416,D,20090928,000000,121.0000000,121.0000000,116.0500000,119.0900000,11.458
522_090101_130416,D,20090929,000000,120.9700000,120.9700000,117.5200000,120.0000000,21.666
522_090101_130416,D,20090930,000000,120.3000000,125.0000000,119.0400000,121.8900000,151.382
522_090101_130416,D,20091001,000000,125.0000000,155.0000000,122.0000000,133.9900000,382.036
522_090101_130416,D,20091002,000000,131.1000000,135.0000000,124.7500000,127.3500000,100.156
522_090101_130416,D,20091005,000000,128.0100000,129.0000000,125.1600000,127.6900000,66.564
522_090101_130416,D,20091006,000000,129.8000000,129.8700000,126.1800000,128.9000000,46.614
522_090101_130416,D,20091007,000000,130.4500000,134.8500000,127.1700000,131.9900000,80.775
522_090101_130416,D,20091008,000000,131.9900000,140.9800000,131.9900000,138.8400000,83.810
522_090101_130416,D,20091009,000000,138.8500000,139.4900000,133.0400000,137.9800000,49.952
522_090101_130416,D,20091012,000000,137.0000000,144.0000000,137.0000000,143.6800000,48.956
522_090101_130416,D,20091013,000000,142.1100000,146.5000000,139.0300000,142.0000000,80.598
522_090101_130416,D,20091014,000000,142.5000000,147.8100000,142.0000000,145.0000000,55.710
522_090101_130416,D,20091015,000000,145.9700000,148.7600000,137.7100000,138.9000000,50.152
522_090101_130416,D,20091016,000000,139.9900000,139.9900000,135.5000000,137.6800000,25.770
522_090101_130416,D,20091019,000000,139.4000000,139.4800000,135.6000000,136.9900000,51.534
522_090101_130416,D,20091020,000000,137.5000000,137.5000000,131.0000000,131.9700000,79.264
522_090101_130416,D,20091021,000000,133.9900000,133.9900000,128.0300000,130.7600000,83.148
522_090101_130416,D,20091022,000000,130.8000000,134.9500000,128.6000000,130.9500000,142.009
522_090101_130416,D,20091023,000000,131.9700000,134.3000000,131.0200000,133.7000000,25.822
522_090101_130416,D,20091026,000000,134.6900000,134.9500000,131.0000000,132.9900000,26.044
522_090101_130416,D,20091027,000000,130.0700000,133.9000000,128.1400000,130.5400000,46.857
522_090101_130416,D,20091028,000000,132.8800000,135.0000000,125.2100000,126.4800000,73.245
522_090101_130416,D,20091029,000000,125.0000000,128.6600000,121.5000000,128.5000000,31.771
522_090101_130416,D,20091030,000000,130.9900000,130.9900000,123.5000000,125.9000000,20.496
522_090101_130416,D,20091102,000000,126.9900000,126.9900000,124.0800000,126.9800000,11.576
522_090101_130416,D,20091103,000000,126.8000000,126.8000000,123.0000000,124.7900000,8.494
522_090101_130416,D,20091105,000000,126.5000000,129.8700000,124.0100000,126.9000000,8.561
522_090101_130416,D,20091106,000000,127.1200000,127.1200000,124.3800000,125.9600000,16.611
522_090101_130416,D,20091109,000000,126.9700000,131.0000000,126.9700000,128.9900000,47.111
522_090101_130416,D,20091110,000000,130.0100000,132.0000000,128.3300000,131.9400000,32.977
522_090101_130416,D,20091111,000000,131.9400000,136.9800000,131.0600000,133.7400000,29.235
522_090101_130416,D,20091112,000000,134.0000000,135.7400000,130.0300000,130.9700000,24.041
522_090101_130416,D,20091113,000000,130.0000000,130.9500000,128.1100000,130.9500000,15.467
522_090101_130416,D,20091116,000000,131.9700000,134.9900000,130.0300000,133.9400000,41.240
522_090101_130416,D,20091117,000000,133.8900000,135.0000000,131.1400000,133.9200000,45.984
522_090101_130416,D,20091118,000000,134.3800000,134.9800000,131.8500000,132.9500000,44.882
522_090101_130416,D,20091119,000000,133.4800000,133.8000000,130.0500000,130.9900000,3.070
522_090101_130416,D,20091120,000000,130.0000000,130.8900000,128.0000000,130.0000000,21.241
522_090101_130416,D,20091123,000000,130.0000000,132.0000000,128.0500000,130.0000000,78.243
522_090101_130416,D,20091124,000000,130.0000000,130.0000000,126.9900000,127.9000000,23.591
522_090101_130416,D,20091125,000000,128.9900000,129.8900000,126.2000000,126.2200000,19.283
522_090101_130416,D,20091126,000000,127.1400000,127.1400000,121.8000000,122.8000000,13.359
522_090101_130416,D,20091127,000000,120.3900000,122.4300000,115.0000000,120.9700000,30.054
522_090101_130416,D,20091130,000000,122.9700000,124.4700000,119.9900000,122.9700000,14.889
522_090101_130416,D,20091201,000000,122.0900000,124.7200000,120.8400000,121.9900000,58.075
522_090101_130416,D,20091202,000000,122.3500000,124.0000000,120.2000000,122.5200000,12.872
522_090101_130416,D,20091203,000000,122.0900000,128.4900000,122.0000000,124.5000000,48.541
522_090101_130416,D,20091204,000000,123.9800000,124.9900000,122.0000000,124.8900000,14.571
522_090101_130416,D,20091207,000000,124.8800000,126.8800000,123.2000000,125.4900000,19.145
522_090101_130416,D,20091208,000000,125.7700000,129.4900000,124.0000000,124.6300000,34.878
522_090101_130416,D,20091209,000000,126.0000000,126.0000000,122.5100000,124.4600000,6.932
522_090101_130416,D,20091210,000000,123.2600000,124.6900000,122.1100000,122.9700000,10.083
522_090101_130416,D,20091211,000000,125.8800000,127.5000000,122.5600000,122.7100000,10.501
522_090101_130416,D,20091214,000000,124.9800000,124.9800000,122.1000000,123.8800000,23.680
522_090101_130416,D,20091215,000000,124.4000000,129.0000000,122.5000000,124.0000000,8.840
522_090101_130416,D,20091216,000000,125.0000000,127.5500000,122.1100000,126.4900000,58.431
522_090101_130416,D,20091217,000000,125.9900000,129.0000000,125.0000000,125.9000000,16.823
522_090101_130416,D,20091218,000000,125.1000000,131.9900000,125.1000000,129.0000000,41.615
522_090101_130416,D,20091221,000000,131.2800000,131.2800000,127.2000000,128.9900000,11.408
522_090101_130416,D,20091222,000000,129.7000000,129.7000000,126.1500000,127.9000000,35.801
522_090101_130416,D,20091223,000000,127.9000000,129.0000000,126.8900000,128.4500000,21.043
522_090101_130416,D,20091224,000000,128.9000000,128.9900000,125.5000000,127.9900000,11.721
522_090101_130416,D,20091225,000000,128.0000000,128.9900000,126.1500000,127.9900000,4.849
522_090101_130416,D,20091228,000000,128.0000000,130.0000000,127.0000000,127.9900000,19.080
522_090101_130416,D,20091229,000000,128.7700000,131.7000000,127.5800000,129.0000000,34.070
522_090101_130416,D,20091230,000000,130.9600000,131.6000000,128.3500000,130.9900000,25.125
522_090101_130416,D,20091231,000000,131.8900000,133.6000000,130.0000000,131.0000000,3.418
522_090101_130416,D,20100111,000000,132.9000000,134.0000000,131.7000000,133.5200000,24.511
522_090101_130416,D,20100112,000000,133.0000000,133.8900000,130.1500000,131.0000000,23.297
522_090101_130416,D,20100113,000000,130.3100000,130.3100000,126.0000000,128.6000000,80.888
522_090101_130416,D,20100114,000000,128.6300000,130.0000000,128.0000000,129.8800000,44.394
522_090101_130416,D,20100115,000000,130.0300000,152.0000000,130.0300000,138.5000000,172.068
522_090101_130416,D,20100118,000000,139.0000000,156.5400000,137.5900000,154.9600000,146.991
522_090101_130416,D,20100119,000000,155.5000000,164.9600000,150.2200000,158.9900000,150.499
522_090101_130416,D,20100120,000000,159.4600000,163.3200000,147.1300000,150.0500000,85.081
522_090101_130416,D,20100121,000000,150.7000000,158.0000000,147.0000000,152.3500000,64.182
522_090101_130416,D,20100122,000000,151.2700000,152.0000000,141.0000000,143.7200000,67.807
522_090101_130416,D,20100125,000000,144.0300000,144.1400000,137.0000000,142.9400000,63.311
522_090101_130416,D,20100126,000000,142.9400000,143.0300000,137.0000000,139.7000000,14.618
522_090101_130416,D,20100127,000000,139.0000000,145.1900000,138.1200000,144.0000000,34.449
522_090101_130416,D,20100128,000000,145.0100000,155.0000000,145.0100000,149.8400000,50.033
522_090101_130416,D,20100129,000000,149.0000000,151.9600000,139.9800000,146.9600000,41.377
522_090101_130416,D,20100201,000000,144.4200000,149.0000000,143.0000000,147.6500000,12.271
522_090101_130416,D,20100202,000000,147.8000000,152.0000000,147.0000000,149.9900000,29.964
522_090101_130416,D,20100203,000000,150.4800000,152.5000000,149.1000000,150.2000000,37.397
522_090101_130416,D,20100204,000000,150.0900000,150.0900000,143.2600000,144.9700000,58.044
522_090101_130416,D,20100205,000000,141.0000000,142.9500000,137.7500000,140.4500000,19.858
522_090101_130416,D,20100208,000000,141.9600000,142.4800000,136.6100000,138.9800000,39.670
522_090101_130416,D,20100209,000000,140.7900000,140.7900000,137.6100000,139.4800000,8.835
522_090101_130416,D,20100210,000000,139.7600000,140.9900000,136.6200000,137.9000000,20.327
522_090101_130416,D,20100211,000000,139.2000000,140.0000000,138.0000000,139.0000000,24.997
522_090101_130416,D,20100212,000000,139.2000000,140.8200000,136.7200000,137.8900000,26.244
522_090101_130416,D,20100215,000000,138.6400000,139.8900000,137.4300000,139.8800000,12.017
522_090101_130416,D,20100216,000000,139.9800000,143.1500000,139.5200000,142.9800000,47.500
522_090101_130416,D,20100217,000000,143.4600000,143.9900000,142.1200000,142.9800000,15.015
522_090101_130416,D,20100218,000000,142.4200000,142.4200000,138.5000000,139.9800000,14.122
522_090101_130416,D,20100219,000000,139.0900000,139.9100000,137.0500000,139.4900000,42.511
522_090101_130416,D,20100224,000000,139.6300000,141.9900000,138.0000000,138.4900000,11.789
522_090101_130416,D,20100225,000000,138.3300000,138.9900000,135.1200000,136.4700000,22.714
522_090101_130416,D,20100226,000000,137.1000000,137.9700000,134.9100000,136.8000000,11.239
522_090101_130416,D,20100227,000000,136.9900000,138.9200000,136.9900000,138.0000000,15.192
522_090101_130416,D,20100301,000000,138.5200000,141.3000000,137.3000000,139.4600000,17.831
522_090101_130416,D,20100302,000000,139.6000000,140.8800000,137.0000000,138.9000000,28.555
522_090101_130416,D,20100303,000000,139.5800000,149.2200000,139.5800000,147.4000000,115.384
522_090101_130416,D,20100304,000000,147.9900000,149.9700000,143.2300000,147.5000000,29.905
522_090101_130416,D,20100305,000000,147.7300000,149.9800000,147.2000000,148.1800000,13.713
522_090101_130416,D,20100309,000000,150.0100000,150.0100000,145.0000000,148.5000000,16.062
522_090101_130416,D,20100310,000000,148.8400000,157.0000000,147.0200000,154.0000000,69.507
522_090101_130416,D,20100311,000000,152.9800000,156.8900000,152.9800000,154.6800000,37.474
522_090101_130416,D,20100312,000000,155.2800000,162.5000000,154.1100000,158.9700000,103.274
522_090101_130416,D,20100315,000000,158.5000000,175.0000000,158.5000000,164.0000000,193.930
522_090101_130416,D,20100316,000000,164.1000000,174.3500000,163.8400000,169.0000000,139.902
522_090101_130416,D,20100317,000000,169.1100000,172.6100000,162.0700000,165.9800000,90.327
522_090101_130416,D,20100318,000000,165.2400000,169.0000000,163.0000000,168.3900000,96.093
522_090101_130416,D,20100319,000000,167.2800000,168.3900000,164.6100000,165.9800000,58.447
522_090101_130416,D,20100322,000000,165.2300000,165.2300000,159.8000000,163.3700000,81.186
522_090101_130416,D,20100323,000000,163.6600000,163.6600000,160.1400000,162.9700000,19.062
522_090101_130416,D,20100324,000000,162.0100000,165.0000000,161.0100000,163.4000000,38.512
522_090101_130416,D,20100325,000000,163.2600000,169.5000000,161.8000000,164.8400000,58.130
522_090101_130416,D,20100326,000000,164.8000000,168.6300000,163.5000000,168.2800000,24.799
522_090101_130416,D,20100329,000000,170.3400000,177.0000000,166.0700000,174.9800000,89.199
522_090101_130416,D,20100330,000000,175.0000000,178.9300000,169.5100000,177.4900000,138.096
522_090101_130416,D,20100331,000000,177.0500000,199.5500000,176.7300000,198.8000000,282.414
522_090101_130416,D,20100401,000000,201.3000000,265.9000000,198.0000000,263.0000000,614.527
522_090101_130416,D,20100402,000000,271.0900000,320.0000000,253.0000000,277.0000000,907.908
522_090101_130416,D,20100405,000000,278.8900000,279.0000000,246.0000000,261.3200000,368.125
522_090101_130416,D,20100406,000000,261.3400000,264.6800000,250.0100000,264.6800000,121.507
522_090101_130416,D,20100407,000000,265.0100000,279.0000000,250.0500000,251.5200000,149.246
522_090101_130416,D,20100408,000000,251.0600000,257.0000000,244.5000000,254.5100000,53.962
522_090101_130416,D,20100409,000000,254.9900000,264.9800000,252.1000000,259.9400000,87.200
522_090101_130416,D,20100412,000000,260.0000000,260.0000000,246.4400000,248.6000000,85.115
522_090101_130416,D,20100413,000000,248.0000000,248.0000000,235.5000000,236.1900000,80.537
522_090101_130416,D,20100414,000000,237.0100000,248.8000000,231.0000000,238.0000000,148.588
522_090101_130416,D,20100415,000000,239.9300000,246.8900000,230.0000000,240.0000000,242.904
522_090101_130416,D,20100416,000000,238.9900000,244.7000000,230.1300000,236.9900000,64.269
522_090101_130416,D,20100419,000000,234.4900000,234.4900000,220.0000000,224.8900000,74.391
522_090101_130416,D,20100420,000000,225.1500000,228.9300000,223.0200000,223.5000000,72.479
522_090101_130416,D,20100421,000000,225.9700000,251.8800000,224.1800000,251.8700000,376.617
522_090101_130416,D,20100422,000000,252.9800000,262.0000000,235.5000000,238.0000000,245.785
522_090101_130416,D,20100423,000000,236.7200000,241.3700000,236.0200000,239.0000000,30.350
522_090101_130416,D,20100426,000000,240.9900000,246.0000000,238.2600000,239.9900000,42.019
522_090101_130416,D,20100427,000000,237.9900000,239.9800000,226.5000000,231.6600000,33.244
522_090101_130416,D,20100428,000000,229.1100000,229.1100000,216.0000000,224.5000000,47.964
522_090101_130416,D,20100429,000000,224.8000000,249.5000000,223.0000000,239.7800000,154.782
522_090101_130416,D,20100430,000000,239.9200000,247.8300000,233.0200000,239.9000000,121.073
522_090101_130416,D,20100504,000000,239.9900000,243.9900000,225.1200000,225.1700000,44.988
522_090101_130416,D,20100505,000000,225.0000000,228.4800000,217.0000000,222.9900000,52.205
522_090101_130416,D,20100506,000000,222.4900000,225.4600000,215.0000000,219.9500000,25.593
522_090101_130416,D,20100507,000000,211.0000000,214.5000000,197.0000000,207.1700000,75.990
522_090101_130416,D,20100511,000000,217.7000000,218.8500000,205.5500000,209.8700000,49.743
522_090101_130416,D,20100512,000000,209.2600000,218.3100000,205.2100000,216.9600000,33.703
522_090101_130416,D,20100513,000000,217.0100000,219.9400000,207.1900000,211.6000000,49.853
522_090101_130416,D,20100514,000000,210.5400000,214.8700000,200.6800000,202.0000000,28.897
522_090101_130416,D,20100517,000000,197.0000000,208.4600000,193.1200000,203.4900000,21.625
522_090101_130416,D,20100518,000000,203.7100000,206.1000000,201.8100000,203.2100000,34.736
522_090101_130416,D,20100519,000000,199.0000000,202.9900000,186.0000000,189.9800000,41.740
522_090101_130416,D,20100520,000000,188.0000000,204.0000000,180.0100000,183.3600000,139.618
522_090101_130416,D,20100521,000000,186.0000000,193.9900000,180.0000000,193.9900000,79.115
522_090101_130416,D,20100524,000000,197.0000000,197.0000000,187.5000000,193.9000000,53.324
522_090101_130416,D,20100525,000000,186.8000000,187.5500000,180.0000000,182.0500000,53.814
522_090101_130416,D,20100526,000000,185.0000000,194.1700000,182.1600000,193.9900000,42.457
522_090101_130416,D,20100527,000000,193.8000000,198.9900000,188.0100000,196.0300000,45.066
522_090101_130416,D,20100528,000000,196.7900000,202.0000000,195.0000000,199.4000000,60.951
522_090101_130416,D,20100531,000000,198.2900000,205.0000000,197.9300000,200.5000000,72.468
522_090101_130416,D,20100601,000000,199.8500000,200.0500000,190.1400000,196.7300000,28.139
522_090101_130416,D,20100602,000000,195.0000000,203.9400000,193.0000000,199.8500000,27.512
522_090101_130416,D,20100603,000000,203.7000000,205.8000000,198.7000000,200.4800000,52.863
522_090101_130416,D,20100604,000000,201.2600000,202.0400000,190.0000000,194.5100000,26.645
522_090101_130416,D,20100607,000000,193.0000000,196.5000000,186.0000000,193.5000000,38.794
522_090101_130416,D,20100608,000000,195.0000000,196.9900000,191.9500000,194.0200000,18.634
522_090101_130416,D,20100609,000000,194.2500000,203.2500000,193.5000000,197.9500000,10.867
522_090101_130416,D,20100610,000000,198.0200000,201.0900000,192.2000000,197.7000000,12.777
522_090101_130416,D,20100611,000000,198.0200000,198.2000000,191.0200000,194.9400000,12.250
522_090101_130416,D,20100615,000000,194.9800000,197.9000000,192.2200000,197.8500000,6.510
522_090101_130416,D,20100616,000000,197.9900000,200.5000000,195.5000000,199.0300000,21.612
522_090101_130416,D,20100617,000000,199.4500000,199.4500000,194.8600000,196.4000000,7.783
522_090101_130416,D,20100618,000000,196.4000000,197.9800000,194.8800000,196.2300000,72.602
522_090101_130416,D,20100621,000000,197.0300000,204.7600000,196.9700000,204.5000000,51.810
522_090101_130416,D,20100622,000000,201.9700000,203.9500000,199.3200000,203.7900000,6.645
522_090101_130416,D,20100623,000000,202.4100000,203.9800000,198.0100000,199.0300000,15.881
522_090101_130416,D,20100624,000000,200.0300000,203.0000000,199.0000000,201.4800000,23.972
522_090101_130416,D,20100625,000000,201.5900000,202.9900000,195.0000000,196.9100000,19.504
522_090101_130416,D,20100628,000000,197.6800000,199.2100000,193.5400000,194.9900000,7.304
522_090101_130416,D,20100629,000000,193.9800000,193.9800000,183.0000000,183.3100000,29.980
522_090101_130416,D,20100630,000000,183.9300000,189.9900000,183.4400000,186.0000000,37.422
522_090101_130416,D,20100701,000000,183.0000000,183.0000000,176.2000000,176.3100000,21.011
522_090101_130416,D,20100702,000000,176.3300000,184.7800000,175.6300000,178.0000000,5.903
522_090101_130416,D,20100705,000000,179.1800000,181.2800000,175.3400000,176.9300000,3.305
522_090101_130416,D,20100706,000000,175.7000000,180.7400000,175.7000000,178.1700000,74.877
522_090101_130416,D,20100707,000000,177.0000000,178.3100000,170.5700000,176.0300000,24.319
522_090101_130416,D,20100708,000000,178.3000000,182.2600000,175.8500000,178.4200000,18.974
522_090101_130416,D,20100709,000000,179.0000000,182.3700000,174.9200000,177.0200000,39.478
522_090101_130416,D,20100712,000000,177.0100000,178.8800000,175.8600000,177.0000000,39.792
522_090101_130416,D,20100713,000000,176.8900000,182.0000000,175.0200000,180.8300000,111.640
522_090101_130416,D,20100714,000000,181.1500000,181.2100000,176.0000000,177.0000000,63.609
522_090101_130416,D,20100715,000000,176.9900000,183.8600000,175.7100000,177.5000000,43.691
522_090101_130416,D,20100716,000000,178.0000000,179.0400000,175.6000000,177.8200000,17.339
522_090101_130416,D,20100719,000000,176.9700000,179.0000000,175.5500000,177.2500000,13.303
522_090101_130416,D,20100720,000000,178.3500000,180.8000000,171.1800000,175.6900000,75.869
522_090101_130416,D,20100721,000000,176.0000000,179.0000000,173.0000000,179.0000000,20.130
522_090101_130416,D,20100722,000000,178.2900000,178.2900000,172.0100000,174.1100000,41.638
522_090101_130416,D,20100723,000000,177.0800000,177.5500000,173.7500000,174.0000000,16.615
522_090101_130416,D,20100726,000000,176.7100000,176.7100000,173.1200000,174.4100000,12.075
522_090101_130416,D,20100727,000000,174.4400000,174.4500000,172.0000000,172.0100000,33.277
522_090101_130416,D,20100728,000000,172.9700000,174.7800000,169.0200000,174.1100000,70.928
522_090101_130416,D,20100729,000000,173.6300000,175.0000000,169.5000000,170.9100000,78.485
522_090101_130416,D,20100730,000000,171.5700000,171.9500000,168.0000000,170.0000000,38.314
522_090101_130416,D,20100802,000000,170.0600000,175.9700000,169.9200000,175.0000000,40.676
522_090101_130416,D,20100803,000000,175.5100000,177.5000000,174.1500000,177.5000000,29.048
522_090101_130416,D,20100804,000000,177.0000000,179.0000000,174.1100000,176.8800000,13.875
522_090101_130416,D,20100805,000000,177.5600000,180.9100000,176.7700000,177.4800000,12.942
522_090101_130416,D,20100806,000000,177.5600000,182.8000000,177.1200000,182.8000000,17.071
522_090101_130416,D,20100809,000000,181.9100000,196.6900000,181.9100000,195.9900000,91.579
522_090101_130416,D,20100810,000000,195.0000000,199.7500000,186.9600000,187.7500000,140.851
522_090101_130416,D,20100811,000000,187.5500000,188.9700000,183.3400000,185.3400000,28.916
522_090101_130416,D,20100812,000000,183.9700000,184.8800000,177.0700000,180.1200000,66.566
522_090101_130416,D,20100813,000000,181.6900000,183.5700000,179.0300000,180.9900000,16.354
522_090101_130416,D,20100816,000000,181.7000000,182.9700000,178.0000000,179.5000000,36.058
522_090101_130416,D,20100817,000000,179.4800000,182.3200000,178.5000000,182.0700000,25.372
522_090101_130416,D,20100818,000000,182.0500000,182.9800000,180.0100000,181.6700000,20.800
522_090101_130416,D,20100819,000000,180.9600000,189.3500000,179.0100000,183.0000000,42.303
522_090101_130416,D,20100820,000000,183.0600000,184.4900000,179.8000000,179.9500000,19.619
522_090101_130416,D,20100823,000000,179.6500000,183.0500000,177.0700000,180.2500000,8.635
522_090101_130416,D,20100824,000000,178.8500000,179.8900000,176.0900000,177.9000000,6.022
522_090101_130416,D,20100825,000000,177.9800000,179.5200000,174.5400000,176.1000000,11.810
522_090101_130416,D,20100826,000000,176.7800000,179.9500000,175.0400000,179.9500000,11.376
522_090101_130416,D,20100827,000000,178.8500000,180.4400000,177.6300000,180.2600000,7.621
522_090101_130416,D,20100830,000000,180.5400000,181.1600000,169.9900000,174.0000000,124.571
522_090101_130416,D,20100831,000000,173.1400000,180.0000000,172.0000000,178.1600000,51.888
522_090101_130416,D,20100901,000000,182.0000000,185.0000000,177.4700000,181.9900000,67.513
522_090101_130416,D,20100902,000000,182.3700000,183.7000000,180.0000000,180.9300000,42.080
522_090101_130416,D,20100903,000000,180.0200000,184.0000000,177.5700000,184.0000000,59.035
522_090101_130416,D,20100906,000000,185.0100000,188.8700000,183.0000000,183.3300000,57.985
522_090101_130416,D,20100907,000000,183.9900000,184.3300000,181.0000000,182.2900000,17.020
522_090101_130416,D,20100908,000000,181.0000000,182.8500000,180.9500000,182.5000000,18.739
522_090101_130416,D,20100909,000000,183.0700000,184.0700000,181.5000000,182.3900000,24.842
522_090101_130416,D,20100910,000000,182.3100000,187.0000000,180.1100000,187.0000000,103.697
522_090101_130416,D,20100913,000000,187.7800000,191.0100000,185.2600000,186.0000000,110.281
522_090101_130416,D,20100914,000000,185.0400000,185.5700000,181.5000000,182.8000000,38.918
522_090101_130416,D,20100915,000000,184.8900000,184.8900000,181.2100000,182.8000000,7.433
522_090101_130416,D,20100916,000000,183.3500000,183.3500000,180.3500000,181.4800000,8.860
522_090101_130416,D,20100917,000000,181.9800000,182.9500000,180.4800000,180.6100000,35.255
522_090101_130416,D,20100920,000000,181.7600000,181.7600000,179.7200000,180.1000000,15.223
522_090101_130416,D,20100921,000000,180.8900000,181.0000000,179.0100000,180.3900000,16.601
522_090101_130416,D,20100922,000000,179.5500000,180.2500000,179.0100000,180.0000000,13.210
522_090101_130416,D,20100923,000000,180.0000000,180.0000000,177.7700000,178.2000000,18.556
522_090101_130416,D,20100924,000000,179.4700000,179.4900000,177.8000000,179.0000000,12.084
522_090101_130416,D,20100927,000000,180.2500000,181.9000000,178.0200000,179.0000000,29.806
522_090101_130416,D,20100928,000000,178.9100000,178.9100000,176.0000000,176.8800000,14.707
522_090101_130416,D,20100929,000000,177.4700000,178.9100000,175.8300000,176.7600000,22.550
522_090101_130416,D,20100930,000000,176.7100000,176.7700000,173.6700000,175.4100000,69.706
522_090101_130416,D,20101001,000000,175.4000000,176.0000000,173.5000000,173.9000000,58.427
522_090101_130416,D,20101004,000000,173.9500000,176.8000000,173.0300000,175.6600000,35.540
522_090101_130416,D,20101005,000000,176.7800000,176.7800000,173.6000000,174.8900000,20.498
522_090101_130416,D,20101006,000000,174.8900000,175.7700000,172.7100000,173.7700000,22.489
522_090101_130416,D,20101007,000000,174.0400000,174.8900000,171.7800000,172.0000000,43.321
522_090101_130416,D,20101008,000000,172.4000000,172.4400000,170.0000000,171.7000000,38.857
522_090101_130416,D,20101011,000000,171.9800000,173.3200000,170.5500000,171.5000000,14.213
522_090101_130416,D,20101012,000000,171.0000000,171.9800000,170.0000000,171.0000000,20.978
522_090101_130416,D,20101013,000000,171.0300000,172.7900000,170.5100000,171.3500000,31.830
522_090101_130416,D,20101014,000000,171.3600000,172.6900000,170.0100000,170.8300000,15.547
522_090101_130416,D,20101015,000000,170.0900000,170.5000000,165.1100000,167.9700000,53.697
522_090101_130416,D,20101018,000000,168.7400000,168.9000000,166.2000000,167.9700000,11.334
522_090101_130416,D,20101019,000000,167.2300000,169.6500000,165.1800000,166.5900000,22.616
522_090101_130416,D,20101020,000000,165.1800000,167.7500000,164.0600000,166.9700000,45.810
522_090101_130416,D,20101021,000000,166.9800000,167.3700000,165.3200000,166.6500000,36.250
522_090101_130416,D,20101022,000000,166.0000000,166.0000000,163.0000000,164.0000000,51.946
522_090101_130416,D,20101025,000000,164.1300000,165.0100000,160.7500000,162.6000000,22.951
522_090101_130416,D,20101026,000000,162.6000000,163.0000000,160.2100000,161.0000000,40.063
522_090101_130416,D,20101027,000000,161.0000000,163.0000000,160.1200000,160.5100000,12.416
522_090101_130416,D,20101028,000000,161.8700000,164.9700000,159.5700000,160.9900000,101.483
522_090101_130416,D,20101029,000000,161.0100000,181.7000000,161.0100000,179.9800000,474.489
522_090101_130416,D,20101101,000000,179.3200000,184.7000000,173.5100000,174.9900000,207.783
522_090101_130416,D,20101102,000000,175.3100000,175.9700000,171.1200000,174.6700000,60.372
522_090101_130416,D,20101103,000000,174.9800000,174.9900000,169.0000000,170.5000000,89.331
522_090101_130416,D,20101108,000000,171.8600000,173.9000000,171.0100000,173.9000000,35.558
522_090101_130416,D,20101109,000000,173.0000000,174.0000000,170.0700000,171.9700000,76.864
522_090101_130416,D,20101110,000000,172.0000000,172.3800000,170.0300000,170.5600000,26.054
522_090101_130416,D,20101111,000000,171.5700000,194.3000000,170.0400000,189.9600000,673.096
522_090101_130416,D,20101112,000000,187.7000000,191.9000000,181.1500000,183.0000000,66.662
522_090101_130416,D,20101113,000000,181.1900000,188.3000000,181.1900000,188.0000000,258.212
522_090101_130416,D,20101115,000000,188.1400000,192.0000000,185.1100000,186.0200000,38.232
522_090101_130416,D,20101116,000000,187.4800000,187.5000000,178.1000000,178.5200000,93.839
522_090101_130416,D,20101117,000000,179.5500000,180.3500000,175.3500000,179.9900000,77.203
522_090101_130416,D,20101118,000000,181.2000000,184.9000000,178.8800000,180.5500000,37.791
522_090101_130416,D,20101119,000000,180.5500000,182.2000000,179.0000000,180.2900000,24.792
522_090101_130416,D,20101122,000000,180.7300000,181.9400000,178.2000000,180.7000000,38.163
522_090101_130416,D,20101123,000000,180.9500000,181.9500000,177.7800000,180.2400000,14.468
522_090101_130416,D,20101124,000000,180.2500000,191.8100000,179.0900000,186.4800000,95.668
522_090101_130416,D,20101125,000000,187.0100000,187.8800000,183.2500000,185.7000000,45.946
522_090101_130416,D,20101126,000000,185.7200000,185.7200000,183.8400000,184.8200000,30.463
522_090101_130416,D,20101129,000000,184.8200000,184.8400000,182.2600000,183.2700000,22.772
522_090101_130416,D,20101130,000000,186.2000000,186.2000000,182.5000000,184.4000000,26.063
522_090101_130416,D,20101201,000000,184.9900000,185.7400000,184.0300000,184.9900000,9.707
522_090101_130416,D,20101202,000000,185.2300000,190.3800000,184.8000000,186.9900000,55.778
522_090101_130416,D,20101203,000000,187.9700000,188.0000000,181.0000000,184.4400000,113.404
522_090101_130416,D,20101206,000000,184.5100000,185.0000000,181.4000000,182.5000000,55.463
522_090101_130416,D,20101207,000000,183.0000000,183.8600000,181.2000000,182.5800000,32.545
522_090101_130416,D,20101208,000000,182.2900000,182.9300000,181.5000000,182.5000000,19.068
522_090101_130416,D,20101209,000000,182.7500000,182.7500000,181.5000000,182.1000000,14.465
522_090101_130416,D,20101210,000000,182.3700000,184.8800000,181.2000000,182.7000000,23.215
522_090101_130416,D,20101213,000000,183.0800000,186.7700000,182.5000000,183.4900000,25.796
522_090101_130416,D,20101214,000000,183.7100000,184.5100000,180.6000000,182.0000000,43.045
522_090101_130416,D,20101215,000000,182.8700000,182.8800000,180.0000000,181.0000000,13.852
522_090101_130416,D,20101216,000000,181.6600000,181.6600000,178.1600000,179.9900000,18.761
522_090101_130416,D,20101217,000000,180.2500000,181.8900000,178.5000000,179.2100000,24.113
522_090101_130416,D,20101220,000000,179.5500000,180.7000000,178.2500000,178.5000000,28.798
522_090101_130416,D,20101221,000000,180.0000000,180.2000000,178.1400000,180.1100000,21.440
522_090101_130416,D,20101222,000000,180.4300000,185.4300000,180.0800000,182.4500000,85.250
522_090101_130416,D,20101223,000000,182.6500000,183.3700000,179.0000000,180.2500000,58.981
522_090101_130416,D,20101224,000000,180.0000000,181.9600000,179.5600000,181.0000000,24.171
522_090101_130416,D,20101227,000000,181.6600000,181.8000000,179.6000000,180.9400000,10.483
522_090101_130416,D,20101228,000000,180.7400000,180.8000000,179.5800000,180.2300000,10.943
522_090101_130416,D,20101229,000000,179.7100000,180.0000000,177.7700000,178.6100000,30.355
522_090101_130416,D,20101230,000000,178.4300000,182.0000000,175.5500000,182.0000000,30.175
522_090101_130416,D,20110111,000000,182.0000000,182.0000000,178.0000000,180.5200000,79.070
522_090101_130416,D,20110112,000000,181.5800000,182.9600000,180.0000000,182.1900000,34.468
522_090101_130416,D,20110113,000000,183.0600000,183.0600000,179.0000000,179.9800000,24.052
522_090101_130416,D,20110114,000000,179.9800000,181.6400000,179.5200000,180.1900000,8.660
522_090101_130416,D,20110117,000000,180.0200000,180.8000000,179.0800000,180.8000000,12.746
522_090101_130416,D,20110118,000000,180.7700000,185.9000000,180.4000000,181.9800000,33.950
522_090101_130416,D,20110119,000000,181.9900000,182.0000000,179.5000000,181.8300000,34.556
522_090101_130416,D,20110120,000000,180.9500000,180.9500000,178.0000000,178.8800000,34.105
522_090101_130416,D,20110121,000000,178.9300000,180.2900000,177.0100000,179.4600000,7.052
522_090101_130416,D,20110124,000000,179.4600000,180.4500000,175.7800000,176.8000000,14.568
522_090101_130416,D,20110125,000000,177.4700000,179.9000000,171.1200000,177.6900000,29.544
522_090101_130416,D,20110126,000000,178.0000000,184.2500000,176.0300000,182.3900000,52.403
522_090101_130416,D,20110127,000000,181.6800000,182.9800000,178.7600000,179.2200000,39.583
522_090101_130416,D,20110128,000000,179.5400000,181.8700000,179.0000000,180.9800000,27.416
522_090101_130416,D,20110131,000000,180.1000000,180.1000000,177.5000000,177.8500000,6.421
522_090101_130416,D,20110201,000000,178.8500000,180.0000000,177.0000000,178.8400000,8.034
522_090101_130416,D,20110202,000000,178.8500000,180.5900000,177.1100000,178.1600000,12.746
522_090101_130416,D,20110203,000000,178.0100000,178.9400000,175.2300000,177.4400000,8.537
522_090101_130416,D,20110204,000000,178.1600000,179.7500000,175.0000000,176.7800000,8.166
522_090101_130416,D,20110207,000000,176.4500000,178.9000000,175.0000000,176.7500000,26.203
522_090101_130416,D,20110208,000000,176.7800000,181.0000000,175.0300000,176.0900000,36.871
522_090101_130416,D,20110209,000000,177.0000000,177.0000000,172.1200000,176.7700000,14.149
522_090101_130416,D,20110210,000000,176.0000000,176.7600000,171.1200000,171.9800000,21.591
522_090101_130416,D,20110211,000000,172.7000000,172.8500000,170.5500000,172.2100000,30.909
522_090101_130416,D,20110214,000000,172.9400000,173.8300000,170.0000000,171.8000000,13.539
522_090101_130416,D,20110215,000000,171.3700000,172.2500000,170.0600000,171.6300000,12.958
522_090101_130416,D,20110216,000000,172.1200000,172.1700000,165.1200000,169.6500000,31.841
522_090101_130416,D,20110217,000000,169.1200000,173.2500000,167.7000000,171.2600000,14.946
522_090101_130416,D,20110218,000000,171.3600000,173.5000000,165.3000000,166.9700000,66.926
522_090101_130416,D,20110221,000000,166.9700000,171.4800000,165.0600000,166.7500000,96.400
522_090101_130416,D,20110222,000000,166.1000000,166.7900000,163.5400000,164.6800000,17.267
522_090101_130416,D,20110224,000000,164.8100000,165.9700000,162.0000000,162.8700000,49.021
522_090101_130416,D,20110225,000000,162.9000000,166.9900000,161.3300000,165.2700000,18.105
522_090101_130416,D,20110228,000000,165.4000000,169.0000000,164.1200000,169.0000000,15.866
522_090101_130416,D,20110301,000000,169.0000000,171.0000000,167.9400000,169.5000000,6.680
522_090101_130416,D,20110302,000000,168.0000000,168.0000000,164.0000000,165.5000000,20.240
522_090101_130416,D,20110303,000000,166.7400000,167.8900000,165.5800000,167.8900000,6.180
522_090101_130416,D,20110304,000000,167.8900000,169.0000000,163.1900000,163.5400000,5.880
522_090101_130416,D,20110305,000000,164.0000000,166.0200000,163.0400000,164.7600000,12.340
522_090101_130416,D,20110309,000000,164.8100000,165.9800000,160.6500000,162.2600000,17.060
522_090101_130416,D,20110310,000000,162.2700000,165.4900000,159.0000000,159.9200000,21.750
522_090101_130416,D,20110311,000000,158.9700000,159.6500000,156.0400000,157.1800000,13.090
522_090101_130416,D,20110314,000000,161.0000000,161.0000000,153.1800000,156.0700000,9.850
522_090101_130416,D,20110315,000000,152.0300000,157.0000000,143.2400000,145.5000000,34.630
522_090101_130416,D,20110316,000000,144.0300000,148.8900000,143.0000000,143.7900000,29.650
522_090101_130416,D,20110317,000000,145.0000000,147.9900000,143.0000000,147.9800000,9.930
522_090101_130416,D,20110318,000000,145.2700000,149.7800000,145.2700000,148.0000000,6.730
522_090101_130416,D,20110321,000000,154.8700000,154.8700000,147.0800000,151.9800000,6.150
522_090101_130416,D,20110322,000000,152.8400000,153.0000000,149.2600000,152.1200000,7.360
522_090101_130416,D,20110323,000000,151.0100000,153.7200000,149.0000000,152.1200000,12.520
522_090101_130416,D,20110324,000000,152.0000000,153.5000000,150.6000000,152.2300000,12.020
522_090101_130416,D,20110325,000000,151.0100000,154.9000000,151.0100000,152.7200000,14.380
522_090101_130416,D,20110328,000000,153.0900000,154.4900000,149.0300000,153.0800000,6.780
522_090101_130416,D,20110329,000000,152.0300000,153.6900000,151.0700000,153.3000000,13.410
522_090101_130416,D,20110330,000000,153.0000000,157.9000000,153.0000000,156.7000000,7.880
522_090101_130416,D,20110331,000000,156.0800000,157.0700000,149.0000000,156.8600000,46.240
522_090101_130416,D,20110401,000000,154.8600000,157.0700000,152.0200000,155.9400000,19.220
522_090101_130416,D,20110404,000000,156.0000000,158.9700000,154.0500000,154.8000000,7.740
522_090101_130416,D,20110405,000000,155.4700000,155.4700000,152.1000000,153.4800000,10.880
522_090101_130416,D,20110406,000000,153.6500000,155.3900000,153.0700000,154.9900000,5.230
522_090101_130416,D,20110407,000000,154.2600000,155.0000000,150.3300000,152.4000000,17.470
522_090101_130416,D,20110408,000000,153.6600000,153.9600000,150.0000000,151.0000000,7.340
522_090101_130416,D,20110411,000000,151.1100000,153.9600000,149.5000000,150.0000000,6.770
522_090101_130416,D,20110412,000000,150.1100000,150.1100000,144.8500000,144.8500000,19.960
522_090101_130416,D,20110413,000000,144.8500000,146.6800000,142.0000000,144.0200000,18.860
522_090101_130416,D,20110414,000000,143.0100000,146.3000000,141.8500000,142.6200000,6.050
522_090101_130416,D,20110415,000000,142.0100000,146.0000000,141.7400000,143.4600000,10.350
522_090101_130416,D,20110418,000000,145.8900000,147.0000000,136.8000000,136.8000000,12.130
522_090101_130416,D,20110419,000000,138.9900000,139.1100000,131.1300000,137.0000000,33.310
522_090101_130416,D,20110420,000000,138.9900000,138.9900000,135.2000000,137.2800000,11.730
522_090101_130416,D,20110421,000000,138.3300000,140.0000000,135.6800000,135.6800000,15.420
522_090101_130416,D,20110422,000000,136.7300000,139.6800000,135.0000000,138.5000000,19.280
522_090101_130416,D,20110425,000000,138.0000000,139.9500000,135.1800000,135.2200000,21.070
522_090101_130416,D,20110426,000000,135.1500000,136.0000000,130.3000000,134.9900000,25.610
522_090101_130416,D,20110427,000000,134.9900000,135.4000000,129.8000000,129.9900000,35.350
522_090101_130416,D,20110428,000000,130.1100000,131.3000000,127.0000000,128.9900000,60.340
522_090101_130416,D,20110429,000000,128.0500000,137.0000000,122.0300000,137.0000000,49.890
522_090101_130416,D,20110503,000000,131.5000000,132.0100000,126.6000000,127.6000000,22.580
522_090101_130416,D,20110504,000000,124.1000000,133.0000000,124.1000000,125.6100000,22.300
522_090101_130416,D,20110505,000000,129.8900000,129.8900000,124.2000000,127.4600000,25.560
522_090101_130416,D,20110506,000000,125.8200000,131.0000000,125.1700000,130.9800000,14.250
522_090101_130416,D,20110510,000000,130.4900000,132.6000000,126.2400000,131.5100000,10.830
522_090101_130416,D,20110511,000000,131.0000000,132.4200000,127.0200000,127.0200000,4.540
522_090101_130416,D,20110512,000000,127.0000000,127.9700000,124.0200000,126.7400000,9.130
522_090101_130416,D,20110513,000000,126.7700000,132.4900000,125.0000000,127.8100000,3.420
522_090101_130416,D,20110516,000000,128.1900000,128.4000000,124.0300000,126.3900000,5.650
522_090101_130416,D,20110517,000000,128.0000000,129.2800000,125.0000000,128.0000000,18.760
522_090101_130416,D,20110518,000000,127.9900000,129.0000000,125.4400000,125.8200000,4.470
522_090101_130416,D,20110519,000000,126.0200000,127.9200000,125.0000000,127.0000000,6.400
522_090101_130416,D,20110520,000000,126.5500000,128.8800000,125.5000000,126.1900000,9.730
522_090101_130416,D,20110523,000000,126.1900000,127.9900000,123.0000000,124.0900000,4.160
522_090101_130416,D,20110524,000000,123.2100000,127.9800000,123.2000000,127.4900000,10.150
522_090101_130416,D,20110525,000000,125.0300000,127.3500000,124.5000000,127.0000000,8.270
522_090101_130416,D,20110526,000000,127.3300000,129.0000000,124.5000000,126.3100000,8.530
522_090101_130416,D,20110527,000000,125.9200000,127.5500000,125.5500000,127.5500000,2.540
522_090101_130416,D,20110530,000000,128.0000000,128.9900000,126.2600000,127.9100000,6.200
522_090101_130416,D,20110531,000000,128.9700000,131.9800000,128.1200000,128.9700000,5.070
522_090101_130416,D,20110601,000000,128.5900000,130.5900000,126.2600000,128.9900000,9.900
522_090101_130416,D,20110602,000000,126.2700000,128.2500000,126.2600000,127.1200000,1.720
522_090101_130416,D,20110603,000000,126.9900000,128.1000000,126.0100000,128.0000000,10.020
522_090101_130416,D,20110606,000000,126.9300000,128.2600000,126.7400000,127.7000000,2.410
522_090101_130416,D,20110607,000000,127.0100000,131.0000000,127.0100000,130.3300000,8.320
522_090101_130416,D,20110608,000000,129.5000000,130.8900000,128.9000000,129.9800000,3.170
522_090101_130416,D,20110609,000000,130.4900000,132.0000000,129.0000000,130.4800000,12.480
522_090101_130416,D,20110610,000000,129.6000000,132.5000000,129.6000000,130.4400000,12.450
522_090101_130416,D,20110614,000000,130.4900000,131.9800000,129.4300000,131.5500000,7.470
522_090101_130416,D,20110615,000000,130.4900000,131.9900000,129.4300000,129.7000000,4.890
522_090101_130416,D,20110616,000000,129.0000000,131.0000000,123.1100000,129.1900000,5.290
522_090101_130416,D,20110617,000000,128.9800000,129.0000000,126.5000000,128.0900000,11.930
522_090101_130416,D,20110620,000000,128.0000000,128.0000000,126.5400000,127.0000000,5.290
522_090101_130416,D,20110621,000000,127.4600000,130.9700000,127.0000000,127.7500000,6.090
522_090101_130416,D,20110622,000000,127.7500000,129.0000000,125.9900000,127.4700000,10.400
522_090101_130416,D,20110623,000000,127.9700000,128.4700000,126.0000000,126.3300000,59.830
522_090101_130416,D,20110624,000000,127.2700000,127.4700000,126.0000000,126.0000000,8.950
522_090101_130416,D,20110627,000000,126.0000000,127.4700000,123.6300000,124.6100000,22.610
522_090101_130416,D,20110628,000000,125.0200000,127.0000000,123.6800000,126.4500000,13.080
522_090101_130416,D,20110629,000000,127.0000000,127.7900000,125.0000000,127.7900000,9.180
522_090101_130416,D,20110630,000000,127.9700000,127.9800000,125.1500000,126.2800000,4.240
522_090101_130416,D,20110701,000000,126.4800000,126.9800000,124.0500000,125.6500000,7.990
522_090101_130416,D,20110704,000000,125.5100000,128.5900000,124.6000000,126.4800000,26.330
522_090101_130416,D,20110705,000000,126.4800000,127.0000000,124.9000000,126.5000000,13.050
522_090101_130416,D,20110706,000000,126.9800000,127.9200000,125.3600000,126.9300000,4.280
522_090101_130416,D,20110707,000000,126.9700000,130.0000000,126.9700000,130.0000000,10.070
522_090101_130416,D,20110708,000000,128.4900000,129.9000000,127.0500000,128.7100000,25.340
522_090101_130416,D,20110711,000000,128.2900000,128.9000000,127.5000000,128.0700000,4.990
522_090101_130416,D,20110712,000000,127.9700000,127.9700000,125.9000000,126.9800000,5.630
522_090101_130416,D,20110713,000000,127.4700000,127.8000000,126.5000000,127.3700000,4.220
522_090101_130416,D,20110714,000000,127.0000000,128.7600000,126.6300000,127.0000000,10.170
522_090101_130416,D,20110715,000000,127.6900000,128.6600000,127.0000000,127.8300000,5.050
522_090101_130416,D,20110718,000000,126.7000000,128.8900000,126.6800000,127.0300000,6.340
522_090101_130416,D,20110719,000000,127.0500000,127.4300000,126.0200000,127.4000000,3.630
522_090101_130416,D,20110720,000000,127.4700000,129.5000000,125.0100000,128.4700000,11.170
522_090101_130416,D,20110721,000000,127.9800000,129.0000000,127.0400000,129.0000000,6.420
522_090101_130416,D,20110722,000000,129.3000000,129.5000000,128.0000000,128.0700000,9.370
522_090101_130416,D,20110725,000000,127.9700000,127.9700000,127.0400000,127.7800000,1.300
522_090101_130416,D,20110726,000000,127.9600000,129.0000000,127.5100000,128.0300000,20.700
522_090101_130416,D,20110727,000000,128.0000000,128.2200000,126.0400000,126.5000000,2.900
522_090101_130416,D,20110728,000000,126.9500000,127.9600000,126.0000000,127.9600000,2.440
522_090101_130416,D,20110729,000000,127.9700000,128.0000000,125.2100000,126.2900000,2.740
522_090101_130416,D,20110801,000000,127.0100000,134.9700000,127.0100000,127.9600000,4.840
522_090101_130416,D,20110802,000000,127.5100000,127.6000000,126.5300000,127.5000000,8.460
522_090101_130416,D,20110803,000000,126.9800000,126.9800000,124.6100000,125.5500000,16.280
522_090101_130416,D,20110804,000000,126.0000000,126.3800000,120.0000000,123.0900000,29.690
522_090101_130416,D,20110805,000000,120.0000000,120.0000000,114.0000000,115.8900000,47.290
522_090101_130416,D,20110808,000000,110.0100000,115.7900000,104.0600000,104.0600000,31.160
522_090101_130416,D,20110809,000000,99.5000000,108.9200000,90.2100000,99.5000000,82.750
522_090101_130416,D,20110810,000000,104.9000000,104.9000000,90.1500000,93.0000000,38.170
522_090101_130416,D,20110811,000000,93.7300000,98.5000000,84.0000000,91.0000000,18.250
522_090101_130416,D,20110812,000000,91.2100000,95.9900000,90.5000000,94.2000000,11.620
522_090101_130416,D,20110815,000000,94.8300000,98.0000000,93.0500000,97.0000000,23.480
522_090101_130416,D,20110816,000000,96.6900000,96.6900000,94.5000000,95.5700000,3.150
522_090101_130416,D,20110817,000000,95.2000000,98.0000000,94.0000000,97.8200000,13.060
522_090101_130416,D,20110818,000000,97.8200000,99.8700000,92.2200000,94.4500000,14.800
522_090101_130416,D,20110819,000000,94.4300000,94.4600000,89.5700000,94.4600000,11.590
522_090101_130416,D,20110822,000000,93.7300000,97.9800000,90.2200000,97.8000000,3.400
522_090101_130416,D,20110823,000000,97.8300000,100.4000000,95.8400000,97.8000000,12.950
522_090101_130416,D,20110824,000000,96.9600000,98.5000000,93.1000000,98.5000000,16.070
522_090101_130416,D,20110825,000000,99.7000000,99.7000000,95.0000000,96.6800000,6.810
522_090101_130416,D,20110826,000000,96.6900000,96.6900000,93.3500000,95.0000000,7.840
522_090101_130416,D,20110829,000000,95.9700000,99.5000000,95.0000000,98.5900000,14.320
522_090101_130416,D,20110830,000000,98.5900000,101.0000000,96.2500000,101.0000000,8.160
522_090101_130416,D,20110831,000000,99.3700000,104.9900000,99.0400000,102.2100000,7.490
522_090101_130416,D,20110901,000000,101.0300000,107.9800000,98.0000000,102.0000000,22.270
522_090101_130416,D,20110902,000000,101.0000000,102.0000000,98.1400000,99.4700000,12.130
522_090101_130416,D,20110905,000000,101.7100000,101.7100000,96.7300000,98.8800000,6.290
522_090101_130416,D,20110906,000000,98.9700000,104.1200000,96.0400000,98.5900000,22.280
522_090101_130416,D,20110907,000000,98.9700000,105.0900000,98.9700000,102.3800000,19.630
522_090101_130416,D,20110908,000000,102.5200000,106.6300000,102.2000000,105.2300000,18.690
522_090101_130416,D,20110909,000000,105.0000000,105.7400000,102.8100000,103.9900000,2.270
522_090101_130416,D,20110912,000000,101.5000000,103.3100000,98.5100000,103.3100000,5.400
522_090101_130416,D,20110913,000000,102.9100000,103.0000000,101.7600000,102.5100000,960
522_090101_130416,D,20110914,000000,102.9100000,124.9900000,98.5000000,105.7000000,20.320
522_090101_130416,D,20110915,000000,105.7500000,113.7600000,105.7500000,109.4400000,6.970
522_090101_130416,D,20110916,000000,110.0000000,110.0000000,105.5000000,106.5500000,10.970
522_090101_130416,D,20110919,000000,106.5700000,112.0000000,106.0000000,107.0000000,54.310
522_090101_130416,D,20110920,000000,107.7900000,110.8400000,107.7900000,108.1100000,11.350
522_090101_130416,D,20110921,000000,108.3000000,109.3000000,105.7700000,105.7700000,5.260
522_090101_130416,D,20110922,000000,101.3400000,105.2100000,96.0200000,96.1300000,22.490
522_090101_130416,D,20110923,000000,98.0200000,101.0000000,88.0700000,93.7300000,21.890
522_090101_130416,D,20110926,000000,93.3700000,94.4700000,82.5800000,92.2800000,19.930
522_090101_130416,D,20110927,000000,92.6400000,98.9600000,92.3000000,95.4900000,19.930
522_090101_130416,D,20110928,000000,97.7500000,97.7500000,92.0000000,93.5000000,9.840
522_090101_130416,D,20110929,000000,94.8300000,94.8300000,90.0100000,92.0400000,4.460
522_090101_130416,D,20110930,000000,92.6400000,93.3000000,88.1200000,89.0000000,12.800
522_090101_130416,D,20111003,000000,89.0000000,89.7900000,85.0000000,88.0000000,37.250
522_090101_130416,D,20111004,000000,85.0800000,89.7000000,80.1100000,82.4800000,28.680
522_090101_130416,D,20111005,000000,84.0100000,87.5000000,81.1700000,83.2000000,20.000
522_090101_130416,D,20111006,000000,83.0000000,87.0000000,82.7000000,86.9800000,15.800
522_090101_130416,D,20111007,000000,85.0200000,95.0000000,85.0200000,87.7100000,12.530
522_090101_130416,D,20111010,000000,87.7300000,90.0000000,87.0100000,89.0100000,30.740
522_090101_130416,D,20111011,000000,87.0200000,89.9000000,86.5600000,87.0000000,10.790
522_090101_130416,D,20111012,000000,86.1000000,90.0000000,85.9000000,89.0000000,36.180
522_090101_130416,D,20111013,000000,86.7000000,89.8000000,86.6000000,87.5100000,13.620
522_090101_130416,D,20111014,000000,88.1200000,96.9400000,87.0000000,91.5700000,21.840
522_090101_130416,D,20111017,000000,88.0200000,95.0000000,88.0200000,90.4800000,22.450
522_090101_130416,D,20111018,000000,93.0000000,93.0000000,88.0000000,90.8200000,10.950
522_090101_130416,D,20111019,000000,90.8600000,92.3000000,89.3900000,90.4800000,11.750
522_090101_130416,D,20111020,000000,90.0000000,90.8100000,88.0200000,90.8100000,8.020
522_090101_130416,D,20111021,000000,90.8600000,90.8900000,88.7700000,89.4900000,11.630
522_090101_130416,D,20111024,000000,89.1400000,90.9900000,84.0100000,89.1100000,25.560
522_090101_130416,D,20111025,000000,88.8800000,90.0000000,88.0000000,88.4100000,8.370
522_090101_130416,D,20111026,000000,88.0000000,90.0000000,88.0000000,88.2200000,6.840
522_090101_130416,D,20111027,000000,88.7500000,95.0000000,88.7500000,92.6500000,17.050
522_090101_130416,D,20111028,000000,93.3700000,96.0000000,90.7600000,92.6400000,13.360
522_090101_130416,D,20111031,000000,92.2800000,92.9700000,91.0000000,91.6100000,6.070
522_090101_130416,D,20111101,000000,92.0000000,92.0200000,88.0000000,88.9900000,11.530
522_090101_130416,D,20111102,000000,89.0000000,91.9800000,86.0700000,89.0700000,17.710
522_090101_130416,D,20111103,000000,91.0000000,91.0000000,86.0000000,88.6100000,10.630
522_090101_130416,D,20111107,000000,87.0500000,89.9900000,87.0500000,89.0000000,4.000
522_090101_130416,D,20111108,000000,90.0000000,92.2800000,90.0000000,90.5300000,6.480
522_090101_130416,D,20111109,000000,91.2000000,92.9000000,88.6100000,89.0000000,6.330
522_090101_130416,D,20111110,000000,87.0100000,89.4500000,86.0800000,87.6000000,6.570
522_090101_130416,D,20111111,000000,88.0700000,88.4100000,86.5100000,87.0000000,11.390
522_090101_130416,D,20111114,000000,87.3900000,90.1800000,86.5400000,87.4300000,6.210
522_090101_130416,D,20111115,000000,87.7200000,95.0000000,86.6400000,89.1100000,21.770
522_090101_130416,D,20111116,000000,89.4500000,89.4500000,87.2000000,87.6400000,3.530
522_090101_130416,D,20111117,000000,87.3900000,88.9900000,84.3400000,86.9900000,11.390
522_090101_130416,D,20111118,000000,84.0300000,85.5100000,84.0000000,85.5100000,7.170
522_090101_130416,D,20111121,000000,86.9900000,86.9900000,83.0200000,83.9700000,10.200
522_090101_130416,D,20111122,000000,87.3000000,87.3000000,82.2700000,83.5200000,5.180
522_090101_130416,D,20111123,000000,84.5400000,84.5400000,81.1300000,83.9800000,2.800
522_090101_130416,D,20111124,000000,83.9900000,85.0000000,83.3000000,83.3000000,4.290
522_090101_130416,D,20111125,000000,82.2400000,82.7800000,80.0000000,81.9000000,4.930
522_090101_130416,D,20111128,000000,82.6100000,84.4000000,82.6000000,84.3700000,2.680
522_090101_130416,D,20111129,000000,84.4000000,86.0000000,81.3300000,84.0300000,14.710
522_090101_130416,D,20111130,000000,85.8600000,86.0000000,82.4500000,86.0000000,9.310
522_090101_130416,D,20111201,000000,86.0000000,89.9000000,85.4100000,86.0000000,1.540
522_090101_130416,D,20111202,000000,85.0100000,89.9900000,84.0000000,87.1400000,11.530
522_090101_130416,D,20111205,000000,87.3700000,87.3700000,85.1000000,86.1000000,3.070
522_090101_130416,D,20111206,000000,86.3100000,86.3100000,84.6000000,84.6000000,7.190
522_090101_130416,D,20111207,000000,86.0000000,94.7600000,84.6500000,85.5600000,17.060
522_090101_130416,D,20111208,000000,85.9200000,89.0000000,85.9200000,86.3700000,5.740
522_090101_130416,D,20111209,000000,86.3500000,86.3500000,80.7200000,83.5500000,31.560
522_090101_130416,D,20111212,000000,85.3900000,85.3900000,79.0100000,79.8900000,13.200
522_090101_130416,D,20111213,000000,80.9300000,80.9300000,75.0900000,79.9900000,25.300
522_090101_130416,D,20111214,000000,78.3000000,81.4600000,76.0400000,78.3000000,6.020
522_090101_130416,D,20111215,000000,74.5000000,79.9800000,74.5000000,79.7400000,4.740
522_090101_130416,D,20111216,000000,79.6800000,81.0000000,76.7600000,80.0000000,135.390
522_090101_130416,D,20111219,000000,80.9900000,82.2000000,77.0600000,78.0000000,5.070
522_090101_130416,D,20111220,000000,80.8000000,80.8000000,74.0100000,77.8900000,15.560
522_090101_130416,D,20111221,000000,77.2600000,77.9900000,75.8100000,76.6400000,1.040
522_090101_130416,D,20111222,000000,77.5200000,78.1000000,72.0400000,73.4900000,19.510
522_090101_130416,D,20111223,000000,73.0400000,73.8200000,71.2300000,73.5000000,12.190
522_090101_130416,D,20111226,000000,75.3500000,75.3500000,72.0100000,72.5100000,9.550
522_090101_130416,D,20111227,000000,71.7500000,72.2800000,71.1200000,71.5400000,13.940
522_090101_130416,D,20111228,000000,73.1600000,73.2200000,70.7700000,71.0000000,11.190
522_090101_130416,D,20111229,000000,72.3400000,72.3400000,68.0700000,69.0000000,26.820
522_090101_130416,D,20111230,000000,69.0100000,72.4200000,69.0100000,70.0000000,6.020
522_090101_130416,D,20120103,000000,72.1700000,72.1700000,67.6100000,72.1700000,5.090
522_090101_130416,D,20120104,000000,72.0000000,72.0000000,70.7100000,71.0000000,4.010
522_090101_130416,D,20120105,000000,71.4900000,72.4900000,70.3000000,71.5400000,6.070
522_090101_130416,D,20120106,000000,71.5800000,71.5800000,70.7300000,71.2000000,1.660
522_090101_130416,D,20120109,000000,71.7500000,72.0000000,70.2100000,71.0000000,1.900
522_090101_130416,D,20120110,000000,71.9700000,73.2500000,71.7000000,72.5000000,6.230
522_090101_130416,D,20120111,000000,72.3300000,72.5100000,71.5500000,71.5500000,1.140
522_090101_130416,D,20120112,000000,72.5100000,73.5000000,71.0800000,73.5000000,6.240
522_090101_130416,D,20120113,000000,73.2500000,78.0000000,72.4900000,73.6500000,19.200
522_090101_130416,D,20120116,000000,73.0000000,75.2500000,73.0000000,75.2400000,6.200
522_090101_130416,D,20120117,000000,75.2300000,76.5000000,75.0000000,75.2500000,5.710
522_090101_130416,D,20120118,000000,74.3500000,75.0000000,73.7100000,75.0000000,7.880
522_090101_130416,D,20120119,000000,75.2500000,75.7500000,73.5100000,74.3800000,8.720
522_090101_130416,D,20120120,000000,75.5000000,75.5000000,73.2600000,73.5100000,2.300
522_090101_130416,D,20120123,000000,73.5100000,74.9700000,73.5100000,74.9700000,740
522_090101_130416,D,20120124,000000,73.8900000,75.5000000,73.6300000,74.8000000,5.780
522_090101_130416,D,20120125,000000,74.0100000,74.8000000,74.0100000,74.4000000,1.700
522_090101_130416,D,20120126,000000,75.0000000,76.0000000,74.3000000,75.9900000,5.020
522_090101_130416,D,20120127,000000,75.8900000,77.2500000,73.2000000,73.5500000,33.640
522_090101_130416,D,20120130,000000,73.8100000,74.1000000,72.5100000,73.3000000,8.770
522_090101_130416,D,20120131,000000,73.3200000,75.4500000,73.3000000,75.0000000,11.470
522_090101_130416,D,20120201,000000,75.4400000,79.8700000,74.8900000,77.4200000,26.900
522_090101_130416,D,20120202,000000,79.8900000,79.8900000,77.5000000,78.0000000,8.820
522_090101_130416,D,20120203,000000,78.4000000,79.2800000,77.6200000,78.2500000,11.300
522_090101_130416,D,20120206,000000,78.9800000,80.0000000,78.0000000,78.8000000,16.750
522_090101_130416,D,20120207,000000,78.9900000,80.2500000,77.0600000,77.5000000,9.100
522_090101_130416,D,20120208,000000,78.0900000,79.0000000,77.7700000,78.2800000,17.140
522_090101_130416,D,20120209,000000,78.8900000,79.5000000,77.0100000,77.4400000,31.000
522_090101_130416,D,20120210,000000,77.4400000,78.3200000,76.4300000,77.3000000,10.370
522_090101_130416,D,20120213,000000,78.0000000,78.0000000,76.0900000,77.9800000,3.260
522_090101_130416,D,20120214,000000,77.9900000,78.2500000,77.0800000,78.1900000,4.410
522_090101_130416,D,20120215,000000,77.5000000,78.9800000,77.5000000,78.9700000,6.130
522_090101_130416,D,20120216,000000,78.1400000,78.8600000,78.0000000,78.8600000,950
522_090101_130416,D,20120217,000000,78.9900000,78.9900000,77.6700000,78.9800000,11.570
522_090101_130416,D,20120220,000000,79.0000000,81.9900000,77.5000000,77.8900000,50.950
522_090101_130416,D,20120221,000000,77.3900000,78.9900000,77.3000000,78.4900000,21.690
522_090101_130416,D,20120222,000000,78.5000000,78.7300000,77.3100000,77.9700000,3.890
522_090101_130416,D,20120224,000000,77.2600000,78.6900000,76.0300000,76.8000000,20.530
522_090101_130416,D,20120227,000000,77.2100000,77.2100000,75.2600000,76.2600000,26.460
522_090101_130416,D,20120228,000000,77.0000000,77.0000000,74.6000000,75.6600000,13.430
522_090101_130416,D,20120229,000000,76.0200000,76.0200000,75.2800000,75.9700000,7.240
522_090101_130416,D,20120301,000000,76.4900000,76.4900000,73.5800000,75.9000000,18.580
522_090101_130416,D,20120302,000000,74.1700000,75.9900000,73.2000000,73.9900000,35.520
522_090101_130416,D,20120305,000000,73.0200000,75.5000000,71.7100000,74.9900000,9.020
522_090101_130416,D,20120306,000000,74.9900000,75.0000000,70.0100000,71.6800000,39.880
522_090101_130416,D,20120307,000000,72.2300000,72.6700000,70.8100000,71.9900000,209.560
522_090101_130416,D,20120311,000000,73.0000000,73.0000000,71.9000000,72.3300000,33.070
522_090101_130416,D,20120312,000000,71.8000000,72.4100000,71.5200000,71.9800000,5.800
522_090101_130416,D,20120313,000000,72.5000000,73.4000000,71.5900000,72.0000000,15.880
522_090101_130416,D,20120314,000000,72.7000000,72.7000000,70.5700000,71.1800000,26.030
522_090101_130416,D,20120315,000000,72.0600000,72.4200000,70.8600000,71.5300000,24.570
522_090101_130416,D,20120316,000000,71.9000000,72.5500000,71.2000000,71.9200000,23.610
522_090101_130416,D,20120319,000000,71.9200000,72.4500000,70.5000000,70.5500000,25.770
522_090101_130416,D,20120320,000000,70.8200000,71.3800000,69.5600000,69.8500000,16.050
522_090101_130416,D,20120321,000000,70.5500000,70.9500000,68.5400000,68.9900000,13.290
522_090101_130416,D,20120322,000000,70.0000000,70.7400000,67.6700000,68.5400000,8.240
522_090101_130416,D,20120323,000000,69.0100000,70.7000000,68.1400000,68.3500000,28.630
522_090101_130416,D,20120326,000000,69.5600000,70.0000000,68.7300000,68.8900000,9.760
522_090101_130416,D,20120327,000000,69.8300000,70.0000000,68.6900000,69.3900000,9.420
522_090101_130416,D,20120328,000000,69.8400000,69.8400000,67.1500000,67.9600000,18.490
522_090101_130416,D,20120329,000000,67.5300000,68.6000000,66.6600000,66.7500000,16.650
522_090101_130416,D,20120330,000000,67.8400000,71.0000000,66.7500000,71.0000000,25.580
522_090101_130416,D,20120402,000000,71.1000000,72.0000000,69.0000000,69.2400000,14.120
522_090101_130416,D,20120403,000000,69.8100000,70.5000000,68.8700000,69.5200000,3.830
522_090101_130416,D,20120404,000000,69.0400000,70.5000000,67.7300000,69.6600000,14.220
522_090101_130416,D,20120405,000000,70.2700000,70.3200000,68.3500000,69.3700000,17.500
522_090101_130416,D,20120406,000000,69.9300000,69.9900000,68.8000000,69.9500000,11.240
522_090101_130416,D,20120409,000000,72.0000000,97.6500000,72.0000000,97.6500000,882.410
522_090101_130416,D,20120410,000000,110.0000000,136.7000000,105.1200000,130.7600000,2.366.150
522_090101_130416,D,20120411,000000,131.0000000,137.9400000,125.0200000,131.9300000,436.410
522_090101_130416,D,20120412,000000,131.5000000,131.5000000,128.0000000,128.5000000,142.250
522_090101_130416,D,20120413,000000,128.0400000,136.0000000,122.3000000,135.5000000,216.020
522_090101_130416,D,20120416,000000,134.6100000,146.0000000,130.2600000,140.0000000,342.280
522_090101_130416,D,20120417,000000,141.0500000,141.9900000,138.0000000,139.3900000,123.640
522_090101_130416,D,20120418,000000,139.0000000,140.5000000,137.5000000,138.0000000,43.370
522_090101_130416,D,20120419,000000,139.2900000,139.2900000,126.2100000,127.9900000,345.280
522_090101_130416,D,20120420,000000,127.9700000,128.0000000,108.0900000,114.4800000,289.960
522_090101_130416,D,20120423,000000,114.9300000,120.0000000,110.0000000,111.9800000,129.410
522_090101_130416,D,20120424,000000,114.7600000,116.4800000,106.4000000,114.5000000,71.720
522_090101_130416,D,20120425,000000,115.0100000,116.7700000,111.1300000,116.5800000,28.290
522_090101_130416,D,20120426,000000,115.0200000,115.3500000,112.7000000,112.9000000,29.910
522_090101_130416,D,20120427,000000,112.0100000,137.0000000,109.1900000,133.8700000,319.360
522_090101_130416,D,20120428,000000,136.2000000,137.5000000,129.0000000,129.0000000,40.310
522_090101_130416,D,20120502,000000,136.2000000,136.2000000,126.0000000,130.0000000,34.460
522_090101_130416,D,20120503,000000,130.4900000,133.8800000,130.0000000,130.2000000,48.010
522_090101_130416,D,20120504,000000,131.0000000,131.4000000,130.0000000,131.0900000,39.760
522_090101_130416,D,20120505,000000,130.3200000,133.3200000,129.3100000,130.5100000,7.290
522_090101_130416,D,20120507,000000,130.0000000,130.0000000,129.9800000,129.9800000,2.460
522_090101_130416,D,20120508,000000,130.4700000,130.9000000,126.1000000,130.9000000,300
522_090101_130416,D,20120510,000000,128.0400000,130.0000000,127.0800000,129.3100000,8.500
522_090101_130416,D,20120511,000000,129.5700000,129.5700000,107.0000000,116.7300000,157.450
522_090101_130416,D,20120512,000000,116.0000000,117.0000000,111.5300000,114.5200000,12.100
522_090101_130416,D,20120514,000000,112.0300000,115.9000000,111.0300000,115.3900000,17.470
522_090101_130416,D,20120515,000000,113.0400000,117.8400000,112.5500000,117.7700000,22.980
522_090101_130416,D,20120516,000000,117.4900000,117.4900000,110.9500000,113.7900000,13.720
522_090101_130416,D,20120517,000000,115.4200000,115.4200000,107.0000000,111.9900000,36.610
522_090101_130416,D,20120518,000000,108.8100000,109.0200000,100.0000000,104.3700000,46.000
522_090101_130416,D,20120521,000000,105.0000000,107.7300000,100.1200000,103.1000000,7.590
522_090101_130416,D,20120522,000000,103.3600000,109.9900000,102.9900000,107.8100000,10.170
522_090101_130416,D,20120523,000000,104.2200000,116.0000000,104.2100000,107.5000000,103.900
522_090101_130416,D,20120524,000000,103.6200000,113.4300000,103.6100000,106.5000000,6.440
522_090101_130416,D,20120525,000000,108.0100000,110.0000000,108.0000000,109.9900000,15.440
522_090101_130416,D,20120528,000000,110.9900000,113.8000000,109.2400000,110.0000000,5.480
522_090101_130416,D,20120529,000000,110.3400000,114.9300000,109.6100000,111.5200000,7.400
522_090101_130416,D,20120530,000000,110.3100000,113.6400000,110.0100000,112.0100000,11.660
522_090101_130416,D,20120531,000000,110.3300000,114.8300000,110.3300000,111.9000000,4.700
522_090101_130416,D,20120601,000000,114.7000000,114.7000000,111.9000000,111.9000000,8.510
522_090101_130416,D,20120604,000000,114.9500000,114.9500000,111.6000000,112.8500000,7.410
522_090101_130416,D,20120605,000000,113.9300000,114.9100000,112.2900000,114.9100000,6.080
522_090101_130416,D,20120606,000000,116.0000000,125.9000000,115.5100000,118.0000000,26.720
522_090101_130416,D,20120607,000000,120.2600000,121.0000000,114.5500000,116.0000000,17.250
522_090101_130416,D,20120608,000000,115.9800000,116.0000000,113.2000000,114.0000000,25.950
522_090101_130416,D,20120609,000000,114.7200000,114.7200000,113.1200000,114.0000000,10.610
522_090101_130416,D,20120613,000000,114.9000000,115.0000000,109.9900000,109.9900000,22.060
522_090101_130416,D,20120614,000000,111.6800000,111.6800000,102.2800000,105.0000000,20.320
522_090101_130416,D,20120615,000000,105.0000000,107.0000000,103.0500000,105.0000000,10.040
522_090101_130416,D,20120618,000000,108.0000000,108.9000000,103.7700000,105.0000000,5.160
522_090101_130416,D,20120619,000000,104.0100000,105.9900000,90.3700000,93.0200000,65.600
522_090101_130416,D,20120620,000000,94.8600000,107.9900000,86.4200000,101.4200000,53.190
522_090101_130416,D,20120621,000000,100.0100000,105.5000000,97.0500000,103.7000000,13.990
522_090101_130416,D,20120622,000000,100.3100000,105.2800000,100.3100000,102.0000000,39.200
522_090101_130416,D,20120625,000000,100.0100000,105.0000000,99.6800000,103.3100000,17.560
522_090101_130416,D,20120626,000000,104.8900000,108.0000000,103.3200000,104.1500000,20.570
522_090101_130416,D,20120627,000000,105.0000000,105.0000000,103.5000000,104.6000000,4.390
522_090101_130416,D,20120628,000000,105.9900000,106.0000000,104.0000000,105.0000000,6.690
522_090101_130416,D,20120629,000000,107.9800000,125.8000000,104.0000000,123.5500000,108.740
522_090101_130416,D,20120702,000000,115.0000000,115.0000000,108.0000000,108.4900000,41.930
522_090101_130416,D,20120703,000000,109.0000000,114.9700000,107.2100000,112.0000000,181.590
522_090101_130416,D,20120704,000000,110.0100000,111.9700000,104.7400000,105.0000000,33.120
522_090101_130416,D,20120705,000000,106.9900000,115.0000000,103.0100000,106.0100000,38.430
522_090101_130416,D,20120706,000000,105.0100000,106.9100000,104.1000000,106.4800000,630
522_090101_130416,D,20120709,000000,100.0000000,106.4500000,99.0000000,105.0100000,15.770
522_090101_130416,D,20120710,000000,103.5900000,107.9900000,103.2000000,107.9900000,8.800
522_090101_130416,D,20120711,000000,106.7000000,109.0000000,106.0000000,108.9500000,12.560
522_090101_130416,D,20120712,000000,109.9900000,109.9900000,106.5200000,109.0000000,1.430
522_090101_130416,D,20120713,000000,109.4100000,109.4800000,106.3000000,109.4600000,240
522_090101_130416,D,20120716,000000,109.4600000,109.4600000,106.0300000,106.0300000,30
522_090101_130416,D,20120717,000000,106.5400000,108.7500000,106.5400000,108.7500000,200
522_090101_130416,D,20120718,000000,108.0000000,108.0000000,106.0000000,106.0000000,2.490
522_090101_130416,D,20120719,000000,109.0000000,112.4600000,107.2000000,112.3200000,27.150
522_090101_130416,D,20120720,000000,108.0000000,117.9800000,106.7100000,114.6000000,16.300
522_090101_130416,D,20120723,000000,112.0100000,114.0000000,106.1700000,109.0000000,14.430
522_090101_130416,D,20120724,000000,107.0000000,112.1300000,105.1400000,111.7700000,14.960
522_090101_130416,D,20120725,000000,111.6700000,111.6700000,110.0000000,110.9000000,4.990
522_090101_130416,D,20120726,000000,114.0000000,114.0000000,106.0000000,109.4300000,1.580
522_090101_130416,D,20120727,000000,107.0100000,110.7800000,105.9500000,110.0000000,23.290
522_090101_130416,D,20120730,000000,113.9900000,113.9900000,110.0300000,111.9800000,200
522_090101_130416,D,20120731,000000,110.3900000,110.9400000,110.1500000,110.1500000,1.960
522_090101_130416,D,20120801,000000,111.0100000,111.0100000,106.0000000,110.0100000,6.030
522_090101_130416,D,20120802,000000,109.4000000,112.0000000,108.5100000,112.0000000,15.200
522_090101_130416,D,20120803,000000,113.0000000,113.0000000,110.0500000,112.7000000,220
522_090101_130416,D,20120806,000000,108.4700000,113.9800000,108.4700000,111.0000000,1.660
522_090101_130416,D,20120807,000000,110.0500000,112.7000000,110.0000000,111.6700000,4.120
522_090101_130416,D,20120808,000000,110.1100000,112.5600000,110.0000000,110.0100000,2.540
522_090101_130416,D,20120809,000000,110.4300000,111.0600000,110.2500000,110.5000000,1.880
522_090101_130416,D,20120810,000000,109.5800000,110.4900000,109.5000000,110.0000000,5.040
522_090101_130416,D,20120813,000000,112.0700000,112.0700000,111.4800000,111.4900000,320
522_090101_130416,D,20120814,000000,109.0400000,112.0700000,109.0000000,111.0000000,3.860
522_090101_130416,D,20120815,000000,109.8000000,111.6800000,108.0000000,108.2100000,11.540
522_090101_130416,D,20120816,000000,109.9900000,111.5000000,109.9900000,110.0000000,2.450
522_090101_130416,D,20120817,000000,111.0000000,111.0000000,110.0000000,110.0000000,1.520
522_090101_130416,D,20120820,000000,110.0000000,110.9000000,110.0000000,110.8000000,2.080
522_090101_130416,D,20120821,000000,110.0200000,110.9000000,109.8900000,110.5000000,8.010
522_090101_130416,D,20120822,000000,109.0100000,110.1000000,109.0100000,110.1000000,500
522_090101_130416,D,20120823,000000,109.0100000,110.9400000,109.0000000,110.4300000,3.280
522_090101_130416,D,20120824,000000,109.9900000,110.0000000,109.0000000,110.0000000,6.300
522_090101_130416,D,20120827,000000,110.0000000,110.0000000,109.0000000,109.4000000,5.320
522_090101_130416,D,20120828,000000,109.0100000,110.0000000,109.0100000,110.0000000,4.340
522_090101_130416,D,20120829,000000,109.8900000,110.1000000,109.4700000,109.8000000,6.050
522_090101_130416,D,20120830,000000,110.9900000,110.9900000,109.0600000,110.6300000,1.520
522_090101_130416,D,20120831,000000,110.8700000,110.8700000,109.2500000,109.2600000,40
522_090101_130416,D,20120903,000000,109.0000000,110.0000000,108.9000000,109.9900000,2.630
522_090101_130416,D,20120904,000000,109.9300000,109.9700000,109.0300000,109.9700000,900
522_090101_130416,D,20120905,000000,109.9700000,109.9700000,108.0000000,109.9600000,1.720
522_090101_130416,D,20120906,000000,109.9300000,113.0000000,108.4800000,110.0000000,4.030
522_090101_130416,D,20120907,000000,111.9900000,112.0000000,110.1100000,110.1100000,3.850
522_090101_130416,D,20120910,000000,110.1200000,111.7500000,110.1100000,110.3000000,460
522_090101_130416,D,20120911,000000,112.4500000,112.4500000,109.0500000,110.0000000,44.130
522_090101_130416,D,20120912,000000,111.8900000,111.8900000,109.3000000,110.0000000,25.290
522_090101_130416,D,20120913,000000,109.3000000,110.0400000,109.2800000,110.0300000,2.950
522_090101_130416,D,20120914,000000,112.0000000,112.0000000,109.4000000,110.0000000,5.810
522_090101_130416,D,20120917,000000,111.0100000,111.5000000,109.5200000,111.5000000,16.010
522_090101_130416,D,20120918,000000,111.4900000,111.5100000,109.9900000,111.0000000,17.210
522_090101_130416,D,20120919,000000,110.0000000,110.0000000,109.2800000,110.0000000,1.410
522_090101_130416,D,20120920,000000,109.0400000,109.0700000,109.0400000,109.0700000,50
522_090101_130416,D,20120921,000000,113.9900000,121.9400000,112.0000000,112.0000000,60.680
522_090101_130416,D,20120924,000000,111.2100000,116.0000000,111.2100000,115.3000000,40.300
522_090101_130416,D,20120925,000000,116.9300000,116.9300000,114.2700000,114.5000000,2.020
522_090101_130416,D,20120926,000000,114.0000000,121.8000000,113.3300000,116.2600000,48.470
522_090101_130416,D,20120927,000000,119.3500000,125.0000000,119.0600000,122.4500000,28.480
522_090101_130416,D,20120928,000000,121.2200000,124.0000000,118.0700000,123.9600000,16.060
522_090101_130416,D,20121001,000000,123.1800000,130.2000000,123.1800000,128.1000000,32.830
522_090101_130416,D,20121002,000000,127.9500000,130.2000000,125.0000000,127.9600000,6.770
522_090101_130416,D,20121003,000000,126.8000000,126.8000000,123.2200000,123.5100000,17.370
522_090101_130416,D,20121004,000000,123.5100000,124.9800000,121.2300000,124.9600000,9.290
522_090101_130416,D,20121005,000000,127.2200000,127.2200000,123.5000000,123.5000000,3.460
522_090101_130416,D,20121008,000000,123.5100000,126.0700000,123.5000000,125.0000000,13.550
522_090101_130416,D,20121009,000000,123.2400000,124.8200000,115.3100000,124.8200000,1.090
522_090101_130416,D,20121010,000000,124.0200000,127.1000000,124.0000000,127.0000000,10.100
522_090101_130416,D,20121011,000000,127.2000000,127.2000000,124.5000000,124.5000000,12.930
522_090101_130416,D,20121012,000000,124.0100000,124.0100000,122.9600000,123.5000000,1.790
522_090101_130416,D,20121015,000000,123.2100000,124.0000000,123.0500000,123.0500000,580
522_090101_130416,D,20121016,000000,122.0800000,125.9900000,122.0300000,124.9900000,1.070
522_090101_130416,D,20121017,000000,123.3800000,124.9900000,123.3700000,124.0000000,490
522_090101_130416,D,20121018,000000,124.8100000,124.8100000,120.0000000,121.6600000,18.270
522_090101_130416,D,20121019,000000,122.1200000,122.4500000,121.7500000,121.7500000,800
522_090101_130416,D,20121022,000000,121.0500000,121.0500000,116.5200000,117.8000000,3.190
522_090101_130416,D,20121023,000000,117.0300000,117.9900000,116.0000000,116.2200000,3.670
522_090101_130416,D,20121024,000000,117.0000000,117.1900000,115.0100000,117.0000000,6.580
522_090101_130416,D,20121025,000000,117.4700000,119.4700000,117.4700000,117.5100000,1.670
522_090101_130416,D,20121026,000000,117.4700000,118.3900000,116.5000000,117.0000000,2.990
522_090101_130416,D,20121029,000000,117.0200000,117.0200000,116.0000000,116.5000000,3.860
522_090101_130416,D,20121030,000000,116.4500000,116.4500000,116.2000000,116.2000000,470
522_090101_130416,D,20121031,000000,116.5000000,116.5900000,114.0000000,114.0000000,42.230
522_090101_130416,D,20121101,000000,114.0000000,114.0000000,111.4000000,112.0000000,2.000
522_090101_130416,D,20121102,000000,113.9900000,137.0000000,113.8000000,135.5000000,306.430
522_090101_130416,D,20121106,000000,134.5200000,143.9000000,132.6500000,140.0000000,82.190
522_090101_130416,D,20121107,000000,141.0500000,142.8000000,136.0100000,138.0000000,20.040
522_090101_130416,D,20121108,000000,137.0000000,138.9800000,133.7400000,137.2600000,4.130
522_090101_130416,D,20121109,000000,138.3200000,138.3200000,135.5300000,136.9900000,52.070
522_090101_130416,D,20121112,000000,136.9900000,137.9900000,134.5000000,137.5000000,5.440
522_090101_130416,D,20121113,000000,136.3100000,136.3100000,132.2100000,134.7500000,15.770
522_090101_130416,D,20121114,000000,134.6100000,137.9900000,132.2500000,136.2000000,14.770
522_090101_130416,D,20121115,000000,137.2600000,143.7000000,137.2600000,142.0000000,29.630
522_090101_130416,D,20121116,000000,142.1500000,143.5900000,142.0000000,142.4600000,11.590
522_090101_130416,D,20121119,000000,142.0200000,142.3400000,135.2600000,137.9000000,6.550
522_090101_130416,D,20121120,000000,138.0000000,139.0000000,138.0000000,138.9900000,2.560
522_090101_130416,D,20121121,000000,138.0300000,148.0000000,138.0300000,145.5500000,147.390
522_090101_130416,D,20121122,000000,145.5100000,146.9900000,145.1000000,146.6900000,14.940
522_090101_130416,D,20121123,000000,146.6400000,146.6900000,145.5200000,146.6100000,5.370
522_090101_130416,D,20121126,000000,145.5100000,146.9300000,144.1500000,145.0100000,11.480
522_090101_130416,D,20121127,000000,145.8000000,146.2500000,145.8000000,146.0100000,17.480
522_090101_130416,D,20121128,000000,146.0000000,146.5000000,146.0000000,146.1000000,8.470
522_090101_130416,D,20121129,000000,145.7600000,146.6500000,145.7600000,146.6500000,9.400
522_090101_130416,D,20121130,000000,146.9800000,148.0000000,146.9800000,148.0000000,14.480
522_090101_130416,D,20121203,000000,146.6600000,148.0000000,146.1000000,147.8000000,2.600
522_090101_130416,D,20121204,000000,147.2200000,148.8000000,147.0000000,147.1500000,63.950
522_090101_130416,D,20121205,000000,148.7900000,149.2500000,146.7800000,148.0700000,17.160
522_090101_130416,D,20121206,000000,148.9400000,149.2400000,147.8100000,147.8100000,46.920
522_090101_130416,D,20121207,000000,149.9000000,152.0000000,149.1000000,151.5000000,338.760
522_090101_130416,D,20121210,000000,151.9900000,152.0000000,151.3000000,151.6000000,35.340
522_090101_130416,D,20121211,000000,151.9000000,151.9000000,151.5100000,151.5100000,23.530
522_090101_130416,D,20121212,000000,151.5100000,151.7700000,151.5100000,151.5400000,9.600
522_090101_130416,D,20121213,000000,151.2900000,151.5700000,151.2900000,151.5700000,6.400
522_090101_130416,D,20121214,000000,151.7000000,151.8000000,151.5600000,151.8000000,4.580
522_090101_130416,D,20121217,000000,150.7100000,151.8800000,150.7100000,151.8100000,2.480
522_090101_130416,D,20121218,000000,151.7500000,152.4700000,151.7500000,152.0000000,42.420
522_090101_130416,D,20121219,000000,151.9000000,152.0400000,151.0000000,151.8000000,215.500
522_090101_130416,D,20121220,000000,151.8600000,152.0000000,151.8600000,151.8700000,10.130
522_090101_130416,D,20121221,000000,152.1000000,153.5300000,152.0000000,152.0700000,60.540
522_090101_130416,D,20121224,000000,152.0600000,152.4400000,151.7600000,152.1000000,43.730
522_090101_130416,D,20121225,000000,152.4700000,153.1000000,152.1000000,152.2000000,13.150
522_090101_130416,D,20121226,000000,152.3000000,152.3100000,152.1000000,152.1000000,50.080
522_090101_130416,D,20121227,000000,152.3500000,152.5000000,152.1000000,152.1000000,383.640
522_090101_130416,D,20121228,000000,152.2500000,153.0000000,152.2500000,153.0000000,2.160
522_090101_130416,D,20130108,000000,154.9800000,154.9800000,152.3900000,153.0100000,660
522_090101_130416,D,20130109,000000,153.0700000,153.3700000,153.0100000,153.1700000,11.560
522_090101_130416,D,20130110,000000,153.4000000,153.4000000,153.2700000,153.4000000,131.520
522_090101_130416,D,20130111,000000,153.4000000,154.0000000,153.4000000,153.5100000,19.960
522_090101_130416,D,20130114,000000,153.6000000,153.6000000,153.5500000,153.5500000,7.600
522_090101_130416,D,20130115,000000,153.8900000,153.8900000,153.6000000,153.6500000,2.630
522_090101_130416,D,20130116,000000,153.6300000,153.9000000,153.1000000,153.6000000,3.130
522_090101_130416,D,20130117,000000,153.6000000,154.4400000,153.6000000,154.4400000,7.670
522_090101_130416,D,20130118,000000,154.0000000,154.2700000,154.0000000,154.2000000,5.890
522_090101_130416,D,20130121,000000,154.0000000,154.0000000,153.7000000,154.0000000,144.140
522_090101_130416,D,20130122,000000,154.0000000,154.2500000,153.8100000,153.9200000,5.650
522_090101_130416,D,20130123,000000,154.0100000,154.2700000,154.0100000,154.1000000,2.600
522_090101_130416,D,20130124,000000,154.0500000,154.1900000,154.0500000,154.1900000,4.630
522_090101_130416,D,20130125,000000,154.2200000,154.3200000,154.2100000,154.2100000,24.030
522_090101_130416,D,20130128,000000,154.4000000,154.6000000,154.0500000,154.5100000,18.530
522_090101_130416,D,20130129,000000,154.4000000,154.4100000,154.4000000,154.4100000,290
522_090101_130416,D,20130130,000000,154.4000000,154.5700000,154.4000000,154.5100000,1.720
522_090101_130416,D,20130131,000000,154.5100000,154.6000000,154.5000000,154.5000000,1.710
522_090101_130416,D,20130201,000000,154.5300000,154.8000000,154.5300000,154.8000000,2.140
522_090101_130416,D,20130204,000000,154.8000000,155.0000000,154.7100000,154.9100000,10.810
522_090101_130416,D,20130205,000000,155.0000000,155.0900000,154.9100000,154.9100000,10.700
522_090101_130416,D,20130206,000000,155.2000000,155.2000000,155.2000000,155.2000000,5.950
522_090101_130416,D,20130207,000000,155.3500000,155.9800000,155.2500000,155.2500000,31.630
522_090101_130416,D,20130208,000000,155.3100000,155.5000000,155.3000000,155.3500000,3.820
522_090101_130416,D,20130211,000000,155.5000000,155.5100000,155.5000000,155.5000000,3.510
522_090101_130416,D,20130212,000000,155.6000000,155.6100000,155.6000000,155.6000000,26.850
522_090101_130416,D,20130213,000000,155.2100000,155.9700000,153.0000000,155.6000000,245.720
522_090101_130416,D,20130214,000000,155.0000000,155.0100000,153.0500000,153.0500000,14.650
522_090101_130416,D,20130215,000000,154.4900000,154.5000000,153.0800000,153.1000000,14.870
522_090101_130416,D,20130218,000000,154.8600000,154.8600000,150.1400000,151.9900000,3.990
522_090101_130416,D,20130219,000000,153.6600000,153.7400000,153.6600000,153.7400000,210
522_090101_130416,D,20130220,000000,153.0700000,153.0700000,150.7100000,151.0000000,2.920
522_090101_130416,D,20130221,000000,151.8800000,151.8800000,149.5100000,149.5500000,24.800
522_090101_130416,D,20130222,000000,149.6900000,150.9900000,149.5900000,150.9900000,1.800
522_090101_130416,D,20130225,000000,151.2900000,156.6800000,149.5600000,156.2500000,59.550
522_090101_130416,D,20130226,000000,156.2500000,162.2100000,154.0100000,162.2100000,16.280
522_090101_130416,D,20130227,000000,163.5000000,164.0000000,157.0000000,159.0000000,1.400
522_090101_130416,D,20130228,000000,161.0100000,161.0100000,157.1400000,157.1400000,630
522_090101_130416,D,20130301,000000,158.5200000,158.5200000,156.7200000,156.7200000,390
522_090101_130416,D,20130304,000000,157.9100000,157.9100000,156.8000000,156.8000000,520
522_090101_130416,D,20130305,000000,156.6800000,156.6800000,135.1500000,151.0000000,350
522_090101_130416,D,20130306,000000,138.0200000,144.3200000,127.2700000,140.0000000,6.040
522_090101_130416,D,20130307,000000,140.4900000,141.0000000,140.4900000,141.0000000,210
522_090101_130416,D,20130311,000000,138.0000000,139.0000000,136.5000000,137.9900000,480
522_090101_130416,D,20130312,000000,137.0100000,137.0100000,132.7600000,132.7600000,100
522_090101_130416,D,20130313,000000,135.0000000,135.0000000,135.0000000,135.0000000,10
522_090101_130416,D,20130314,000000,135.0000000,140.9900000,133.0900000,140.9900000,360
522_090101_130416,D,20130315,000000,135.0000000,138.3900000,128.1000000,138.3900000,1.440
522_090101_130416,D,20130318,000000,137.9900000,137.9900000,128.0000000,129.7400000,1.150
522_090101_130416,D,20130319,000000,125.0200000,132.0000000,125.0200000,128.0100000,1.060
522_090101_130416,D,20130320,000000,126.0300000,130.6700000,126.0000000,130.6700000,150
522_090101_130416,D,20130321,000000,128.0000000,131.9700000,126.0500000,126.0500000,320
522_090101_130416,D,20130322,000000,130.0000000,132.0000000,111.1200000,122.0000000,880
522_090101_130416,D,20130325,000000,119.0000000,127.9900000,118.0100000,127.8600000,650
522_090101_130416,D,20130326,000000,118.1100000,120.4500000,118.0600000,118.0600000,550
522_090101_130416,D,20130327,000000,118.0600000,118.0600000,118.0500000,118.0500000,650
522_090101_130416,D,20130328,000000,118.1000000,118.1000000,118.1000000,118.1000000,10
522_090101_130416,D,20130329,000000,120.9800000,120.9800000,120.9800000,120.9800000,10
522_090101_130416,D,20130401,000000,115.3300000,115.3300000,115.0100000,115.0100000,270
522_090101_130416,D,20130402,000000,113.0000000,117.0000000,105.2100000,116.0000000,1.440
522_090101_130416,D,20130403,000000,109.0300000,118.7900000,109.0300000,118.7900000,110
