<TICKER>,<PER>,<DATE>,<TIME>,<OPEN>,<HIGH>,<LOW>,<CLOSE>,<VOL>
542_090101_130416,D,20090112,000000,10.3000000,10.3000000,10.3000000,10.3000000,100
542_090101_130416,D,20090113,000000,10.8700000,10.8700000,10.8700000,10.8700000,100
542_090101_130416,D,20090114,000000,10.7000000,10.7500000,10.7000000,10.7500000,200
542_090101_130416,D,20090120,000000,10.1900000,10.1900000,10.1900000,10.1900000,300
542_090101_130416,D,20090122,000000,7.6500000,7.6500000,7.1340000,7.4000000,1.700
542_090101_130416,D,20090123,000000,7.9990000,8.0000000,7.9990000,8.0000000,1.000
542_090101_130416,D,20090128,000000,8.9980000,8.9980000,8.0000000,8.0000000,129.300
542_090101_130416,D,20090129,000000,7.0010000,7.0010000,7.0010000,7.0010000,10.800
542_090101_130416,D,20090130,000000,8.0000000,8.0100000,8.0000000,8.0100000,320.000
542_090101_130416,D,20090202,000000,8.0000000,8.0000000,8.0000000,8.0000000,200
542_090101_130416,D,20090213,000000,8.8480000,8.8490000,8.8480000,8.8490000,200
542_090101_130416,D,20090216,000000,8.0000000,8.0000000,8.0000000,8.0000000,8.500
542_090101_130416,D,20090225,000000,7.8000000,8.0000000,7.8000000,8.0000000,401.000
542_090101_130416,D,20090306,000000,7.2000000,8.8000000,7.2000000,8.8000000,500
542_090101_130416,D,20090311,000000,9.0000000,9.0000000,9.0000000,9.0000000,300
542_090101_130416,D,20090313,000000,9.5000000,9.5000000,9.5000000,9.5000000,100
542_090101_130416,D,20090317,000000,8.0000000,12.3500000,8.0000000,8.9070000,2.500
542_090101_130416,D,20090319,000000,11.5000000,11.5000000,11.5000000,11.5000000,100
542_090101_130416,D,20090320,000000,11.5010000,11.5010000,11.5000000,11.5010000,1.000
542_090101_130416,D,20090323,000000,11.5000000,11.5000000,11.5000000,11.5000000,1.200
542_090101_130416,D,20090325,000000,10.8100000,10.8300000,10.8100000,10.8300000,300.000
542_090101_130416,D,20090327,000000,12.5000000,14.0660000,12.0000000,12.0000000,4.600
542_090101_130416,D,20090331,000000,12.5000000,12.5000000,12.5000000,12.5000000,100
542_090101_130416,D,20090401,000000,12.5000000,12.5000000,12.0000000,12.0000000,4.200
542_090101_130416,D,20090406,000000,12.9990000,12.9990000,12.9990000,12.9990000,100
542_090101_130416,D,20090408,000000,12.5000000,12.5000000,12.5000000,12.5000000,400
542_090101_130416,D,20090410,000000,11.7000000,11.7100000,11.7000000,11.7100000,300.000
542_090101_130416,D,20090413,000000,8.8010000,8.8010000,8.8010000,8.8010000,100
542_090101_130416,D,20090414,000000,11.4410000,11.4410000,10.5000000,10.5000000,4.400
542_090101_130416,D,20090416,000000,11.0000000,11.0000000,10.0000000,10.0000000,300
542_090101_130416,D,20090417,000000,10.6300000,10.6300000,10.6300000,10.6300000,200
542_090101_130416,D,20090420,000000,12.9980000,13.8190000,10.6330000,13.0000000,19.200
542_090101_130416,D,20090421,000000,13.0000000,13.0000000,13.0000000,13.0000000,500
542_090101_130416,D,20090422,000000,12.5000000,13.5000000,12.5000000,13.5000000,1.600
542_090101_130416,D,20090423,000000,13.9000000,13.9000000,13.9000000,13.9000000,100
542_090101_130416,D,20090424,000000,13.5000000,13.5000000,13.5000000,13.5000000,1.000
542_090101_130416,D,20090427,000000,13.0000000,13.0000000,13.0000000,13.0000000,1.000
542_090101_130416,D,20090428,000000,12.5000000,12.5000000,12.5000000,12.5000000,4.700
542_090101_130416,D,20090429,000000,12.0500000,12.0550000,12.0500000,12.0550000,900
542_090101_130416,D,20090430,000000,12.0610000,12.9990000,12.0500000,12.9990000,1.000
542_090101_130416,D,20090505,000000,11.5000000,13.8910000,10.0000000,13.8910000,900
542_090101_130416,D,20090506,000000,13.7890000,13.7900000,11.7000000,12.6990000,2.300
542_090101_130416,D,20090507,000000,13.5000000,15.5000000,12.8600000,12.8600000,5.600
542_090101_130416,D,20090508,000000,14.0000000,14.0000000,14.0000000,14.0000000,900
542_090101_130416,D,20090512,000000,12.5160000,12.5550000,12.5160000,12.5550000,5.000
542_090101_130416,D,20090513,000000,14.5960000,14.5980000,13.5000000,13.5000000,2.700
542_090101_130416,D,20090515,000000,12.5010000,13.4900000,12.0000000,13.1200000,2.500
542_090101_130416,D,20090518,000000,13.6800000,13.6800000,13.6800000,13.6800000,300
542_090101_130416,D,20090519,000000,12.0110000,12.0110000,12.0000000,12.0000000,700
542_090101_130416,D,20090520,000000,12.5170000,15.0000000,12.5160000,15.0000000,7.900
542_090101_130416,D,20090521,000000,14.5000000,15.9990000,14.3500000,15.9990000,1.600
542_090101_130416,D,20090522,000000,16.0000000,16.0000000,13.3000000,13.3000000,1.100
542_090101_130416,D,20090525,000000,14.7000000,17.0000000,14.7000000,17.0000000,1.200
542_090101_130416,D,20090526,000000,15.0170000,15.0170000,15.0170000,15.0170000,100
542_090101_130416,D,20090527,000000,17.2000000,19.5000000,16.8500000,19.4990000,4.700
542_090101_130416,D,20090528,000000,19.5000000,19.5000000,16.5020000,16.9060000,1.200
542_090101_130416,D,20090529,000000,17.9990000,18.2200000,17.7520000,17.7520000,113.800
542_090101_130416,D,20090601,000000,15.7110000,17.9500000,15.7100000,17.7520000,6.700
542_090101_130416,D,20090602,000000,17.7520000,18.2500000,17.5500000,18.2500000,3.000
542_090101_130416,D,20090603,000000,18.4000000,18.4000000,18.0000000,18.0000000,6.000
542_090101_130416,D,20090604,000000,17.1000000,18.4000000,17.1000000,18.1000000,5.400
542_090101_130416,D,20090605,000000,18.3000000,18.4500000,18.3000000,18.4500000,300
542_090101_130416,D,20090608,000000,18.4000000,18.7000000,18.1000000,18.7000000,3.800
542_090101_130416,D,20090609,000000,19.0000000,19.7700000,18.7500000,18.7500000,4.700
542_090101_130416,D,20090611,000000,18.7000000,19.0000000,18.7000000,18.8500000,900
542_090101_130416,D,20090615,000000,18.5700000,18.6500000,18.0000000,18.0000000,7.600
542_090101_130416,D,20090616,000000,18.0300000,19.0000000,17.9900000,19.0000000,14.500
542_090101_130416,D,20090617,000000,19.0000000,19.3500000,18.6000000,18.6480000,14.500
542_090101_130416,D,20090618,000000,18.6300000,18.6300000,18.6300000,18.6300000,100
542_090101_130416,D,20090619,000000,20.0000000,20.0000000,18.4000000,18.4000000,300
542_090101_130416,D,20090622,000000,18.4500000,18.6300000,18.0100000,18.0100000,51.400
542_090101_130416,D,20090623,000000,16.6430000,17.7000000,16.6000000,17.7000000,27.700
542_090101_130416,D,20090624,000000,17.0000000,17.0000000,17.0000000,17.0000000,300
542_090101_130416,D,20090625,000000,18.3000000,18.3000000,18.3000000,18.3000000,100
542_090101_130416,D,20090626,000000,18.1000000,18.1000000,18.1000000,18.1000000,100
542_090101_130416,D,20090629,000000,18.1200000,18.1200000,18.1000000,18.1000000,200
542_090101_130416,D,20090701,000000,18.1000000,18.1500000,18.0800000,18.1500000,19.200
542_090101_130416,D,20090702,000000,17.5000000,17.9200000,17.1000000,17.9200000,41.300
542_090101_130416,D,20090703,000000,17.6000000,17.6000000,17.6000000,17.6000000,100
542_090101_130416,D,20090706,000000,16.7000000,16.7120000,15.0010000,16.7120000,1.400
542_090101_130416,D,20090707,000000,16.7990000,16.8000000,16.6000000,16.6000000,400
542_090101_130416,D,20090708,000000,16.6000000,16.6000000,16.6000000,16.6000000,100
542_090101_130416,D,20090709,000000,18.0200000,18.0200000,17.4000000,17.4000000,26.500
542_090101_130416,D,20090710,000000,16.7000000,16.7000000,16.7000000,16.7000000,100
542_090101_130416,D,20090714,000000,16.5000000,16.5000000,16.1000000,16.1000000,2.100
542_090101_130416,D,20090715,000000,16.5000000,16.5000000,16.5000000,16.5000000,1.000
542_090101_130416,D,20090716,000000,16.8800000,17.3990000,16.8800000,17.0100000,2.200
542_090101_130416,D,20090720,000000,17.6000000,17.6000000,17.5000000,17.5000000,2.000
542_090101_130416,D,20090721,000000,17.0500000,17.0500000,17.0500000,17.0500000,1.900
542_090101_130416,D,20090722,000000,17.3000000,17.3500000,17.2900000,17.2900000,13.100
542_090101_130416,D,20090723,000000,17.3300000,17.5490000,17.3300000,17.5490000,14.800
542_090101_130416,D,20090724,000000,17.5500000,17.5500000,17.1000000,17.1000000,16.800
542_090101_130416,D,20090727,000000,17.0000000,17.1000000,17.0000000,17.1000000,6.300
542_090101_130416,D,20090728,000000,17.2000000,17.2000000,17.2000000,17.2000000,1.100
542_090101_130416,D,20090729,000000,17.0000000,17.5000000,17.0000000,17.5000000,400
542_090101_130416,D,20090730,000000,17.3100000,17.3100000,17.3100000,17.3100000,100
542_090101_130416,D,20090731,000000,17.4000000,17.4000000,17.3000000,17.4000000,700
542_090101_130416,D,20090803,000000,17.7100000,17.7100000,17.6000000,17.6000000,2.000
542_090101_130416,D,20090804,000000,17.6000000,18.0000000,17.6000000,18.0000000,1.400
542_090101_130416,D,20090805,000000,17.9100000,18.0100000,17.9000000,17.9500000,20.500
542_090101_130416,D,20090806,000000,19.0000000,19.0000000,17.8000000,17.8000000,700
542_090101_130416,D,20090807,000000,17.6000000,17.6000000,17.6000000,17.6000000,100
542_090101_130416,D,20090810,000000,17.7000000,18.1100000,17.7000000,17.8300000,11.100
542_090101_130416,D,20090811,000000,17.9300000,17.9300000,17.8900000,17.8900000,200
542_090101_130416,D,20090812,000000,17.9180000,17.9180000,17.7500000,17.7500000,15.200
542_090101_130416,D,20090813,000000,17.8000000,17.8000000,17.8000000,17.8000000,100
542_090101_130416,D,20090814,000000,17.9990000,18.0000000,17.9990000,18.0000000,25.800
542_090101_130416,D,20090817,000000,17.7000000,17.7000000,17.7000000,17.7000000,100
542_090101_130416,D,20090819,000000,17.7000000,18.0000000,17.7000000,17.9000000,1.300
542_090101_130416,D,20090820,000000,17.9700000,17.9700000,17.9700000,17.9700000,100
542_090101_130416,D,20090821,000000,18.0000000,18.1000000,18.0000000,18.1000000,27.100
542_090101_130416,D,20090824,000000,18.4500000,18.6000000,18.2000000,18.6000000,27.600
542_090101_130416,D,20090826,000000,19.3000000,19.3000000,18.0000000,18.2500000,6.300
542_090101_130416,D,20090827,000000,18.2990000,18.3000000,18.2990000,18.3000000,3.100
542_090101_130416,D,20090828,000000,18.3000000,18.6500000,18.3000000,18.6500000,8.300
542_090101_130416,D,20090831,000000,18.5010000,19.1000000,18.5010000,19.0400000,14.200
542_090101_130416,D,20090901,000000,18.9500000,19.0300000,18.9000000,18.9000000,6.400
542_090101_130416,D,20090902,000000,18.9500000,18.9500000,18.9500000,18.9500000,300
542_090101_130416,D,20090903,000000,18.9000000,19.1000000,18.9000000,19.1000000,2.400
542_090101_130416,D,20090904,000000,19.3010000,19.3010000,18.9000000,18.9000000,7.200
542_090101_130416,D,20090908,000000,18.8700000,19.1480000,18.8600000,19.1480000,4.000
542_090101_130416,D,20090909,000000,19.1990000,19.1990000,19.1990000,19.1990000,200
542_090101_130416,D,20090910,000000,19.0010000,20.0100000,18.5000000,19.8000000,16.600
542_090101_130416,D,20090911,000000,19.5000000,20.2000000,19.5000000,19.6010000,4.500
542_090101_130416,D,20090914,000000,19.5190000,25.4810000,19.5190000,25.0000000,11.800
542_090101_130416,D,20090915,000000,24.0000000,30.0000000,21.5000000,27.0000000,19.300
542_090101_130416,D,20090916,000000,25.5000000,26.0300000,21.8020000,26.0300000,4.600
542_090101_130416,D,20090917,000000,25.5550000,25.5550000,25.0000000,25.0000000,1.900
542_090101_130416,D,20090918,000000,27.0000000,27.0000000,19.9990000,22.1000000,76.800
542_090101_130416,D,20090921,000000,21.5210000,22.1000000,20.5000000,21.9980000,10.700
542_090101_130416,D,20090922,000000,21.9990000,22.9990000,21.9990000,22.9990000,3.000
542_090101_130416,D,20090923,000000,22.1220000,22.1220000,22.0000000,22.1000000,1.800
542_090101_130416,D,20090924,000000,22.0000000,22.0000000,21.5000000,21.5000000,1.100
542_090101_130416,D,20090925,000000,21.9970000,21.9970000,21.9970000,21.9970000,100
542_090101_130416,D,20090928,000000,22.1000000,22.5000000,19.2000000,20.9000000,10.700
542_090101_130416,D,20090929,000000,22.0000000,22.0500000,20.9990000,22.0500000,5.900
542_090101_130416,D,20090930,000000,23.0000000,23.9000000,21.6010000,22.0000000,16.100
542_090101_130416,D,20091001,000000,22.0900000,23.1990000,22.0900000,23.0000000,7.600
542_090101_130416,D,20091002,000000,22.9000000,23.1000000,21.2070000,22.1000000,18.300
542_090101_130416,D,20091005,000000,22.6500000,22.6500000,21.4980000,21.5000000,18.500
542_090101_130416,D,20091006,000000,21.6000000,23.0000000,21.6000000,22.0000000,5.400
542_090101_130416,D,20091007,000000,22.0000000,22.9950000,22.0000000,22.2000000,900
542_090101_130416,D,20091008,000000,23.0000000,25.0000000,23.0000000,23.7000000,32.900
542_090101_130416,D,20091009,000000,24.0000000,24.0000000,23.3500000,23.3500000,1.600
542_090101_130416,D,20091012,000000,23.5010000,24.5000000,23.0000000,23.0000000,9.000
542_090101_130416,D,20091013,000000,25.2500000,26.0000000,22.4990000,23.0000000,7.400
542_090101_130416,D,20091014,000000,23.5000000,23.5000000,22.5000000,23.0350000,3.400
542_090101_130416,D,20091015,000000,23.1000000,23.8630000,21.0030000,21.0030000,11.300
542_090101_130416,D,20091016,000000,21.8000000,23.5000000,21.8000000,23.0000000,8.700
542_090101_130416,D,20091019,000000,23.0800000,23.0800000,23.0300000,23.0800000,700
542_090101_130416,D,20091020,000000,23.5000000,25.0000000,23.5000000,23.5000000,12.600
542_090101_130416,D,20091021,000000,23.5000000,23.5000000,22.5000000,22.6000000,1.600
542_090101_130416,D,20091023,000000,23.5000000,23.5000000,23.0000000,23.0000000,700
542_090101_130416,D,20091026,000000,22.1030000,24.0500000,22.1010000,23.4000000,2.700
542_090101_130416,D,20091027,000000,23.0000000,23.0000000,21.4010000,22.6000000,2.800
542_090101_130416,D,20091028,000000,23.0000000,23.0000000,21.8400000,21.9000000,5.000
542_090101_130416,D,20091029,000000,21.6880000,21.9050000,21.6010000,21.9050000,1.100
542_090101_130416,D,20091030,000000,22.0000000,22.6480000,22.0000000,22.6000000,1.400
542_090101_130416,D,20091103,000000,22.8000000,22.8000000,22.3500000,22.5000000,1.200
542_090101_130416,D,20091105,000000,22.9000000,23.0000000,22.9000000,23.0000000,700
542_090101_130416,D,20091106,000000,23.4990000,23.4990000,22.5000000,22.5000000,2.500
542_090101_130416,D,20091109,000000,22.7500000,23.0000000,22.5000000,23.0000000,6.300
542_090101_130416,D,20091110,000000,22.1000000,22.9450000,22.0520000,22.7000000,1.900
542_090101_130416,D,20091111,000000,22.7490000,22.7800000,22.7490000,22.7800000,700
542_090101_130416,D,20091112,000000,22.5150000,22.6000000,22.5000000,22.6000000,4.600
542_090101_130416,D,20091113,000000,22.6000000,23.0000000,22.6000000,22.6000000,9.900
542_090101_130416,D,20091116,000000,22.7100000,23.5000000,22.6100000,22.7000000,41.300
542_090101_130416,D,20091117,000000,22.7100000,23.1000000,22.7100000,22.9000000,2.500
542_090101_130416,D,20091118,000000,23.0010000,23.4890000,23.0010000,23.0500000,2.400
542_090101_130416,D,20091119,000000,23.0000000,23.0000000,23.0000000,23.0000000,3.000
542_090101_130416,D,20091120,000000,22.9000000,22.9000000,22.7000000,22.7000000,11.400
542_090101_130416,D,20091123,000000,23.0000000,23.1000000,23.0000000,23.1000000,2.900
542_090101_130416,D,20091124,000000,22.8000000,22.8500000,22.7500000,22.7500000,17.800
542_090101_130416,D,20091125,000000,22.8800000,22.8800000,21.0020000,22.5000000,19.400
542_090101_130416,D,20091126,000000,22.0120000,22.2500000,21.0000000,21.9000000,15.400
542_090101_130416,D,20091127,000000,22.0000000,22.0000000,22.0000000,22.0000000,600
542_090101_130416,D,20091130,000000,21.9000000,21.9000000,21.9000000,21.9000000,200
542_090101_130416,D,20091201,000000,21.9750000,22.2500000,21.9000000,22.0000000,8.200
542_090101_130416,D,20091202,000000,22.5930000,22.9000000,22.4500000,22.4500000,12.200
542_090101_130416,D,20091203,000000,22.0000000,22.0200000,21.7000000,21.7000000,9.500
542_090101_130416,D,20091204,000000,22.0000000,22.0500000,22.0000000,22.0500000,500
542_090101_130416,D,20091207,000000,22.0000000,22.0000000,21.5000000,21.7500000,11.000
542_090101_130416,D,20091208,000000,21.8800000,21.8800000,21.5000000,21.7000000,800
542_090101_130416,D,20091209,000000,21.9000000,21.9000000,21.9000000,21.9000000,100
542_090101_130416,D,20091211,000000,22.0010000,22.0010000,21.8000000,21.9000000,6.400
542_090101_130416,D,20091215,000000,21.6990000,22.1000000,21.6990000,22.0000000,16.900
542_090101_130416,D,20091216,000000,22.1000000,22.1000000,22.1000000,22.1000000,2.500
542_090101_130416,D,20091217,000000,22.2500000,22.4000000,22.2500000,22.4000000,5.000
542_090101_130416,D,20091218,000000,22.4000000,22.5000000,22.0000000,22.0000000,23.500
542_090101_130416,D,20091221,000000,21.9100000,22.5000000,21.9100000,22.4000000,18.100
542_090101_130416,D,20091222,000000,22.4000000,22.8000000,22.4000000,22.4000000,4.000
542_090101_130416,D,20091223,000000,22.3200000,22.3300000,22.3000000,22.3000000,2.900
542_090101_130416,D,20091224,000000,22.4000000,23.0000000,22.2200000,23.0000000,13.100
542_090101_130416,D,20091225,000000,22.6010000,23.9000000,22.6000000,23.0000000,10.500
542_090101_130416,D,20091228,000000,23.2000000,23.2380000,23.2000000,23.2380000,900
542_090101_130416,D,20091229,000000,23.0000000,23.2300000,23.0000000,23.2300000,900
542_090101_130416,D,20091230,000000,22.7310000,22.7310000,22.7000000,22.7000000,3.400
542_090101_130416,D,20091231,000000,22.7380000,22.8000000,22.7380000,22.8000000,1.000
542_090101_130416,D,20100111,000000,22.7000000,23.0000000,22.0000000,22.5500000,9.900
542_090101_130416,D,20100112,000000,22.5500000,22.5500000,22.5500000,22.5500000,500
542_090101_130416,D,20100113,000000,22.6700000,22.7500000,22.6700000,22.7500000,2.300
542_090101_130416,D,20100114,000000,22.9000000,23.9900000,22.8000000,22.8000000,6.100
542_090101_130416,D,20100115,000000,23.0000000,24.0000000,23.0000000,23.3110000,16.100
542_090101_130416,D,20100118,000000,23.2950000,23.2950000,23.2950000,23.2950000,200
542_090101_130416,D,20100119,000000,23.2000000,23.2500000,23.0010000,23.2500000,1.900
542_090101_130416,D,20100120,000000,23.2700000,23.2700000,23.2000000,23.2000000,8.000
542_090101_130416,D,20100121,000000,23.1000000,23.3490000,23.0500000,23.2000000,5.200
542_090101_130416,D,20100122,000000,22.8000000,23.1000000,22.5000000,23.1000000,11.400
542_090101_130416,D,20100125,000000,23.3910000,23.3910000,23.0500000,23.0500000,2.600
542_090101_130416,D,20100126,000000,23.0200000,23.0500000,22.6000000,23.0430000,27.300
542_090101_130416,D,20100127,000000,22.9500000,23.0000000,22.7000000,23.0000000,25.100
542_090101_130416,D,20100128,000000,23.3990000,23.8990000,23.3000000,23.6000000,21.100
542_090101_130416,D,20100129,000000,25.0000000,29.2000000,23.3000000,24.1000000,24.900
542_090101_130416,D,20100201,000000,23.8010000,25.0000000,23.0000000,24.3000000,31.600
542_090101_130416,D,20100202,000000,24.7000000,24.7000000,24.5000000,24.5000000,1.600
542_090101_130416,D,20100203,000000,24.9990000,24.9990000,24.5000000,24.6500000,8.200
542_090101_130416,D,20100204,000000,24.7000000,24.7000000,24.0260000,24.0260000,2.100
542_090101_130416,D,20100205,000000,24.0000000,24.5000000,24.0000000,24.0000000,10.300
542_090101_130416,D,20100208,000000,24.1000000,25.5000000,24.1000000,24.7000000,18.500
542_090101_130416,D,20100209,000000,24.6990000,25.2000000,24.6990000,25.1920000,24.900
542_090101_130416,D,20100210,000000,25.3300000,26.0400000,25.2000000,25.3510000,5.300
542_090101_130416,D,20100211,000000,25.5500000,25.5500000,25.2100000,25.2100000,300
542_090101_130416,D,20100212,000000,25.6000000,26.3000000,25.6000000,25.8250000,4.600
542_090101_130416,D,20100215,000000,26.2950000,26.4000000,26.1000000,26.4000000,4.000
542_090101_130416,D,20100216,000000,26.8000000,27.0510000,26.5850000,26.8000000,23.900
542_090101_130416,D,20100217,000000,26.8500000,27.2000000,26.8500000,27.2000000,3.800
542_090101_130416,D,20100218,000000,27.0950000,27.2000000,27.0950000,27.2000000,5.200
542_090101_130416,D,20100219,000000,27.2000000,27.4000000,27.0100000,27.1800000,21.100
542_090101_130416,D,20100224,000000,27.1000000,27.1000000,27.1000000,27.1000000,200
542_090101_130416,D,20100225,000000,27.0500000,27.0500000,26.5000000,26.5000000,1.300
542_090101_130416,D,20100226,000000,26.2950000,26.3500000,26.0000000,26.3500000,7.500
542_090101_130416,D,20100227,000000,26.4000000,26.5500000,26.4000000,26.4010000,3.500
542_090101_130416,D,20100301,000000,26.7000000,26.9490000,26.7000000,26.9490000,2.200
542_090101_130416,D,20100302,000000,26.7000000,26.7000000,26.5000000,26.5000000,1.000
542_090101_130416,D,20100303,000000,26.5990000,26.7000000,26.5000000,26.7000000,10.700
542_090101_130416,D,20100304,000000,26.8000000,26.8000000,26.7090000,26.7090000,1.700
542_090101_130416,D,20100305,000000,26.0000000,27.1500000,26.0000000,27.1500000,53.900
542_090101_130416,D,20100309,000000,27.0600000,27.3000000,27.0500000,27.0500000,5.100
542_090101_130416,D,20100310,000000,26.9500000,27.2000000,26.8500000,27.0500000,11.100
542_090101_130416,D,20100311,000000,27.0500000,27.0500000,26.7220000,26.7220000,19.300
542_090101_130416,D,20100312,000000,26.9600000,27.0250000,26.7680000,27.0000000,5.000
542_090101_130416,D,20100315,000000,26.9000000,27.0950000,26.5560000,26.7000000,23.500
542_090101_130416,D,20100316,000000,26.7500000,26.9990000,26.7500000,26.9990000,2.900
542_090101_130416,D,20100317,000000,26.9000000,26.9900000,26.5000000,26.7020000,14.900
542_090101_130416,D,20100318,000000,26.9000000,26.9000000,26.7000000,26.9000000,6.100
542_090101_130416,D,20100319,000000,26.8500000,27.3990000,26.8500000,26.9010000,2.200
542_090101_130416,D,20100322,000000,26.9700000,27.3000000,26.9500000,27.3000000,16.100
542_090101_130416,D,20100323,000000,28.0000000,29.2700000,27.0000000,27.6500000,30.600
542_090101_130416,D,20100324,000000,27.5000000,27.6500000,27.4000000,27.4000000,39.200
542_090101_130416,D,20100325,000000,27.4000000,27.4000000,27.2500000,27.2500000,2.700
542_090101_130416,D,20100326,000000,27.3500000,27.7500000,27.1000000,27.3000000,16.200
542_090101_130416,D,20100329,000000,27.2000000,27.3490000,27.0000000,27.0000000,48.400
542_090101_130416,D,20100330,000000,27.0000000,27.3620000,27.0000000,27.3300000,1.400
542_090101_130416,D,20100331,000000,27.4880000,29.3990000,27.4880000,29.3990000,55.000
542_090101_130416,D,20100401,000000,29.9990000,32.1000000,29.0000000,31.6900000,58.100
542_090101_130416,D,20100402,000000,32.0000000,33.9000000,31.5000000,33.5490000,32.800
542_090101_130416,D,20100405,000000,33.8000000,36.4960000,33.5000000,35.9700000,38.500
542_090101_130416,D,20100406,000000,36.1000000,36.1000000,33.9030000,34.3500000,16.600
542_090101_130416,D,20100407,000000,35.0000000,35.0000000,32.9990000,33.2000000,14.200
542_090101_130416,D,20100408,000000,32.3030000,33.1480000,32.3030000,33.1480000,2.700
542_090101_130416,D,20100409,000000,33.4000000,33.7190000,33.4000000,33.7190000,1.500
542_090101_130416,D,20100412,000000,34.0000000,34.0000000,31.1000000,32.7390000,54.000
542_090101_130416,D,20100413,000000,32.5000000,32.7860000,31.0010000,32.2000000,24.700
542_090101_130416,D,20100414,000000,32.5000000,32.6000000,31.9000000,32.6000000,11.400
542_090101_130416,D,20100415,000000,33.0000000,33.0000000,31.7900000,32.3000000,10.800
542_090101_130416,D,20100416,000000,32.6000000,32.6000000,31.8230000,32.0000000,15.100
542_090101_130416,D,20100419,000000,31.0010000,31.9800000,30.6000000,31.9800000,6.300
542_090101_130416,D,20100420,000000,32.0000000,34.2780000,31.7110000,32.5900000,13.600
542_090101_130416,D,20100421,000000,32.1990000,32.5000000,31.0000000,31.9400000,22.800
542_090101_130416,D,20100422,000000,31.5010000,32.0000000,31.4700000,32.0000000,12.400
542_090101_130416,D,20100423,000000,32.0000000,32.0000000,30.5020000,31.8000000,7.000
542_090101_130416,D,20100426,000000,29.1220000,32.0000000,29.1220000,31.5100000,6.200
542_090101_130416,D,20100427,000000,31.5000000,31.8700000,31.4500000,31.8700000,6.100
542_090101_130416,D,20100428,000000,30.7000000,31.9990000,25.1000000,30.9100000,19.700
542_090101_130416,D,20100429,000000,31.0000000,31.6200000,31.0000000,31.4000000,3.600
542_090101_130416,D,20100430,000000,31.4500000,31.9900000,31.4500000,31.5500000,3.700
542_090101_130416,D,20100504,000000,31.0000000,32.2000000,30.7020000,32.1600000,32.200
542_090101_130416,D,20100505,000000,31.0020000,31.8000000,31.0000000,31.8000000,11.300
542_090101_130416,D,20100506,000000,31.1010000,33.9000000,31.1010000,32.0110000,10.700
542_090101_130416,D,20100507,000000,33.5000000,33.8000000,31.7010000,32.4400000,98.100
542_090101_130416,D,20100511,000000,32.0000000,32.9890000,30.0110000,31.0000000,61.300
542_090101_130416,D,20100512,000000,30.2000000,30.2000000,27.0000000,28.6600000,32.200
542_090101_130416,D,20100513,000000,28.6500000,28.6500000,27.1130000,28.1900000,45.700
542_090101_130416,D,20100514,000000,27.5000000,27.5000000,26.5000000,27.0500000,27.000
542_090101_130416,D,20100517,000000,27.0000000,27.0000000,26.0040000,26.8980000,1.200
542_090101_130416,D,20100518,000000,27.0000000,27.0500000,26.8000000,27.0000000,700
542_090101_130416,D,20100519,000000,26.5000000,26.8850000,26.0010000,26.5500000,27.400
542_090101_130416,D,20100520,000000,26.9450000,31.8990000,26.0000000,26.8800000,9.700
542_090101_130416,D,20100521,000000,26.8000000,26.8000000,25.5010000,26.0000000,10.500
542_090101_130416,D,20100524,000000,26.2000000,26.6700000,25.9500000,26.4000000,7.100
542_090101_130416,D,20100525,000000,26.5000000,26.9400000,26.5000000,26.5000000,20.900
542_090101_130416,D,20100526,000000,26.5000000,26.5000000,25.5000000,26.2200000,14.600
542_090101_130416,D,20100527,000000,26.3330000,26.5000000,26.0000000,26.3000000,7.000
542_090101_130416,D,20100528,000000,26.5000000,26.5000000,26.1600000,26.5000000,22.900
542_090101_130416,D,20100531,000000,26.5500000,29.9000000,26.5500000,27.0500000,14.700
542_090101_130416,D,20100601,000000,27.1120000,27.1120000,26.6800000,27.0000000,8.100
542_090101_130416,D,20100602,000000,27.0000000,27.0000000,26.8500000,26.8500000,900
542_090101_130416,D,20100603,000000,26.8800000,27.0900000,26.7000000,27.0900000,9.700
542_090101_130416,D,20100604,000000,27.0500000,27.1000000,26.9510000,26.9510000,2.800
542_090101_130416,D,20100607,000000,27.0000000,27.0000000,26.6800000,26.6800000,6.200
542_090101_130416,D,20100608,000000,25.5050000,26.9000000,25.5050000,26.4800000,7.700
542_090101_130416,D,20100609,000000,26.5000000,26.5000000,26.4000000,26.4000000,3.600
542_090101_130416,D,20100610,000000,26.5000000,26.5000000,25.7500000,26.0000000,20.100
542_090101_130416,D,20100611,000000,26.0610000,26.0610000,25.8000000,25.9500000,600
542_090101_130416,D,20100615,000000,26.2300000,26.2450000,25.9000000,25.9600000,9.400
542_090101_130416,D,20100617,000000,26.0100000,26.0100000,25.5000000,25.9500000,7.300
542_090101_130416,D,20100618,000000,26.0000000,26.2820000,26.0000000,26.2820000,1.700
542_090101_130416,D,20100621,000000,26.0500000,26.5420000,25.7000000,25.9050000,46.700
542_090101_130416,D,20100622,000000,26.7000000,26.7000000,26.1600000,26.1600000,21.900
542_090101_130416,D,20100623,000000,25.9000000,26.3300000,25.6010000,26.3300000,73.300
542_090101_130416,D,20100624,000000,26.1000000,26.3500000,25.7000000,26.3500000,66.100
542_090101_130416,D,20100625,000000,26.2000000,26.2000000,26.2000000,26.2000000,3.300
542_090101_130416,D,20100628,000000,26.0950000,26.3790000,25.3330000,25.5010000,4.700
542_090101_130416,D,20100629,000000,25.2670000,25.5730000,25.0570000,25.0570000,3.200
542_090101_130416,D,20100630,000000,25.4000000,26.0000000,25.4000000,25.7000000,6.800
542_090101_130416,D,20100701,000000,25.3500000,25.6000000,25.0000000,25.6000000,11.800
542_090101_130416,D,20100702,000000,25.7000000,25.7000000,25.2000000,25.4000000,8.300
542_090101_130416,D,20100705,000000,25.4000000,25.4000000,25.2500000,25.3920000,300
542_090101_130416,D,20100706,000000,25.4500000,25.7500000,25.3500000,25.7500000,4.900
542_090101_130416,D,20100707,000000,25.5500000,25.5500000,21.1500000,25.2500000,16.700
542_090101_130416,D,20100708,000000,25.3000000,25.5000000,25.0000000,25.2400000,6.700
542_090101_130416,D,20100709,000000,25.2700000,25.3000000,25.2000000,25.3000000,4.500
542_090101_130416,D,20100712,000000,25.2000000,25.2500000,25.0000000,25.2500000,4.300
542_090101_130416,D,20100713,000000,25.7000000,26.0000000,25.3000000,25.6000000,11.200
542_090101_130416,D,20100714,000000,25.8000000,26.2000000,25.8000000,26.1000000,1.700
542_090101_130416,D,20100715,000000,25.9000000,25.9000000,25.7000000,25.8000000,2.700
542_090101_130416,D,20100716,000000,25.8100000,25.8400000,25.7500000,25.7500000,1.800
542_090101_130416,D,20100719,000000,25.8000000,25.8000000,25.2000000,25.4700000,6.800
542_090101_130416,D,20100720,000000,25.7000000,25.7000000,25.5000000,25.5500000,3.100
542_090101_130416,D,20100721,000000,25.5500000,25.7000000,25.3920000,25.4900000,24.500
542_090101_130416,D,20100722,000000,25.5000000,25.6500000,25.3500000,25.6000000,36.200
542_090101_130416,D,20100723,000000,25.7500000,25.9500000,25.7000000,25.7000000,19.100
542_090101_130416,D,20100726,000000,25.6300000,26.0000000,25.4000000,25.7000000,22.000
542_090101_130416,D,20100727,000000,25.7000000,25.8500000,25.1150000,25.8500000,50.700
542_090101_130416,D,20100728,000000,25.5600000,25.8000000,25.5500000,25.7000000,5.900
542_090101_130416,D,20100729,000000,25.4100000,25.5500000,25.2000000,25.5500000,51.400
542_090101_130416,D,20100730,000000,25.6000000,25.6400000,25.2530000,25.2530000,16.500
542_090101_130416,D,20100802,000000,25.5490000,25.6990000,25.5490000,25.6990000,400
542_090101_130416,D,20100803,000000,25.7900000,26.0000000,25.7770000,25.7790000,30.800
542_090101_130416,D,20100804,000000,25.7700000,26.0230000,25.7700000,26.0230000,12.200
542_090101_130416,D,20100805,000000,26.2100000,27.2100000,25.9010000,26.0000000,2.200
542_090101_130416,D,20100806,000000,26.0000000,26.0000000,25.9990000,25.9990000,1.200
542_090101_130416,D,20100809,000000,25.7000000,25.7500000,25.7000000,25.7500000,7.900
542_090101_130416,D,20100810,000000,25.7010000,25.7200000,25.5400000,25.5800000,2.000
542_090101_130416,D,20100811,000000,25.1600000,25.5670000,25.1600000,25.5100000,800
542_090101_130416,D,20100812,000000,25.2500000,25.3100000,25.2500000,25.2500000,3.100
542_090101_130416,D,20100813,000000,25.3000000,25.9000000,25.3000000,25.8000000,11.500
542_090101_130416,D,20100816,000000,25.9990000,25.9990000,25.4000000,25.7500000,10.100
542_090101_130416,D,20100817,000000,25.9900000,26.2000000,25.9110000,26.2000000,14.700
542_090101_130416,D,20100818,000000,26.9990000,26.9990000,25.9000000,26.1900000,7.800
542_090101_130416,D,20100819,000000,26.2000000,26.2500000,25.7500000,26.0000000,27.300
542_090101_130416,D,20100820,000000,25.9500000,26.0000000,25.8500000,25.8510000,22.400
542_090101_130416,D,20100823,000000,26.0000000,26.2990000,25.9700000,26.0000000,7.700
542_090101_130416,D,20100824,000000,26.0000000,26.0000000,25.5500000,25.5500000,16.000
542_090101_130416,D,20100825,000000,25.7000000,26.0000000,25.7000000,25.8500000,5.300
542_090101_130416,D,20100826,000000,25.8000000,25.8800000,25.6500000,25.8800000,13.900
542_090101_130416,D,20100827,000000,25.9490000,28.0000000,25.8000000,26.2000000,64.500
542_090101_130416,D,20100830,000000,26.2610000,27.2500000,26.1010000,27.2500000,31.500
542_090101_130416,D,20100831,000000,27.2290000,32.3200000,27.2290000,27.5990000,56.100
542_090101_130416,D,20100901,000000,27.6000000,27.9920000,27.6000000,27.9920000,2.400
542_090101_130416,D,20100902,000000,28.5900000,28.5900000,27.0010000,27.5000000,12.700
542_090101_130416,D,20100903,000000,27.9520000,28.9500000,27.7000000,28.9500000,15.600
542_090101_130416,D,20100906,000000,28.5000000,30.8000000,28.5000000,30.1190000,23.200
542_090101_130416,D,20100907,000000,30.0000000,30.8440000,30.0000000,30.1000000,13.300
542_090101_130416,D,20100908,000000,31.0000000,31.4970000,29.5000000,29.8000000,23.400
542_090101_130416,D,20100909,000000,29.8800000,30.0980000,29.8500000,30.0000000,7.600
542_090101_130416,D,20100910,000000,30.1510000,30.5000000,29.7300000,29.7300000,16.200
542_090101_130416,D,20100913,000000,29.8100000,30.0000000,28.0000000,30.0000000,26.400
542_090101_130416,D,20100914,000000,29.7030000,30.0000000,29.7000000,29.7000000,8.500
542_090101_130416,D,20100915,000000,29.9000000,30.3000000,29.9000000,30.0000000,4.200
542_090101_130416,D,20100916,000000,30.0000000,30.1110000,29.9000000,30.0000000,8.200
542_090101_130416,D,20100917,000000,30.0990000,30.1000000,30.0010000,30.0010000,1.100
542_090101_130416,D,20100920,000000,30.0000000,30.0000000,29.0030000,29.8500000,11.400
542_090101_130416,D,20100921,000000,29.7200000,30.2500000,29.7200000,30.2000000,3.300
542_090101_130416,D,20100922,000000,30.2000000,30.2500000,29.1100000,30.1000000,9.600
542_090101_130416,D,20100923,000000,30.0000000,30.0010000,29.4110000,29.7000000,24.000
542_090101_130416,D,20100924,000000,29.5990000,30.5000000,29.5990000,30.5000000,28.900
542_090101_130416,D,20100927,000000,30.6040000,31.5000000,30.6040000,31.3000000,19.400
542_090101_130416,D,20100928,000000,30.4010000,31.5000000,30.4010000,31.1530000,7.700
542_090101_130416,D,20100929,000000,31.2000000,31.6000000,30.7030000,31.6000000,2.200
542_090101_130416,D,20100930,000000,31.3110000,31.7900000,31.0000000,31.6000000,3.300
542_090101_130416,D,20101001,000000,31.5000000,32.1290000,31.5000000,32.0500000,11.600
542_090101_130416,D,20101004,000000,32.0600000,32.1500000,31.9010000,32.1500000,13.300
542_090101_130416,D,20101005,000000,32.2350000,32.7500000,32.2350000,32.3400000,11.300
542_090101_130416,D,20101006,000000,32.3300000,32.3300000,32.3300000,32.3300000,200
542_090101_130416,D,20101007,000000,32.2360000,32.2360000,31.9010000,31.9010000,20.200
542_090101_130416,D,20101008,000000,31.6010000,31.7000000,31.3000000,31.7000000,22.000
542_090101_130416,D,20101011,000000,31.9160000,32.7950000,31.6500000,32.0000000,11.200
542_090101_130416,D,20101012,000000,32.0000000,32.0000000,31.9000000,31.9000000,3.800
542_090101_130416,D,20101013,000000,32.1000000,32.5000000,32.1000000,32.3000000,3.500
542_090101_130416,D,20101014,000000,32.0010000,32.0010000,31.5000000,31.9500000,5.600
542_090101_130416,D,20101015,000000,31.9910000,32.5000000,31.7590000,31.7590000,25.500
542_090101_130416,D,20101018,000000,31.6010000,32.0000000,31.1000000,31.9890000,5.000
542_090101_130416,D,20101019,000000,31.6020000,32.1000000,31.0210000,32.0000000,6.700
542_090101_130416,D,20101020,000000,31.6790000,31.9500000,31.0200000,31.9500000,8.800
542_090101_130416,D,20101021,000000,31.9910000,32.0500000,31.9910000,32.0000000,2.400
542_090101_130416,D,20101022,000000,31.9000000,31.9000000,31.8990000,31.9000000,9.500
542_090101_130416,D,20101025,000000,31.9030000,32.0000000,31.9030000,32.0000000,4.300
542_090101_130416,D,20101026,000000,32.0700000,33.0000000,32.0000000,32.0000000,9.700
542_090101_130416,D,20101027,000000,31.6780000,32.0000000,31.5990000,31.8000000,12.900
542_090101_130416,D,20101028,000000,32.0000000,32.4990000,31.7500000,32.0000000,21.400
542_090101_130416,D,20101029,000000,32.2370000,32.4990000,31.9500000,32.4500000,30.200
542_090101_130416,D,20101101,000000,32.5590000,33.0000000,32.4700000,33.0000000,46.200
542_090101_130416,D,20101102,000000,32.7500000,33.0000000,32.7500000,33.0000000,8.500
542_090101_130416,D,20101103,000000,33.0000000,34.3000000,32.9000000,33.4720000,46.600
542_090101_130416,D,20101108,000000,33.6770000,34.3650000,32.0000000,32.3000000,33.100
542_090101_130416,D,20101109,000000,32.7000000,33.5000000,32.2990000,33.0000000,37.800
542_090101_130416,D,20101110,000000,32.5990000,33.2490000,32.5020000,32.7000000,4.900
542_090101_130416,D,20101111,000000,32.9990000,34.0000000,32.9990000,34.0000000,22.900
542_090101_130416,D,20101112,000000,33.5290000,34.2400000,33.1100000,34.2400000,30.900
542_090101_130416,D,20101113,000000,34.2950000,34.3650000,33.9020000,34.0000000,6.100
542_090101_130416,D,20101115,000000,34.0000000,34.1770000,34.0000000,34.0000000,17.200
542_090101_130416,D,20101116,000000,33.8710000,34.0330000,33.0060000,34.0330000,7.400
542_090101_130416,D,20101117,000000,33.9990000,34.5300000,33.9990000,34.4000000,10.300
542_090101_130416,D,20101118,000000,34.3640000,34.5000000,33.7010000,33.7110000,8.600
542_090101_130416,D,20101119,000000,34.0000000,34.0000000,34.0000000,34.0000000,100
542_090101_130416,D,20101122,000000,33.7010000,33.7010000,33.6140000,33.6140000,1.300
542_090101_130416,D,20101123,000000,33.6470000,34.9900000,33.6470000,33.8010000,18.100
542_090101_130416,D,20101124,000000,33.6770000,34.9900000,33.5000000,34.6000000,10.000
542_090101_130416,D,20101125,000000,35.0000000,35.0000000,34.9000000,35.0000000,2.000
542_090101_130416,D,20101126,000000,35.1160000,35.1190000,35.1160000,35.1190000,500
542_090101_130416,D,20101129,000000,35.4980000,36.9000000,35.1020000,36.8010000,28.000
542_090101_130416,D,20101130,000000,36.4990000,36.7600000,35.1020000,36.6100000,10.300
542_090101_130416,D,20101201,000000,36.2020000,36.2390000,35.1010000,36.2000000,9.000
542_090101_130416,D,20101202,000000,36.2400000,36.4980000,36.2400000,36.4980000,500
542_090101_130416,D,20101203,000000,36.0310000,36.1010000,35.7010000,36.0980000,7.700
542_090101_130416,D,20101206,000000,36.0970000,36.0970000,35.6990000,35.7220000,12.300
542_090101_130416,D,20101207,000000,35.9990000,36.4870000,35.1030000,36.2600000,4.900
542_090101_130416,D,20101208,000000,36.2100000,36.2100000,36.2000000,36.2000000,300
542_090101_130416,D,20101209,000000,36.4270000,36.4290000,35.9500000,36.1000000,10.900
542_090101_130416,D,20101210,000000,36.1000000,36.2000000,36.0000000,36.2000000,10.600
542_090101_130416,D,20101213,000000,35.8990000,35.9000000,35.8990000,35.9000000,2.600
542_090101_130416,D,20101214,000000,36.4570000,36.4570000,36.1500000,36.1500000,2.100
542_090101_130416,D,20101215,000000,35.9030000,35.9030000,35.8890000,35.9000000,7.900
542_090101_130416,D,20101216,000000,36.2000000,36.2000000,35.8210000,36.2000000,2.500
542_090101_130416,D,20101217,000000,36.2900000,36.3000000,35.8100000,35.8100000,1.900
542_090101_130416,D,20101220,000000,36.1540000,36.1770000,36.1540000,36.1770000,1.300
542_090101_130416,D,20101221,000000,36.3800000,36.3800000,35.8210000,36.0000000,53.100
542_090101_130416,D,20101222,000000,36.0000000,36.1500000,35.9000000,35.9000000,35.900
542_090101_130416,D,20101223,000000,35.8500000,36.1340000,35.7930000,35.8490000,700
542_090101_130416,D,20101224,000000,35.7600000,36.1700000,35.7600000,36.1700000,300
542_090101_130416,D,20101227,000000,36.0000000,36.0000000,35.9000000,35.9000000,900
542_090101_130416,D,20101228,000000,35.9000000,36.0600000,35.8010000,35.8010000,50.600
542_090101_130416,D,20101229,000000,35.8500000,36.1440000,35.8010000,36.1440000,3.400
542_090101_130416,D,20101230,000000,36.2800000,36.4000000,35.5000000,35.8000000,22.300
542_090101_130416,D,20110111,000000,35.5510000,36.4590000,35.5510000,36.3900000,56.500
542_090101_130416,D,20110112,000000,35.8510000,36.2000000,35.0000000,36.2000000,15.300
542_090101_130416,D,20110113,000000,35.8150000,36.1900000,35.8150000,36.0100000,4.200
542_090101_130416,D,20110114,000000,36.0000000,36.0790000,35.8010000,36.0790000,4.100
542_090101_130416,D,20110117,000000,36.1500000,36.2500000,36.0010000,36.2000000,1.700
542_090101_130416,D,20110118,000000,36.2000000,36.2100000,35.9990000,36.2100000,29.800
542_090101_130416,D,20110119,000000,36.2000000,36.2500000,35.9990000,36.1000000,43.300
542_090101_130416,D,20110120,000000,36.0010000,36.7000000,36.0000000,36.4000000,19.900
542_090101_130416,D,20110121,000000,36.0010000,36.4000000,35.9780000,36.1850000,16.100
542_090101_130416,D,20110124,000000,36.0520000,39.7070000,35.9000000,38.3180000,198.700
542_090101_130416,D,20110125,000000,37.0000000,38.5000000,37.0000000,37.4890000,5.600
542_090101_130416,D,20110126,000000,36.7480000,37.5000000,36.7480000,37.5000000,26.800
542_090101_130416,D,20110127,000000,37.1010000,37.8000000,37.0990000,37.4900000,61.700
542_090101_130416,D,20110128,000000,37.2010000,38.3110000,37.1810000,38.3110000,31.600
542_090101_130416,D,20110131,000000,38.4480000,38.8000000,37.9000000,38.3500000,19.600
542_090101_130416,D,20110201,000000,37.7370000,39.9800000,37.7370000,39.9800000,26.300
542_090101_130416,D,20110202,000000,39.4100000,40.0000000,39.4000000,39.5500000,37.400
542_090101_130416,D,20110203,000000,40.4990000,40.7000000,39.6200000,40.5920000,3.400
542_090101_130416,D,20110204,000000,40.0060000,41.5000000,37.5000000,41.5000000,65.400
542_090101_130416,D,20110207,000000,40.9000000,43.0000000,40.3950000,42.0000000,43.000
542_090101_130416,D,20110208,000000,41.8530000,44.0000000,41.7910000,43.8440000,41.200
542_090101_130416,D,20110209,000000,43.7800000,44.0000000,39.0010000,42.6570000,38.400
542_090101_130416,D,20110210,000000,42.7500000,44.0000000,42.0000000,42.7000000,18.800
542_090101_130416,D,20110211,000000,43.6940000,44.1050000,42.9010000,43.4990000,13.200
542_090101_130416,D,20110214,000000,43.9930000,44.2090000,43.4490000,43.9990000,9.900
542_090101_130416,D,20110215,000000,43.0010000,43.9990000,43.0010000,43.7500000,6.200
542_090101_130416,D,20110216,000000,43.7500000,44.1000000,43.5510000,43.5520000,37.000
542_090101_130416,D,20110217,000000,43.6990000,44.0000000,43.5610000,43.5610000,9.700
542_090101_130416,D,20110218,000000,43.7000000,43.7000000,43.4510000,43.6500000,5.800
542_090101_130416,D,20110221,000000,43.4110000,44.0000000,42.9110000,43.0000000,6.600
542_090101_130416,D,20110222,000000,42.9030000,43.9930000,42.8010000,43.9930000,2.500
542_090101_130416,D,20110224,000000,42.8540000,43.4640000,42.5490000,43.0960000,11.600
542_090101_130416,D,20110225,000000,43.3240000,43.4350000,42.5020000,43.1020000,12.400
542_090101_130416,D,20110228,000000,43.2140000,44.0000000,42.7110000,43.2310000,3.900
542_090101_130416,D,20110301,000000,43.9940000,43.9940000,43.2000000,43.2000000,4.400
542_090101_130416,D,20110302,000000,43.8640000,43.9980000,43.0000000,43.5960000,14.200
542_090101_130416,D,20110303,000000,43.4520000,50.0000000,43.4520000,46.2500000,86.200
542_090101_130416,D,20110304,000000,46.1260000,46.8000000,44.9040000,45.5730000,57.000
542_090101_130416,D,20110305,000000,45.1990000,46.4480000,44.9150000,46.1500000,72.500
542_090101_130416,D,20110309,000000,47.9990000,47.9990000,44.0010000,47.3330000,52.600
542_090101_130416,D,20110310,000000,47.3340000,47.7140000,45.9900000,46.5000000,34.400
542_090101_130416,D,20110311,000000,46.2010000,46.2010000,45.3750000,45.9000000,81.000
542_090101_130416,D,20110314,000000,46.0000000,46.1950000,45.9000000,46.0000000,12.600
542_090101_130416,D,20110315,000000,46.2860000,46.2860000,45.0000000,45.0000000,16.500
542_090101_130416,D,20110316,000000,45.8970000,46.1950000,44.8000000,45.3500000,30.600
542_090101_130416,D,20110317,000000,45.4360000,47.0000000,44.7500000,44.7500000,33.900
542_090101_130416,D,20110318,000000,45.3080000,46.4480000,45.1000000,45.5990000,133.600
542_090101_130416,D,20110321,000000,46.3800000,46.3800000,45.3600000,45.5490000,9.700
542_090101_130416,D,20110322,000000,46.0510000,46.9000000,45.0000000,45.3700000,11.400
542_090101_130416,D,20110323,000000,45.5630000,45.5630000,44.5010000,45.1820000,45.100
542_090101_130416,D,20110324,000000,45.8990000,46.3000000,45.0000000,45.2500000,21.800
542_090101_130416,D,20110325,000000,46.2940000,46.3000000,45.5000000,45.7500000,27.800
542_090101_130416,D,20110328,000000,45.3010000,46.2850000,45.3010000,45.6000000,6.900
542_090101_130416,D,20110329,000000,45.6000000,45.9000000,45.5100000,45.5200000,44.000
542_090101_130416,D,20110330,000000,46.0670000,46.0670000,45.0020000,45.6600000,11.300
542_090101_130416,D,20110331,000000,45.7670000,46.2800000,45.6280000,45.9900000,3.300
542_090101_130416,D,20110401,000000,46.0270000,46.3000000,46.0000000,46.3000000,8.100
542_090101_130416,D,20110404,000000,46.3220000,46.4000000,45.5000000,45.6250000,35.400
542_090101_130416,D,20110405,000000,45.8800000,46.0000000,45.5110000,45.9980000,5.900
542_090101_130416,D,20110406,000000,46.0000000,46.0000000,45.0000000,45.1000000,24.200
542_090101_130416,D,20110407,000000,45.0000000,45.3000000,45.0000000,45.3000000,4.500
542_090101_130416,D,20110408,000000,45.4570000,46.0000000,44.9230000,44.9500000,13.900
542_090101_130416,D,20110411,000000,45.0000000,45.9960000,44.9200000,45.5550000,48.500
542_090101_130416,D,20110412,000000,45.9890000,46.0000000,44.9080000,44.9080000,10.400
542_090101_130416,D,20110413,000000,44.9000000,45.0000000,44.8010000,45.0000000,20.000
542_090101_130416,D,20110414,000000,44.9570000,45.1990000,44.8000000,45.0000000,8.800
542_090101_130416,D,20110415,000000,45.3390000,45.3390000,44.5000000,44.5000000,33.600
542_090101_130416,D,20110418,000000,44.9970000,44.9980000,42.9180000,43.0000000,51.000
542_090101_130416,D,20110419,000000,42.9970000,43.7900000,42.9970000,43.7900000,13.200
542_090101_130416,D,20110420,000000,43.5000000,44.9000000,43.1440000,44.4850000,37.600
542_090101_130416,D,20110421,000000,44.0030000,44.0040000,43.1440000,43.9170000,5.700
542_090101_130416,D,20110422,000000,43.5790000,43.7000000,43.5780000,43.5790000,11.600
542_090101_130416,D,20110425,000000,43.3750000,43.7000000,43.1500000,43.5000000,27.700
542_090101_130416,D,20110426,000000,43.3070000,44.0000000,43.3070000,43.5000000,15.300
542_090101_130416,D,20110427,000000,43.9890000,44.0000000,43.2870000,43.2870000,26.200
542_090101_130416,D,20110428,000000,43.9150000,43.9150000,43.1440000,43.1440000,400
542_090101_130416,D,20110429,000000,43.6970000,43.6980000,42.5070000,43.0000000,3.000
542_090101_130416,D,20110503,000000,42.5040000,42.8760000,42.5010000,42.5010000,1.600
542_090101_130416,D,20110504,000000,42.5010000,43.0500000,42.5000000,42.5000000,3.400
542_090101_130416,D,20110505,000000,42.3800000,42.3800000,41.0000000,41.2000000,13.900
542_090101_130416,D,20110506,000000,41.1250000,41.5130000,40.0010000,41.0210000,13.600
542_090101_130416,D,20110510,000000,41.1000000,41.1000000,40.3000000,40.5000000,18.800
542_090101_130416,D,20110511,000000,41.2000000,44.0000000,41.2000000,42.7030000,422.200
542_090101_130416,D,20110512,000000,39.5010000,39.5010000,36.3000000,36.6070000,162.700
542_090101_130416,D,20110513,000000,37.0820000,37.0820000,36.1200000,36.5070000,19.800
542_090101_130416,D,20110516,000000,36.5070000,38.0000000,35.9000000,37.7160000,39.500
542_090101_130416,D,20110517,000000,38.0030000,38.0030000,36.1200000,37.1400000,26.400
542_090101_130416,D,20110518,000000,37.5870000,37.9680000,37.0000000,37.2980000,2.700
542_090101_130416,D,20110519,000000,37.4490000,37.4490000,36.8770000,36.8770000,800
542_090101_130416,D,20110520,000000,36.9510000,37.3000000,36.6250000,37.0810000,2.100
542_090101_130416,D,20110523,000000,35.5030000,37.9900000,35.5020000,36.6260000,10.000
542_090101_130416,D,20110524,000000,37.1980000,37.1980000,37.1980000,37.1980000,100
542_090101_130416,D,20110525,000000,37.2050000,38.0000000,37.2050000,37.9600000,40.100
542_090101_130416,D,20110526,000000,38.0950000,39.8700000,36.1000000,38.2510000,22.800
542_090101_130416,D,20110527,000000,38.8520000,39.4690000,38.0000000,38.4500000,10.900
542_090101_130416,D,20110530,000000,38.4750000,38.7260000,38.0000000,38.2190000,5.700
542_090101_130416,D,20110531,000000,37.9980000,38.9960000,37.9980000,38.9960000,15.900
542_090101_130416,D,20110601,000000,38.5000000,38.5000000,38.1100000,38.4970000,3.200
542_090101_130416,D,20110602,000000,38.0000000,38.1900000,37.8000000,37.8750000,6.100
542_090101_130416,D,20110603,000000,39.4900000,39.4900000,37.7500000,38.2210000,62.800
542_090101_130416,D,20110606,000000,38.2220000,39.7500000,38.0000000,38.1900000,2.800
542_090101_130416,D,20110607,000000,37.9240000,38.3330000,36.9000000,38.3330000,17.100
542_090101_130416,D,20110608,000000,37.7520000,38.4990000,37.7000000,38.3190000,13.100
542_090101_130416,D,20110609,000000,38.2990000,38.2990000,37.0110000,38.0500000,19.000
542_090101_130416,D,20110610,000000,38.5000000,38.5000000,37.5000000,38.0500000,6.300
542_090101_130416,D,20110614,000000,37.0110000,38.9920000,37.0110000,38.3980000,13.000
542_090101_130416,D,20110615,000000,37.8290000,38.9970000,37.8000000,38.1500000,45.300
542_090101_130416,D,20110616,000000,38.1490000,38.1490000,37.1000000,37.7290000,17.700
542_090101_130416,D,20110617,000000,37.9660000,38.0000000,37.9600000,38.0000000,4.500
542_090101_130416,D,20110620,000000,37.0220000,38.0920000,37.0100000,37.9990000,1.700
542_090101_130416,D,20110621,000000,38.8990000,38.9990000,37.1000000,37.6500000,13.700
542_090101_130416,D,20110622,000000,37.6500000,37.7500000,37.5000000,37.7500000,3.900
542_090101_130416,D,20110623,000000,37.8420000,38.0490000,37.7340000,37.7340000,2.000
542_090101_130416,D,20110624,000000,37.0190000,37.5000000,36.9100000,36.9100000,32.800
542_090101_130416,D,20110627,000000,37.9990000,38.2180000,36.8300000,36.8300000,11.700
542_090101_130416,D,20110628,000000,37.8300000,38.0000000,36.9000000,37.0000000,42.200
542_090101_130416,D,20110629,000000,37.4990000,37.4990000,37.0000000,37.0000000,23.700
542_090101_130416,D,20110630,000000,37.4630000,37.4700000,36.2500000,36.2500000,20.000
542_090101_130416,D,20110701,000000,36.7030000,37.3360000,36.7030000,37.0060000,15.400
542_090101_130416,D,20110704,000000,37.4510000,37.4510000,37.0000000,37.4500000,6.600
542_090101_130416,D,20110705,000000,37.0020000,37.4530000,37.0020000,37.4500000,8.100
542_090101_130416,D,20110706,000000,37.3000000,37.3000000,37.0000000,37.2000000,15.800
542_090101_130416,D,20110707,000000,37.0010000,37.3140000,37.0010000,37.0020000,16.200
542_090101_130416,D,20110708,000000,37.0020000,37.9650000,37.0000000,37.2490000,16.000
542_090101_130416,D,20110711,000000,37.4000000,37.5870000,37.0000000,37.0000000,19.600
542_090101_130416,D,20110712,000000,36.8660000,37.9940000,36.8660000,37.0000000,1.300
542_090101_130416,D,20110713,000000,36.9100000,37.7710000,36.6000000,36.7000000,13.400
542_090101_130416,D,20110714,000000,36.9910000,36.9920000,36.6000000,36.8660000,7.300
542_090101_130416,D,20110715,000000,36.5500000,36.9130000,36.5500000,36.9130000,1.200
542_090101_130416,D,20110718,000000,36.8530000,36.8540000,36.8010000,36.8010000,500
542_090101_130416,D,20110719,000000,36.6080000,37.0020000,36.6010000,37.0000000,7.200
542_090101_130416,D,20110720,000000,37.0000000,37.0000000,36.5200000,36.8400000,14.200
542_090101_130416,D,20110721,000000,36.9980000,37.0000000,36.9980000,36.9980000,700
542_090101_130416,D,20110722,000000,36.9990000,37.0000000,36.8500000,36.8500000,3.700
542_090101_130416,D,20110725,000000,36.8000000,37.0020000,36.6000000,36.6680000,12.800
542_090101_130416,D,20110726,000000,37.0000000,37.0040000,36.1000000,36.2500000,30.800
542_090101_130416,D,20110727,000000,36.1100000,36.9300000,36.1000000,36.3000000,26.000
542_090101_130416,D,20110728,000000,36.4280000,36.4280000,36.0000000,36.0000000,39.000
542_090101_130416,D,20110729,000000,35.8520000,36.3600000,35.6300000,35.7220000,11.000
542_090101_130416,D,20110801,000000,36.1960000,36.4690000,35.5110000,36.0000000,19.900
542_090101_130416,D,20110802,000000,36.3230000,36.4700000,36.0000000,36.0000000,23.100
542_090101_130416,D,20110803,000000,36.0600000,36.1200000,35.0000000,35.0000000,22.100
542_090101_130416,D,20110804,000000,35.2750000,36.3330000,34.2800000,34.9720000,50.400
542_090101_130416,D,20110805,000000,34.0200000,34.9900000,33.0200000,33.9000000,38.600
542_090101_130416,D,20110808,000000,33.0350000,34.3260000,31.0200000,33.5330000,30.100
542_090101_130416,D,20110809,000000,30.3010000,33.8000000,28.0000000,33.7990000,73.000
542_090101_130416,D,20110810,000000,32.5000000,32.9990000,28.3020000,31.0000000,58.500
542_090101_130416,D,20110811,000000,29.9830000,32.9900000,28.7800000,30.0000000,77.100
542_090101_130416,D,20110812,000000,30.8450000,34.0000000,29.0700000,31.2000000,29.000
542_090101_130416,D,20110815,000000,32.0000000,33.0000000,30.9000000,32.0000000,25.800
542_090101_130416,D,20110816,000000,32.6530000,34.9990000,31.7570000,31.8100000,8.600
542_090101_130416,D,20110817,000000,31.5030000,32.2540000,31.5030000,31.9500000,33.200
542_090101_130416,D,20110818,000000,31.9490000,31.9490000,31.0000000,31.0000000,4.300
542_090101_130416,D,20110819,000000,30.8010000,31.5120000,30.0000000,30.3970000,21.900
542_090101_130416,D,20110822,000000,29.9520000,30.5990000,29.3000000,29.8000000,33.500
542_090101_130416,D,20110823,000000,30.0200000,30.2000000,29.4000000,30.2000000,85.000
542_090101_130416,D,20110824,000000,30.5000000,30.5000000,29.4100000,30.4000000,31.400
542_090101_130416,D,20110825,000000,30.8000000,31.5140000,29.5000000,29.9990000,8.200
542_090101_130416,D,20110826,000000,30.0000000,30.4900000,29.4000000,30.4900000,7.000
542_090101_130416,D,20110829,000000,30.9960000,30.9960000,29.6010000,29.7900000,59.700
542_090101_130416,D,20110830,000000,30.0010000,30.4990000,29.1000000,29.1000000,86.500
542_090101_130416,D,20110831,000000,29.1000000,29.6160000,28.6200000,29.1000000,161.900
542_090101_130416,D,20110901,000000,29.1500000,29.4960000,28.6200000,29.0000000,37.800
542_090101_130416,D,20110902,000000,29.0000000,29.0000000,28.5100000,28.5100000,13.000
542_090101_130416,D,20110905,000000,28.1810000,28.6990000,28.0400000,28.3490000,53.600
542_090101_130416,D,20110906,000000,28.3000000,28.5000000,27.4000000,27.5360000,174.600
542_090101_130416,D,20110907,000000,27.5000000,28.4000000,27.4070000,27.5000000,219.100
542_090101_130416,D,20110908,000000,27.5000000,27.5000000,26.6000000,26.9990000,200.800
542_090101_130416,D,20110909,000000,27.2090000,27.2090000,26.8000000,27.0000000,13.200
542_090101_130416,D,20110912,000000,26.4050000,27.0080000,26.0000000,26.1990000,45.600
542_090101_130416,D,20110913,000000,26.1010000,26.3000000,25.9000000,26.0000000,80.300
542_090101_130416,D,20110914,000000,26.0000000,26.1000000,25.9500000,25.9500000,38.000
542_090101_130416,D,20110915,000000,25.7540000,26.4990000,25.7540000,26.1980000,49.500
542_090101_130416,D,20110916,000000,26.2000000,26.3500000,25.7050000,26.0700000,39.000
542_090101_130416,D,20110919,000000,25.8380000,25.8490000,25.5000000,25.7690000,46.100
542_090101_130416,D,20110920,000000,25.6450000,25.9440000,25.5000000,25.9370000,11.200
542_090101_130416,D,20110921,000000,25.9490000,26.2000000,24.9990000,25.3990000,67.300
542_090101_130416,D,20110922,000000,24.7570000,25.0000000,23.4000000,23.7300000,70.000
542_090101_130416,D,20110923,000000,23.0040000,24.4990000,22.0810000,23.9980000,36.100
542_090101_130416,D,20110926,000000,23.0000000,24.4270000,23.0000000,24.3990000,2.800
542_090101_130416,D,20110927,000000,24.3980000,24.7890000,23.9620000,24.2140000,31.300
542_090101_130416,D,20110928,000000,24.6690000,24.9890000,22.8000000,22.8000000,36.200
542_090101_130416,D,20110929,000000,22.9190000,23.0000000,21.1910000,22.0000000,139.500
542_090101_130416,D,20110930,000000,22.5000000,22.5000000,20.9900000,21.3980000,41.800
542_090101_130416,D,20111003,000000,20.6220000,21.4750000,20.2300000,21.4570000,101.400
542_090101_130416,D,20111004,000000,21.4770000,21.4960000,20.1500000,21.0940000,84.600
542_090101_130416,D,20111005,000000,20.5500000,21.3270000,20.4000000,20.9900000,61.900
542_090101_130416,D,20111006,000000,20.5010000,21.7000000,20.3000000,21.7000000,37.500
542_090101_130416,D,20111007,000000,21.9000000,22.5000000,20.2000000,22.2800000,42.100
542_090101_130416,D,20111010,000000,21.9900000,22.4000000,21.6990000,22.1000000,36.200
542_090101_130416,D,20111011,000000,21.5230000,23.0000000,21.5220000,21.8000000,32.200
542_090101_130416,D,20111012,000000,21.8000000,23.4980000,21.8000000,23.3100000,25.100
542_090101_130416,D,20111013,000000,23.4990000,24.0600000,22.7000000,24.0600000,34.900
542_090101_130416,D,20111014,000000,23.4020000,25.4970000,23.0000000,25.4000000,69.700
542_090101_130416,D,20111017,000000,25.5000000,27.9700000,25.5000000,25.8000000,144.700
542_090101_130416,D,20111018,000000,26.0010000,26.0010000,24.3000000,25.9980000,20.900
542_090101_130416,D,20111019,000000,25.0330000,25.5200000,25.0300000,25.5200000,13.600
542_090101_130416,D,20111020,000000,26.4990000,29.9700000,25.3840000,27.8500000,245.800
542_090101_130416,D,20111021,000000,28.4980000,30.0000000,26.6000000,27.1110000,59.500
542_090101_130416,D,20111024,000000,27.3690000,28.2000000,27.1240000,28.2000000,10.500
542_090101_130416,D,20111025,000000,28.4990000,29.3600000,28.0580000,28.2500000,35.500
542_090101_130416,D,20111026,000000,28.0000000,28.3000000,27.7520000,27.9990000,14.200
542_090101_130416,D,20111027,000000,28.6030000,28.8000000,27.8520000,28.2800000,30.200
542_090101_130416,D,20111028,000000,28.0000000,28.2000000,27.7000000,27.9000000,24.300
542_090101_130416,D,20111031,000000,27.6550000,28.3000000,27.6550000,27.9000000,5.200
542_090101_130416,D,20111101,000000,27.6050000,27.6050000,26.4000000,26.9500000,14.000
542_090101_130416,D,20111102,000000,26.8400000,28.0000000,26.8400000,27.5000000,11.000
542_090101_130416,D,20111103,000000,27.3330000,27.7900000,27.0010000,27.2190000,2.800
542_090101_130416,D,20111107,000000,27.6890000,27.6890000,27.4980000,27.5000000,4.800
542_090101_130416,D,20111108,000000,27.4490000,27.9000000,27.0000000,27.4000000,21.400
542_090101_130416,D,20111109,000000,27.2040000,27.2040000,26.0000000,26.2970000,29.000
542_090101_130416,D,20111110,000000,25.8280000,26.4990000,25.8280000,26.4200000,22.200
542_090101_130416,D,20111111,000000,26.5950000,26.6000000,26.5490000,26.6000000,12.400
542_090101_130416,D,20111114,000000,26.7530000,27.1520000,26.5000000,26.8140000,7.200
542_090101_130416,D,20111115,000000,25.9000000,27.1950000,25.9000000,26.4300000,10.600
542_090101_130416,D,20111116,000000,26.5000000,26.5000000,25.5000000,25.9000000,10.600
542_090101_130416,D,20111117,000000,26.2540000,26.3580000,25.0010000,25.3000000,18.000
542_090101_130416,D,20111118,000000,25.7460000,25.7460000,25.4070000,25.4070000,600
542_090101_130416,D,20111121,000000,25.9980000,25.9990000,24.7010000,25.5980000,8.400
542_090101_130416,D,20111122,000000,25.0950000,25.5980000,24.5030000,24.5030000,5.500
542_090101_130416,D,20111123,000000,24.7760000,24.7760000,24.7760000,24.7760000,200
542_090101_130416,D,20111124,000000,25.1140000,25.1760000,24.7700000,24.7710000,5.800
542_090101_130416,D,20111125,000000,24.9940000,25.0000000,24.3500000,24.5000000,23.300
542_090101_130416,D,20111128,000000,25.0010000,25.3100000,25.0000000,25.3100000,9.800
542_090101_130416,D,20111129,000000,25.3130000,25.5660000,25.2000000,25.2500000,7.300
542_090101_130416,D,20111130,000000,25.4990000,25.9450000,25.2500000,25.8500000,21.600
542_090101_130416,D,20111201,000000,26.0000000,26.1600000,25.9030000,26.1580000,22.000
542_090101_130416,D,20111202,000000,26.1980000,26.2980000,25.7540000,26.0000000,16.300
542_090101_130416,D,20111205,000000,25.1030000,26.4410000,25.1030000,26.0000000,4.200
542_090101_130416,D,20111206,000000,26.3240000,26.3240000,24.0020000,24.5510000,20.600
542_090101_130416,D,20111207,000000,24.9400000,24.9400000,24.6580000,24.6580000,5.300
542_090101_130416,D,20111208,000000,24.8800000,25.1860000,24.8700000,25.1860000,9.200
542_090101_130416,D,20111209,000000,25.2520000,25.2520000,23.0000000,24.9320000,59.300
542_090101_130416,D,20111212,000000,24.5000000,24.5000000,23.2500000,24.1700000,11.700
542_090101_130416,D,20111213,000000,24.4990000,24.4990000,23.1000000,24.0000000,19.000
542_090101_130416,D,20111214,000000,23.2610000,23.6820000,23.2600000,23.5100000,6.000
542_090101_130416,D,20111215,000000,23.7510000,23.7660000,23.0800000,23.0800000,13.300
542_090101_130416,D,20111216,000000,25.4350000,25.4350000,23.2500000,23.8970000,9.800
542_090101_130416,D,20111219,000000,23.0430000,23.9500000,23.0000000,23.9500000,10.300
542_090101_130416,D,20111220,000000,24.0000000,24.0000000,22.5160000,23.9000000,19.800
542_090101_130416,D,20111221,000000,24.0400000,24.0400000,22.5200000,22.8680000,48.800
542_090101_130416,D,20111222,000000,22.5100000,22.5300000,21.3360000,22.2700000,22.400
542_090101_130416,D,20111223,000000,22.9000000,22.9000000,21.5240000,22.1000000,152.300
542_090101_130416,D,20111226,000000,22.4500000,23.1500000,22.4500000,23.0980000,8.700
542_090101_130416,D,20111227,000000,22.0000000,23.0260000,22.0000000,22.9690000,14.700
542_090101_130416,D,20111228,000000,22.6400000,22.7990000,21.8600000,22.1700000,115.600
542_090101_130416,D,20111229,000000,22.2600000,22.2600000,21.7000000,22.0000000,33.700
542_090101_130416,D,20111230,000000,22.0000000,22.0000000,21.3120000,21.9790000,95.500
542_090101_130416,D,20120103,000000,21.8990000,23.1400000,21.8990000,23.1400000,1.600
542_090101_130416,D,20120104,000000,23.4290000,23.4290000,22.3500000,22.5000000,3.900
542_090101_130416,D,20120105,000000,21.7150000,23.1490000,21.7150000,22.5000000,13.500
542_090101_130416,D,20120106,000000,23.1480000,26.7250000,22.0000000,22.5490000,8.500
542_090101_130416,D,20120109,000000,23.0090000,23.1490000,22.4010000,22.8980000,4.300
542_090101_130416,D,20120110,000000,24.9990000,24.9990000,22.5020000,22.8260000,33.300
542_090101_130416,D,20120111,000000,22.9990000,23.3000000,22.8500000,22.8500000,18.500
542_090101_130416,D,20120112,000000,23.1980000,23.1990000,22.8370000,23.1400000,6.300
542_090101_130416,D,20120113,000000,22.8590000,23.1000000,22.3020000,22.9990000,10.400
542_090101_130416,D,20120116,000000,22.9500000,23.0300000,22.5270000,23.0300000,5.800
542_090101_130416,D,20120117,000000,23.1500000,23.1900000,22.9300000,23.1900000,5.700
542_090101_130416,D,20120118,000000,23.1000000,23.2700000,23.0100000,23.2500000,3.700
542_090101_130416,D,20120119,000000,23.3700000,23.9960000,23.2000000,23.6660000,31.200
542_090101_130416,D,20120120,000000,23.6670000,23.7240000,23.4510000,23.4510000,2.000
542_090101_130416,D,20120123,000000,23.9980000,23.9980000,23.2850000,23.9790000,14.900
542_090101_130416,D,20120124,000000,23.9950000,24.1840000,23.7010000,24.1840000,20.400
542_090101_130416,D,20120125,000000,24.1840000,24.6970000,23.9000000,24.2000000,21.000
542_090101_130416,D,20120126,000000,24.8170000,24.9210000,24.2870000,24.8060000,14.300
542_090101_130416,D,20120127,000000,24.7990000,24.7990000,24.5390000,24.5400000,12.100
542_090101_130416,D,20120130,000000,23.6490000,24.1990000,23.6300000,23.8000000,32.500
542_090101_130416,D,20120131,000000,24.0000000,24.3960000,23.8510000,24.0980000,17.300
542_090101_130416,D,20120201,000000,24.0110000,24.6000000,24.0100000,24.2950000,26.500
542_090101_130416,D,20120202,000000,24.8050000,25.4000000,24.6000000,25.0500000,28.400
542_090101_130416,D,20120203,000000,25.1000000,25.2000000,25.0000000,25.2000000,21.600
542_090101_130416,D,20120206,000000,25.3990000,25.6000000,25.2000000,25.4770000,42.100
542_090101_130416,D,20120207,000000,25.2070000,25.6000000,25.2060000,25.4000000,15.500
542_090101_130416,D,20120208,000000,25.6000000,26.4490000,25.2000000,25.2510000,109.700
542_090101_130416,D,20120209,000000,25.3000000,25.9000000,24.9000000,25.2420000,49.200
542_090101_130416,D,20120210,000000,25.4000000,25.4720000,25.2020000,25.2020000,15.800
542_090101_130416,D,20120213,000000,25.6000000,26.0000000,25.6000000,26.0000000,7.800
542_090101_130416,D,20120214,000000,26.2220000,26.7490000,25.9560000,25.9800000,46.800
542_090101_130416,D,20120215,000000,26.7200000,26.7200000,25.4500000,25.4500000,39.700
542_090101_130416,D,20120216,000000,25.4990000,25.4990000,25.0000000,25.3540000,34.900
542_090101_130416,D,20120217,000000,25.5000000,25.5850000,25.2560000,25.2620000,12.500
542_090101_130416,D,20120220,000000,25.1620000,25.5000000,24.8000000,25.0700000,30.600
542_090101_130416,D,20120221,000000,25.6000000,25.6000000,24.8800000,25.0940000,17.000
542_090101_130416,D,20120222,000000,25.0010000,25.0010000,24.6020000,24.9980000,23.500
542_090101_130416,D,20120224,000000,24.9000000,25.2000000,24.5000000,25.1600000,83.600
542_090101_130416,D,20120227,000000,25.4300000,25.7990000,24.9000000,25.1330000,33.400
542_090101_130416,D,20120228,000000,24.8760000,25.0000000,24.8760000,24.8760000,1.800
542_090101_130416,D,20120229,000000,25.1990000,25.1990000,24.8910000,24.8970000,19.100
542_090101_130416,D,20120301,000000,24.4080000,24.9840000,24.4070000,24.8000000,44.600
542_090101_130416,D,20120302,000000,24.7990000,24.8000000,24.2000000,24.5960000,21.000
542_090101_130416,D,20120305,000000,24.5990000,24.5990000,24.1270000,24.1270000,17.500
542_090101_130416,D,20120306,000000,24.1280000,24.1280000,22.6000000,23.2000000,65.100
542_090101_130416,D,20120307,000000,23.0000000,23.5000000,23.0000000,23.5000000,22.000
542_090101_130416,D,20120311,000000,23.5050000,23.6900000,23.2650000,23.6900000,8.500
542_090101_130416,D,20120312,000000,23.4170000,23.6000000,23.2990000,23.5800000,6.900
542_090101_130416,D,20120313,000000,23.3030000,23.9900000,23.3000000,23.8680000,16.700
542_090101_130416,D,20120314,000000,24.0000000,24.0000000,23.8690000,23.9710000,3.700
542_090101_130416,D,20120315,000000,23.9930000,24.1250000,23.8750000,24.1250000,25.600
542_090101_130416,D,20120316,000000,24.1250000,25.0000000,24.1250000,24.3800000,39.200
542_090101_130416,D,20120319,000000,24.6220000,24.6680000,24.3750000,24.3810000,3.500
542_090101_130416,D,20120320,000000,24.4960000,24.6220000,24.3260000,24.4960000,4.800
542_090101_130416,D,20120321,000000,24.3260000,24.3260000,23.8760000,24.0000000,5.000
542_090101_130416,D,20120322,000000,23.8760000,23.9670000,23.2600000,23.4790000,55.100
542_090101_130416,D,20120323,000000,23.2560000,23.6160000,23.2500000,23.4830000,3.100
542_090101_130416,D,20120326,000000,23.4920000,23.4920000,23.0000000,23.4780000,20.100
542_090101_130416,D,20120327,000000,23.4500000,23.4920000,23.3000000,23.4500000,7.100
542_090101_130416,D,20120328,000000,23.4890000,23.6160000,23.3600000,23.3600000,11.500
542_090101_130416,D,20120329,000000,23.3000000,23.4920000,23.2500000,23.2500000,13.300
542_090101_130416,D,20120330,000000,23.6480000,23.6480000,23.2500000,23.4920000,10.100
542_090101_130416,D,20120402,000000,24.4920000,24.6700000,23.0200000,23.2010000,24.900
542_090101_130416,D,20120403,000000,23.3490000,24.3000000,23.3490000,23.6250000,32.100
542_090101_130416,D,20120404,000000,23.7250000,24.0990000,23.5010000,23.7430000,9.100
542_090101_130416,D,20120405,000000,23.8490000,23.8490000,23.5000000,23.6430000,3.700
542_090101_130416,D,20120406,000000,23.4020000,23.8200000,23.3990000,23.5790000,6.800
542_090101_130416,D,20120409,000000,23.5800000,23.8000000,23.5770000,23.7500000,29.100
542_090101_130416,D,20120410,000000,23.7490000,24.2440000,23.5780000,23.7500000,91.100
542_090101_130416,D,20120411,000000,23.6000000,24.0790000,23.3000000,23.7000000,12.600
542_090101_130416,D,20120412,000000,24.0890000,24.0890000,23.7990000,24.0100000,127.200
542_090101_130416,D,20120413,000000,24.4970000,24.4970000,23.7990000,24.1190000,72.600
542_090101_130416,D,20120416,000000,24.1100000,24.1110000,23.8250000,23.8250000,8.100
542_090101_130416,D,20120417,000000,23.9990000,24.7770000,22.9000000,24.0860000,22.500
542_090101_130416,D,20120418,000000,23.0100000,24.6020000,23.0100000,23.4010000,17.000
542_090101_130416,D,20120419,000000,23.9620000,23.9980000,23.2100000,23.9980000,3.400
542_090101_130416,D,20120420,000000,23.6380000,24.0000000,23.2510000,23.9970000,66.900
542_090101_130416,D,20120423,000000,23.4050000,23.9880000,23.4030000,23.8990000,1.900
542_090101_130416,D,20120424,000000,23.8990000,23.9000000,23.4600000,23.4600000,15.400
542_090101_130416,D,20120425,000000,23.5040000,23.7500000,23.5010000,23.5060000,1.600
542_090101_130416,D,20120426,000000,23.3550000,23.5000000,22.6260000,22.7000000,106.800
542_090101_130416,D,20120427,000000,22.8010000,22.8010000,22.8000000,22.8000000,300
542_090101_130416,D,20120428,000000,23.0980000,23.1000000,22.7300000,22.7320000,1.100
542_090101_130416,D,20120502,000000,22.7320000,22.8310000,22.0120000,22.7800000,27.300
542_090101_130416,D,20120503,000000,22.2990000,22.6000000,22.0150000,22.5000000,40.500
542_090101_130416,D,20120504,000000,22.1410000,22.1410000,21.0310000,21.6290000,34.400
542_090101_130416,D,20120505,000000,20.2000000,20.6430000,20.0010000,20.4760000,54.900
542_090101_130416,D,20120507,000000,20.2110000,20.2110000,19.2010000,19.5200000,10.000
542_090101_130416,D,20120508,000000,20.9380000,20.9380000,20.9380000,20.9380000,100
542_090101_130416,D,20120510,000000,20.4480000,20.5120000,19.9000000,20.0000000,5.900
542_090101_130416,D,20120511,000000,20.0000000,20.0000000,19.5000000,19.5000000,15.000
542_090101_130416,D,20120512,000000,19.7000000,19.7000000,19.5040000,19.6100000,3.100
542_090101_130416,D,20120514,000000,19.6500000,19.6500000,15.5000000,18.5000000,87.700
542_090101_130416,D,20120515,000000,18.5000000,19.6390000,18.0000000,18.9170000,106.800
542_090101_130416,D,20120516,000000,17.1110000,18.3510000,16.9990000,18.3510000,43.200
542_090101_130416,D,20120517,000000,17.9010000,17.9010000,16.7010000,17.7030000,179.000
542_090101_130416,D,20120518,000000,16.5060000,17.6950000,16.1090000,16.9350000,5.500
542_090101_130416,D,20120521,000000,16.9970000,19.0000000,16.9970000,18.9000000,8.900
542_090101_130416,D,20120522,000000,18.9000000,18.9000000,18.2000000,18.2010000,20.800
542_090101_130416,D,20120523,000000,18.1000000,18.2010000,17.0000000,17.4970000,29.000
542_090101_130416,D,20120524,000000,17.6000000,17.6000000,17.0020000,17.1690000,11.800
542_090101_130416,D,20120525,000000,18.0980000,18.4450000,16.6100000,18.0000000,51.400
542_090101_130416,D,20120528,000000,17.1100000,18.3900000,17.0000000,18.3900000,7.800
542_090101_130416,D,20120529,000000,18.0010000,18.0010000,17.9890000,17.9900000,3.900
542_090101_130416,D,20120530,000000,18.0000000,18.4430000,17.5010000,17.5500000,13.900
542_090101_130416,D,20120531,000000,17.5800000,17.6670000,17.2080000,17.5570000,9.700
542_090101_130416,D,20120601,000000,17.3510000,17.3580000,16.1050000,17.1650000,23.400
542_090101_130416,D,20120604,000000,16.9990000,17.7780000,16.9990000,17.4180000,20.700
542_090101_130416,D,20120605,000000,17.4180000,18.0500000,17.3000000,17.6000000,164.500
542_090101_130416,D,20120606,000000,17.5010000,17.6000000,17.3990000,17.5000000,7.300
542_090101_130416,D,20120607,000000,17.6000000,17.6000000,16.6110000,17.3500000,30.200
542_090101_130416,D,20120608,000000,17.5000000,17.5000000,17.3000000,17.3000000,8.800
542_090101_130416,D,20120609,000000,17.3890000,17.4000000,17.3890000,17.4000000,10.700
542_090101_130416,D,20120613,000000,17.6980000,17.6980000,17.2000000,17.2940000,11.200
542_090101_130416,D,20120614,000000,17.6000000,17.6000000,17.1000000,17.1000000,4.600
542_090101_130416,D,20120615,000000,17.1820000,17.2000000,17.0250000,17.1970000,8.200
542_090101_130416,D,20120618,000000,17.2500000,17.4000000,16.8000000,16.8520000,26.600
542_090101_130416,D,20120619,000000,17.2740000,17.4600000,17.0000000,17.0000000,7.300
542_090101_130416,D,20120620,000000,17.1000000,17.3500000,16.9000000,16.9000000,6.100
542_090101_130416,D,20120621,000000,16.8500000,17.0990000,16.8500000,17.0980000,6.100
542_090101_130416,D,20120622,000000,16.9290000,16.9290000,16.6000000,16.6000000,13.900
542_090101_130416,D,20120625,000000,16.7010000,16.7500000,16.4000000,16.5260000,17.900
542_090101_130416,D,20120626,000000,16.6000000,16.6000000,16.5000000,16.5480000,500
542_090101_130416,D,20120627,000000,16.5000000,16.8000000,16.5000000,16.8000000,2.500
542_090101_130416,D,20120628,000000,16.8980000,16.8990000,16.8950000,16.8990000,3.100
542_090101_130416,D,20120629,000000,17.0000000,17.1500000,16.8000000,17.0200000,1.800
542_090101_130416,D,20120702,000000,17.1000000,17.7000000,17.1000000,17.4000000,3.700
542_090101_130416,D,20120703,000000,17.3290000,19.5000000,17.3000000,18.4000000,14.400
542_090101_130416,D,20120704,000000,17.8320000,18.5000000,17.0000000,17.4000000,18.200
542_090101_130416,D,20120705,000000,17.2000000,17.6500000,17.1000000,17.4000000,3.200
542_090101_130416,D,20120709,000000,17.3990000,17.5450000,17.2090000,17.5450000,2.600
542_090101_130416,D,20120710,000000,17.0180000,17.2000000,16.4100000,17.2000000,310.700
542_090101_130416,D,20120711,000000,17.2910000,18.9000000,17.2910000,18.3750000,350.700
542_090101_130416,D,20120712,000000,18.8990000,18.8990000,16.8000000,16.9000000,318.000
542_090101_130416,D,20120713,000000,16.9980000,17.4000000,16.5580000,16.8520000,483.700
542_090101_130416,D,20120716,000000,16.8000000,17.9000000,16.8000000,17.2090000,39.800
542_090101_130416,D,20120717,000000,17.6950000,18.1460000,17.6750000,17.7500000,343.700
542_090101_130416,D,20120718,000000,17.5000000,18.1440000,17.2100000,17.4000000,555.400
542_090101_130416,D,20120719,000000,17.2810000,17.2810000,16.7000000,16.7590000,243.800
542_090101_130416,D,20120720,000000,16.8270000,16.8950000,16.5720000,16.6000000,97.900
542_090101_130416,D,20120723,000000,16.5100000,16.5100000,16.1000000,16.2000000,32.800
542_090101_130416,D,20120724,000000,16.1510000,16.3980000,16.1490000,16.3950000,10.200
542_090101_130416,D,20120725,000000,16.4410000,16.8000000,16.3000000,16.3000000,20.100
542_090101_130416,D,20120726,000000,16.6740000,17.0390000,16.2000000,16.2000000,78.600
542_090101_130416,D,20120727,000000,16.4000000,16.6000000,16.1860000,16.2000000,68.500
542_090101_130416,D,20120730,000000,16.3900000,16.3990000,16.2010000,16.2020000,5.300
542_090101_130416,D,20120731,000000,16.2020000,16.3750000,16.1180000,16.2100000,7.100
542_090101_130416,D,20120801,000000,16.2980000,16.2980000,16.2000000,16.2000000,6.600
542_090101_130416,D,20120802,000000,16.2890000,16.2890000,16.2000000,16.2000000,1.300
542_090101_130416,D,20120803,000000,16.2000000,16.3000000,15.6000000,16.0410000,24.000
542_090101_130416,D,20120806,000000,16.2000000,16.4900000,15.8990000,15.9000000,36.000
542_090101_130416,D,20120807,000000,16.0000000,16.3970000,15.8990000,15.9000000,47.200
542_090101_130416,D,20120808,000000,16.0000000,16.0300000,15.8900000,15.9000000,41.300
542_090101_130416,D,20120809,000000,16.0400000,16.9000000,15.8680000,15.8680000,718.400
542_090101_130416,D,20120810,000000,15.8500000,15.9000000,15.7000000,15.7500000,4.800
542_090101_130416,D,20120813,000000,16.2900000,16.2980000,15.6600000,16.1990000,68.600
542_090101_130416,D,20120814,000000,16.1000000,16.1000000,15.8000000,15.9000000,44.500
542_090101_130416,D,20120815,000000,15.9000000,15.9000000,15.8710000,15.8880000,11.800
542_090101_130416,D,20120816,000000,15.9500000,15.9900000,15.8610000,15.9000000,1.029.200
542_090101_130416,D,20120817,000000,15.9000000,15.9000000,15.8010000,15.8010000,16.300
542_090101_130416,D,20120820,000000,15.8970000,15.9000000,15.8120000,15.8800000,15.200
542_090101_130416,D,20120821,000000,15.8990000,15.9000000,15.7510000,15.8800000,142.300
542_090101_130416,D,20120822,000000,15.8600000,15.8600000,15.7300000,15.7300000,11.000
542_090101_130416,D,20120823,000000,15.7990000,15.9000000,15.2710000,15.6000000,103.700
542_090101_130416,D,20120824,000000,15.6500000,15.9520000,15.6500000,15.9000000,51.100
542_090101_130416,D,20120827,000000,15.9000000,16.4000000,15.8440000,16.1000000,87.200
542_090101_130416,D,20120828,000000,16.0010000,16.3000000,16.0010000,16.3000000,11.600
542_090101_130416,D,20120829,000000,16.3000000,16.5460000,16.2000000,16.3000000,65.600
542_090101_130416,D,20120830,000000,16.2000000,16.3000000,15.8320000,16.3000000,20.700
542_090101_130416,D,20120831,000000,16.1000000,16.5000000,15.9780000,16.5000000,65.600
542_090101_130416,D,20120903,000000,16.5970000,16.6560000,16.5000000,16.6560000,9.200
542_090101_130416,D,20120904,000000,16.9500000,17.0000000,16.4490000,16.6500000,71.300
542_090101_130416,D,20120905,000000,16.5000000,16.6980000,16.5000000,16.5500000,8.300
542_090101_130416,D,20120906,000000,16.6990000,16.7000000,16.4000000,16.6010000,7.100
542_090101_130416,D,20120907,000000,16.8000000,17.3000000,16.6010000,17.0000000,115.900
542_090101_130416,D,20120910,000000,17.1000000,17.2880000,17.1000000,17.1200000,17.900
542_090101_130416,D,20120911,000000,17.1100000,17.1100000,16.9000000,16.9000000,20.000
542_090101_130416,D,20120912,000000,16.9980000,17.3000000,16.9100000,17.2000000,43.600
542_090101_130416,D,20120913,000000,17.1000000,17.1000000,17.1000000,17.1000000,100
542_090101_130416,D,20120914,000000,17.4690000,18.1490000,17.1120000,17.5500000,111.100
542_090101_130416,D,20120917,000000,17.5130000,17.9720000,17.5000000,17.7000000,7.100
542_090101_130416,D,20120918,000000,17.7990000,17.8000000,17.5000000,17.5010000,8.700
542_090101_130416,D,20120919,000000,17.4500000,17.5020000,17.4000000,17.4000000,22.600
542_090101_130416,D,20120920,000000,17.3510000,17.5320000,17.3000000,17.3000000,16.500
542_090101_130416,D,20120921,000000,17.7770000,17.9600000,17.4920000,17.9590000,40.600
542_090101_130416,D,20120924,000000,17.9610000,18.3000000,17.6160000,18.0120000,48.600
542_090101_130416,D,20120925,000000,17.9990000,18.1000000,17.8860000,18.0000000,29.100
542_090101_130416,D,20120926,000000,17.9970000,18.3000000,17.7000000,18.0060000,50.600
542_090101_130416,D,20120927,000000,18.2220000,18.2220000,17.8500000,17.9000000,6.800
542_090101_130416,D,20120928,000000,17.9300000,18.5000000,17.7500000,18.3010000,92.100
542_090101_130416,D,20121001,000000,18.8890000,18.8890000,18.3020000,18.7790000,54.100
542_090101_130416,D,20121002,000000,18.6380000,18.8760000,18.4500000,18.6600000,6.500
542_090101_130416,D,20121003,000000,19.0980000,19.0990000,18.7090000,18.8240000,4.400
542_090101_130416,D,20121004,000000,18.7460000,18.7460000,18.4490000,18.6940000,43.700
542_090101_130416,D,20121005,000000,18.8670000,19.4900000,18.8670000,19.2450000,44.200
542_090101_130416,D,20121008,000000,19.2350000,19.2470000,19.1830000,19.1830000,1.000
542_090101_130416,D,20121009,000000,19.1820000,19.3000000,18.8040000,19.3000000,38.200
542_090101_130416,D,20121010,000000,19.2510000,19.9100000,19.2510000,19.8510000,123.500
542_090101_130416,D,20121011,000000,19.9690000,20.7100000,19.7960000,19.8000000,169.200
542_090101_130416,D,20121012,000000,19.9000000,20.0300000,19.5810000,19.7020000,108.000
542_090101_130416,D,20121015,000000,20.0000000,20.8000000,19.4000000,20.7000000,308.100
542_090101_130416,D,20121016,000000,20.4510000,20.8000000,20.3900000,20.5920000,99.800
542_090101_130416,D,20121017,000000,20.5550000,21.2500000,20.3650000,21.2000000,20.600
542_090101_130416,D,20121018,000000,20.5070000,21.4490000,20.5070000,21.0000000,2.400
542_090101_130416,D,20121019,000000,20.9040000,20.9900000,20.3000000,20.5200000,138.700
542_090101_130416,D,20121022,000000,20.4020000,20.4020000,19.5000000,19.8750000,99.600
542_090101_130416,D,20121023,000000,19.7440000,19.7500000,18.7000000,18.7000000,14.400
542_090101_130416,D,20121024,000000,19.0000000,19.0000000,18.3400000,18.6550000,3.300
542_090101_130416,D,20121025,000000,18.6750000,19.2480000,18.3740000,19.0000000,31.300
542_090101_130416,D,20121026,000000,18.6530000,18.7030000,18.3750000,18.5720000,23.000
542_090101_130416,D,20121029,000000,18.6500000,19.3000000,18.5990000,19.3000000,9.700
542_090101_130416,D,20121030,000000,19.1000000,19.2200000,18.5000000,18.7640000,14.500
542_090101_130416,D,20121031,000000,18.4050000,19.2600000,18.4050000,18.9000000,34.100
542_090101_130416,D,20121101,000000,18.5010000,18.5580000,18.3510000,18.5220000,4.700
542_090101_130416,D,20121102,000000,18.0000000,18.1860000,17.2770000,17.6600000,19.100
542_090101_130416,D,20121106,000000,17.6500000,18.0000000,17.6100000,18.0000000,16.700
542_090101_130416,D,20121107,000000,18.1100000,18.1900000,17.8010000,17.8200000,19.500
542_090101_130416,D,20121108,000000,17.5030000,17.7000000,17.3500000,17.7000000,14.800
542_090101_130416,D,20121109,000000,17.6730000,17.7000000,17.5000000,17.6690000,8.800
542_090101_130416,D,20121112,000000,17.6990000,17.6990000,17.6990000,17.6990000,400
542_090101_130416,D,20121113,000000,17.5990000,17.6000000,17.5540000,17.5540000,3.700
542_090101_130416,D,20121114,000000,17.8690000,17.8700000,17.2700000,17.2700000,13.400
542_090101_130416,D,20121115,000000,17.3010000,17.6910000,17.2640000,17.6910000,6.600
542_090101_130416,D,20121116,000000,17.6900000,17.6900000,17.0000000,17.3000000,27.600
542_090101_130416,D,20121119,000000,17.4200000,17.6600000,17.3000000,17.3500000,6.800
542_090101_130416,D,20121120,000000,17.3560000,17.4010000,17.2000000,17.2000000,7.900
542_090101_130416,D,20121121,000000,17.2500000,17.4090000,17.2500000,17.2620000,5.700
542_090101_130416,D,20121122,000000,17.2910000,17.2960000,17.2810000,17.2860000,1.400
542_090101_130416,D,20121123,000000,17.1580000,17.5990000,17.1510000,17.5000000,15.000
542_090101_130416,D,20121126,000000,17.5000000,17.6500000,17.5000000,17.5000000,4.000
542_090101_130416,D,20121127,000000,17.5000000,17.5000000,17.3130000,17.3690000,500
542_090101_130416,D,20121128,000000,17.1950000,17.1950000,16.5000000,17.0000000,23.100
542_090101_130416,D,20121129,000000,17.5000000,17.6000000,17.1000000,17.4000000,10.800
542_090101_130416,D,20121130,000000,17.4000000,17.4000000,17.1010000,17.3480000,5.900
542_090101_130416,D,20121203,000000,17.1510000,17.2670000,17.1500000,17.2670000,1.000
542_090101_130416,D,20121204,000000,17.0910000,17.3000000,17.0910000,17.2850000,1.300
542_090101_130416,D,20121205,000000,17.3790000,17.5940000,17.3790000,17.5940000,3.000
542_090101_130416,D,20121206,000000,17.6000000,17.6110000,17.3060000,17.4800000,4.600
542_090101_130416,D,20121207,000000,17.3910000,17.5000000,17.3640000,17.5000000,3.000
542_090101_130416,D,20121210,000000,17.5000000,17.7090000,17.5000000,17.6600000,3.100
542_090101_130416,D,20121211,000000,17.5030000,17.5990000,17.0920000,17.0920000,13.600
542_090101_130416,D,20121212,000000,17.4890000,17.4890000,17.3960000,17.3960000,1.700
542_090101_130416,D,20121213,000000,17.3000000,17.3980000,17.3000000,17.3980000,1.600
542_090101_130416,D,20121214,000000,17.2640000,17.3510000,17.2630000,17.3500000,1.800
542_090101_130416,D,20121217,000000,17.2650000,17.4990000,17.1990000,17.2100000,22.400
542_090101_130416,D,20121218,000000,19.9100000,19.9100000,17.3000000,17.5500000,26.000
542_090101_130416,D,20121219,000000,17.7800000,17.7900000,17.5890000,17.5930000,1.400
542_090101_130416,D,20121220,000000,17.5950000,17.9990000,17.5910000,17.7970000,14.500
542_090101_130416,D,20121221,000000,17.8990000,17.8990000,17.6000000,17.6000000,6.800
542_090101_130416,D,20121224,000000,17.8080000,17.8080000,17.2100000,17.4970000,78.700
542_090101_130416,D,20121225,000000,17.6910000,17.6910000,17.3200000,17.4000000,2.200
542_090101_130416,D,20121226,000000,17.3230000,17.5970000,17.2500000,17.4000000,3.600
542_090101_130416,D,20121227,000000,17.6590000,17.6590000,17.3350000,17.4000000,6.400
542_090101_130416,D,20121228,000000,17.6590000,17.6590000,17.5000000,17.5990000,2.600
542_090101_130416,D,20130108,000000,17.7000000,17.7200000,17.7000000,17.7110000,900
542_090101_130416,D,20130109,000000,17.8000000,17.8980000,17.7000000,17.7500000,6.800
542_090101_130416,D,20130110,000000,17.9200000,18.3390000,17.7550000,18.3390000,23.300
542_090101_130416,D,20130111,000000,17.8250000,18.3810000,17.8200000,18.0690000,5.400
542_090101_130416,D,20130114,000000,18.4550000,18.6000000,18.3000000,18.4190000,28.300
542_090101_130416,D,20130115,000000,18.6980000,18.7000000,18.2000000,18.2000000,11.800
542_090101_130416,D,20130116,000000,18.2990000,18.3950000,18.0160000,18.2290000,3.700
542_090101_130416,D,20130117,000000,18.3000000,18.4650000,18.1500000,18.3000000,4.100
542_090101_130416,D,20130118,000000,18.3000000,18.4940000,18.1100000,18.3260000,7.400
542_090101_130416,D,20130121,000000,18.3110000,18.3110000,18.3100000,18.3100000,1.000
542_090101_130416,D,20130122,000000,18.3990000,18.3990000,18.0000000,18.0000000,10.400
542_090101_130416,D,20130123,000000,17.9220000,18.4490000,17.9220000,18.2570000,10.700
542_090101_130416,D,20130124,000000,17.9810000,18.2570000,17.9810000,18.1320000,6.000
542_090101_130416,D,20130125,000000,18.4940000,18.4940000,18.2000000,18.3570000,9.500
542_090101_130416,D,20130128,000000,18.4000000,18.5100000,17.9800000,18.5100000,47.300
542_090101_130416,D,20130129,000000,18.7000000,18.7000000,18.3000000,18.3000000,6.800
542_090101_130416,D,20130130,000000,18.3000000,18.4970000,17.9000000,17.9990000,39.300
542_090101_130416,D,20130131,000000,18.0050000,18.0050000,17.7700000,17.9000000,81.000
542_090101_130416,D,20130201,000000,17.9600000,17.9990000,17.6050000,17.6900000,16.500
542_090101_130416,D,20130204,000000,17.6010000,17.7970000,17.4900000,17.4900000,12.500
542_090101_130416,D,20130205,000000,17.4990000,17.4990000,17.1000000,17.2770000,29.100
542_090101_130416,D,20130206,000000,17.3990000,18.0000000,17.2000000,17.3000000,39.100
542_090101_130416,D,20130207,000000,17.4000000,17.4000000,16.8000000,16.9500000,32.400
542_090101_130416,D,20130208,000000,16.9690000,17.3000000,16.8710000,17.2500000,16.700
542_090101_130416,D,20130211,000000,17.2000000,17.2000000,17.2000000,17.2000000,900
542_090101_130416,D,20130212,000000,17.0490000,17.3000000,17.0490000,17.3000000,600
542_090101_130416,D,20130213,000000,17.3000000,17.3970000,17.3000000,17.3970000,8.800
542_090101_130416,D,20130214,000000,17.4000000,17.4000000,17.1010000,17.2900000,28.000
542_090101_130416,D,20130215,000000,17.2900000,17.2900000,17.0000000,17.0980000,19.100
542_090101_130416,D,20130218,000000,17.1990000,17.9490000,17.0130000,17.2050000,13.300
542_090101_130416,D,20130219,000000,17.3000000,17.3000000,17.2000000,17.2000000,1.100
542_090101_130416,D,20130220,000000,17.0290000,17.2980000,16.9200000,16.9540000,36.700
542_090101_130416,D,20130221,000000,16.9500000,16.9530000,16.8990000,16.8990000,1.800
542_090101_130416,D,20130222,000000,16.8850000,16.8850000,16.8500000,16.8500000,3.100
542_090101_130416,D,20130225,000000,16.8110000,16.8130000,16.5110000,16.5200000,12.600
542_090101_130416,D,20130226,000000,16.6000000,16.6000000,16.4000000,16.4010000,31.600
542_090101_130416,D,20130227,000000,16.4200000,16.4200000,16.1010000,16.1100000,13.600
542_090101_130416,D,20130228,000000,16.1110000,16.2660000,15.7500000,15.9700000,36.400
542_090101_130416,D,20130301,000000,15.9700000,16.0000000,15.7000000,15.9970000,23.900
542_090101_130416,D,20130304,000000,15.8080000,15.8080000,15.1500000,15.3000000,44.400
542_090101_130416,D,20130305,000000,15.4000000,15.4900000,15.2320000,15.3150000,7.000
542_090101_130416,D,20130306,000000,15.5000000,15.5000000,15.3220000,15.4500000,6.600
542_090101_130416,D,20130307,000000,15.3010000,15.3990000,14.9900000,15.1460000,84.200
542_090101_130416,D,20130311,000000,15.1010000,15.5000000,15.1000000,15.2600000,16.100
542_090101_130416,D,20130312,000000,15.3990000,15.4000000,15.1000000,15.1000000,32.100
542_090101_130416,D,20130313,000000,15.1000000,15.1990000,14.9920000,15.0000000,65.600
542_090101_130416,D,20130314,000000,15.1000000,15.1940000,15.0000000,15.0500000,33.300
542_090101_130416,D,20130315,000000,15.0980000,15.0980000,14.9250000,14.9990000,51.300
542_090101_130416,D,20130318,000000,15.0000000,15.0000000,14.1510000,14.5000000,82.400
542_090101_130416,D,20130319,000000,14.5920000,14.5920000,13.9500000,14.0000000,62.100
542_090101_130416,D,20130320,000000,14.0000000,14.0970000,13.3040000,13.3980000,78.400
542_090101_130416,D,20130321,000000,13.4000000,13.4980000,12.7020000,12.9970000,99.500
542_090101_130416,D,20130322,000000,12.9500000,12.9500000,11.6620000,12.0000000,188.600
542_090101_130416,D,20130325,000000,12.0000000,12.3960000,11.8510000,11.8620000,52.600
542_090101_130416,D,20130326,000000,11.9810000,12.0000000,11.6700000,11.6700000,17.500
542_090101_130416,D,20130327,000000,11.7870000,11.9390000,11.4810000,11.5000000,18.400
542_090101_130416,D,20130328,000000,11.6000000,12.6970000,11.6000000,12.6000000,69.100
542_090101_130416,D,20130329,000000,12.7760000,13.3950000,12.7050000,13.0330000,100.900
542_090101_130416,D,20130401,000000,13.2760000,13.6940000,13.1000000,13.5500000,68.800
542_090101_130416,D,20130402,000000,13.4990000,13.6000000,13.4000000,13.4100000,30.300
542_090101_130416,D,20130403,000000,13.4040000,13.5000000,13.3000000,13.4600000,26.300
