<TICKER>,<PER>,<DATE>,<TIME>,<OPEN>,<HIGH>,<LOW>,<CLOSE>,<VOL>
74563_090101_130416,D,20101112,000000,1.2000000,1.2000000,1.2000000,1.2000000,100
74563_090101_130416,D,20101113,000000,1.6800000,1.6800000,1.6800000,1.6800000,100
74563_090101_130416,D,20101115,000000,2.3520000,2.3520000,2.3520000,2.3520000,300
74563_090101_130416,D,20101116,000000,3.2930000,3.2930000,2.7000000,3.2930000,483.300
74563_090101_130416,D,20101117,000000,4.4500000,4.4500000,2.7000000,3.0000000,167.200
74563_090101_130416,D,20101118,000000,3.0000000,3.7900000,2.9000000,3.1000000,39.700
74563_090101_130416,D,20101119,000000,3.0000000,3.0000000,2.8210000,3.0000000,7.200
74563_090101_130416,D,20101122,000000,3.1000000,3.1000000,2.6360000,3.1000000,30.700
74563_090101_130416,D,20101123,000000,3.0000000,3.1250000,3.0000000,3.1000000,26.000
74563_090101_130416,D,20101124,000000,3.0330000,3.1000000,2.6300000,3.0900000,44.100
74563_090101_130416,D,20101125,000000,3.1500000,3.5000000,2.8300000,3.1000000,57.600
74563_090101_130416,D,20101126,000000,3.0490000,3.0490000,2.8500000,2.9890000,12.300
74563_090101_130416,D,20101129,000000,3.0000000,3.5000000,2.9900000,3.1110000,68.000
74563_090101_130416,D,20101130,000000,3.1730000,3.2500000,2.5510000,2.8610000,49.200
74563_090101_130416,D,20101201,000000,2.8740000,3.2000000,2.8000000,2.9990000,5.300
74563_090101_130416,D,20101202,000000,3.0500000,3.2500000,2.7600000,2.8900000,1.900
74563_090101_130416,D,20101203,000000,2.9000000,2.9000000,2.6410000,2.8900000,30.500
74563_090101_130416,D,20101206,000000,2.8800000,3.2350000,2.7000000,3.0510000,12.000
74563_090101_130416,D,20101207,000000,2.9920000,3.0800000,2.9910000,2.9910000,2.800
74563_090101_130416,D,20101208,000000,3.0490000,3.0490000,2.8900000,2.8900000,6.300
74563_090101_130416,D,20101210,000000,2.8750000,2.9000000,2.8750000,2.9000000,200
74563_090101_130416,D,20101213,000000,2.9320000,3.1000000,2.9320000,3.1000000,200
74563_090101_130416,D,20101214,000000,2.9910000,3.1000000,2.8200000,2.8200000,6.900
74563_090101_130416,D,20101215,000000,2.9800000,3.0000000,2.9320000,2.9320000,1.700
74563_090101_130416,D,20101216,000000,2.9900000,2.9900000,2.8750000,2.8750000,1.300
74563_090101_130416,D,20101217,000000,2.9330000,2.9330000,2.9330000,2.9330000,200
74563_090101_130416,D,20101220,000000,2.9020000,2.9020000,2.5850000,2.7000000,349.000
74563_090101_130416,D,20101221,000000,2.6500000,3.3990000,2.6500000,2.7390000,158.100
74563_090101_130416,D,20101222,000000,2.9210000,3.2860000,2.5330000,2.6000000,133.400
74563_090101_130416,D,20101223,000000,2.6600000,2.6600000,2.5000000,2.5500000,13.600
74563_090101_130416,D,20101224,000000,2.5480000,2.5500000,2.3380000,2.5450000,128.900
74563_090101_130416,D,20101227,000000,2.5490000,2.5490000,2.4980000,2.4980000,800
74563_090101_130416,D,20101228,000000,2.5000000,2.5000000,2.3010000,2.4720000,27.800
74563_090101_130416,D,20101229,000000,2.5210000,2.5210000,2.2450000,2.3440000,19.300
74563_090101_130416,D,20101230,000000,2.3300000,2.4580000,2.1120000,2.4400000,150.700
74563_090101_130416,D,20110111,000000,2.4890000,2.4890000,2.4890000,2.4890000,100
74563_090101_130416,D,20110112,000000,2.4950000,3.1000000,2.2400000,2.6500000,166.100
74563_090101_130416,D,20110113,000000,2.5060000,2.6230000,2.4110000,2.5540000,20.700
74563_090101_130416,D,20110114,000000,2.5560000,2.5560000,2.4140000,2.5270000,4.700
74563_090101_130416,D,20110117,000000,2.5460000,2.8590000,2.5050000,2.6090000,47.800
74563_090101_130416,D,20110118,000000,2.6550000,2.7000000,2.3800000,2.6010000,171.100
74563_090101_130416,D,20110119,000000,2.6500000,2.7350000,2.5740000,2.5990000,23.400
74563_090101_130416,D,20110120,000000,2.5700000,3.0780000,2.5700000,2.6090000,15.200
74563_090101_130416,D,20110121,000000,2.5580000,2.6600000,2.3830000,2.5000000,74.800
74563_090101_130416,D,20110124,000000,2.4990000,2.6850000,2.4610000,2.5000000,28.300
74563_090101_130416,D,20110125,000000,2.4800000,2.4800000,2.4800000,2.4800000,100
74563_090101_130416,D,20110126,000000,2.4910000,2.5550000,2.4050000,2.5000000,17.900
74563_090101_130416,D,20110127,000000,2.5580000,2.5580000,2.4800000,2.4980000,4.300
74563_090101_130416,D,20110128,000000,2.4980000,2.4980000,2.3320000,2.3690000,16.200
74563_090101_130416,D,20110131,000000,2.3630000,2.3930000,2.3170000,2.3760000,6.900
74563_090101_130416,D,20110201,000000,2.3280000,2.6000000,2.3280000,2.3350000,860.300
74563_090101_130416,D,20110202,000000,2.5000000,2.7110000,2.3800000,2.4640000,23.700
74563_090101_130416,D,20110203,000000,2.4240000,2.7210000,2.1200000,2.5090000,2.932.600
74563_090101_130416,D,20110204,000000,2.5000000,2.5000000,2.4440000,2.4880000,10.400
74563_090101_130416,D,20110207,000000,2.5140000,2.6160000,2.2000000,2.3550000,359.800
74563_090101_130416,D,20110208,000000,2.3540000,2.4850000,2.2540000,2.3450000,19.100
74563_090101_130416,D,20110209,000000,2.3500000,2.3940000,2.2200000,2.3300000,16.800
74563_090101_130416,D,20110210,000000,2.3660000,2.3660000,2.2310000,2.3640000,2.100
74563_090101_130416,D,20110211,000000,2.3670000,2.3670000,2.2300000,2.3490000,8.500
74563_090101_130416,D,20110214,000000,2.3490000,2.3490000,2.3490000,2.3490000,100
74563_090101_130416,D,20110215,000000,2.2310000,2.3440000,2.2310000,2.3420000,2.500
74563_090101_130416,D,20110216,000000,2.3330000,2.3450000,2.1600000,2.3450000,38.200
74563_090101_130416,D,20110217,000000,2.2310000,2.3480000,2.2310000,2.3470000,2.300
74563_090101_130416,D,20110218,000000,2.2690000,2.3700000,2.2690000,2.3100000,2.000
74563_090101_130416,D,20110221,000000,2.2780000,2.2780000,2.1650000,2.1650000,7.000
74563_090101_130416,D,20110222,000000,2.2250000,2.2500000,2.2250000,2.2500000,300
74563_090101_130416,D,20110224,000000,2.2230000,2.2460000,2.2220000,2.2460000,7.500
74563_090101_130416,D,20110225,000000,2.1350000,2.3440000,2.1350000,2.3340000,1.300
74563_090101_130416,D,20110228,000000,2.3430000,2.9920000,2.2960000,2.4490000,541.300
74563_090101_130416,D,20110301,000000,2.3260000,2.4480000,2.3130000,2.3779000,39.000
74563_090101_130416,D,20110302,000000,2.3815000,2.3979000,2.2590000,2.3511000,26.000
74563_090101_130416,D,20110303,000000,2.4685000,2.4909000,2.2686000,2.3499000,23.000
74563_090101_130416,D,20110304,000000,2.2650000,2.3500000,2.2650000,2.3500000,5.000
74563_090101_130416,D,20110309,000000,2.2384000,2.3124000,2.2384000,2.3124000,3.000
74563_090101_130416,D,20110310,000000,2.3310000,2.5900000,2.2770000,2.5800000,128.000
74563_090101_130416,D,20110311,000000,2.5001000,2.5700000,2.4000000,2.5124000,176.000
74563_090101_130416,D,20110314,000000,2.5600000,2.7549000,2.3502000,2.4400000,94.000
74563_090101_130416,D,20110315,000000,2.2807000,2.4498000,2.0750000,2.4498000,126.000
74563_090101_130416,D,20110316,000000,2.2523000,2.3899000,2.2523000,2.3899000,2.000
74563_090101_130416,D,20110317,000000,2.0753000,2.3700000,2.0753000,2.3596000,29.000
74563_090101_130416,D,20110318,000000,2.3595000,2.3597000,2.2637000,2.2637000,42.000
74563_090101_130416,D,20110321,000000,2.3531000,2.4350000,2.3300000,2.3300000,9.000
74563_090101_130416,D,20110322,000000,2.3314000,2.3314000,2.2400000,2.2400000,12.000
74563_090101_130416,D,20110323,000000,2.2555000,2.4000000,2.1100000,2.4000000,30.000
74563_090101_130416,D,20110324,000000,2.3300000,2.3300000,2.3300000,2.3300000,1.000
74563_090101_130416,D,20110325,000000,2.2303000,2.4500000,2.2300000,2.2500000,71.000
74563_090101_130416,D,20110328,000000,2.3000000,2.3000000,2.3000000,2.3000000,1.000
74563_090101_130416,D,20110329,000000,2.3000000,2.4000000,2.3000000,2.4000000,15.000
74563_090101_130416,D,20110330,000000,2.4500000,2.7385000,2.4500000,2.5807000,230.000
74563_090101_130416,D,20110331,000000,2.3503000,2.6840000,2.3110000,2.6500000,70.000
74563_090101_130416,D,20110401,000000,2.7381000,2.7381000,2.4500000,2.4500000,32.000
74563_090101_130416,D,20110404,000000,2.6499000,2.7349000,2.4703000,2.7289000,146.000
74563_090101_130416,D,20110406,000000,2.5101000,2.7000000,2.5000000,2.7000000,99.000
74563_090101_130416,D,20110408,000000,2.6900000,2.7290000,2.6900000,2.7290000,4.000
74563_090101_130416,D,20110411,000000,2.6484000,2.6487000,2.5050000,2.6032000,106.000
74563_090101_130416,D,20110413,000000,2.4800000,2.4800000,2.4800000,2.4800000,1.000
74563_090101_130416,D,20110414,000000,2.5000000,2.5001000,2.5000000,2.5000000,35.000
74563_090101_130416,D,20110418,000000,2.6486000,2.6486000,2.6486000,2.6486000,1.000
74563_090101_130416,D,20110422,000000,2.5999000,2.7290000,2.4500000,2.6997000,37.000
74563_090101_130416,D,20110425,000000,2.4501000,2.5800000,2.4500000,2.5800000,31.000
74563_090101_130416,D,20110426,000000,2.4700000,2.6999000,2.4200000,2.4200000,16.000
74563_090101_130416,D,20110428,000000,2.3800000,2.4900000,2.3800000,2.4900000,2.000
74563_090101_130416,D,20110429,000000,2.4000000,2.6000000,2.4000000,2.6000000,201.000
74563_090101_130416,D,20110503,000000,2.4038000,2.4500000,2.3015000,2.4500000,107.000
74563_090101_130416,D,20110504,000000,2.4500000,2.5700000,2.4497000,2.5700000,101.000
74563_090101_130416,D,20110505,000000,2.6800000,2.6800000,2.4046000,2.4046000,3.000
74563_090101_130416,D,20110511,000000,2.2573000,2.4000000,2.2568000,2.4000000,21.000
74563_090101_130416,D,20110512,000000,2.4001000,2.4001000,2.4000000,2.4000000,22.000
74563_090101_130416,D,20110518,000000,2.5390000,2.5390000,2.5000000,2.5000000,16.000
74563_090101_130416,D,20110519,000000,2.1557000,2.1557000,2.1557000,2.1557000,1.000
74563_090101_130416,D,20110523,000000,2.3000000,2.3000000,2.2999000,2.2999000,2.000
74563_090101_130416,D,20110527,000000,2.4399000,2.4399000,2.4399000,2.4399000,1.000
74563_090101_130416,D,20110530,000000,2.3001000,2.4098000,2.1959000,2.3111000,7.000
74563_090101_130416,D,20110531,000000,2.4299000,2.5499000,2.3000000,2.5499000,112.000
74563_090101_130416,D,20110601,000000,2.2950000,2.3999000,2.2949000,2.3994000,142.000
74563_090101_130416,D,20110602,000000,2.3000000,2.3200000,2.2999000,2.3200000,4.000
74563_090101_130416,D,20110603,000000,2.3999000,2.3999000,2.2800000,2.2900000,18.000
74563_090101_130416,D,20110606,000000,2.3000000,2.3000000,2.3000000,2.3000000,3.000
74563_090101_130416,D,20110607,000000,1.8500000,2.2998000,1.8500000,2.2005000,74.000
74563_090101_130416,D,20110608,000000,2.2287000,2.3000000,2.2000000,2.2001000,52.000
74563_090101_130416,D,20110609,000000,2.2500000,2.2500000,2.2500000,2.2500000,1.000
74563_090101_130416,D,20110610,000000,2.2659000,2.2659000,2.2659000,2.2659000,1.000
74563_090101_130416,D,20110614,000000,2.3882000,2.3882000,2.2500000,2.3000000,307.000
74563_090101_130416,D,20110615,000000,2.3996000,2.4001000,2.3996000,2.4000000,14.000
74563_090101_130416,D,20110617,000000,2.4190000,2.4190000,2.4190000,2.4190000,1.000
74563_090101_130416,D,20110621,000000,2.4199000,2.4440000,2.4000000,2.4000000,31.000
74563_090101_130416,D,20110622,000000,2.4466000,2.4466000,2.3164000,2.3164000,19.000
74563_090101_130416,D,20110623,000000,2.3497000,2.3499000,2.3497000,2.3499000,4.000
74563_090101_130416,D,20110624,000000,2.4465000,3.2897000,2.3900000,3.2897000,343.000
74563_090101_130416,D,20110627,000000,3.4500000,3.6800000,3.0000000,3.0000000,37.000
74563_090101_130416,D,20110628,000000,3.4997000,3.4997000,2.2055000,2.2200000,1.747.000
74563_090101_130416,D,20110629,000000,2.3333000,2.3400000,2.2000000,2.2870000,269.000
74563_090101_130416,D,20110630,000000,2.2870000,2.3088000,2.1510000,2.2100000,63.000
74563_090101_130416,D,20110701,000000,2.2350000,2.2692000,2.1805000,2.1805000,8.000
74563_090101_130416,D,20110704,000000,2.2002000,2.2002000,2.2000000,2.2000000,4.000
74563_090101_130416,D,20110705,000000,2.2020000,2.2789000,2.2020000,2.2550000,171.000
74563_090101_130416,D,20110706,000000,2.1919000,2.4697000,2.1677000,2.2701000,56.000
74563_090101_130416,D,20110707,000000,2.3587000,2.5000000,2.2851000,2.2851000,64.000
74563_090101_130416,D,20110708,000000,2.3101000,2.3101000,2.1111000,2.2600000,72.000
74563_090101_130416,D,20110711,000000,2.1401000,2.2350000,2.1401000,2.2350000,9.000
74563_090101_130416,D,20110714,000000,2.2000000,2.4389000,2.2000000,2.3345000,294.000
74563_090101_130416,D,20110715,000000,2.3400000,2.4890000,2.3400000,2.4700000,271.000
74563_090101_130416,D,20110718,000000,2.4690000,2.6000000,2.2704000,2.3522000,45.000
74563_090101_130416,D,20110719,000000,2.5938000,2.5998000,2.5700000,2.5700000,80.000
74563_090101_130416,D,20110720,000000,2.5000000,2.5000000,2.3351000,2.3351000,3.000
74563_090101_130416,D,20110725,000000,2.4001000,2.7200000,2.4001000,2.6995000,144.000
74563_090101_130416,D,20110726,000000,2.4801000,2.5999000,2.3999000,2.4498000,42.000
74563_090101_130416,D,20110727,000000,2.3761000,2.4699000,2.3761000,2.4300000,8.000
74563_090101_130416,D,20110728,000000,2.3969000,2.4200000,2.3789000,2.3815000,226.000
74563_090101_130416,D,20110729,000000,2.3696000,2.6889000,2.3696000,2.4500000,33.000
74563_090101_130416,D,20110801,000000,2.4700000,2.6971000,2.3975000,2.3975000,8.000
74563_090101_130416,D,20110802,000000,2.6992000,2.6992000,2.3061000,2.5001000,491.000
74563_090101_130416,D,20110803,000000,2.4029000,3.2900000,2.2715000,2.9500000,562.000
74563_090101_130416,D,20110804,000000,2.7099000,3.1197000,2.6200000,2.7977000,365.000
74563_090101_130416,D,20110805,000000,2.9595000,3.0000000,2.4000000,2.8940000,78.000
74563_090101_130416,D,20110808,000000,2.8000000,2.8000000,2.6000000,2.6000000,42.000
74563_090101_130416,D,20110809,000000,2.2002000,2.2999000,2.0000000,2.2997000,106.000
74563_090101_130416,D,20110810,000000,2.3500000,2.8501000,2.2015000,2.6700000,484.000
74563_090101_130416,D,20110811,000000,2.2513000,2.7399000,2.2500000,2.6886000,16.000
74563_090101_130416,D,20110812,000000,2.3362000,2.8359000,2.3362000,2.8000000,159.000
74563_090101_130416,D,20110815,000000,2.7501000,3.8431000,2.7500000,3.8430000,410.000
74563_090101_130416,D,20110816,000000,4.2000000,4.4500000,3.3000000,3.3000000,60.000
74563_090101_130416,D,20110817,000000,4.6199000,4.6199000,2.7900000,2.8000000,228.000
74563_090101_130416,D,20110818,000000,2.8100000,2.8100000,2.7200000,2.7998000,4.000
74563_090101_130416,D,20110819,000000,2.8300000,2.8300000,2.6300000,2.7000000,56.000
74563_090101_130416,D,20110822,000000,2.6031000,2.6031000,2.6010000,2.6010000,2.000
74563_090101_130416,D,20110823,000000,2.6011000,2.9678000,2.3410000,2.8900000,33.000
74563_090101_130416,D,20110824,000000,3.1000000,3.1000000,2.3102000,2.7900000,192.000
74563_090101_130416,D,20110825,000000,2.9500000,2.9500000,2.7002000,2.7002000,20.000
74563_090101_130416,D,20110826,000000,2.6900000,3.7799000,2.6900000,3.1401000,107.000
74563_090101_130416,D,20110829,000000,3.7364000,3.7364000,2.9000000,3.0000000,79.000
74563_090101_130416,D,20110830,000000,3.4547000,3.4547000,2.8551000,2.8551000,21.000
74563_090101_130416,D,20110831,000000,2.7883000,3.7000000,2.5696000,3.7000000,127.000
74563_090101_130416,D,20110902,000000,3.0212000,3.5998000,3.0211000,3.5998000,19.000
74563_090101_130416,D,20110905,000000,3.5998000,3.6997000,3.5997000,3.6997000,3.000
74563_090101_130416,D,20110906,000000,3.7776000,3.7776000,3.3000000,3.7770000,12.000
74563_090101_130416,D,20110907,000000,3.7777000,4.8248000,3.6001000,3.9977000,680.000
74563_090101_130416,D,20110908,000000,3.9988000,4.3760000,3.9850000,4.1978000,38.000
74563_090101_130416,D,20110909,000000,4.3880000,4.3880000,3.6800000,3.6800000,88.000
74563_090101_130416,D,20110912,000000,3.3500000,3.6494000,3.3124000,3.6494000,7.000
74563_090101_130416,D,20110913,000000,3.7499000,3.7747000,3.6200000,3.7528000,4.000
74563_090101_130416,D,20110914,000000,3.8998000,3.8998000,3.8998000,3.8998000,1.000
74563_090101_130416,D,20110916,000000,3.9000000,4.0900000,3.8750000,4.0500000,68.000
74563_090101_130416,D,20110919,000000,4.1410000,4.1410000,3.1720000,4.1410000,36.000
74563_090101_130416,D,20110920,000000,4.3699000,4.5455000,4.1998000,4.5000000,51.000
74563_090101_130416,D,20110921,000000,4.6000000,4.6000000,4.0000000,4.1993000,89.000
74563_090101_130416,D,20110922,000000,4.4000000,4.4000000,3.3630000,3.8689000,23.000
74563_090101_130416,D,20110923,000000,3.9460000,3.9460000,3.8813000,3.8813000,2.000
74563_090101_130416,D,20110926,000000,3.9952000,3.9952000,3.9952000,3.9952000,1.000
74563_090101_130416,D,20110927,000000,3.7057000,4.3480000,3.7056000,4.1000000,83.000
74563_090101_130416,D,20110928,000000,4.3300000,4.7500000,4.1625000,4.7500000,127.000
74563_090101_130416,D,20110929,000000,4.8998000,5.4000000,4.7500000,5.1500000,1.130.000
74563_090101_130416,D,20110930,000000,5.3600000,5.3600000,4.9700000,4.9700000,8.000
74563_090101_130416,D,20111003,000000,5.3598000,5.3598000,4.4545000,4.7000000,20.000
74563_090101_130416,D,20111004,000000,4.6000000,4.6000000,3.9455000,3.9455000,23.000
74563_090101_130416,D,20111005,000000,3.8003000,4.0000000,3.4012000,3.8000000,42.000
74563_090101_130416,D,20111006,000000,4.4589000,4.4589000,3.5100000,4.4500000,382.000
74563_090101_130416,D,20111007,000000,4.5000000,5.1110000,4.2886000,4.9399000,2.911.000
74563_090101_130416,D,20111010,000000,4.4999000,4.9949000,4.2000000,4.3000000,133.000
74563_090101_130416,D,20111011,000000,4.1000000,4.3499000,3.9000000,4.1000000,38.000
74563_090101_130416,D,20111012,000000,3.7502000,4.1961000,3.6053000,4.0000000,520.000
74563_090101_130416,D,20111013,000000,4.2000000,4.2000000,3.7909000,3.9499000,28.000
74563_090101_130416,D,20111014,000000,3.9899000,3.9900000,3.3550000,3.7950000,872.000
74563_090101_130416,D,20111017,000000,3.5793000,3.8000000,3.4164000,3.4164000,27.000
74563_090101_130416,D,20111018,000000,3.7898000,3.8549000,3.4220000,3.4300000,40.000
74563_090101_130416,D,20111019,000000,3.5498000,3.5498000,3.2000000,3.2000000,12.000
74563_090101_130416,D,20111020,000000,3.6690000,4.0000000,3.2310000,3.2310000,72.000
74563_090101_130416,D,20111021,000000,3.5558000,3.5558000,3.0600000,3.4500000,887.000
74563_090101_130416,D,20111024,000000,3.8842000,3.8842000,3.3020000,3.3020000,19.000
74563_090101_130416,D,20111025,000000,3.6989000,3.6989000,3.1500000,3.1999000,43.000
74563_090101_130416,D,20111026,000000,3.1503000,3.3498000,3.0660000,3.1500000,1.295.000
74563_090101_130416,D,20111027,000000,3.1502000,3.4392000,3.0901000,3.0901000,27.000
74563_090101_130416,D,20111028,000000,3.0500000,3.3900000,3.0303000,3.1710000,302.000
74563_090101_130416,D,20111031,000000,3.0669000,3.1398000,3.0655000,3.0701000,10.000
74563_090101_130416,D,20111101,000000,3.0699000,3.3000000,3.0304000,3.3000000,28.000
74563_090101_130416,D,20111102,000000,3.2845000,3.2845000,3.1501000,3.1501000,2.000
74563_090101_130416,D,20111103,000000,3.1103000,3.2790000,3.1103000,3.2790000,15.000
74563_090101_130416,D,20111107,000000,3.2787000,3.5000000,3.1000000,3.1095000,102.000
74563_090101_130416,D,20111108,000000,3.2000000,3.3749000,3.1000000,3.2948000,113.000
74563_090101_130416,D,20111109,000000,3.1600000,3.3500000,3.1400000,3.2994000,63.000
74563_090101_130416,D,20111110,000000,3.1116000,3.6108000,3.1000000,3.4999000,331.000
74563_090101_130416,D,20111111,000000,3.6665000,3.6665000,3.2083000,3.3200000,163.000
74563_090101_130416,D,20111114,000000,3.3299000,3.3299000,3.2000000,3.2000000,36.000
74563_090101_130416,D,20111115,000000,3.2987000,3.2987000,3.1000000,3.1000000,46.000
74563_090101_130416,D,20111116,000000,3.1000000,3.1000000,3.0000000,3.0000000,25.000
74563_090101_130416,D,20111117,000000,3.0016000,3.0303000,3.0000000,3.0001000,118.000
74563_090101_130416,D,20111118,000000,2.8005000,3.0303000,2.8005000,3.0000000,178.000
74563_090101_130416,D,20111121,000000,2.8043000,3.0497000,2.8042000,3.0497000,7.000
74563_090101_130416,D,20111122,000000,3.1247000,3.1247000,2.8060000,2.9000000,20.000
74563_090101_130416,D,20111123,000000,2.8500000,2.9009000,2.8500000,2.9009000,3.000
74563_090101_130416,D,20111128,000000,3.0929000,3.0929000,3.0929000,3.0929000,1.000
74563_090101_130416,D,20111129,000000,2.9999000,3.0000000,2.7836000,2.8800000,21.000
74563_090101_130416,D,20111130,000000,2.8000000,2.8000000,2.5920000,2.7984000,22.000
74563_090101_130416,D,20111201,000000,2.9000000,3.0000000,2.7500000,2.8000000,87.000
74563_090101_130416,D,20111202,000000,2.8000000,2.8785000,2.8000000,2.8005000,5.000
74563_090101_130416,D,20111205,000000,2.7531000,2.7552000,2.7531000,2.7551000,4.000
74563_090101_130416,D,20111206,000000,2.5206000,2.8753000,2.5206000,2.8753000,5.000
74563_090101_130416,D,20111207,000000,2.7000000,3.0000000,2.6000000,2.7500000,136.000
74563_090101_130416,D,20111208,000000,2.8558000,2.8558000,2.8558000,2.8558000,1.000
74563_090101_130416,D,20111214,000000,2.9653000,2.9653000,2.9653000,2.9653000,1.000
74563_090101_130416,D,20111215,000000,2.9925000,3.0001000,2.7804000,2.9487000,79.000
74563_090101_130416,D,20111216,000000,2.8503000,2.9849000,2.6000000,2.9592000,51.000
74563_090101_130416,D,20111219,000000,2.9997000,2.9997000,2.8118000,2.9204000,16.000
74563_090101_130416,D,20111220,000000,2.9994000,2.9994000,2.9799000,2.9799000,2.000
74563_090101_130416,D,20111221,000000,2.9569000,3.0989000,2.8009000,2.9990000,42.000
74563_090101_130416,D,20111222,000000,2.9209000,2.9700000,2.7501000,2.8926000,14.000
74563_090101_130416,D,20111223,000000,2.8499000,2.9200000,2.8499000,2.9200000,3.000
74563_090101_130416,D,20111226,000000,2.9545000,2.9550000,2.7535000,2.8000000,69.000
74563_090101_130416,D,20111227,000000,2.8999000,2.8999000,2.8999000,2.8999000,1.000
74563_090101_130416,D,20111228,000000,2.8899000,2.9999000,2.8000000,2.8000000,65.000
74563_090101_130416,D,20111229,000000,2.8500000,2.9000000,2.7003000,2.8991000,34.000
74563_090101_130416,D,20111230,000000,2.9482000,2.9482000,2.8000000,2.9298000,102.000
74563_090101_130416,D,20120103,000000,2.8100000,2.9400000,2.8000000,2.8000000,13.000
74563_090101_130416,D,20120105,000000,2.8999000,2.8999000,2.8999000,2.8999000,1.000
74563_090101_130416,D,20120106,000000,2.9108000,2.9108000,2.9108000,2.9108000,1.000
74563_090101_130416,D,20120109,000000,2.8999000,2.8999000,2.8999000,2.8999000,1.000
74563_090101_130416,D,20120110,000000,2.6027000,3.3000000,2.3342000,2.9000000,180.000
74563_090101_130416,D,20120111,000000,2.8501000,2.8981000,2.4000000,2.8499000,135.000
74563_090101_130416,D,20120112,000000,2.8198000,2.8500000,2.7204000,2.8489000,57.000
74563_090101_130416,D,20120113,000000,2.8389000,2.9990000,2.8250000,2.8577000,28.000
74563_090101_130416,D,20120117,000000,2.8500000,2.8500000,2.6933000,2.6933000,52.000
74563_090101_130416,D,20120118,000000,2.8189000,2.8500000,2.8189000,2.8500000,55.000
74563_090101_130416,D,20120119,000000,2.8500000,2.8500000,2.8500000,2.8500000,1.000
74563_090101_130416,D,20120120,000000,2.8849000,2.8849000,2.8849000,2.8849000,1.000
74563_090101_130416,D,20120125,000000,2.7001000,2.8494000,2.7001000,2.7993000,19.000
74563_090101_130416,D,20120126,000000,2.8828000,2.9000000,2.8828000,2.9000000,2.000
74563_090101_130416,D,20120127,000000,2.7308000,2.8499000,2.7308000,2.8499000,2.000
74563_090101_130416,D,20120130,000000,2.7999000,2.7999000,2.3032000,2.4700000,260.000
74563_090101_130416,D,20120131,000000,2.4899000,2.7724000,2.4899000,2.5801000,30.000
74563_090101_130416,D,20120201,000000,2.5819000,2.8000000,2.5740000,2.8000000,76.000
74563_090101_130416,D,20120202,000000,2.8476000,2.8476000,2.7500000,2.8000000,134.000
74563_090101_130416,D,20120203,000000,2.7501000,2.8300000,2.7500000,2.8300000,32.000
74563_090101_130416,D,20120208,000000,2.7501000,2.8599000,2.7500000,2.8599000,6.000
74563_090101_130416,D,20120209,000000,2.7301000,2.7301000,2.7301000,2.7301000,1.000
74563_090101_130416,D,20120210,000000,2.6600000,2.8000000,2.6600000,2.8000000,2.000
74563_090101_130416,D,20120213,000000,2.5469000,2.8086000,2.5469000,2.8086000,2.000
74563_090101_130416,D,20120214,000000,2.6501000,2.6501000,2.6500000,2.6500000,6.000
74563_090101_130416,D,20120215,000000,2.7619000,2.7619000,2.7619000,2.7619000,1.000
74563_090101_130416,D,20120220,000000,2.5015000,2.7588000,2.5001000,2.7588000,7.000
74563_090101_130416,D,20120224,000000,2.7542000,2.7542000,2.6000000,2.7541000,3.000
74563_090101_130416,D,20120227,000000,2.5134000,2.7686000,2.5134000,2.7686000,2.000
74563_090101_130416,D,20120228,000000,2.5225000,2.5225000,2.5220000,2.5220000,3.000
74563_090101_130416,D,20120229,000000,2.5764000,2.7596000,2.5011000,2.6797000,8.000
74563_090101_130416,D,20120302,000000,2.6999000,2.7678000,2.6999000,2.7678000,3.000
74563_090101_130416,D,20120305,000000,2.6000000,2.6000000,2.6000000,2.6000000,1.000
74563_090101_130416,D,20120306,000000,2.5008000,2.7500000,2.5000000,2.7000000,77.000
74563_090101_130416,D,20120313,000000,2.6997000,2.7000000,2.6997000,2.7000000,30.000
74563_090101_130416,D,20120314,000000,2.7000000,2.7000000,2.6999000,2.7000000,34.000
74563_090101_130416,D,20120315,000000,2.6001000,2.6999000,2.6000000,2.6999000,9.000
74563_090101_130416,D,20120316,000000,2.6999000,2.8666000,2.6000000,2.6958000,59.000
74563_090101_130416,D,20120319,000000,2.7210000,2.7210000,2.5999000,2.5999000,28.000
74563_090101_130416,D,20120320,000000,2.6810000,2.7611000,2.4000000,2.6000000,50.000
74563_090101_130416,D,20120321,000000,2.6500000,2.7800000,2.6000000,2.7060000,82.000
74563_090101_130416,D,20120326,000000,2.6635000,2.7300000,2.6635000,2.7300000,7.000
74563_090101_130416,D,20120327,000000,2.5501000,2.7269000,2.5501000,2.7269000,21.000
74563_090101_130416,D,20120328,000000,2.7227000,2.9493000,2.6500000,2.6500000,298.000
74563_090101_130416,D,20120329,000000,2.7000000,2.8000000,2.6200000,2.7189000,146.000
74563_090101_130416,D,20120402,000000,2.7398000,2.7398000,2.6103000,2.7396000,5.000
74563_090101_130416,D,20120403,000000,2.7697000,2.7697000,2.6011000,2.6999000,44.000
74563_090101_130416,D,20120404,000000,2.7491000,2.7500000,2.5843000,2.7000000,702.000
74563_090101_130416,D,20120405,000000,2.6067000,2.7499000,2.6067000,2.7000000,456.000
74563_090101_130416,D,20120406,000000,2.6999000,2.8000000,2.6500000,2.7938000,204.000
74563_090101_130416,D,20120409,000000,2.7998000,2.7998000,2.5971000,2.6400000,409.000
74563_090101_130416,D,20120410,000000,2.6999000,2.9000000,2.6999000,2.9000000,34.000
74563_090101_130416,D,20120411,000000,2.8499000,2.9495000,2.7500000,2.8500000,69.000
74563_090101_130416,D,20120412,000000,2.9000000,2.9000000,2.9000000,2.9000000,1.000
74563_090101_130416,D,20120413,000000,2.8799000,3.3450000,2.7068000,2.9998000,38.000
74563_090101_130416,D,20120416,000000,2.8000000,3.2989000,2.8000000,2.9995000,40.000
74563_090101_130416,D,20120417,000000,3.2334000,3.2334000,2.8037000,2.8970000,44.000
74563_090101_130416,D,20120418,000000,2.9500000,2.9500000,2.6203000,2.6550000,132.000
74563_090101_130416,D,20120419,000000,2.8198000,2.9500000,2.6871000,2.6871000,31.000
74563_090101_130416,D,20120420,000000,2.6710000,2.6710000,2.5503000,2.5503000,92.000
74563_090101_130416,D,20120423,000000,2.5016000,2.5016000,2.5004000,2.5004000,8.000
74563_090101_130416,D,20120424,000000,2.6499000,2.7000000,2.5144000,2.6499000,86.000
74563_090101_130416,D,20120425,000000,2.5006000,2.5006000,2.4999000,2.5000000,42.000
74563_090101_130416,D,20120426,000000,2.3336000,2.4995000,2.3333000,2.4350000,13.000
74563_090101_130416,D,20120427,000000,2.3000000,2.5996000,2.3000000,2.5996000,74.000
74563_090101_130416,D,20120428,000000,2.4500000,2.7382000,2.4500000,2.5632000,18.000
74563_090101_130416,D,20120502,000000,2.6500000,2.6500000,2.5000000,2.5888000,50.000
74563_090101_130416,D,20120503,000000,2.5100000,2.5870000,2.5100000,2.5870000,4.000
74563_090101_130416,D,20120505,000000,2.4999000,2.6688000,2.4999000,2.5007000,33.000
74563_090101_130416,D,20120507,000000,2.6598000,2.6598000,2.6598000,2.6598000,1.000
74563_090101_130416,D,20120511,000000,2.6693000,2.6693000,2.6693000,2.6693000,1.000
74563_090101_130416,D,20120512,000000,2.3433000,2.3897000,2.3133000,2.3133000,31.000
74563_090101_130416,D,20120514,000000,2.3112000,2.3994000,2.2701000,2.2705000,30.000
74563_090101_130416,D,20120515,000000,2.0228000,2.2246000,2.0001000,2.2246000,19.000
74563_090101_130416,D,20120516,000000,2.2500000,2.4700000,2.2007000,2.3500000,71.000
74563_090101_130416,D,20120517,000000,2.4082000,2.4082000,2.4082000,2.4082000,1.000
74563_090101_130416,D,20120518,000000,2.3999000,2.3999000,2.3999000,2.3999000,1.000
74563_090101_130416,D,20120522,000000,2.2651000,2.2999000,2.2651000,2.2999000,2.000
74563_090101_130416,D,20120523,000000,2.3962000,2.3962000,2.3962000,2.3962000,1.000
74563_090101_130416,D,20120524,000000,2.1231000,2.1231000,2.1231000,2.1231000,4.000
74563_090101_130416,D,20120525,000000,2.2689000,2.4222000,2.1500000,2.2696000,74.000
74563_090101_130416,D,20120528,000000,2.2705000,2.4501000,2.2705000,2.4500000,91.000
74563_090101_130416,D,20120529,000000,2.2702000,2.3389000,2.2385000,2.3389000,13.000
74563_090101_130416,D,20120530,000000,2.3475000,2.4998000,2.3475000,2.4998000,117.000
74563_090101_130416,D,20120601,000000,2.5000000,2.5000000,2.3634000,2.4500000,8.000
74563_090101_130416,D,20120604,000000,2.5000000,2.5700000,2.3530000,2.3530000,12.000
74563_090101_130416,D,20120605,000000,2.3498000,2.3499000,2.2948000,2.3499000,3.000
74563_090101_130416,D,20120606,000000,2.3520000,2.3520000,2.3520000,2.3520000,1.000
74563_090101_130416,D,20120613,000000,2.3500000,2.3500000,2.2000000,2.2000000,42.000
74563_090101_130416,D,20120614,000000,2.2998000,2.2998000,2.2998000,2.2998000,1.000
74563_090101_130416,D,20120615,000000,2.3521000,2.3521000,2.3521000,2.3521000,1.000
74563_090101_130416,D,20120618,000000,2.1000000,2.1999000,2.1000000,2.1999000,9.000
74563_090101_130416,D,20120619,000000,2.2000000,2.2000000,2.2000000,2.2000000,1.000
74563_090101_130416,D,20120621,000000,2.2000000,2.2000000,2.2000000,2.2000000,1.000
74563_090101_130416,D,20120625,000000,2.2000000,2.2000000,2.2000000,2.2000000,2.000
74563_090101_130416,D,20120629,000000,2.1999000,2.1999000,2.1999000,2.1999000,1.000
74563_090101_130416,D,20120702,000000,2.2000000,2.2000000,2.0210000,2.1926000,26.000
74563_090101_130416,D,20120703,000000,2.0213000,2.0213000,2.0210000,2.0210000,21.000
74563_090101_130416,D,20120705,000000,2.1194000,2.1194000,2.1194000,2.1194000,1.000
74563_090101_130416,D,20120709,000000,2.1909000,2.1909000,2.1909000,2.1909000,1.000
74563_090101_130416,D,20120710,000000,2.0700000,2.0700000,2.0210000,2.0210000,3.000
74563_090101_130416,D,20120711,000000,2.1146000,2.1146000,2.1146000,2.1146000,1.000
74563_090101_130416,D,20120712,000000,2.2099000,2.2099000,2.2099000,2.2099000,1.000
74563_090101_130416,D,20120713,000000,2.0055000,2.0055000,1.5005000,1.8550000,53.000
74563_090101_130416,D,20120717,000000,2.2499000,2.2499000,2.0822000,2.1500000,62.000
74563_090101_130416,D,20120718,000000,2.1800000,2.4498000,2.1800000,2.2499000,15.000
74563_090101_130416,D,20120719,000000,2.2995000,2.2995000,2.2995000,2.2995000,1.000
74563_090101_130416,D,20120723,000000,2.1191000,2.1191000,2.1191000,2.1191000,1.000
74563_090101_130416,D,20120724,000000,2.2221000,2.2221000,2.2221000,2.2221000,1.000
74563_090101_130416,D,20120726,000000,2.0355000,2.1700000,2.0355000,2.1700000,2.000
74563_090101_130416,D,20120727,000000,2.4119000,2.5000000,2.4119000,2.5000000,8.000
74563_090101_130416,D,20120730,000000,2.1137000,2.1137000,2.1132000,2.1132000,3.000
74563_090101_130416,D,20120808,000000,2.0999000,2.1999000,2.0999000,2.1999000,2.000
74563_090101_130416,D,20120809,000000,2.2836000,2.3108000,2.1000000,2.1000000,106.000
74563_090101_130416,D,20120810,000000,2.2218000,2.4929000,2.2218000,2.4929000,2.000
74563_090101_130416,D,20120814,000000,2.0056000,2.1979000,2.0056000,2.0252000,7.000
74563_090101_130416,D,20120815,000000,2.0253000,2.0996000,1.9940000,2.0000000,45.000
74563_090101_130416,D,20120816,000000,2.0000000,2.0739000,2.0000000,2.0739000,14.000
74563_090101_130416,D,20120817,000000,2.0001000,2.0850000,2.0000000,2.0005000,10.000
74563_090101_130416,D,20120821,000000,2.0997000,2.2588000,2.0000000,2.0000000,9.000
74563_090101_130416,D,20120823,000000,1.9501000,1.9501000,1.9501000,1.9501000,1.000
74563_090101_130416,D,20120824,000000,1.9502000,2.1991000,1.9501000,2.1991000,6.000
74563_090101_130416,D,20120827,000000,2.0300000,2.0300000,2.0000000,2.0000000,3.000
74563_090101_130416,D,20120828,000000,1.9660000,1.9660000,1.9004000,1.9004000,2.000
74563_090101_130416,D,20120829,000000,1.9599000,2.4993000,1.9599000,2.4993000,54.000
74563_090101_130416,D,20120830,000000,2.6499000,2.6499000,2.1873000,2.1875000,8.000
74563_090101_130416,D,20120904,000000,2.1798000,2.5250000,2.1798000,2.5250000,5.000
74563_090101_130416,D,20120905,000000,2.0228000,2.1600000,2.0200000,2.1499000,17.000
74563_090101_130416,D,20120906,000000,2.1510000,2.2000000,2.1510000,2.2000000,50.000
74563_090101_130416,D,20120907,000000,2.1000000,2.1963000,2.1000000,2.1000000,7.000
74563_090101_130416,D,20120912,000000,2.0501000,2.1400000,2.0500000,2.1000000,6.000
74563_090101_130416,D,20120913,000000,2.1869000,2.1875000,2.1000000,2.1000000,66.000
74563_090101_130416,D,20120914,000000,2.1200000,2.1200000,2.1200000,2.1200000,1.000
74563_090101_130416,D,20120917,000000,2.1987000,2.1987000,2.1300000,2.1300000,9.000
74563_090101_130416,D,20120918,000000,2.3999000,2.3999000,2.1000000,2.1014000,9.000
74563_090101_130416,D,20120921,000000,2.2437000,2.2437000,2.1009000,2.1009000,5.000
74563_090101_130416,D,20120924,000000,2.1001000,2.2537000,2.1000000,2.1000000,9.000
74563_090101_130416,D,20120926,000000,2.0851000,2.0851000,2.0000000,2.0000000,30.000
74563_090101_130416,D,20120927,000000,2.0000000,2.0000000,2.0000000,2.0000000,3.000
74563_090101_130416,D,20120928,000000,2.0000000,2.0000000,1.9000000,1.9000000,22.000
74563_090101_130416,D,20121001,000000,1.8338000,1.8338000,1.8260000,1.8260000,6.000
74563_090101_130416,D,20121002,000000,1.9988000,1.9988000,1.9988000,1.9988000,1.000
74563_090101_130416,D,20121004,000000,1.8499000,2.0199000,1.8499000,2.0199000,38.000
74563_090101_130416,D,20121016,000000,1.9910000,1.9910000,1.9910000,1.9910000,7.000
74563_090101_130416,D,20121018,000000,1.9907000,2.3000000,1.9706000,2.1090000,32.000
74563_090101_130416,D,20121019,000000,2.0623000,2.0623000,2.0000000,2.0000000,13.000
74563_090101_130416,D,20121022,000000,2.2171000,2.2171000,1.9009000,2.1204000,23.000
74563_090101_130416,D,20121023,000000,2.0500000,2.2204000,2.0500000,2.2204000,9.000
74563_090101_130416,D,20121024,000000,2.0000000,2.0000000,2.0000000,2.0000000,57.000
74563_090101_130416,D,20121025,000000,2.0000000,2.0000000,2.0000000,2.0000000,4.000
74563_090101_130416,D,20121026,000000,1.8288000,1.8500000,1.7500000,1.8500000,12.000
74563_090101_130416,D,20121029,000000,1.8500000,1.8500000,1.8300000,1.8500000,4.000
74563_090101_130416,D,20121030,000000,1.8299000,1.9999000,1.8299000,1.9431000,19.000
74563_090101_130416,D,20121031,000000,1.9996000,2.2000000,1.8500000,2.1996000,402.000
74563_090101_130416,D,20121101,000000,2.1513000,2.3975000,2.1100000,2.1100000,18.000
74563_090101_130416,D,20121102,000000,2.2558000,2.5000000,2.1000000,2.3954000,229.000
74563_090101_130416,D,20121106,000000,2.4775000,2.4775000,2.4775000,2.4775000,1.000
74563_090101_130416,D,20121108,000000,2.0855000,2.3999000,2.0505000,2.3499000,230.000
74563_090101_130416,D,20121109,000000,2.3974000,2.6893000,2.1000000,2.2895000,405.000
74563_090101_130416,D,20121112,000000,2.4000000,2.5482000,2.1390000,2.5482000,131.000
74563_090101_130416,D,20121113,000000,2.5482000,2.6500000,2.3910000,2.4050000,7.000
74563_090101_130416,D,20121114,000000,2.5499000,2.5499000,2.5499000,2.5499000,1.000
74563_090101_130416,D,20121115,000000,2.5500000,2.7900000,2.4500000,2.4500000,3.000
74563_090101_130416,D,20121116,000000,2.5500000,2.5500000,2.5500000,2.5500000,1.000
74563_090101_130416,D,20121119,000000,2.3120000,2.4000000,2.2500000,2.3500000,367.000
74563_090101_130416,D,20121120,000000,2.3500000,2.3999000,2.3500000,2.3999000,51.000
74563_090101_130416,D,20121122,000000,2.3500000,2.4295000,2.3500000,2.4295000,52.000
74563_090101_130416,D,20121127,000000,2.4439000,2.4439000,2.4439000,2.4439000,2.000
74563_090101_130416,D,20121128,000000,2.2006000,2.3957000,1.8707000,2.2001000,17.000
74563_090101_130416,D,20121129,000000,2.2151000,2.4373000,2.2151000,2.4373000,2.000
74563_090101_130416,D,20121204,000000,2.3424000,2.5300000,2.3424000,2.5300000,25.000
74563_090101_130416,D,20121206,000000,2.1620000,2.5229000,2.1620000,2.5229000,2.000
74563_090101_130416,D,20121207,000000,2.4000000,2.5500000,2.4000000,2.4000000,114.000
74563_090101_130416,D,20121210,000000,2.5000000,2.5000000,2.5000000,2.5000000,3.000
74563_090101_130416,D,20121211,000000,2.3500000,2.7194000,2.3500000,2.4002000,171.000
74563_090101_130416,D,20121212,000000,2.5497000,2.5497000,2.5497000,2.5497000,1.000
74563_090101_130416,D,20121214,000000,2.5486000,2.6688000,2.3901000,2.4999000,71.000
74563_090101_130416,D,20121217,000000,2.3990000,2.5399000,2.3990000,2.5399000,2.000
74563_090101_130416,D,20121218,000000,2.4500000,2.5000000,2.4500000,2.4530000,58.000
74563_090101_130416,D,20121219,000000,2.5499000,2.5499000,2.5000000,2.5000000,17.000
74563_090101_130416,D,20121220,000000,2.5495000,2.5495000,2.4421000,2.5399000,4.000
74563_090101_130416,D,20121221,000000,2.7079000,2.7079000,2.7079000,2.7079000,1.000
74563_090101_130416,D,20121224,000000,2.4010000,2.5497000,2.4000000,2.5495000,18.000
74563_090101_130416,D,20121225,000000,2.4389000,2.4389000,2.4389000,2.4389000,1.000
74563_090101_130416,D,20121226,000000,2.4997000,2.4997000,2.4000000,2.4000000,3.000
74563_090101_130416,D,20121227,000000,2.3999000,2.3999000,2.2000000,2.2000000,21.000
74563_090101_130416,D,20121228,000000,2.1009000,2.3324000,2.0255000,2.3324000,14.000
74563_090101_130416,D,20130108,000000,2.3311000,2.4499000,2.3311000,2.4499000,30.000
74563_090101_130416,D,20130114,000000,2.2000000,2.2000000,2.2000000,2.2000000,25.000
74563_090101_130416,D,20130115,000000,2.1500000,2.2000000,2.1500000,2.1882000,87.000
74563_090101_130416,D,20130116,000000,2.4000000,2.4000000,2.4000000,2.4000000,1.000
74563_090101_130416,D,20130118,000000,2.1505000,2.4460000,2.1500000,2.4460000,180.000
74563_090101_130416,D,20130121,000000,2.2014000,2.4258000,2.1977000,2.2880000,17.000
74563_090101_130416,D,20130122,000000,2.3325000,2.3325000,2.2414000,2.2414000,16.000
74563_090101_130416,D,20130123,000000,2.2029000,2.3945000,2.1950000,2.1950000,20.000
74563_090101_130416,D,20130124,000000,2.1668000,2.3755000,2.1500000,2.2300000,106.000
74563_090101_130416,D,20130125,000000,2.2824000,2.5186000,2.1962000,2.2500000,79.000
74563_090101_130416,D,20130129,000000,2.3244000,2.4479000,2.3244000,2.4479000,22.000
74563_090101_130416,D,20130130,000000,2.2786000,2.2786000,2.2338000,2.2338000,14.000
74563_090101_130416,D,20130131,000000,2.2557000,2.2558000,2.2332000,2.2332000,8.000
74563_090101_130416,D,20130204,000000,2.1886000,2.1886000,2.1886000,2.1886000,1.000
74563_090101_130416,D,20130207,000000,2.2322000,2.2322000,2.2322000,2.2322000,1.000
74563_090101_130416,D,20130208,000000,2.2000000,2.2000000,2.1876000,2.1876000,3.000
74563_090101_130416,D,20130211,000000,2.1877000,2.1877000,2.0000000,2.1011000,54.000
74563_090101_130416,D,20130212,000000,2.1002000,2.1002000,2.1000000,2.1000000,3.000
74563_090101_130416,D,20130213,000000,2.1000000,2.2000000,2.1000000,2.1422000,15.000
74563_090101_130416,D,20130214,000000,2.0986000,2.0986000,2.0986000,2.0986000,1.000
74563_090101_130416,D,20130215,000000,2.1404000,2.1404000,2.0548000,2.0976000,6.000
74563_090101_130416,D,20130219,000000,2.0550000,2.0550000,2.0550000,2.0550000,2.000
74563_090101_130416,D,20130220,000000,2.0225000,2.0225000,2.0225000,2.0225000,2.000
74563_090101_130416,D,20130221,000000,1.9289000,1.9289000,1.9289000,1.9289000,3.000
74563_090101_130416,D,20130222,000000,1.9000000,2.2500000,1.9000000,2.2500000,100.000
74563_090101_130416,D,20130225,000000,2.3500000,2.4100000,2.3500000,2.4100000,2.000
74563_090101_130416,D,20130227,000000,2.1230000,2.1796000,2.1230000,2.1401000,9.000
74563_090101_130416,D,20130228,000000,2.1372000,2.1372000,2.0931000,2.0932000,16.000
74563_090101_130416,D,20130301,000000,2.0524000,2.0524000,1.9705000,1.9705000,16.000
74563_090101_130416,D,20130304,000000,2.0000000,2.0000000,1.8500000,1.9194000,37.000
74563_090101_130416,D,20130305,000000,1.9199000,1.9199000,1.7502000,1.8908000,14.000
74563_090101_130416,D,20130306,000000,1.8526000,1.8526000,1.7117000,1.8144000,36.000
74563_090101_130416,D,20130307,000000,1.8884000,1.9890000,1.8300000,1.8598000,29.000
74563_090101_130416,D,20130311,000000,1.8400000,1.8400000,1.8400000,1.8400000,1.000
74563_090101_130416,D,20130312,000000,1.8858000,1.9510000,1.8858000,1.8858000,14.000
74563_090101_130416,D,20130314,000000,1.8649000,1.8649000,1.8110000,1.8110000,11.000
74563_090101_130416,D,20130315,000000,1.8107000,1.8474000,1.8000000,1.8474000,61.000
74563_090101_130416,D,20130319,000000,1.8799000,2.1300000,1.8799000,2.1300000,9.000
74563_090101_130416,D,20130320,000000,1.8468000,1.9000000,1.8468000,1.9000000,7.000
74563_090101_130416,D,20130321,000000,1.8838000,1.8840000,1.7366000,1.7720000,63.000
74563_090101_130416,D,20130322,000000,1.8070000,1.8426000,1.8070000,1.8426000,3.000
74563_090101_130416,D,20130326,000000,1.8496000,1.8499000,1.8496000,1.8499000,3.000
74563_090101_130416,D,20130327,000000,1.7700000,1.8000000,1.7000000,1.7000000,20.000
74563_090101_130416,D,20130328,000000,1.8995000,1.8995000,1.7700000,1.7700000,2.000
74563_090101_130416,D,20130329,000000,1.7701000,1.7701000,1.7500000,1.7500000,3.000
74563_090101_130416,D,20130401,000000,1.8000000,1.8000000,1.7000000,1.7000000,260.000
74563_090101_130416,D,20130402,000000,1.8000000,1.8000000,1.8000000,1.8000000,1.000
74563_090101_130416,D,20130403,000000,1.9874000,1.9874000,1.7000000,1.7000000,14.000
