<TICKER>,<PER>,<DATE>,<TIME>,<OPEN>,<HIGH>,<LOW>,<CLOSE>,<VOL>
74746_090101_130416,D,20110113,000000,238.0000000,238.0000000,121.0000000,237.9900000,637
74746_090101_130416,D,20110114,000000,285.0000000,333.0000000,230.0000000,333.0000000,182
74746_090101_130416,D,20110117,000000,237.1100000,357.9900000,235.1100000,357.9900000,1.536
74746_090101_130416,D,20110118,000000,501.1900000,501.1900000,501.1900000,501.1900000,4
74746_090101_130416,D,20110119,000000,701.6700000,701.6700000,300.7100000,300.7100000,19.913
74746_090101_130416,D,20110120,000000,280.0000000,300.0000000,225.0000000,245.0000000,11.409
74746_090101_130416,D,20110121,000000,249.9700000,262.2200000,211.0300000,249.5000000,5.604
74746_090101_130416,D,20110124,000000,245.0000000,249.5000000,225.0000000,246.9000000,295
74746_090101_130416,D,20110125,000000,227.0100000,284.9900000,227.0000000,244.7900000,3.801
74746_090101_130416,D,20110126,000000,244.8700000,258.9900000,230.0000000,240.0000000,1.317
74746_090101_130416,D,20110127,000000,234.0000000,243.4000000,222.0000000,227.5300000,7.140
74746_090101_130416,D,20110128,000000,230.0000000,230.0000000,210.0000000,222.7900000,1.310
74746_090101_130416,D,20110131,000000,224.9900000,311.6500000,197.0000000,256.9900000,17.539
74746_090101_130416,D,20110201,000000,262.0000000,319.9900000,230.0000000,270.0000000,22.834
74746_090101_130416,D,20110202,000000,279.0000000,301.7000000,251.1100000,281.0200000,4.397
74746_090101_130416,D,20110203,000000,255.0000000,287.0000000,240.0000000,263.0000000,4.253
74746_090101_130416,D,20110204,000000,267.1000000,267.1000000,241.0400000,251.7900000,3.191
74746_090101_130416,D,20110207,000000,259.7000000,259.7000000,205.0500000,222.8900000,6.233
74746_090101_130416,D,20110208,000000,222.0000000,232.5000000,213.0000000,223.8800000,2.882
74746_090101_130416,D,20110209,000000,228.0000000,228.0000000,206.0000000,220.0000000,26.147
74746_090101_130416,D,20110210,000000,219.0000000,225.0000000,206.0100000,211.0000000,1.814
74746_090101_130416,D,20110211,000000,209.0000000,218.0000000,200.0000000,216.9400000,1.387
74746_090101_130416,D,20110214,000000,218.0000000,221.9900000,204.0000000,213.9000000,246
74746_090101_130416,D,20110215,000000,212.0200000,216.0000000,201.0000000,203.0000000,1.075
74746_090101_130416,D,20110216,000000,204.0000000,213.0000000,201.0200000,205.0000000,926
74746_090101_130416,D,20110217,000000,209.0000000,213.0000000,195.0000000,207.9700000,1.712
74746_090101_130416,D,20110218,000000,204.0100000,207.9900000,196.0000000,201.0000000,1.797
74746_090101_130416,D,20110221,000000,198.0000000,208.8800000,171.7100000,190.5900000,4.075
74746_090101_130416,D,20110222,000000,200.0000000,200.0000000,171.8000000,198.8900000,3.452
74746_090101_130416,D,20110224,000000,199.0000000,199.0000000,178.0000000,186.9700000,314
74746_090101_130416,D,20110225,000000,194.9900000,206.0000000,177.7100000,206.0000000,778
74746_090101_130416,D,20110228,000000,200.0000000,205.0000000,185.0000000,198.0000000,291
74746_090101_130416,D,20110301,000000,204.0000000,204.0000000,203.9900000,203.9900000,230
74746_090101_130416,D,20110302,000000,204.8000000,213.0000000,193.0000000,213.0000000,1.120
74746_090101_130416,D,20110303,000000,212.0000000,214.0000000,146.0600000,199.5000000,9.360
74746_090101_130416,D,20110304,000000,183.0300000,192.8700000,183.0000000,184.0000000,670
74746_090101_130416,D,20110305,000000,176.0500000,182.6300000,172.0000000,182.6300000,140
74746_090101_130416,D,20110309,000000,187.9900000,188.0000000,165.0500000,171.8000000,1.530
74746_090101_130416,D,20110310,000000,171.9000000,171.9000000,139.9100000,145.0000000,14.840
74746_090101_130416,D,20110311,000000,137.0000000,147.5300000,130.6000000,137.3000000,1.890
74746_090101_130416,D,20110314,000000,135.0000000,135.0000000,118.1100000,119.0000000,2.530
74746_090101_130416,D,20110315,000000,118.1100000,118.1100000,107.0000000,112.9600000,2.640
74746_090101_130416,D,20110316,000000,113.0000000,115.0400000,105.1300000,111.6800000,870
74746_090101_130416,D,20110317,000000,115.2700000,155.0000000,111.1100000,139.8900000,5.730
74746_090101_130416,D,20110318,000000,149.6700000,175.0000000,140.0000000,157.5000000,7.110
74746_090101_130416,D,20110321,000000,162.9900000,162.9900000,130.1200000,137.9200000,4.600
74746_090101_130416,D,20110322,000000,136.5000000,139.9300000,128.1300000,136.0000000,12.590
74746_090101_130416,D,20110323,000000,130.2600000,142.0000000,130.2200000,142.0000000,3.730
74746_090101_130416,D,20110324,000000,129.0500000,137.3700000,126.0000000,135.5500000,2.360
74746_090101_130416,D,20110325,000000,133.0100000,134.4100000,128.0000000,132.9300000,17.790
74746_090101_130416,D,20110328,000000,132.1100000,135.9400000,132.1100000,133.0000000,130
74746_090101_130416,D,20110329,000000,129.0000000,133.8600000,126.5000000,133.8600000,7.910
74746_090101_130416,D,20110330,000000,133.8800000,135.2800000,129.0000000,132.1000000,5.390
74746_090101_130416,D,20110331,000000,133.9800000,133.9800000,129.5000000,132.2800000,1.070
74746_090101_130416,D,20110401,000000,135.7900000,135.7900000,125.0200000,131.8900000,630
74746_090101_130416,D,20110404,000000,128.0100000,130.0000000,125.0000000,129.9900000,880
74746_090101_130416,D,20110405,000000,126.2400000,126.2400000,119.1100000,124.4600000,400
74746_090101_130416,D,20110406,000000,124.4700000,124.4700000,113.0000000,117.0000000,3.140
74746_090101_130416,D,20110407,000000,112.0100000,121.9800000,110.0000000,121.8800000,1.440
74746_090101_130416,D,20110408,000000,112.2400000,119.9800000,112.2400000,116.9900000,5.160
74746_090101_130416,D,20110411,000000,112.0000000,119.7600000,111.1700000,114.3000000,350
74746_090101_130416,D,20110412,000000,111.1200000,160.0200000,110.0500000,160.0200000,17.490
74746_090101_130416,D,20110413,000000,167.0000000,224.0300000,167.0000000,224.0300000,13.240
74746_090101_130416,D,20110414,000000,254.4200000,300.0000000,180.1300000,194.0000000,50.580
74746_090101_130416,D,20110415,000000,195.0000000,239.0000000,185.1200000,211.7000000,13.820
74746_090101_130416,D,20110418,000000,217.4900000,230.0000000,183.0000000,204.9100000,7.570
74746_090101_130416,D,20110419,000000,198.9900000,219.0000000,188.0000000,188.0100000,5.440
74746_090101_130416,D,20110420,000000,191.5000000,207.0000000,180.0000000,187.8800000,19.840
74746_090101_130416,D,20110421,000000,187.4800000,193.0000000,170.0000000,187.8200000,9.730
74746_090101_130416,D,20110422,000000,175.0000000,183.0000000,170.1700000,174.0000000,1.640
74746_090101_130416,D,20110425,000000,164.4200000,200.0000000,164.4200000,200.0000000,5.540
74746_090101_130416,D,20110426,000000,191.0000000,210.0000000,179.6700000,189.9900000,16.410
74746_090101_130416,D,20110427,000000,180.0100000,184.7300000,165.0100000,179.0000000,8.200
74746_090101_130416,D,20110428,000000,179.8800000,197.0100000,171.4100000,177.0000000,4.050
74746_090101_130416,D,20110429,000000,170.0100000,190.0000000,165.5100000,174.0200000,1.720
74746_090101_130416,D,20110503,000000,167.2300000,174.8800000,163.0000000,165.0000000,930
74746_090101_130416,D,20110504,000000,162.0000000,173.9200000,156.9500000,161.5000000,570
74746_090101_130416,D,20110505,000000,162.9900000,174.0000000,160.0000000,160.0000000,1.750
74746_090101_130416,D,20110506,000000,171.7700000,171.7700000,155.0000000,155.5000000,1.020
74746_090101_130416,D,20110510,000000,141.0100000,161.5000000,141.0100000,148.8900000,680
74746_090101_130416,D,20110511,000000,154.4400000,154.4400000,141.0900000,145.0100000,70
74746_090101_130416,D,20110512,000000,145.0000000,187.0000000,139.0100000,145.0000000,28.540
74746_090101_130416,D,20110513,000000,137.0000000,155.4700000,135.5200000,149.8100000,15.940
74746_090101_130416,D,20110516,000000,140.0300000,153.9900000,135.9500000,144.2900000,1.530
74746_090101_130416,D,20110517,000000,137.1200000,149.8600000,137.0000000,138.1200000,4.020
74746_090101_130416,D,20110518,000000,144.4400000,153.9500000,130.0000000,137.8800000,14.830
74746_090101_130416,D,20110519,000000,134.2200000,136.7000000,128.3200000,133.7000000,4.500
74746_090101_130416,D,20110520,000000,134.0000000,136.3900000,129.1200000,130.1200000,1.170
74746_090101_130416,D,20110523,000000,130.0000000,133.9400000,125.0000000,128.0000000,1.180
74746_090101_130416,D,20110524,000000,128.5000000,132.0000000,125.0000000,125.0000000,460
74746_090101_130416,D,20110525,000000,123.0000000,150.0000000,123.0000000,137.9900000,6.850
74746_090101_130416,D,20110526,000000,136.0000000,139.8900000,130.0000000,136.3000000,1.190
74746_090101_130416,D,20110527,000000,130.2100000,136.9900000,130.2100000,135.9900000,390
74746_090101_130416,D,20110530,000000,130.6000000,140.0000000,130.6000000,133.6400000,640
74746_090101_130416,D,20110531,000000,137.9000000,137.9000000,131.0000000,135.8700000,1.140
74746_090101_130416,D,20110601,000000,138.0000000,138.0000000,131.0000000,135.7000000,1.790
74746_090101_130416,D,20110602,000000,133.9000000,134.8400000,128.0000000,128.0000000,17.940
74746_090101_130416,D,20110603,000000,132.0300000,165.0000000,130.0000000,143.4900000,54.230
74746_090101_130416,D,20110606,000000,145.0000000,154.0000000,134.1900000,136.9300000,15.690
74746_090101_130416,D,20110607,000000,142.9900000,145.7400000,135.0000000,138.6600000,20.570
74746_090101_130416,D,20110608,000000,140.0000000,142.0000000,136.3600000,138.3800000,3.990
74746_090101_130416,D,20110609,000000,138.5500000,139.0000000,137.0200000,137.0200000,1.340
74746_090101_130416,D,20110610,000000,137.0100000,146.8900000,134.0200000,143.2700000,8.990
74746_090101_130416,D,20110614,000000,145.2200000,148.9900000,139.1400000,140.0000000,5.910
74746_090101_130416,D,20110615,000000,139.1000000,144.9000000,134.0000000,136.0000000,10.420
74746_090101_130416,D,20110616,000000,138.0000000,138.0000000,130.5000000,133.7900000,5.780
74746_090101_130416,D,20110617,000000,136.0000000,136.0000000,130.0000000,133.2500000,1.560
74746_090101_130416,D,20110620,000000,129.1000000,133.9000000,129.0000000,130.0000000,1.330
74746_090101_130416,D,20110621,000000,133.3300000,133.3300000,127.1700000,129.5100000,830
74746_090101_130416,D,20110622,000000,129.9900000,131.9800000,128.0000000,131.9800000,2.170
74746_090101_130416,D,20110623,000000,129.0000000,133.7000000,127.4600000,132.4400000,3.430
74746_090101_130416,D,20110624,000000,133.0500000,140.0000000,127.4000000,140.0000000,4.240
74746_090101_130416,D,20110627,000000,135.0000000,140.3400000,131.0000000,140.0000000,5.020
74746_090101_130416,D,20110628,000000,135.9300000,190.0000000,134.8000000,190.0000000,12.910
74746_090101_130416,D,20110629,000000,191.0100000,191.0100000,156.3000000,188.1700000,10.720
74746_090101_130416,D,20110630,000000,183.0000000,189.0000000,172.0000000,188.1700000,4.980
74746_090101_130416,D,20110701,000000,188.0000000,195.0000000,157.1000000,170.0300000,30.790
74746_090101_130416,D,20110704,000000,169.0800000,174.7700000,162.0000000,162.0000000,1.220
74746_090101_130416,D,20110705,000000,165.0000000,165.0000000,149.0000000,150.4500000,4.670
74746_090101_130416,D,20110706,000000,159.0000000,193.1100000,158.3500000,171.2000000,76.690
74746_090101_130416,D,20110707,000000,179.9900000,192.9700000,171.2700000,177.0000000,50.200
74746_090101_130416,D,20110708,000000,172.1000000,172.1000000,163.1400000,167.5000000,2.750
74746_090101_130416,D,20110711,000000,161.5000000,168.9200000,157.0000000,157.0100000,4.640
74746_090101_130416,D,20110712,000000,154.0100000,155.9000000,152.0000000,155.4000000,2.350
74746_090101_130416,D,20110713,000000,156.0000000,158.1000000,149.0000000,154.0000000,4.990
74746_090101_130416,D,20110714,000000,150.0000000,150.0000000,133.0000000,143.9000000,11.160
74746_090101_130416,D,20110715,000000,144.4900000,149.9800000,135.0000000,142.0000000,8.940
74746_090101_130416,D,20110718,000000,142.0000000,144.0000000,135.0000000,137.5000000,10.110
74746_090101_130416,D,20110719,000000,137.9900000,144.0000000,125.3600000,130.5000000,27.180
74746_090101_130416,D,20110720,000000,133.0000000,133.0000000,127.0000000,130.0500000,2.110
74746_090101_130416,D,20110721,000000,127.5000000,130.3400000,125.0000000,129.1400000,11.900
74746_090101_130416,D,20110722,000000,131.7000000,133.5000000,128.0000000,128.9700000,6.720
74746_090101_130416,D,20110725,000000,129.0000000,129.9800000,126.7900000,129.6000000,1.430
74746_090101_130416,D,20110726,000000,126.8000000,129.5000000,125.0000000,126.2000000,1.780
74746_090101_130416,D,20110727,000000,127.0000000,129.9800000,124.5000000,124.5800000,3.410
74746_090101_130416,D,20110728,000000,124.3500000,127.5900000,121.3000000,125.9800000,5.410
74746_090101_130416,D,20110729,000000,125.0000000,133.9000000,120.0000000,125.9700000,18.110
74746_090101_130416,D,20110801,000000,127.4000000,130.0000000,124.5800000,127.6600000,4.860
74746_090101_130416,D,20110802,000000,125.0000000,127.8900000,121.0100000,124.7300000,7.160
74746_090101_130416,D,20110803,000000,124.9500000,127.0000000,117.1300000,120.9900000,6.080
74746_090101_130416,D,20110804,000000,121.0000000,124.8900000,116.0400000,119.0000000,8.810
74746_090101_130416,D,20110805,000000,115.3100000,115.3100000,107.1000000,111.0000000,11.420
74746_090101_130416,D,20110808,000000,105.0000000,106.0100000,95.0100000,99.7500000,6.790
74746_090101_130416,D,20110809,000000,94.8000000,97.0000000,70.1100000,86.0000000,20.010
74746_090101_130416,D,20110810,000000,88.8000000,90.0000000,74.0000000,76.0000000,11.270
74746_090101_130416,D,20110811,000000,79.5000000,82.0000000,63.6300000,71.6000000,19.990
74746_090101_130416,D,20110812,000000,72.0000000,77.7700000,64.7100000,73.2000000,14.580
74746_090101_130416,D,20110815,000000,77.0000000,78.8600000,74.0000000,75.0000000,13.910
74746_090101_130416,D,20110816,000000,75.0000000,76.8700000,70.3000000,74.8400000,6.320
74746_090101_130416,D,20110817,000000,76.0000000,78.5000000,72.1300000,74.4600000,22.060
74746_090101_130416,D,20110818,000000,73.6000000,73.6000000,63.0000000,69.8700000,21.250
74746_090101_130416,D,20110819,000000,66.5200000,68.9000000,60.0900000,66.0000000,11.570
74746_090101_130416,D,20110822,000000,63.9000000,67.9000000,63.9000000,67.9000000,2.050
74746_090101_130416,D,20110823,000000,65.6500000,68.6800000,62.1400000,63.0000000,6.730
74746_090101_130416,D,20110824,000000,64.3900000,66.5000000,58.6000000,58.6000000,7.520
74746_090101_130416,D,20110825,000000,60.0000000,61.0000000,54.3500000,55.9200000,13.230
74746_090101_130416,D,20110826,000000,53.9000000,54.8000000,50.0000000,53.7800000,15.490
74746_090101_130416,D,20110829,000000,53.0000000,58.0000000,52.5300000,56.2700000,5.680
74746_090101_130416,D,20110830,000000,57.0000000,57.0000000,53.0800000,55.1300000,8.060
74746_090101_130416,D,20110831,000000,54.3000000,55.7300000,53.5000000,55.0000000,15.050
74746_090101_130416,D,20110901,000000,55.0000000,55.4000000,53.1000000,54.2600000,4.360
74746_090101_130416,D,20110902,000000,54.2600000,54.2600000,52.7800000,53.6400000,6.270
74746_090101_130416,D,20110905,000000,53.9600000,53.9600000,47.6200000,48.2800000,18.190
74746_090101_130416,D,20110906,000000,48.0000000,54.9000000,48.0000000,51.9000000,44.460
74746_090101_130416,D,20110907,000000,55.0000000,55.0000000,51.3600000,52.9900000,3.950
74746_090101_130416,D,20110908,000000,52.9300000,68.6000000,52.9300000,64.9600000,74.890
74746_090101_130416,D,20110909,000000,62.3300000,71.2800000,58.0100000,59.7800000,34.190
74746_090101_130416,D,20110912,000000,57.3500000,57.5000000,51.5800000,54.2800000,26.090
74746_090101_130416,D,20110913,000000,55.6000000,56.9900000,50.5000000,51.4500000,36.810
74746_090101_130416,D,20110914,000000,50.5200000,51.9600000,48.0100000,50.4400000,19.800
74746_090101_130416,D,20110915,000000,49.5100000,52.3000000,49.2000000,50.9000000,13.410
74746_090101_130416,D,20110916,000000,50.7300000,51.0000000,47.9000000,49.7700000,23.320
74746_090101_130416,D,20110919,000000,49.0000000,49.8600000,48.0200000,49.3000000,5.230
74746_090101_130416,D,20110920,000000,49.9600000,52.7800000,49.0000000,52.2700000,16.380
74746_090101_130416,D,20110921,000000,50.6000000,56.5900000,50.6000000,54.0000000,28.930
74746_090101_130416,D,20110922,000000,52.0000000,52.7900000,48.0000000,48.8900000,27.100
74746_090101_130416,D,20110923,000000,46.5100000,59.0000000,42.6600000,59.0000000,45.400
74746_090101_130416,D,20110926,000000,57.7700000,57.7700000,50.2000000,51.5000000,3.050
74746_090101_130416,D,20110927,000000,54.6000000,54.7400000,52.2000000,53.0000000,3.110
74746_090101_130416,D,20110928,000000,51.5300000,52.9900000,49.0300000,49.9800000,9.130
74746_090101_130416,D,20110929,000000,49.0000000,50.9300000,48.2200000,50.8400000,2.940
74746_090101_130416,D,20110930,000000,50.4000000,63.0000000,46.2000000,63.0000000,7.390
74746_090101_130416,D,20111003,000000,52.1200000,56.1500000,49.0300000,52.0000000,19.230
74746_090101_130416,D,20111004,000000,50.3000000,51.2400000,43.9800000,45.8000000,19.980
74746_090101_130416,D,20111005,000000,46.6500000,46.6500000,44.0000000,45.4500000,2.400
74746_090101_130416,D,20111006,000000,46.5200000,48.8900000,44.7800000,47.7000000,12.180
74746_090101_130416,D,20111007,000000,48.9800000,48.9800000,46.0300000,48.4800000,4.780
74746_090101_130416,D,20111010,000000,46.5300000,48.8900000,46.5000000,47.8000000,7.220
74746_090101_130416,D,20111011,000000,47.0000000,47.7000000,47.0000000,47.6000000,1.120
74746_090101_130416,D,20111012,000000,47.5000000,48.2000000,46.0100000,47.0000000,9.030
74746_090101_130416,D,20111013,000000,47.0000000,47.3000000,46.0000000,46.0000000,5.290
74746_090101_130416,D,20111014,000000,45.0700000,47.8800000,43.0100000,44.8600000,97.380
74746_090101_130416,D,20111017,000000,44.8700000,49.8300000,42.7500000,44.6800000,37.970
74746_090101_130416,D,20111018,000000,37.0000000,45.8900000,33.6000000,41.0800000,44.540
74746_090101_130416,D,20111019,000000,41.0000000,42.7000000,39.5300000,40.2700000,61.310
74746_090101_130416,D,20111020,000000,39.0300000,43.9000000,38.0500000,40.0000000,97.860
74746_090101_130416,D,20111021,000000,39.5100000,41.8600000,39.5100000,40.2000000,96.110
74746_090101_130416,D,20111024,000000,40.0100000,40.8800000,38.6500000,38.6500000,45.210
74746_090101_130416,D,20111025,000000,38.9000000,39.0000000,32.1100000,32.1100000,99.720
74746_090101_130416,D,20111026,000000,32.9800000,34.9800000,27.5000000,29.0000000,200.130
74746_090101_130416,D,20111027,000000,29.6500000,30.0000000,27.5200000,27.8800000,94.930
74746_090101_130416,D,20111028,000000,28.0000000,28.0000000,25.0000000,25.5000000,135.510
74746_090101_130416,D,20111031,000000,25.0000000,27.1300000,25.0000000,26.2000000,58.150
74746_090101_130416,D,20111101,000000,25.5200000,26.7000000,23.5500000,24.6000000,29.380
74746_090101_130416,D,20111102,000000,24.9200000,25.8900000,24.5200000,25.2700000,25.370
74746_090101_130416,D,20111103,000000,25.5000000,25.5000000,24.2500000,25.0000000,32.110
74746_090101_130416,D,20111107,000000,24.5200000,25.8000000,24.0000000,24.9700000,17.830
74746_090101_130416,D,20111108,000000,24.6300000,24.8000000,22.9900000,23.5000000,41.220
74746_090101_130416,D,20111109,000000,22.9900000,24.2000000,20.3100000,20.5000000,75.950
74746_090101_130416,D,20111110,000000,20.0100000,21.1000000,17.7800000,20.2700000,62.480
74746_090101_130416,D,20111111,000000,20.4000000,20.4300000,17.6000000,18.6000000,40.460
74746_090101_130416,D,20111114,000000,17.6000000,19.7800000,17.6000000,18.4800000,29.330
74746_090101_130416,D,20111115,000000,18.0500000,19.5100000,18.0500000,18.9700000,13.360
74746_090101_130416,D,20111116,000000,17.5000000,18.6700000,17.5000000,18.1300000,9.710
74746_090101_130416,D,20111117,000000,18.2000000,18.4300000,17.5000000,18.4300000,8.480
74746_090101_130416,D,20111118,000000,17.5000000,25.7600000,17.0000000,25.7600000,105.470
74746_090101_130416,D,20111121,000000,26.1000000,26.9000000,18.5000000,19.7900000,112.930
74746_090101_130416,D,20111122,000000,19.8100000,22.4800000,18.0200000,19.1400000,34.580
74746_090101_130416,D,20111123,000000,18.2300000,19.8800000,17.0600000,18.8400000,80.300
74746_090101_130416,D,20111124,000000,18.2200000,22.8500000,18.0000000,20.4700000,55.690
74746_090101_130416,D,20111125,000000,20.7000000,21.0000000,19.0500000,20.5900000,6.170
74746_090101_130416,D,20111128,000000,21.4300000,24.8700000,20.0000000,21.1000000,14.110
74746_090101_130416,D,20111129,000000,21.3000000,21.3000000,19.1200000,20.0000000,18.790
74746_090101_130416,D,20111130,000000,19.9800000,19.9800000,18.5100000,19.4900000,19.600
74746_090101_130416,D,20111201,000000,19.0500000,20.0500000,18.9000000,19.7400000,33.670
74746_090101_130416,D,20111202,000000,19.6400000,19.6400000,19.0000000,19.2000000,10.790
74746_090101_130416,D,20111205,000000,19.0500000,19.2400000,18.5000000,18.9500000,5.200
74746_090101_130416,D,20111206,000000,19.0000000,19.7300000,18.5000000,18.5600000,8.390
74746_090101_130416,D,20111207,000000,19.1000000,19.9000000,18.3100000,18.9300000,4.860
74746_090101_130416,D,20111208,000000,19.1000000,19.7800000,18.0400000,18.9500000,6.430
74746_090101_130416,D,20111209,000000,18.2400000,19.0700000,18.0800000,18.7700000,5.770
74746_090101_130416,D,20111212,000000,18.8700000,18.8900000,18.0000000,18.0600000,11.550
74746_090101_130416,D,20111213,000000,18.0000000,18.6400000,17.0400000,17.9900000,9.650
74746_090101_130416,D,20111214,000000,18.1000000,18.4400000,16.1700000,17.8300000,13.270
74746_090101_130416,D,20111215,000000,17.4300000,17.8700000,16.2500000,17.3700000,5.710
74746_090101_130416,D,20111216,000000,17.6200000,18.1800000,17.1000000,17.7500000,9.510
74746_090101_130416,D,20111219,000000,17.1700000,17.9700000,17.0000000,17.2000000,3.490
74746_090101_130416,D,20111220,000000,17.5000000,17.7500000,16.8500000,17.0300000,17.520
74746_090101_130416,D,20111221,000000,17.1000000,17.2600000,16.2500000,16.5000000,3.410
74746_090101_130416,D,20111222,000000,16.0900000,16.7500000,16.0900000,16.4000000,4.080
74746_090101_130416,D,20111223,000000,16.0200000,17.3500000,15.3100000,16.6000000,21.830
74746_090101_130416,D,20111226,000000,16.4100000,16.6900000,15.8800000,16.3200000,7.650
74746_090101_130416,D,20111227,000000,15.7000000,16.1000000,15.0100000,15.0100000,14.390
74746_090101_130416,D,20111228,000000,14.6000000,15.2800000,14.3600000,14.5500000,10.530
74746_090101_130416,D,20111229,000000,14.3100000,14.7700000,13.0800000,13.9100000,12.800
74746_090101_130416,D,20111230,000000,13.6100000,15.0000000,13.0200000,14.0000000,6.650
74746_090101_130416,D,20120103,000000,14.9800000,16.8700000,13.7700000,16.2500000,37.820
74746_090101_130416,D,20120104,000000,16.7400000,18.7400000,16.0100000,16.1900000,33.300
74746_090101_130416,D,20120105,000000,16.3900000,16.9800000,15.3000000,15.9100000,16.380
74746_090101_130416,D,20120106,000000,15.7700000,16.1000000,14.5000000,14.9400000,17.870
74746_090101_130416,D,20120109,000000,14.3000000,15.3800000,13.8300000,14.2000000,23.970
74746_090101_130416,D,20120110,000000,13.9600000,14.2900000,13.1200000,13.2100000,22.490
74746_090101_130416,D,20120111,000000,13.2400000,13.5700000,13.0200000,13.1000000,11.410
74746_090101_130416,D,20120112,000000,13.0500000,13.4800000,12.5300000,13.1400000,6.890
74746_090101_130416,D,20120113,000000,12.7100000,13.8200000,12.7100000,13.2700000,5.510
74746_090101_130416,D,20120116,000000,13.1400000,13.5500000,12.8700000,13.1400000,3.180
74746_090101_130416,D,20120117,000000,13.5900000,13.5900000,12.8100000,13.1500000,12.630
74746_090101_130416,D,20120118,000000,12.9200000,13.2600000,12.7700000,13.2000000,13.050
74746_090101_130416,D,20120119,000000,13.1300000,13.5000000,12.7000000,13.0200000,5.790
74746_090101_130416,D,20120120,000000,13.0000000,14.1800000,12.5500000,13.0900000,40.000
74746_090101_130416,D,20120123,000000,12.8300000,13.4200000,12.7700000,12.9200000,16.700
74746_090101_130416,D,20120124,000000,12.7500000,13.2400000,12.7500000,12.9100000,6.870
74746_090101_130416,D,20120125,000000,13.0000000,14.2000000,13.0000000,13.3200000,74.220
74746_090101_130416,D,20120126,000000,13.1600000,13.4200000,12.5000000,12.8400000,43.190
74746_090101_130416,D,20120127,000000,12.8800000,13.2500000,11.8300000,12.1800000,85.270
74746_090101_130416,D,20120130,000000,12.4500000,12.5000000,11.7500000,12.2100000,40.720
74746_090101_130416,D,20120131,000000,11.9000000,12.2000000,11.6600000,12.1000000,28.760
74746_090101_130416,D,20120201,000000,12.1800000,12.4800000,11.0300000,11.0300000,67.390
74746_090101_130416,D,20120202,000000,11.0200000,11.0200000,10.0300000,10.7300000,29.240
74746_090101_130416,D,20120203,000000,10.7500000,10.9900000,10.0400000,10.7600000,14.420
74746_090101_130416,D,20120206,000000,10.4800000,10.9500000,9.7000000,9.9000000,61.940
74746_090101_130416,D,20120207,000000,10.0300000,10.0300000,9.4100000,9.5000000,15.010
74746_090101_130416,D,20120208,000000,9.0000000,10.1700000,8.8000000,9.4800000,40.180
74746_090101_130416,D,20120209,000000,9.3900000,11.3900000,9.0000000,10.4300000,91.680
74746_090101_130416,D,20120210,000000,10.0600000,10.8000000,9.8000000,9.9900000,20.120
74746_090101_130416,D,20120213,000000,9.9000000,10.1300000,9.4000000,9.7400000,14.670
74746_090101_130416,D,20120214,000000,9.6500000,9.8600000,9.3500000,9.6100000,7.790
74746_090101_130416,D,20120215,000000,9.4500000,9.8800000,9.4300000,9.8800000,2.160
74746_090101_130416,D,20120216,000000,9.8600000,12.7700000,9.8300000,10.4000000,111.600
74746_090101_130416,D,20120217,000000,10.7000000,11.6100000,10.0700000,10.7000000,49.860
74746_090101_130416,D,20120220,000000,10.7000000,14.6400000,10.6800000,14.6400000,455.200
74746_090101_130416,D,20120221,000000,16.0000000,19.5000000,14.2400000,16.4000000,1.313.520
74746_090101_130416,D,20120222,000000,15.8000000,17.2000000,13.7000000,14.2400000,229.600
74746_090101_130416,D,20120224,000000,14.7700000,16.3500000,13.7700000,14.7100000,194.130
74746_090101_130416,D,20120227,000000,15.0000000,20.6200000,14.1100000,19.0000000,842.900
74746_090101_130416,D,20120228,000000,19.4900000,20.9700000,16.5000000,17.2900000,441.350
74746_090101_130416,D,20120229,000000,17.3000000,18.0000000,14.3000000,15.3100000,341.100
74746_090101_130416,D,20120301,000000,15.6900000,16.7700000,15.0000000,15.4900000,141.140
74746_090101_130416,D,20120302,000000,15.0400000,17.4100000,15.0400000,16.4600000,197.760
74746_090101_130416,D,20120305,000000,16.5500000,16.7000000,15.1000000,15.9800000,34.660
74746_090101_130416,D,20120306,000000,16.0000000,16.3900000,13.6000000,14.4600000,45.580
74746_090101_130416,D,20120307,000000,14.0100000,15.8000000,13.0000000,13.7000000,188.580
74746_090101_130416,D,20120311,000000,14.0000000,18.3600000,14.0000000,16.3300000,334.220
74746_090101_130416,D,20120312,000000,16.3300000,17.4500000,15.5000000,16.7300000,127.790
74746_090101_130416,D,20120313,000000,16.7700000,17.2600000,16.3200000,16.9200000,25.390
74746_090101_130416,D,20120314,000000,17.2600000,17.9900000,15.8400000,16.1300000,195.270
74746_090101_130416,D,20120315,000000,16.4400000,16.5000000,14.2100000,14.4300000,398.080
74746_090101_130416,D,20120316,000000,14.7700000,15.1000000,13.4200000,13.8100000,213.160
74746_090101_130416,D,20120319,000000,14.0000000,14.8000000,13.2400000,13.8100000,173.080
74746_090101_130416,D,20120320,000000,13.5000000,13.8800000,12.8100000,13.2200000,130.240
74746_090101_130416,D,20120321,000000,13.3800000,13.3900000,10.7300000,11.1200000,2.499.890
74746_090101_130416,D,20120322,000000,11.0800000,11.7300000,10.2500000,10.9300000,595.470
74746_090101_130416,D,20120323,000000,10.9200000,11.1900000,10.3500000,10.9100000,127.650
74746_090101_130416,D,20120326,000000,10.9100000,11.6400000,10.6000000,10.9300000,203.280
74746_090101_130416,D,20120327,000000,10.9900000,11.2900000,10.7400000,10.9000000,73.450
74746_090101_130416,D,20120328,000000,10.7800000,11.3300000,10.3400000,10.7400000,145.070
74746_090101_130416,D,20120329,000000,10.7500000,10.9200000,10.2000000,10.2300000,52.540
74746_090101_130416,D,20120330,000000,10.2900000,10.6000000,10.2300000,10.4700000,80.590
74746_090101_130416,D,20120402,000000,10.4600000,10.7200000,10.0200000,10.1600000,63.550
74746_090101_130416,D,20120403,000000,10.1000000,10.5700000,9.8600000,10.1700000,80.160
74746_090101_130416,D,20120404,000000,10.0200000,10.1900000,9.8500000,9.9800000,60.070
74746_090101_130416,D,20120405,000000,9.9400000,11.3800000,9.9400000,10.6200000,368.930
74746_090101_130416,D,20120406,000000,10.6200000,10.7700000,10.0000000,10.1000000,223.230
74746_090101_130416,D,20120409,000000,10.1000000,10.2900000,8.9000000,9.4100000,369.050
74746_090101_130416,D,20120410,000000,9.6900000,13.0000000,9.0400000,10.7000000,286.180
74746_090101_130416,D,20120411,000000,11.0000000,12.8800000,9.5200000,12.8800000,979.780
74746_090101_130416,D,20120412,000000,11.8000000,13.0800000,11.4100000,13.0000000,275.490
74746_090101_130416,D,20120413,000000,13.1800000,13.1800000,11.9400000,12.9000000,360.690
74746_090101_130416,D,20120416,000000,12.1400000,13.5000000,12.1400000,12.6800000,109.490
74746_090101_130416,D,20120417,000000,12.6900000,12.9000000,9.6700000,9.9000000,2.161.540
74746_090101_130416,D,20120418,000000,9.9900000,9.9900000,8.4900000,9.0700000,499.050
74746_090101_130416,D,20120419,000000,8.9700000,9.0400000,7.3500000,7.3500000,172.360
74746_090101_130416,D,20120420,000000,7.7000000,8.6700000,6.8200000,8.0000000,514.210
74746_090101_130416,D,20120423,000000,7.7100000,8.7900000,6.5000000,6.9900000,379.470
74746_090101_130416,D,20120424,000000,6.7200000,7.4000000,6.5200000,6.9700000,262.970
74746_090101_130416,D,20120425,000000,7.0000000,7.8900000,6.7000000,7.5200000,230.840
74746_090101_130416,D,20120426,000000,7.4500000,8.0000000,6.8600000,6.9900000,363.840
74746_090101_130416,D,20120427,000000,5.8000000,6.2700000,5.3100000,5.3700000,2.437.950
74746_090101_130416,D,20120428,000000,5.3800000,5.4600000,4.6300000,4.7200000,1.268.850
74746_090101_130416,D,20120502,000000,4.6800000,5.4800000,4.5100000,4.9500000,1.619.590
74746_090101_130416,D,20120503,000000,5.0000000,5.1600000,4.8100000,4.9100000,840.250
74746_090101_130416,D,20120504,000000,4.9700000,5.0800000,4.6100000,4.8000000,319.690
74746_090101_130416,D,20120505,000000,4.8400000,4.9100000,4.6300000,4.8200000,158.340
74746_090101_130416,D,20120507,000000,4.7600000,4.8300000,4.5500000,4.7300000,95.350
74746_090101_130416,D,20120508,000000,4.7300000,4.8500000,4.7000000,4.8000000,153.860
74746_090101_130416,D,20120510,000000,4.8100000,4.8700000,4.7500000,4.8000000,327.170
74746_090101_130416,D,20120511,000000,4.8200000,4.8200000,4.4700000,4.5000000,299.720
74746_090101_130416,D,20120512,000000,4.5600000,4.5800000,3.8800000,4.1500000,361.030
74746_090101_130416,D,20120514,000000,4.1600000,4.2800000,3.3500000,3.7500000,1.258.270
74746_090101_130416,D,20120515,000000,3.7100000,4.1000000,3.4600000,3.7600000,859.450
74746_090101_130416,D,20120516,000000,3.7100000,3.9200000,3.6400000,3.7300000,219.350
74746_090101_130416,D,20120517,000000,3.6800000,3.8500000,3.3900000,3.5500000,460.580
74746_090101_130416,D,20120518,000000,3.4200000,3.5200000,3.2200000,3.3200000,408.050
74746_090101_130416,D,20120521,000000,3.3700000,4.2000000,3.3200000,3.9300000,1.297.180
74746_090101_130416,D,20120522,000000,3.8300000,4.6800000,3.8300000,4.2500000,1.936.420
74746_090101_130416,D,20120523,000000,4.1700000,4.5900000,3.8700000,4.3800000,720.460
74746_090101_130416,D,20120524,000000,4.4400000,5.2000000,4.4000000,5.0500000,1.371.700
74746_090101_130416,D,20120525,000000,5.0200000,5.6500000,4.4200000,4.7600000,2.045.810
74746_090101_130416,D,20120528,000000,4.8000000,5.1400000,4.5500000,4.8600000,620.050
74746_090101_130416,D,20120529,000000,4.8900000,4.9700000,4.4800000,4.6100000,361.260
74746_090101_130416,D,20120530,000000,4.5100000,4.7900000,4.1100000,4.2000000,361.630
74746_090101_130416,D,20120531,000000,4.1800000,5.5000000,3.8900000,4.2000000,2.686.650
74746_090101_130416,D,20120601,000000,4.2800000,4.5700000,3.9200000,4.0800000,1.209.140
74746_090101_130416,D,20120604,000000,4.1400000,4.2000000,3.8300000,4.0700000,395.300
74746_090101_130416,D,20120605,000000,4.1000000,4.3800000,4.0100000,4.0700000,483.240
74746_090101_130416,D,20120606,000000,4.1400000,4.1800000,3.8300000,4.0600000,372.470
74746_090101_130416,D,20120607,000000,4.1000000,4.1200000,3.9400000,3.9500000,299.880
74746_090101_130416,D,20120608,000000,3.9900000,4.0000000,3.8300000,3.9000000,140.640
74746_090101_130416,D,20120609,000000,3.9500000,4.2800000,3.7800000,3.9400000,1.000.080
74746_090101_130416,D,20120613,000000,3.9400000,4.0700000,3.8100000,3.9400000,323.450
74746_090101_130416,D,20120614,000000,3.9400000,4.0300000,3.7600000,3.9400000,318.690
74746_090101_130416,D,20120615,000000,3.9700000,4.0400000,3.9200000,4.0000000,123.960
74746_090101_130416,D,20120618,000000,4.0400000,4.1000000,3.9200000,3.9500000,139.710
74746_090101_130416,D,20120619,000000,3.9900000,3.9900000,3.8200000,3.8300000,196.630
74746_090101_130416,D,20120620,000000,3.8300000,4.1000000,3.8100000,3.9400000,668.810
74746_090101_130416,D,20120621,000000,3.9400000,4.0400000,3.8800000,3.9000000,322.130
74746_090101_130416,D,20120622,000000,3.8700000,3.8800000,3.5000000,3.7900000,483.900
74746_090101_130416,D,20120625,000000,3.7600000,3.7900000,3.6500000,3.6800000,174.110
74746_090101_130416,D,20120626,000000,3.7000000,3.8300000,3.6300000,3.7500000,177.400
74746_090101_130416,D,20120627,000000,3.7400000,3.8700000,3.7000000,3.8300000,195.690
74746_090101_130416,D,20120628,000000,3.8600000,3.9000000,3.7500000,3.8000000,79.680
74746_090101_130416,D,20120629,000000,3.8200000,4.0800000,3.8100000,3.9400000,322.450
74746_090101_130416,D,20120702,000000,3.9800000,4.5000000,3.9500000,4.1400000,887.600
74746_090101_130416,D,20120703,000000,4.2000000,4.4000000,4.1000000,4.2000000,432.920
74746_090101_130416,D,20120704,000000,4.1900000,4.2100000,4.0700000,4.1700000,137.570
74746_090101_130416,D,20120705,000000,4.1400000,4.7000000,4.0200000,4.0700000,1.600.480
74746_090101_130416,D,20120706,000000,4.0400000,4.1400000,3.9700000,4.0800000,191.410
74746_090101_130416,D,20120709,000000,4.0600000,4.1900000,3.9500000,4.0100000,199.050
74746_090101_130416,D,20120710,000000,4.0000000,4.0600000,3.9700000,3.9900000,199.810
74746_090101_130416,D,20120711,000000,3.9700000,4.0500000,3.8500000,3.8900000,242.330
74746_090101_130416,D,20120712,000000,3.9400000,3.9600000,3.8200000,3.8600000,116.950
74746_090101_130416,D,20120713,000000,3.8500000,4.1900000,3.8200000,4.1300000,522.500
74746_090101_130416,D,20120716,000000,4.1100000,4.2500000,3.9800000,4.0000000,415.820
74746_090101_130416,D,20120717,000000,4.1000000,4.1200000,3.9200000,3.9800000,285.840
74746_090101_130416,D,20120718,000000,3.9800000,4.0400000,3.9200000,4.0000000,224.080
74746_090101_130416,D,20120719,000000,3.9900000,4.0300000,3.9000000,3.9300000,80.890
74746_090101_130416,D,20120720,000000,3.9600000,3.9600000,3.7500000,3.8800000,236.330
74746_090101_130416,D,20120723,000000,3.8700000,3.9100000,3.7700000,3.7700000,231.440
74746_090101_130416,D,20120724,000000,3.8000000,3.9500000,3.8000000,3.9100000,272.730
74746_090101_130416,D,20120725,000000,3.9300000,4.7500000,3.9300000,4.3900000,3.292.120
74746_090101_130416,D,20120726,000000,4.4100000,6.1000000,4.3500000,6.0100000,9.828.370
74746_090101_130416,D,20120727,000000,6.1100000,7.8800000,6.0800000,7.2200000,8.099.890
74746_090101_130416,D,20120730,000000,7.3400000,7.7400000,5.8300000,6.0500000,3.925.250
74746_090101_130416,D,20120731,000000,5.6000000,5.7900000,4.4000000,4.4900000,1.989.810
74746_090101_130416,D,20120801,000000,4.5000000,5.5000000,4.0700000,4.4500000,3.706.880
74746_090101_130416,D,20120802,000000,4.5600000,4.7500000,4.2100000,4.4800000,1.562.370
74746_090101_130416,D,20120803,000000,4.4800000,4.6500000,4.4100000,4.5900000,719.700
74746_090101_130416,D,20120806,000000,4.6900000,4.9500000,4.5900000,4.8100000,698.740
74746_090101_130416,D,20120807,000000,4.8200000,4.9000000,4.5400000,4.6600000,589.910
74746_090101_130416,D,20120808,000000,4.6200000,4.6600000,4.4700000,4.6300000,391.820
74746_090101_130416,D,20120809,000000,4.6500000,4.7500000,4.5400000,4.6300000,690.410
74746_090101_130416,D,20120810,000000,4.6200000,4.6700000,4.5600000,4.6200000,246.760
74746_090101_130416,D,20120813,000000,4.6200000,4.7300000,4.5000000,4.5500000,232.140
74746_090101_130416,D,20120814,000000,4.6000000,5.1700000,4.5800000,4.9500000,1.267.840
74746_090101_130416,D,20120815,000000,4.8700000,4.9900000,4.6500000,4.7700000,722.340
74746_090101_130416,D,20120816,000000,4.7900000,4.8800000,4.6400000,4.7100000,372.960
74746_090101_130416,D,20120817,000000,4.7000000,4.7700000,4.5600000,4.6100000,252.710
74746_090101_130416,D,20120820,000000,4.6500000,4.7400000,4.5200000,4.5900000,307.620
74746_090101_130416,D,20120821,000000,4.5900000,4.6300000,4.5000000,4.5500000,261.860
74746_090101_130416,D,20120822,000000,4.5200000,4.7300000,4.4700000,4.6200000,302.340
74746_090101_130416,D,20120823,000000,4.6200000,4.6700000,4.5000000,4.5600000,263.850
74746_090101_130416,D,20120824,000000,4.5400000,4.6000000,4.4700000,4.5400000,173.220
74746_090101_130416,D,20120827,000000,4.5800000,4.5800000,4.4700000,4.5200000,147.040
74746_090101_130416,D,20120828,000000,4.5000000,4.5900000,4.3700000,4.5400000,371.480
74746_090101_130416,D,20120829,000000,4.5700000,5.2600000,4.5000000,4.5500000,3.257.870
74746_090101_130416,D,20120830,000000,4.5900000,4.7900000,4.3900000,4.4500000,943.790
74746_090101_130416,D,20120831,000000,4.4900000,4.5900000,4.4300000,4.4900000,326.450
74746_090101_130416,D,20120903,000000,4.5200000,4.5500000,4.3900000,4.4900000,223.640
74746_090101_130416,D,20120904,000000,4.5000000,4.7000000,4.5000000,4.5200000,605.980
74746_090101_130416,D,20120905,000000,4.5000000,4.5800000,4.4600000,4.5000000,208.250
74746_090101_130416,D,20120906,000000,4.5300000,4.6500000,4.4100000,4.5800000,331.530
74746_090101_130416,D,20120907,000000,4.6000000,4.6500000,4.5200000,4.6100000,186.150
74746_090101_130416,D,20120910,000000,4.6300000,4.6700000,4.5000000,4.5900000,259.900
74746_090101_130416,D,20120911,000000,4.6000000,4.6100000,4.4300000,4.4800000,606.710
74746_090101_130416,D,20120912,000000,4.4600000,4.5500000,4.4300000,4.4800000,230.010
74746_090101_130416,D,20120913,000000,4.4700000,4.9400000,4.4700000,4.6200000,1.101.870
74746_090101_130416,D,20120914,000000,4.6800000,4.7600000,4.4000000,4.6300000,593.310
74746_090101_130416,D,20120917,000000,4.6300000,4.7000000,4.5000000,4.5300000,203.020
74746_090101_130416,D,20120918,000000,4.5500000,4.6000000,4.4700000,4.4900000,426.720
74746_090101_130416,D,20120919,000000,4.5100000,4.5600000,4.4400000,4.4800000,297.760
74746_090101_130416,D,20120920,000000,4.4700000,4.6500000,4.4600000,4.5300000,204.330
74746_090101_130416,D,20120921,000000,4.5300000,4.5600000,4.4600000,4.5200000,59.240
74746_090101_130416,D,20120924,000000,4.5000000,4.5400000,4.4600000,4.5400000,156.530
74746_090101_130416,D,20120925,000000,4.5500000,5.0500000,4.5100000,4.6800000,1.796.100
74746_090101_130416,D,20120926,000000,4.7200000,4.9600000,4.6500000,4.6700000,414.430
74746_090101_130416,D,20120927,000000,4.7100000,4.7900000,4.5600000,4.6700000,347.150
74746_090101_130416,D,20120928,000000,4.6800000,4.8500000,4.5200000,4.6900000,523.780
74746_090101_130416,D,20121001,000000,4.6500000,4.6900000,4.5500000,4.6300000,384.630
74746_090101_130416,D,20121002,000000,4.6300000,4.6600000,4.5200000,4.6000000,408.490
74746_090101_130416,D,20121003,000000,4.6100000,4.6200000,4.4500000,4.4900000,427.170
74746_090101_130416,D,20121004,000000,4.4900000,4.5400000,4.4200000,4.4800000,180.300
74746_090101_130416,D,20121005,000000,4.4500000,4.5500000,4.4500000,4.5400000,159.630
74746_090101_130416,D,20121008,000000,4.5400000,5.0000000,4.5000000,4.7100000,1.077.690
74746_090101_130416,D,20121009,000000,4.7400000,4.7500000,4.4900000,4.5300000,400.450
74746_090101_130416,D,20121010,000000,4.5100000,4.6600000,4.4800000,4.5200000,491.020
74746_090101_130416,D,20121011,000000,4.5200000,4.7400000,4.4000000,4.6200000,896.430
74746_090101_130416,D,20121012,000000,4.6300000,4.6600000,4.5000000,4.6600000,338.750
74746_090101_130416,D,20121015,000000,4.6400000,4.6900000,4.5700000,4.6100000,176.800
74746_090101_130416,D,20121016,000000,4.6100000,4.6800000,4.5500000,4.6000000,116.210
74746_090101_130416,D,20121017,000000,4.6100000,4.6200000,4.5000000,4.5700000,499.820
74746_090101_130416,D,20121018,000000,4.5900000,4.6300000,4.4400000,4.5000000,590.310
74746_090101_130416,D,20121019,000000,4.5200000,4.5400000,4.4800000,4.5100000,270.240
74746_090101_130416,D,20121022,000000,4.5100000,4.5300000,4.4000000,4.5000000,354.280
74746_090101_130416,D,20121023,000000,4.5000000,4.5500000,4.4000000,4.4600000,154.530
74746_090101_130416,D,20121024,000000,4.4500000,4.4600000,4.1000000,4.2500000,794.490
74746_090101_130416,D,20121025,000000,4.2500000,4.3100000,4.1600000,4.2200000,315.440
74746_090101_130416,D,20121026,000000,4.2000000,4.2100000,4.0100000,4.1500000,322.290
74746_090101_130416,D,20121029,000000,4.1500000,4.1700000,4.0500000,4.1200000,312.970
74746_090101_130416,D,20121030,000000,4.1300000,4.1300000,3.9300000,3.9900000,969.530
74746_090101_130416,D,20121031,000000,3.9900000,4.5000000,3.9900000,4.4400000,730.920
74746_090101_130416,D,20121101,000000,4.3600000,4.4700000,4.1400000,4.2100000,427.150
74746_090101_130416,D,20121102,000000,4.2100000,4.2700000,3.9500000,4.0800000,798.300
74746_090101_130416,D,20121106,000000,4.0800000,4.5500000,4.0200000,4.2900000,998.970
74746_090101_130416,D,20121107,000000,4.2900000,4.3600000,4.1900000,4.2500000,264.440
74746_090101_130416,D,20121108,000000,4.2000000,4.2400000,3.9200000,3.9900000,1.027.720
74746_090101_130416,D,20121109,000000,4.0000000,4.0500000,3.8500000,4.0000000,274.750
74746_090101_130416,D,20121112,000000,4.0300000,4.0500000,3.9800000,4.0000000,51.640
74746_090101_130416,D,20121113,000000,3.9800000,4.0100000,3.7500000,3.8700000,2.499.280
74746_090101_130416,D,20121114,000000,3.8800000,3.9900000,3.8500000,3.8800000,258.770
74746_090101_130416,D,20121115,000000,3.9000000,3.9600000,3.8600000,3.8900000,236.850
74746_090101_130416,D,20121116,000000,3.9000000,3.9300000,3.8800000,3.9100000,98.960
74746_090101_130416,D,20121119,000000,3.9500000,3.9700000,3.8900000,3.9500000,70.150
74746_090101_130416,D,20121120,000000,3.9200000,3.9600000,3.9200000,3.9500000,33.200
74746_090101_130416,D,20121121,000000,3.9200000,3.9600000,3.8500000,3.9300000,127.730
74746_090101_130416,D,20121122,000000,3.9400000,3.9400000,3.8900000,3.9000000,9.510
74746_090101_130416,D,20121123,000000,3.9300000,3.9600000,3.8800000,3.9200000,169.290
74746_090101_130416,D,20121126,000000,3.9400000,3.9400000,3.9100000,3.9200000,58.080
74746_090101_130416,D,20121127,000000,3.9300000,3.9400000,3.8600000,3.9100000,194.620
74746_090101_130416,D,20121128,000000,3.9000000,3.9200000,3.7500000,3.7900000,215.550
74746_090101_130416,D,20121129,000000,3.7900000,3.8300000,3.7000000,3.7400000,195.830
74746_090101_130416,D,20121130,000000,3.7500000,3.8500000,3.7000000,3.7300000,283.170
74746_090101_130416,D,20121203,000000,3.7400000,3.7800000,3.7000000,3.7100000,94.060
74746_090101_130416,D,20121204,000000,3.7200000,3.8400000,3.7000000,3.8000000,500.900
74746_090101_130416,D,20121205,000000,3.8200000,3.9100000,3.7600000,3.9000000,362.370
74746_090101_130416,D,20121206,000000,3.9000000,3.9300000,3.7300000,3.7800000,647.380
74746_090101_130416,D,20121207,000000,3.8000000,3.8000000,3.6700000,3.7100000,287.860
74746_090101_130416,D,20121210,000000,3.7100000,3.7400000,3.6700000,3.7000000,222.370
74746_090101_130416,D,20121211,000000,3.7100000,3.7100000,3.5900000,3.6300000,227.410
74746_090101_130416,D,20121212,000000,3.5900000,3.6400000,3.5400000,3.6000000,308.710
74746_090101_130416,D,20121213,000000,3.6000000,3.6300000,3.5700000,3.6000000,113.200
74746_090101_130416,D,20121214,000000,3.6200000,3.6200000,3.5300000,3.6000000,98.100
74746_090101_130416,D,20121217,000000,3.6000000,3.6200000,3.5600000,3.5700000,140.530
74746_090101_130416,D,20121218,000000,3.5900000,3.5900000,3.5400000,3.5700000,76.050
74746_090101_130416,D,20121219,000000,3.5700000,3.6400000,3.5000000,3.5200000,165.360
74746_090101_130416,D,20121220,000000,3.5300000,3.9300000,3.4400000,3.6800000,1.769.190
74746_090101_130416,D,20121221,000000,3.6600000,3.7000000,3.5400000,3.5400000,236.290
74746_090101_130416,D,20121224,000000,3.5700000,3.5800000,3.5100000,3.5300000,96.980
74746_090101_130416,D,20121225,000000,3.5300000,3.5900000,3.5000000,3.5600000,118.580
74746_090101_130416,D,20121226,000000,3.5600000,3.5700000,3.4900000,3.5200000,125.960
74746_090101_130416,D,20121227,000000,3.5200000,3.5400000,3.4800000,3.5300000,265.460
74746_090101_130416,D,20121228,000000,3.5100000,3.5300000,3.4400000,3.4600000,238.080
74746_090101_130416,D,20130108,000000,3.4700000,3.5200000,3.4500000,3.4800000,123.160
74746_090101_130416,D,20130109,000000,3.4900000,3.6400000,3.4900000,3.5500000,283.960
74746_090101_130416,D,20130110,000000,3.5700000,3.6200000,3.5000000,3.5400000,213.620
74746_090101_130416,D,20130111,000000,3.5200000,3.5500000,3.5000000,3.5300000,59.620
74746_090101_130416,D,20130114,000000,3.5300000,3.5300000,3.4800000,3.5000000,170.400
74746_090101_130416,D,20130115,000000,3.5200000,3.5400000,3.4700000,3.4800000,416.100
74746_090101_130416,D,20130116,000000,3.4800000,3.5200000,3.4400000,3.4900000,392.570
74746_090101_130416,D,20130117,000000,3.4800000,3.5600000,3.4700000,3.4900000,260.570
74746_090101_130416,D,20130118,000000,3.5000000,3.5000000,3.4500000,3.4700000,147.980
74746_090101_130416,D,20130121,000000,3.4800000,3.4900000,3.4300000,3.4600000,95.750
74746_090101_130416,D,20130122,000000,3.4700000,3.5400000,3.4200000,3.4300000,470.790
74746_090101_130416,D,20130123,000000,3.4600000,3.4700000,3.4200000,3.4600000,323.790
74746_090101_130416,D,20130124,000000,3.4700000,3.4700000,3.3500000,3.4200000,331.350
74746_090101_130416,D,20130125,000000,3.4100000,3.4100000,3.3700000,3.4000000,106.220
74746_090101_130416,D,20130128,000000,3.4000000,3.4200000,3.3700000,3.3800000,218.980
74746_090101_130416,D,20130129,000000,3.3900000,3.4100000,3.2400000,3.2800000,555.300
74746_090101_130416,D,20130130,000000,3.2800000,3.2900000,3.1300000,3.1900000,755.310
74746_090101_130416,D,20130131,000000,3.1800000,3.2100000,3.1200000,3.1400000,440.130
74746_090101_130416,D,20130201,000000,3.1400000,3.1400000,2.9500000,2.9900000,1.166.090
74746_090101_130416,D,20130204,000000,2.9900000,3.1300000,2.9800000,3.0200000,435.380
74746_090101_130416,D,20130205,000000,3.0200000,3.0300000,2.9500000,2.9700000,339.180
74746_090101_130416,D,20130206,000000,2.9900000,3.0500000,2.9600000,2.9800000,340.060
74746_090101_130416,D,20130207,000000,3.0000000,3.0100000,2.9500000,2.9700000,225.280
74746_090101_130416,D,20130208,000000,2.9800000,2.9900000,2.9200000,2.9600000,212.880
74746_090101_130416,D,20130211,000000,2.9500000,3.1500000,2.8700000,3.0400000,871.970
74746_090101_130416,D,20130212,000000,3.0300000,3.0600000,2.9400000,2.9700000,542.640
74746_090101_130416,D,20130213,000000,2.9600000,3.0300000,2.9500000,2.9900000,184.100
74746_090101_130416,D,20130214,000000,3.0000000,3.0700000,2.9500000,2.9700000,242.830
74746_090101_130416,D,20130215,000000,2.9700000,3.2800000,2.9000000,3.2300000,1.556.390
74746_090101_130416,D,20130218,000000,3.2200000,3.3800000,3.0500000,3.1000000,1.264.170
74746_090101_130416,D,20130219,000000,3.1000000,3.2000000,3.0000000,3.0400000,1.383.460
74746_090101_130416,D,20130220,000000,3.0400000,3.0600000,2.9700000,3.0000000,402.740
74746_090101_130416,D,20130221,000000,2.9700000,2.9800000,2.9000000,2.9200000,381.430
74746_090101_130416,D,20130222,000000,2.9300000,2.9600000,2.8800000,2.9200000,299.370
74746_090101_130416,D,20130225,000000,2.9100000,3.0000000,2.8400000,2.9300000,622.140
74746_090101_130416,D,20130226,000000,2.9000000,2.9100000,2.8200000,2.8500000,415.670
74746_090101_130416,D,20130227,000000,2.8500000,2.8900000,2.8200000,2.8600000,258.700
74746_090101_130416,D,20130228,000000,2.8700000,2.8800000,2.7800000,2.8000000,327.090
74746_090101_130416,D,20130301,000000,2.7900000,2.9600000,2.7300000,2.7700000,753.540
74746_090101_130416,D,20130304,000000,2.7700000,2.8700000,2.6700000,2.8000000,1.027.810
74746_090101_130416,D,20130305,000000,2.8000000,2.8100000,2.7600000,2.7900000,145.500
74746_090101_130416,D,20130306,000000,2.7900000,2.8500000,2.7100000,2.7300000,436.830
74746_090101_130416,D,20130307,000000,2.7300000,2.7500000,2.6600000,2.6800000,472.100
74746_090101_130416,D,20130311,000000,2.6800000,2.8100000,2.6500000,2.6900000,798.990
74746_090101_130416,D,20130312,000000,2.6900000,2.7400000,2.6600000,2.6900000,490.240
74746_090101_130416,D,20130313,000000,2.7000000,3.3100000,2.6700000,3.0400000,4.333.300
74746_090101_130416,D,20130314,000000,3.0400000,3.2400000,3.0000000,3.0400000,1.391.280
74746_090101_130416,D,20130315,000000,3.0400000,3.0600000,2.7800000,2.8400000,2.002.360
74746_090101_130416,D,20130318,000000,2.8000000,2.8000000,2.6800000,2.7000000,806.830
74746_090101_130416,D,20130319,000000,2.6900000,2.7700000,2.6700000,2.6900000,322.880
74746_090101_130416,D,20130320,000000,2.6900000,2.8300000,2.6500000,2.7200000,957.950
74746_090101_130416,D,20130321,000000,2.7200000,2.7300000,2.6900000,2.7100000,242.530
74746_090101_130416,D,20130322,000000,2.7000000,2.7100000,2.6400000,2.6700000,449.310
74746_090101_130416,D,20130325,000000,2.6700000,2.7400000,2.6600000,2.7000000,217.710
74746_090101_130416,D,20130326,000000,2.6900000,2.7000000,2.5300000,2.5500000,465.380
74746_090101_130416,D,20130327,000000,2.5500000,2.5800000,2.5100000,2.5400000,160.600
74746_090101_130416,D,20130328,000000,2.5300000,2.6100000,2.5100000,2.5800000,457.610
74746_090101_130416,D,20130329,000000,2.5800000,2.8100000,2.5700000,2.6000000,830.140
74746_090101_130416,D,20130401,000000,2.5900000,2.6400000,2.5100000,2.5500000,360.210
74746_090101_130416,D,20130402,000000,2.5500000,2.5600000,2.5100000,2.5300000,163.160
74746_090101_130416,D,20130403,000000,2.5200000,2.5300000,2.4400000,2.4700000,181.560
