<TICKER>,<PER>,<DATE>,<TIME>,<OPEN>,<HIGH>,<LOW>,<CLOSE>,<VOL>
9_090101_130416,D,20090111,000000,7.6500000,8.0500000,7.5000000,7.7500000,185.800
9_090101_130416,D,20090112,000000,7.6500000,7.7900000,7.3000000,7.6500000,109.200
9_090101_130416,D,20090113,000000,7.5120000,7.7700000,7.1500000,7.5980000,90.800
9_090101_130416,D,20090114,000000,7.5010000,7.6990000,7.3610000,7.3700000,31.100
9_090101_130416,D,20090115,000000,7.6990000,7.6990000,7.2010000,7.3500000,8.600
9_090101_130416,D,20090116,000000,7.5590000,7.6400000,7.1900000,7.2100000,263.400
9_090101_130416,D,20090119,000000,7.1000000,7.2100000,6.6040000,6.6850000,25.500
9_090101_130416,D,20090120,000000,6.2130000,6.9100000,6.2020000,6.6000000,230.200
9_090101_130416,D,20090121,000000,6.0020000,6.6410000,6.0020000,6.4000000,142.100
9_090101_130416,D,20090122,000000,6.3800000,6.6000000,6.0200000,6.1030000,314.600
9_090101_130416,D,20090123,000000,6.0990000,6.4920000,6.0070000,6.1020000,11.700
9_090101_130416,D,20090126,000000,6.3900000,6.9100000,5.8310000,6.3100000,1.698.600
9_090101_130416,D,20090127,000000,6.1360000,6.9400000,6.1350000,6.5000000,1.522.100
9_090101_130416,D,20090128,000000,6.4500000,6.9400000,6.4000000,6.7000000,944.800
9_090101_130416,D,20090129,000000,6.5010000,6.9400000,6.3500000,6.7000000,1.592.000
9_090101_130416,D,20090130,000000,6.2250000,6.8400000,6.2250000,6.5770000,470.700
9_090101_130416,D,20090202,000000,6.5740000,6.7000000,6.2600000,6.5020000,83.900
9_090101_130416,D,20090203,000000,6.4500000,6.5880000,6.2810000,6.4940000,61.200
9_090101_130416,D,20090204,000000,6.4940000,6.6000000,6.3240000,6.4880000,35.000
9_090101_130416,D,20090205,000000,6.4790000,6.4790000,6.2300000,6.3330000,42.900
9_090101_130416,D,20090206,000000,6.3300000,6.5990000,6.1800000,6.5000000,276.200
9_090101_130416,D,20090209,000000,6.5000000,6.7680000,6.3120000,6.6100000,203.800
9_090101_130416,D,20090210,000000,6.6000000,7.1990000,6.6000000,6.6500000,299.500
9_090101_130416,D,20090211,000000,6.2600000,6.7000000,6.2600000,6.6010000,250.900
9_090101_130416,D,20090212,000000,6.7490000,6.7490000,6.4110000,6.5000000,263.200
9_090101_130416,D,20090213,000000,6.6370000,6.6980000,6.5010000,6.6000000,48.300
9_090101_130416,D,20090216,000000,6.6980000,6.6980000,6.3190000,6.5500000,143.100
9_090101_130416,D,20090217,000000,6.5000000,6.5000000,6.1800000,6.2000000,66.100
9_090101_130416,D,20090218,000000,6.2000000,6.2990000,5.9990000,6.1990000,33.200
9_090101_130416,D,20090219,000000,6.1700000,6.5000000,6.1690000,6.4000000,94.400
9_090101_130416,D,20090220,000000,6.6410000,6.6410000,5.9990000,6.1110000,110.300
9_090101_130416,D,20090224,000000,6.5800000,6.9000000,6.0000000,6.1350000,50.000
9_090101_130416,D,20090225,000000,6.5100000,6.5100000,6.1500000,6.3000000,36.700
9_090101_130416,D,20090226,000000,6.1820000,6.1820000,6.1620000,6.1800000,72.100
9_090101_130416,D,20090227,000000,6.1700000,6.1700000,6.1200000,6.1700000,39.700
9_090101_130416,D,20090302,000000,6.2000000,6.3290000,6.1900000,6.1970000,36.400
9_090101_130416,D,20090303,000000,6.1520000,6.2220000,6.1500000,6.1800000,87.300
9_090101_130416,D,20090304,000000,6.3400000,6.3400000,6.1800000,6.2790000,55.200
9_090101_130416,D,20090305,000000,6.1900000,6.2000000,6.1000000,6.2000000,4.300
9_090101_130416,D,20090306,000000,6.1990000,6.2000000,5.9800000,6.0000000,92.600
9_090101_130416,D,20090310,000000,6.2000000,6.2750000,5.9010000,6.0140000,110.300
9_090101_130416,D,20090311,000000,6.0150000,6.2750000,5.9010000,6.1950000,321.100
9_090101_130416,D,20090312,000000,6.0500000,6.1930000,5.9990000,6.1200000,35.500
9_090101_130416,D,20090313,000000,6.1000000,6.1000000,5.9710000,6.0710000,28.100
9_090101_130416,D,20090316,000000,5.9500000,6.2500000,5.8500000,5.8770000,1.023.800
9_090101_130416,D,20090317,000000,5.8800000,5.8800000,5.7210000,5.7500000,334.600
9_090101_130416,D,20090318,000000,5.7500000,5.8000000,5.6100000,5.7500000,248.700
9_090101_130416,D,20090319,000000,5.8000000,5.8000000,5.6000000,5.6000000,398.000
9_090101_130416,D,20090320,000000,5.6000000,5.6000000,5.4700000,5.5400000,285.800
9_090101_130416,D,20090323,000000,5.5000000,5.6100000,5.4740000,5.6100000,375.900
9_090101_130416,D,20090324,000000,5.6100000,5.6100000,5.1000000,5.5800000,185.300
9_090101_130416,D,20090325,000000,5.5010000,5.6400000,5.5010000,5.6250000,212.600
9_090101_130416,D,20090326,000000,5.6390000,5.8200000,5.5200000,5.7890000,468.200
9_090101_130416,D,20090327,000000,5.7800000,5.8200000,5.5000000,5.6730000,608.000
9_090101_130416,D,20090330,000000,5.5100000,5.6000000,5.5010000,5.5200000,141.800
9_090101_130416,D,20090331,000000,5.6400000,5.6500000,4.9500000,5.5500000,319.600
9_090101_130416,D,20090401,000000,5.5600000,5.5700000,5.4000000,5.5000000,548.000
9_090101_130416,D,20090402,000000,5.6490000,5.8840000,5.5600000,5.6900000,1.045.000
9_090101_130416,D,20090403,000000,5.7000000,5.8300000,5.4010000,5.7500000,686.300
9_090101_130416,D,20090406,000000,5.7000000,6.1000000,5.7000000,5.9400000,1.489.600
9_090101_130416,D,20090407,000000,5.9070000,6.1900000,5.6250000,5.8600000,194.600
9_090101_130416,D,20090408,000000,5.9800000,6.1000000,5.8440000,6.0990000,363.900
9_090101_130416,D,20090409,000000,6.1500000,6.8300000,5.9020000,6.5010000,1.704.500
9_090101_130416,D,20090410,000000,6.4900000,6.6500000,6.2100000,6.5020000,722.900
9_090101_130416,D,20090413,000000,6.5020000,7.2000000,6.3500000,6.7500000,2.725.600
9_090101_130416,D,20090414,000000,6.9330000,7.1990000,6.6660000,7.1400000,2.525.300
9_090101_130416,D,20090415,000000,7.0700000,7.4900000,6.9010000,7.0890000,1.204.500
9_090101_130416,D,20090416,000000,7.4000000,8.2000000,6.0400000,7.2600000,5.701.000
9_090101_130416,D,20090417,000000,7.5790000,7.6000000,7.1310000,7.3780000,391.100
9_090101_130416,D,20090420,000000,7.4000000,7.4000000,6.3900000,6.6000000,1.103.000
9_090101_130416,D,20090421,000000,6.6000000,6.8070000,6.3000000,6.6700000,234.500
9_090101_130416,D,20090422,000000,6.7650000,6.9500000,6.5000000,6.7000000,444.600
9_090101_130416,D,20090423,000000,6.6900000,6.9500000,6.5110000,6.9500000,903.600
9_090101_130416,D,20090424,000000,6.9590000,7.1990000,6.6510000,7.0000000,552.500
9_090101_130416,D,20090427,000000,7.0000000,7.0000000,6.5790000,6.6920000,463.300
9_090101_130416,D,20090428,000000,6.7000000,6.8290000,6.4000000,6.7800000,1.479.700
9_090101_130416,D,20090429,000000,6.7790000,7.2980000,6.7790000,7.2300000,612.600
9_090101_130416,D,20090430,000000,7.1100000,7.4000000,7.0400000,7.2890000,331.000
9_090101_130416,D,20090504,000000,7.3020000,7.4900000,7.2990000,7.3880000,149.900
9_090101_130416,D,20090505,000000,7.0100000,7.3500000,6.9500000,7.2100000,668.100
9_090101_130416,D,20090506,000000,7.1900000,8.1890000,7.0740000,7.6060000,916.800
9_090101_130416,D,20090507,000000,8.0200000,8.0200000,7.3900000,7.5000000,646.600
9_090101_130416,D,20090508,000000,7.5000000,7.8000000,7.4210000,7.6920000,383.800
9_090101_130416,D,20090512,000000,7.5180000,7.7490000,7.4900000,7.6030000,879.500
9_090101_130416,D,20090513,000000,7.6000000,7.9900000,6.9520000,7.0530000,959.800
9_090101_130416,D,20090514,000000,7.0850000,7.1500000,6.7010000,7.0500000,300.500
9_090101_130416,D,20090515,000000,7.1890000,7.3470000,7.0000000,7.2900000,334.200
9_090101_130416,D,20090518,000000,7.2000000,7.4900000,7.0330000,7.4400000,178.100
9_090101_130416,D,20090519,000000,7.6970000,7.6970000,7.2650000,7.2750000,237.900
9_090101_130416,D,20090520,000000,7.3000000,7.6250000,7.2910000,7.5800000,442.300
9_090101_130416,D,20090521,000000,7.5800000,7.7990000,7.1000000,7.3700000,361.100
9_090101_130416,D,20090522,000000,7.4700000,7.9880000,7.3000000,7.7960000,764.100
9_090101_130416,D,20090525,000000,7.7900000,9.8000000,7.6210000,8.7610000,7.091.800
9_090101_130416,D,20090526,000000,8.9100000,9.3000000,8.0250000,8.9300000,2.568.900
9_090101_130416,D,20090527,000000,8.9990000,9.1640000,8.5520000,8.6900000,689.300
9_090101_130416,D,20090528,000000,8.6000000,8.7500000,8.2530000,8.4700000,736.800
9_090101_130416,D,20090529,000000,8.6970000,8.7500000,8.4090000,8.6400000,467.500
9_090101_130416,D,20090601,000000,8.8500000,9.1800000,8.6650000,9.1500000,1.427.200
9_090101_130416,D,20090602,000000,9.2800000,9.2800000,7.8000000,8.9000000,720.300
9_090101_130416,D,20090603,000000,9.0990000,9.1000000,8.7000000,8.8150000,2.550.000
9_090101_130416,D,20090604,000000,8.8000000,8.9000000,8.5000000,8.6000000,763.400
9_090101_130416,D,20090605,000000,8.6000000,9.5000000,8.6000000,9.2100000,931.800
9_090101_130416,D,20090608,000000,9.4830000,9.4830000,8.9200000,9.3000000,2.252.800
9_090101_130416,D,20090609,000000,9.5000000,10.3780000,9.2990000,10.0880000,12.169.000
9_090101_130416,D,20090610,000000,10.3890000,10.3890000,9.6000000,10.0300000,4.049.100
9_090101_130416,D,20090611,000000,10.1180000,10.1990000,9.7200000,10.1940000,1.259.900
9_090101_130416,D,20090615,000000,10.1940000,10.1940000,9.6000000,10.0000000,1.434.000
9_090101_130416,D,20090616,000000,9.6460000,9.9730000,9.6100000,9.9500000,996.000
9_090101_130416,D,20090617,000000,9.9900000,10.1990000,9.6000000,9.7900000,1.981.900
9_090101_130416,D,20090618,000000,9.9700000,9.9770000,8.4200000,9.2400000,1.274.700
9_090101_130416,D,20090619,000000,9.1500000,9.5990000,9.0000000,9.2700000,399.900
9_090101_130416,D,20090622,000000,8.5000000,9.2000000,8.1000000,8.1000000,480.400
9_090101_130416,D,20090623,000000,7.7000000,8.0790000,7.5010000,8.0100000,1.572.300
9_090101_130416,D,20090624,000000,8.0840000,8.9200000,8.0800000,8.8500000,408.100
9_090101_130416,D,20090625,000000,8.8000000,8.8500000,8.3900000,8.5400000,91.300
9_090101_130416,D,20090626,000000,8.5400000,8.8490000,8.2310000,8.3000000,785.900
9_090101_130416,D,20090629,000000,8.3010000,8.4990000,8.3000000,8.4000000,106.400
9_090101_130416,D,20090630,000000,8.5790000,8.7500000,8.4200000,8.5040000,732.300
9_090101_130416,D,20090701,000000,8.4000000,9.5000000,8.4000000,9.2500000,829.300
9_090101_130416,D,20090702,000000,9.2400000,9.2400000,8.7510000,8.9900000,360.400
9_090101_130416,D,20090703,000000,9.1800000,9.5000000,8.7100000,9.3100000,508.600
9_090101_130416,D,20090706,000000,9.4750000,9.4750000,9.0350000,9.1000000,53.300
9_090101_130416,D,20090707,000000,9.2020000,9.3410000,9.1000000,9.1700000,79.100
9_090101_130416,D,20090708,000000,9.1000000,9.4440000,8.5020000,9.4440000,691.500
9_090101_130416,D,20090709,000000,9.1500000,9.2500000,8.7140000,9.0560000,773.700
9_090101_130416,D,20090710,000000,9.1500000,9.2000000,8.8000000,8.8500000,357.700
9_090101_130416,D,20090713,000000,9.0000000,9.3330000,8.9980000,9.2510000,376.200
9_090101_130416,D,20090714,000000,9.9800000,10.0000000,9.3020000,9.6010000,531.400
9_090101_130416,D,20090715,000000,9.9900000,10.2000000,9.4500000,9.7390000,220.100
9_090101_130416,D,20090716,000000,10.0000000,10.0000000,9.5500000,9.8000000,688.100
9_090101_130416,D,20090717,000000,9.9690000,10.1950000,9.5050000,9.8690000,2.043.500
9_090101_130416,D,20090720,000000,9.8700000,10.2400000,9.5590000,10.2400000,529.600
9_090101_130416,D,20090721,000000,10.3000000,10.4700000,9.8770000,10.3700000,290.300
9_090101_130416,D,20090722,000000,10.3150000,10.3500000,9.7350000,10.0150000,234.900
9_090101_130416,D,20090723,000000,10.0000000,10.2000000,9.8890000,10.0010000,616.800
9_090101_130416,D,20090724,000000,10.0100000,10.5800000,9.9990000,10.4900000,995.100
9_090101_130416,D,20090727,000000,10.4900000,10.4900000,10.2050000,10.3700000,845.100
9_090101_130416,D,20090728,000000,10.4490000,10.4900000,9.9000000,9.9000000,700.600
9_090101_130416,D,20090729,000000,9.9000000,9.9100000,9.5510000,9.6500000,1.572.800
9_090101_130416,D,20090730,000000,9.7400000,10.1000000,9.7000000,10.1000000,2.573.700
9_090101_130416,D,20090731,000000,10.2800000,10.2800000,9.8050000,9.8060000,471.500
9_090101_130416,D,20090803,000000,9.8060000,10.1790000,9.8000000,10.1100000,480.100
9_090101_130416,D,20090804,000000,10.1000000,10.4800000,9.9900000,10.4000000,919.900
9_090101_130416,D,20090805,000000,10.0220000,10.3960000,9.9100000,9.9100000,540.600
9_090101_130416,D,20090806,000000,10.1600000,10.9490000,6.9700000,9.9200000,3.785.600
9_090101_130416,D,20090807,000000,9.6000000,10.2990000,9.2200000,10.1400000,840.100
9_090101_130416,D,20090810,000000,9.6110000,10.0000000,9.6000000,9.8200000,1.203.700
9_090101_130416,D,20090811,000000,9.8400000,10.0980000,9.7900000,10.0800000,1.183.200
9_090101_130416,D,20090812,000000,10.1000000,10.1000000,9.7500000,9.9250000,192.100
9_090101_130416,D,20090813,000000,9.9200000,10.2920000,9.9200000,10.1600000,753.500
9_090101_130416,D,20090814,000000,10.2270000,10.3500000,10.0000000,10.0930000,716.500
9_090101_130416,D,20090817,000000,9.8000000,10.1000000,9.8000000,9.8510000,890.600
9_090101_130416,D,20090818,000000,10.0890000,12.6900000,10.0890000,12.3010000,8.046.100
9_090101_130416,D,20090819,000000,12.3500000,13.4470000,12.0000000,12.5900000,8.968.800
9_090101_130416,D,20090820,000000,12.9400000,13.1000000,11.4100000,12.0110000,1.890.800
9_090101_130416,D,20090821,000000,11.7000000,11.9480000,11.1010000,11.5000000,1.379.900
9_090101_130416,D,20090824,000000,11.5000000,11.9000000,11.0110000,11.4000000,1.986.300
9_090101_130416,D,20090825,000000,11.2100000,11.8980000,11.2100000,11.6650000,1.491.100
9_090101_130416,D,20090826,000000,11.6800000,11.8860000,11.5000000,11.5100000,650.400
9_090101_130416,D,20090827,000000,11.4990000,11.4990000,11.1500000,11.2500000,421.600
9_090101_130416,D,20090828,000000,11.3300000,11.8390000,11.3300000,11.4250000,426.300
9_090101_130416,D,20090831,000000,11.4600000,11.7000000,11.3700000,11.6000000,275.800
9_090101_130416,D,20090901,000000,11.6000000,11.8100000,11.5200000,11.6570000,1.925.500
9_090101_130416,D,20090902,000000,11.6960000,11.6990000,11.5500000,11.6500000,154.500
9_090101_130416,D,20090903,000000,11.8790000,11.8800000,11.6210000,11.7700000,642.500
9_090101_130416,D,20090904,000000,11.8990000,12.1000000,11.6340000,12.1000000,294.700
9_090101_130416,D,20090907,000000,12.1000000,13.0000000,12.1000000,12.5400000,841.100
9_090101_130416,D,20090908,000000,12.5400000,12.9500000,12.5400000,12.9190000,315.100
9_090101_130416,D,20090909,000000,12.9500000,13.5750000,12.6530000,13.5000000,801.900
9_090101_130416,D,20090910,000000,13.8000000,14.4000000,13.3800000,14.2000000,749.100
9_090101_130416,D,20090911,000000,14.3400000,14.6000000,14.3000000,14.4000000,240.200
9_090101_130416,D,20090914,000000,14.1000000,14.2000000,13.8000000,13.9990000,1.617.300
9_090101_130416,D,20090915,000000,14.0090000,14.3000000,13.9500000,14.0790000,423.600
9_090101_130416,D,20090916,000000,14.1500000,14.1500000,13.8000000,13.8500000,458.100
9_090101_130416,D,20090917,000000,13.8010000,13.9990000,13.2000000,13.7240000,603.800
9_090101_130416,D,20090918,000000,13.2530000,13.8760000,13.2300000,13.7000000,126.800
9_090101_130416,D,20090921,000000,13.4000000,13.7000000,13.2880000,13.3180000,164.800
9_090101_130416,D,20090922,000000,13.3010000,14.2000000,13.0420000,13.9500000,380.600
9_090101_130416,D,20090923,000000,13.9600000,14.2000000,13.5680000,14.0650000,232.500
9_090101_130416,D,20090924,000000,13.8000000,13.9960000,13.3410000,13.6700000,135.500
9_090101_130416,D,20090925,000000,12.5500000,13.5990000,12.5500000,13.2500000,809.600
9_090101_130416,D,20090928,000000,13.2500000,13.5000000,13.2500000,13.4200000,73.600
9_090101_130416,D,20090929,000000,13.6000000,13.9290000,13.5000000,13.6300000,101.600
9_090101_130416,D,20090930,000000,13.8510000,13.9250000,13.4000000,13.4000000,77.200
9_090101_130416,D,20091001,000000,13.1120000,13.6600000,13.1000000,13.6600000,500.700
9_090101_130416,D,20091002,000000,13.4700000,13.7000000,13.3020000,13.6900000,469.900
9_090101_130416,D,20091005,000000,13.7000000,13.8420000,13.2450000,13.2450000,138.500
9_090101_130416,D,20091006,000000,13.4670000,13.5200000,13.3330000,13.3900000,102.300
9_090101_130416,D,20091007,000000,13.4000000,16.8960000,13.4000000,14.1500000,1.217.900
9_090101_130416,D,20091008,000000,14.3500000,14.9900000,14.3500000,14.5990000,1.183.500
9_090101_130416,D,20091009,000000,14.6210000,14.6210000,14.2070000,14.3480000,371.500
9_090101_130416,D,20091012,000000,14.7500000,15.0000000,14.1510000,14.2110000,1.334.900
9_090101_130416,D,20091013,000000,14.1110000,14.5000000,14.0310000,14.1100000,2.574.700
9_090101_130416,D,20091014,000000,14.1100000,14.4790000,14.1100000,14.3280000,1.212.800
9_090101_130416,D,20091015,000000,14.3000000,14.4810000,14.0900000,14.3200000,837.600
9_090101_130416,D,20091016,000000,14.4000000,14.4000000,14.2000000,14.2500000,698.300
9_090101_130416,D,20091019,000000,14.2000000,14.2000000,13.8530000,14.1480000,936.900
9_090101_130416,D,20091020,000000,14.0000000,14.1100000,13.8900000,14.1090000,1.151.500
9_090101_130416,D,20091021,000000,13.9120000,14.0600000,13.5110000,13.9300000,443.500
9_090101_130416,D,20091022,000000,13.9740000,14.1000000,13.6230000,14.0300000,581.700
9_090101_130416,D,20091023,000000,13.9370000,14.0790000,13.8140000,13.9290000,621.400
9_090101_130416,D,20091026,000000,13.9000000,14.1990000,13.9000000,13.9400000,372.600
9_090101_130416,D,20091027,000000,13.7880000,13.9000000,13.6000000,13.8900000,315.900
9_090101_130416,D,20091028,000000,13.6800000,14.0000000,13.4010000,13.4010000,968.500
9_090101_130416,D,20091029,000000,13.2600000,13.6860000,13.1900000,13.5510000,851.100
9_090101_130416,D,20091030,000000,13.7000000,13.8000000,13.3800000,13.5000000,334.300
9_090101_130416,D,20091102,000000,13.6440000,13.6440000,13.4110000,13.5910000,21.200
9_090101_130416,D,20091103,000000,13.7890000,13.9000000,13.5320000,13.5320000,217.800
9_090101_130416,D,20091105,000000,13.3570000,13.7000000,13.1090000,13.3120000,205.000
9_090101_130416,D,20091106,000000,13.6460000,13.6460000,13.2600000,13.2600000,222.800
9_090101_130416,D,20091109,000000,13.3400000,13.4300000,13.2610000,13.4150000,192.700
9_090101_130416,D,20091110,000000,13.4000000,13.5000000,13.3400000,13.4900000,116.700
9_090101_130416,D,20091111,000000,13.4380000,13.5370000,13.3010000,13.3010000,55.400
9_090101_130416,D,20091112,000000,13.4090000,13.4090000,13.2780000,13.3420000,43.900
9_090101_130416,D,20091113,000000,13.2610000,13.2610000,12.5510000,13.0000000,510.000
9_090101_130416,D,20091116,000000,13.1000000,13.3000000,13.0720000,13.2970000,212.700
9_090101_130416,D,20091117,000000,13.2000000,13.4800000,13.2000000,13.2450000,148.100
9_090101_130416,D,20091118,000000,13.4760000,13.5000000,13.1600000,13.3620000,175.700
9_090101_130416,D,20091119,000000,13.1690000,13.3550000,13.1690000,13.2120000,38.300
9_090101_130416,D,20091120,000000,13.3990000,13.6000000,13.3000000,13.3600000,622.200
9_090101_130416,D,20091123,000000,13.3500000,13.4900000,13.2910000,13.4380000,82.900
9_090101_130416,D,20091124,000000,13.4890000,13.4890000,13.2630000,13.2990000,8.500
9_090101_130416,D,20091125,000000,13.4200000,13.4200000,13.0530000,13.1590000,56.300
9_090101_130416,D,20091126,000000,13.1800000,13.1800000,12.7450000,12.7500000,99.700
9_090101_130416,D,20091127,000000,12.7000000,12.7000000,12.1210000,12.2500000,773.000
9_090101_130416,D,20091130,000000,12.4940000,12.4940000,11.8000000,11.9490000,483.200
9_090101_130416,D,20091201,000000,12.2000000,12.3000000,11.9990000,12.1070000,92.100
9_090101_130416,D,20091202,000000,12.1250000,12.3000000,12.1000000,12.1500000,73.700
9_090101_130416,D,20091203,000000,12.0050000,12.4000000,11.1110000,12.3000000,196.500
9_090101_130416,D,20091204,000000,12.2030000,12.3990000,12.1490000,12.3470000,191.700
9_090101_130416,D,20091207,000000,12.2560000,12.2600000,11.8840000,12.1360000,94.200
9_090101_130416,D,20091208,000000,12.0000000,12.4000000,12.0000000,12.2010000,118.200
9_090101_130416,D,20091209,000000,12.1010000,12.3000000,12.1010000,12.2440000,224.700
9_090101_130416,D,20091210,000000,12.1990000,12.1990000,11.9260000,12.1470000,136.600
9_090101_130416,D,20091211,000000,12.1530000,12.4900000,12.0300000,12.4200000,348.100
9_090101_130416,D,20091214,000000,12.3340000,12.8440000,12.2430000,12.7850000,209.300
9_090101_130416,D,20091215,000000,12.8500000,13.9190000,12.8500000,13.6500000,435.800
9_090101_130416,D,20091216,000000,13.6500000,13.9500000,13.4000000,13.4300000,353.200
9_090101_130416,D,20091217,000000,13.6000000,13.8000000,13.0500000,13.2000000,543.500
9_090101_130416,D,20091218,000000,13.2700000,13.6900000,13.2700000,13.3990000,258.100
9_090101_130416,D,20091221,000000,13.5990000,13.7500000,13.4120000,13.6020000,82.200
9_090101_130416,D,20091222,000000,13.3570000,13.9540000,13.3570000,13.5490000,434.300
9_090101_130416,D,20091223,000000,13.5670000,13.7500000,13.4100000,13.7500000,641.400
9_090101_130416,D,20091224,000000,13.7440000,14.0800000,13.5160000,13.6500000,727.200
9_090101_130416,D,20091225,000000,13.4330000,13.6470000,13.4200000,13.5490000,57.500
9_090101_130416,D,20091228,000000,13.6000000,13.6000000,13.3500000,13.5000000,68.200
9_090101_130416,D,20091229,000000,13.3000000,13.4480000,13.0420000,13.3680000,70.000
9_090101_130416,D,20091230,000000,13.1150000,13.4000000,13.1000000,13.3400000,45.300
9_090101_130416,D,20091231,000000,13.3500000,13.8000000,13.3000000,13.4090000,78.100
9_090101_130416,D,20100111,000000,13.7000000,13.9990000,13.7000000,13.7490000,84.400
9_090101_130416,D,20100112,000000,13.7000000,14.5000000,13.7000000,13.8900000,109.400
9_090101_130416,D,20100113,000000,13.6000000,14.1980000,13.3010000,13.9000000,109.500
9_090101_130416,D,20100114,000000,14.0000000,14.0000000,13.6520000,13.8480000,475.800
9_090101_130416,D,20100115,000000,13.8750000,13.8750000,13.5100000,13.6850000,293.300
9_090101_130416,D,20100118,000000,13.7500000,14.2500000,13.7390000,14.2370000,344.300
9_090101_130416,D,20100119,000000,14.0000000,14.4980000,14.0000000,14.2990000,204.400
9_090101_130416,D,20100120,000000,14.2000000,14.3000000,13.8000000,13.8900000,216.600
9_090101_130416,D,20100121,000000,13.9600000,13.9600000,13.6410000,13.7420000,218.400
9_090101_130416,D,20100122,000000,13.6700000,13.6730000,13.0510000,13.3700000,185.100
9_090101_130416,D,20100125,000000,13.4970000,13.4970000,13.1810000,13.4460000,125.700
9_090101_130416,D,20100126,000000,13.2000000,13.4490000,12.8410000,13.0950000,154.700
9_090101_130416,D,20100127,000000,13.0980000,13.0990000,12.8000000,13.0600000,1.653.000
9_090101_130416,D,20100128,000000,13.0300000,13.7800000,13.0300000,13.3000000,281.300
9_090101_130416,D,20100129,000000,13.1020000,13.2700000,12.7140000,13.1890000,289.400
9_090101_130416,D,20100201,000000,13.2500000,13.2500000,12.9040000,13.0660000,778.600
9_090101_130416,D,20100202,000000,13.0660000,13.2210000,12.9510000,13.1890000,894.600
9_090101_130416,D,20100203,000000,13.1900000,13.2500000,13.1890000,13.2450000,373.500
9_090101_130416,D,20100204,000000,13.2200000,13.3450000,12.9020000,13.1000000,1.443.800
9_090101_130416,D,20100205,000000,12.9000000,12.9900000,12.6700000,12.8970000,1.173.600
9_090101_130416,D,20100208,000000,12.5500000,13.0000000,12.5500000,12.6860000,625.500
9_090101_130416,D,20100209,000000,12.9370000,12.9370000,12.3850000,12.5010000,196.400
9_090101_130416,D,20100210,000000,12.6210000,12.7010000,12.3620000,12.4670000,191.000
9_090101_130416,D,20100211,000000,12.5000000,12.6480000,12.4000000,12.4000000,60.800
9_090101_130416,D,20100212,000000,12.5000000,12.5500000,12.3810000,12.4000000,48.400
9_090101_130416,D,20100215,000000,12.4040000,13.3330000,12.4000000,12.8990000,925.300
9_090101_130416,D,20100216,000000,13.0920000,13.7990000,13.0920000,13.6310000,1.043.300
9_090101_130416,D,20100217,000000,13.6310000,13.8890000,13.5000000,13.5000000,403.900
9_090101_130416,D,20100218,000000,13.4990000,13.5550000,13.2500000,13.2690000,864.800
9_090101_130416,D,20100219,000000,13.1850000,13.3990000,12.8890000,13.3000000,160.200
9_090101_130416,D,20100224,000000,13.3000000,13.3000000,13.0000000,13.2540000,76.500
9_090101_130416,D,20100225,000000,13.0030000,13.4900000,13.0030000,13.2520000,356.800
9_090101_130416,D,20100226,000000,13.2130000,13.7010000,13.1000000,13.3150000,1.326.900
9_090101_130416,D,20100227,000000,13.3000000,14.1400000,13.3000000,13.8000000,828.100
9_090101_130416,D,20100301,000000,13.6000000,14.1400000,13.6000000,13.8990000,202.100
9_090101_130416,D,20100302,000000,13.9980000,14.2000000,13.9580000,14.2000000,415.300
9_090101_130416,D,20100303,000000,14.2500000,14.6260000,14.2040000,14.5560000,1.153.400
9_090101_130416,D,20100304,000000,14.5560000,14.6500000,14.0810000,14.5010000,467.000
9_090101_130416,D,20100305,000000,14.4980000,14.5850000,14.2510000,14.5000000,114.300
9_090101_130416,D,20100309,000000,14.5000000,16.2970000,14.5000000,15.8300000,3.668.500
9_090101_130416,D,20100310,000000,15.7990000,16.1200000,15.4300000,15.6500000,680.800
9_090101_130416,D,20100311,000000,15.6500000,15.6500000,15.0000000,15.1010000,560.100
9_090101_130416,D,20100312,000000,15.0000000,15.2960000,15.0000000,15.2550000,245.300
9_090101_130416,D,20100315,000000,15.1580000,16.4650000,15.1500000,15.6660000,1.148.900
9_090101_130416,D,20100316,000000,15.7650000,16.3600000,15.7650000,16.2500000,335.300
9_090101_130416,D,20100317,000000,16.3490000,16.7600000,16.0000000,16.2980000,1.212.300
9_090101_130416,D,20100318,000000,16.4680000,17.2000000,16.0080000,16.9900000,840.500
9_090101_130416,D,20100319,000000,16.9900000,17.1430000,16.5000000,16.6500000,277.900
9_090101_130416,D,20100322,000000,16.4720000,16.8480000,16.3000000,16.6820000,155.300
9_090101_130416,D,20100323,000000,16.7500000,17.3000000,16.6910000,16.8990000,363.500
9_090101_130416,D,20100324,000000,16.8170000,17.0860000,16.5170000,17.0400000,127.700
9_090101_130416,D,20100325,000000,16.7500000,17.2000000,16.7500000,17.0990000,196.900
9_090101_130416,D,20100326,000000,17.2900000,17.3700000,16.8110000,17.1500000,197.800
9_090101_130416,D,20100329,000000,17.1000000,17.9300000,17.0000000,17.8060000,502.000
9_090101_130416,D,20100330,000000,17.8060000,19.0000000,17.5400000,18.2000000,1.773.400
9_090101_130416,D,20100331,000000,18.4900000,18.5000000,18.0710000,18.2000000,433.200
9_090101_130416,D,20100401,000000,18.1000000,18.5500000,18.1000000,18.3890000,912.100
9_090101_130416,D,20100402,000000,18.4880000,19.5000000,18.3000000,19.5000000,997.700
9_090101_130416,D,20100405,000000,19.9990000,19.9990000,18.8970000,19.9800000,1.298.600
9_090101_130416,D,20100406,000000,19.9800000,20.2500000,19.3800000,19.8330000,1.169.000
9_090101_130416,D,20100407,000000,19.7000000,19.8000000,19.1110000,19.5000000,323.900
9_090101_130416,D,20100408,000000,19.1210000,19.4000000,18.0260000,19.1110000,437.300
9_090101_130416,D,20100409,000000,19.5000000,19.5600000,19.1440000,19.3550000,325.000
9_090101_130416,D,20100412,000000,19.5550000,19.7990000,18.7610000,19.2980000,219.400
9_090101_130416,D,20100413,000000,19.2000000,19.4000000,18.6450000,19.3160000,324.100
9_090101_130416,D,20100414,000000,19.4000000,19.6000000,19.0730000,19.1000000,656.800
9_090101_130416,D,20100415,000000,19.1000000,19.2600000,18.5670000,18.9990000,393.600
9_090101_130416,D,20100416,000000,18.8990000,18.8990000,18.0100000,18.2990000,255.300
9_090101_130416,D,20100419,000000,18.0000000,18.0000000,17.4880000,17.6530000,238.300
9_090101_130416,D,20100420,000000,17.9000000,18.4990000,17.9000000,18.4990000,368.700
9_090101_130416,D,20100421,000000,18.8680000,18.9700000,18.1200000,18.2500000,79.100
9_090101_130416,D,20100422,000000,18.1230000,18.8000000,18.1200000,18.5190000,281.400
9_090101_130416,D,20100423,000000,18.2130000,18.8770000,18.2130000,18.7200000,203.000
9_090101_130416,D,20100426,000000,18.8800000,18.9920000,18.3000000,18.7690000,213.900
9_090101_130416,D,20100427,000000,18.3470000,18.6500000,18.3470000,18.5970000,199.700
9_090101_130416,D,20100428,000000,18.5900000,18.5900000,17.8330000,18.0300000,468.200
9_090101_130416,D,20100429,000000,18.4230000,18.5800000,18.0310000,18.5800000,367.500
9_090101_130416,D,20100430,000000,18.5500000,19.1000000,18.4010000,18.5510000,568.800
9_090101_130416,D,20100504,000000,18.7980000,18.7980000,18.2000000,18.7400000,443.200
9_090101_130416,D,20100505,000000,18.7000000,18.8030000,18.5500000,18.5800000,1.219.400
9_090101_130416,D,20100506,000000,18.3140000,18.3140000,17.5270000,18.0500000,444.300
9_090101_130416,D,20100507,000000,17.1800000,17.4630000,16.5090000,17.1100000,154.900
9_090101_130416,D,20100511,000000,17.1100000,17.9900000,17.0010000,17.3500000,119.700
9_090101_130416,D,20100512,000000,17.3500000,17.4990000,17.1050000,17.2000000,410.200
9_090101_130416,D,20100513,000000,17.2470000,17.2500000,16.8200000,17.0350000,434.200
9_090101_130416,D,20100514,000000,17.0500000,17.0780000,16.2510000,16.6000000,127.300
9_090101_130416,D,20100517,000000,15.9000000,16.5000000,15.9000000,16.3970000,55.100
9_090101_130416,D,20100518,000000,16.2900000,17.1990000,16.1100000,17.0000000,344.300
9_090101_130416,D,20100519,000000,16.8850000,16.8860000,16.3540000,16.4600000,250.100
9_090101_130416,D,20100520,000000,16.5010000,16.8800000,16.5000000,16.5000000,228.100
9_090101_130416,D,20100521,000000,15.8220000,17.3500000,15.8210000,17.3500000,390.100
9_090101_130416,D,20100524,000000,17.3500000,17.6000000,16.6070000,17.3990000,443.500
9_090101_130416,D,20100525,000000,16.4990000,16.6990000,15.7020000,16.3000000,41.200
9_090101_130416,D,20100526,000000,16.3020000,17.5000000,16.0000000,17.0000000,277.200
9_090101_130416,D,20100527,000000,17.0990000,17.1000000,16.5000000,16.9780000,42.200
9_090101_130416,D,20100528,000000,17.0000000,17.0000000,16.5620000,16.6020000,97.000
9_090101_130416,D,20100531,000000,16.5630000,16.6990000,16.2650000,16.6980000,145.800
9_090101_130416,D,20100601,000000,16.7280000,16.9010000,16.5000000,16.9010000,118.600
9_090101_130416,D,20100602,000000,16.6500000,17.5000000,16.5320000,17.0700000,90.100
9_090101_130416,D,20100603,000000,17.8960000,18.4990000,17.2000000,18.0010000,571.500
9_090101_130416,D,20100604,000000,17.5020000,18.1700000,17.0710000,17.4850000,501.200
9_090101_130416,D,20100607,000000,16.4110000,17.8900000,16.2210000,17.0000000,136.800
9_090101_130416,D,20100608,000000,17.2340000,17.2860000,17.0000000,17.0000000,44.200
9_090101_130416,D,20100609,000000,17.6880000,17.6890000,16.7870000,17.0940000,51.200
9_090101_130416,D,20100610,000000,17.4990000,17.8560000,16.9990000,17.8560000,201.100
9_090101_130416,D,20100611,000000,17.8540000,17.8540000,17.0000000,17.4800000,22.200
9_090101_130416,D,20100615,000000,17.4000000,17.5500000,17.1220000,17.5500000,25.900
9_090101_130416,D,20100616,000000,17.5500000,17.9690000,17.2010000,17.2170000,154.900
9_090101_130416,D,20100617,000000,17.2200000,17.2990000,17.1080000,17.1080000,9.300
9_090101_130416,D,20100618,000000,17.1080000,17.3150000,17.0000000,17.1150000,22.300
9_090101_130416,D,20100621,000000,17.3510000,17.8700000,17.2000000,17.5850000,114.600
9_090101_130416,D,20100622,000000,17.4440000,17.4440000,17.2500000,17.3500000,30.300
9_090101_130416,D,20100623,000000,17.1500000,17.6500000,16.9990000,17.2850000,1.266.800
9_090101_130416,D,20100624,000000,17.4990000,17.5000000,17.2000000,17.2020000,13.700
9_090101_130416,D,20100625,000000,17.3990000,17.4030000,16.2740000,16.4010000,73.200
9_090101_130416,D,20100628,000000,16.6290000,16.8000000,16.4560000,16.5000000,210.800
9_090101_130416,D,20100629,000000,16.0200000,16.6500000,16.0200000,16.0210000,98.000
9_090101_130416,D,20100630,000000,16.1480000,16.3430000,16.0010000,16.1670000,81.700
9_090101_130416,D,20100701,000000,16.0070000,16.0070000,15.5000000,15.5200000,76.000
9_090101_130416,D,20100702,000000,15.5510000,15.7180000,15.2500000,15.7180000,102.700
9_090101_130416,D,20100705,000000,15.7110000,15.7180000,15.5000000,15.5950000,12.600
9_090101_130416,D,20100706,000000,15.6100000,16.6990000,15.6100000,16.3380000,32.100
9_090101_130416,D,20100707,000000,16.1000000,16.2290000,15.7120000,16.2290000,65.300
9_090101_130416,D,20100708,000000,16.1180000,16.4410000,16.0000000,16.0000000,98.300
9_090101_130416,D,20100709,000000,16.0020000,16.0020000,15.7990000,15.9770000,70.800
9_090101_130416,D,20100712,000000,15.7060000,16.0500000,15.6200000,16.0500000,39.200
9_090101_130416,D,20100713,000000,16.0970000,16.6710000,15.9170000,16.5000000,644.400
9_090101_130416,D,20100714,000000,16.6980000,16.7380000,16.5000000,16.5000000,100.300
9_090101_130416,D,20100715,000000,16.6970000,16.8000000,16.5100000,16.6160000,422.000
9_090101_130416,D,20100716,000000,16.6990000,16.6990000,16.3990000,16.5000000,30.500
9_090101_130416,D,20100719,000000,16.4980000,16.5050000,16.3000000,16.3000000,85.200
9_090101_130416,D,20100720,000000,16.0120000,16.3900000,16.0100000,16.2810000,2.356.000
9_090101_130416,D,20100721,000000,16.3200000,16.5000000,16.0150000,16.5000000,304.000
9_090101_130416,D,20100722,000000,16.6470000,16.9430000,16.3880000,16.8100000,923.600
9_090101_130416,D,20100723,000000,16.9890000,16.9990000,16.6740000,16.9900000,439.200
9_090101_130416,D,20100726,000000,16.8030000,17.0860000,16.8000000,17.0000000,336.100
9_090101_130416,D,20100727,000000,16.9990000,17.0990000,16.8890000,16.9030000,67.400
9_090101_130416,D,20100728,000000,17.0480000,18.1200000,16.9500000,17.3000000,1.251.600
9_090101_130416,D,20100729,000000,17.3230000,17.6000000,17.1620000,17.5000000,740.600
9_090101_130416,D,20100730,000000,17.1710000,17.3930000,17.0000000,17.3000000,200.300
9_090101_130416,D,20100802,000000,17.3920000,17.8000000,17.3220000,17.8000000,248.500
9_090101_130416,D,20100803,000000,17.8400000,18.8200000,17.8400000,18.2540000,999.300
9_090101_130416,D,20100804,000000,18.1390000,18.6990000,17.4600000,18.3510000,416.700
9_090101_130416,D,20100805,000000,18.5080000,18.5080000,18.1600000,18.3500000,96.900
9_090101_130416,D,20100806,000000,18.7900000,18.9000000,18.3500000,18.3500000,266.500
9_090101_130416,D,20100809,000000,18.3650000,18.7580000,18.3500000,18.6260000,46.700
9_090101_130416,D,20100810,000000,18.7370000,19.3000000,18.4000000,18.5500000,272.200
9_090101_130416,D,20100811,000000,18.5500000,19.0000000,18.4500000,19.0000000,356.300
9_090101_130416,D,20100812,000000,18.9000000,19.5000000,18.5000000,19.3380000,835.400
9_090101_130416,D,20100813,000000,19.3380000,19.3500000,19.0090000,19.1510000,159.100
9_090101_130416,D,20100816,000000,19.1520000,19.4980000,19.0600000,19.3760000,77.600
9_090101_130416,D,20100817,000000,19.3800000,19.5650000,19.0400000,19.5650000,511.700
9_090101_130416,D,20100818,000000,19.5000000,19.8880000,19.5000000,19.8000000,161.500
9_090101_130416,D,20100819,000000,19.8500000,20.3000000,19.7300000,19.9000000,890.400
9_090101_130416,D,20100820,000000,20.1000000,20.2010000,19.5000000,19.6990000,1.638.500
9_090101_130416,D,20100823,000000,19.4330000,19.6700000,19.1590000,19.6000000,264.000
9_090101_130416,D,20100824,000000,19.6700000,19.6700000,19.3500000,19.4000000,522.900
9_090101_130416,D,20100825,000000,19.6670000,20.3000000,19.6000000,20.1200000,285.900
9_090101_130416,D,20100826,000000,20.2900000,20.4770000,20.0020000,20.0800000,29.900
9_090101_130416,D,20100827,000000,20.2190000,20.4180000,20.0000000,20.4000000,544.400
9_090101_130416,D,20100830,000000,20.2020000,21.7530000,20.2010000,21.5190000,777.600
9_090101_130416,D,20100831,000000,21.4890000,21.9760000,21.4890000,21.7890000,533.200
9_090101_130416,D,20100901,000000,21.5220000,22.2490000,21.5220000,21.8490000,305.400
9_090101_130416,D,20100902,000000,22.0000000,22.4900000,21.8670000,22.4490000,586.500
9_090101_130416,D,20100903,000000,22.3000000,22.9700000,22.3000000,22.4990000,322.300
9_090101_130416,D,20100906,000000,22.7340000,22.9500000,22.2510000,22.7500000,568.400
9_090101_130416,D,20100907,000000,22.8500000,22.8500000,22.0300000,22.4000000,1.826.000
9_090101_130416,D,20100908,000000,22.5000000,22.7990000,22.3320000,22.4850000,128.900
9_090101_130416,D,20100909,000000,22.3770000,22.8980000,22.2910000,22.8970000,401.700
9_090101_130416,D,20100910,000000,22.9480000,22.9480000,22.2500000,22.6940000,803.400
9_090101_130416,D,20100913,000000,22.7000000,22.7990000,22.2910000,22.7000000,240.900
9_090101_130416,D,20100914,000000,22.8780000,22.8780000,22.3010000,22.5000000,171.800
9_090101_130416,D,20100915,000000,22.3810000,22.6760000,22.3480000,22.6200000,51.400
9_090101_130416,D,20100916,000000,22.5970000,22.6000000,22.1520000,22.4000000,286.000
9_090101_130416,D,20100917,000000,22.4990000,22.6500000,22.1750000,22.3520000,130.100
9_090101_130416,D,20100920,000000,22.3950000,22.4980000,22.2210000,22.4000000,119.700
9_090101_130416,D,20100921,000000,22.5820000,23.0000000,22.5000000,22.7190000,411.000
9_090101_130416,D,20100922,000000,22.8000000,22.8990000,22.4600000,22.8500000,261.100
9_090101_130416,D,20100923,000000,22.9500000,23.7000000,22.8500000,23.3200000,597.600
9_090101_130416,D,20100924,000000,23.1450000,23.1730000,22.5500000,22.8870000,237.900
9_090101_130416,D,20100927,000000,22.9870000,23.0000000,22.5230000,22.7990000,194.200
9_090101_130416,D,20100928,000000,22.8980000,23.0000000,22.5100000,22.9340000,515.400
9_090101_130416,D,20100929,000000,22.8280000,22.9300000,22.5200000,22.9300000,464.000
9_090101_130416,D,20100930,000000,22.9900000,23.4000000,22.7000000,23.0000000,212.500
9_090101_130416,D,20101001,000000,23.0000000,23.6010000,22.8750000,23.5960000,452.100
9_090101_130416,D,20101004,000000,23.6900000,24.5000000,23.4270000,24.4420000,521.100
9_090101_130416,D,20101005,000000,24.4430000,24.8470000,24.1300000,24.4960000,194.500
9_090101_130416,D,20101006,000000,24.8900000,24.8900000,24.3060000,24.4940000,267.100
9_090101_130416,D,20101007,000000,24.8880000,24.8880000,23.8600000,24.1500000,44.100
9_090101_130416,D,20101008,000000,24.1160000,24.1870000,23.8000000,24.1870000,248.600
9_090101_130416,D,20101011,000000,24.3900000,24.6550000,24.0000000,24.2270000,146.500
9_090101_130416,D,20101012,000000,24.0280000,24.0540000,23.7030000,23.9970000,151.500
9_090101_130416,D,20101013,000000,23.9640000,24.4940000,23.8640000,24.3900000,240.300
9_090101_130416,D,20101014,000000,24.3950000,24.7500000,24.0000000,24.5000000,392.500
9_090101_130416,D,20101015,000000,24.5000000,24.7500000,24.4720000,24.4730000,231.300
9_090101_130416,D,20101018,000000,24.4670000,24.7500000,24.3230000,24.3230000,223.800
9_090101_130416,D,20101019,000000,24.4890000,24.7000000,23.8000000,24.0000000,258.900
9_090101_130416,D,20101020,000000,23.8080000,24.1000000,23.7500000,24.1000000,54.100
9_090101_130416,D,20101021,000000,24.3190000,24.3210000,23.6100000,23.6650000,267.100
9_090101_130416,D,20101022,000000,23.3830000,23.7530000,23.3000000,23.5700000,119.100
9_090101_130416,D,20101025,000000,23.5330000,23.9390000,23.2370000,23.7840000,257.600
9_090101_130416,D,20101026,000000,23.7940000,23.7990000,23.3050000,23.4010000,266.200
9_090101_130416,D,20101027,000000,23.5000000,23.5000000,23.3070000,23.3070000,66.500
9_090101_130416,D,20101028,000000,23.2970000,23.5990000,23.1510000,23.3490000,65.400
9_090101_130416,D,20101029,000000,23.2070000,23.8000000,23.0010000,23.6070000,787.600
9_090101_130416,D,20101101,000000,23.9870000,24.3900000,23.9320000,24.2000000,317.000
9_090101_130416,D,20101102,000000,24.2000000,24.2000000,23.7040000,24.0220000,147.400
9_090101_130416,D,20101103,000000,24.0180000,24.1500000,23.7890000,24.0350000,78.900
9_090101_130416,D,20101108,000000,24.1990000,24.2000000,23.8400000,23.8750000,166.500
9_090101_130416,D,20101109,000000,23.9990000,24.4500000,23.7100000,24.4000000,495.700
9_090101_130416,D,20101110,000000,24.4520000,24.7490000,23.9100000,24.1790000,369.700
9_090101_130416,D,20101111,000000,24.0000000,24.1390000,23.6990000,23.8700000,252.400
9_090101_130416,D,20101112,000000,23.8350000,24.7500000,23.8000000,24.7000000,376.600
9_090101_130416,D,20101113,000000,24.4000000,25.4990000,24.3400000,25.4990000,858.500
9_090101_130416,D,20101115,000000,25.6000000,28.5000000,25.5000000,27.0510000,961.800
9_090101_130416,D,20101116,000000,27.0600000,28.0000000,26.5000000,27.2000000,860.400
9_090101_130416,D,20101117,000000,26.5630000,27.4300000,26.5120000,27.3500000,235.000
9_090101_130416,D,20101118,000000,27.0200000,28.5000000,27.0200000,28.3510000,1.054.100
9_090101_130416,D,20101119,000000,28.2530000,29.4990000,27.7500000,28.7060000,1.804.800
9_090101_130416,D,20101122,000000,28.8000000,28.9740000,28.4000000,28.8980000,123.200
9_090101_130416,D,20101123,000000,28.0250000,28.9000000,28.0000000,28.5950000,281.300
9_090101_130416,D,20101124,000000,28.7750000,28.7750000,28.0200000,28.5010000,548.500
9_090101_130416,D,20101125,000000,28.5000000,28.8500000,28.3000000,28.5800000,377.600
9_090101_130416,D,20101126,000000,28.7000000,28.8800000,28.2100000,28.8800000,192.700
9_090101_130416,D,20101129,000000,28.1800000,29.0990000,27.2000000,27.9390000,961.700
9_090101_130416,D,20101130,000000,27.1090000,27.7180000,26.7110000,26.8510000,888.200
9_090101_130416,D,20101201,000000,27.3000000,27.4000000,26.5640000,27.3670000,792.200
9_090101_130416,D,20101202,000000,26.6000000,27.5000000,26.6000000,27.0900000,156.900
9_090101_130416,D,20101203,000000,26.7100000,27.1990000,26.0000000,26.7780000,307.800
9_090101_130416,D,20101206,000000,26.2160000,26.9910000,26.2130000,26.6930000,149.100
9_090101_130416,D,20101207,000000,26.8980000,27.1000000,26.5000000,26.6510000,380.200
9_090101_130416,D,20101208,000000,26.4690000,26.7430000,26.4550000,26.6000000,62.500
9_090101_130416,D,20101209,000000,26.6200000,26.8500000,26.0040000,26.8500000,309.100
9_090101_130416,D,20101210,000000,26.7160000,26.9790000,26.1030000,26.3920000,44.200
9_090101_130416,D,20101213,000000,26.3920000,26.6990000,26.1500000,26.3000000,52.200
9_090101_130416,D,20101214,000000,26.5990000,26.6000000,26.3350000,26.5870000,101.400
9_090101_130416,D,20101215,000000,26.3710000,26.4800000,25.9010000,26.3850000,204.400
9_090101_130416,D,20101216,000000,26.2340000,26.4800000,25.6380000,26.2900000,368.900
9_090101_130416,D,20101217,000000,26.3520000,26.7230000,26.2320000,26.7220000,128.700
9_090101_130416,D,20101220,000000,26.7000000,26.7000000,26.4000000,26.5500000,170.500
9_090101_130416,D,20101221,000000,26.4900000,26.7500000,23.8880000,26.5300000,209.500
9_090101_130416,D,20101222,000000,26.4410000,26.7000000,26.4410000,26.5890000,239.000
9_090101_130416,D,20101223,000000,26.5040000,26.5900000,26.4510000,26.4510000,45.200
9_090101_130416,D,20101224,000000,26.2010000,26.6000000,25.6020000,26.5250000,257.800
9_090101_130416,D,20101227,000000,26.1340000,26.4900000,26.0030000,26.4900000,104.200
9_090101_130416,D,20101228,000000,26.4470000,26.4470000,25.7510000,26.0460000,171.500
9_090101_130416,D,20101229,000000,26.2000000,26.2000000,25.5530000,25.7960000,222.100
9_090101_130416,D,20101230,000000,25.5150000,26.4900000,25.4010000,26.4900000,280.000
9_090101_130416,D,20110111,000000,26.3270000,26.7000000,26.1000000,26.2100000,28.100
9_090101_130416,D,20110112,000000,26.2070000,26.6750000,26.0090000,26.4630000,172.400
9_090101_130416,D,20110113,000000,26.6850000,26.7490000,26.3920000,26.7000000,439.900
9_090101_130416,D,20110114,000000,26.7490000,26.7490000,26.4900000,26.5930000,38.500
9_090101_130416,D,20110117,000000,26.1030000,26.8900000,26.0000000,26.7700000,113.700
9_090101_130416,D,20110118,000000,26.8470000,28.0180000,26.5000000,27.5400000,1.093.300
9_090101_130416,D,20110119,000000,27.5100000,28.0000000,27.2020000,28.0000000,665.900
9_090101_130416,D,20110120,000000,28.0000000,28.0000000,27.4140000,27.7030000,1.505.600
9_090101_130416,D,20110121,000000,27.5450000,27.7990000,27.0390000,27.3370000,276.400
9_090101_130416,D,20110124,000000,27.7960000,27.9460000,25.5200000,26.0010000,500.800
9_090101_130416,D,20110125,000000,26.3980000,26.4290000,25.8000000,26.2280000,93.100
9_090101_130416,D,20110126,000000,26.2100000,26.6870000,26.0620000,26.1990000,36.800
9_090101_130416,D,20110127,000000,26.4890000,26.4900000,25.8000000,25.8000000,59.100
9_090101_130416,D,20110128,000000,25.8000000,25.8000000,24.8510000,24.8510000,215.100
9_090101_130416,D,20110131,000000,24.7980000,24.7980000,23.6500000,23.9500000,590.000
9_090101_130416,D,20110201,000000,24.2000000,24.2000000,23.5300000,23.6500000,288.100
9_090101_130416,D,20110202,000000,23.8860000,24.7440000,23.8860000,24.1950000,468.900
9_090101_130416,D,20110203,000000,24.2810000,24.5480000,24.1000000,24.2000000,398.700
9_090101_130416,D,20110204,000000,24.5000000,24.5000000,24.2850000,24.3090000,19.900
9_090101_130416,D,20110207,000000,24.0050000,24.0050000,23.5510000,23.9000000,57.200
9_090101_130416,D,20110208,000000,23.6380000,24.5000000,23.5510000,23.8700000,156.500
9_090101_130416,D,20110209,000000,23.8700000,23.8700000,23.3480000,23.4500000,74.600
9_090101_130416,D,20110210,000000,23.2700000,23.8940000,23.1110000,23.6360000,87.600
9_090101_130416,D,20110211,000000,23.4910000,23.7010000,23.3410000,23.5500000,241.800
9_090101_130416,D,20110214,000000,23.6010000,23.6870000,23.5500000,23.5500000,29.800
9_090101_130416,D,20110215,000000,23.5210000,24.3700000,22.8000000,24.1800000,212.900
9_090101_130416,D,20110216,000000,24.1700000,24.7500000,24.1700000,24.2570000,257.100
9_090101_130416,D,20110217,000000,24.5100000,24.7470000,24.3890000,24.5000000,59.000
9_090101_130416,D,20110218,000000,24.4520000,24.6000000,24.2100000,24.2100000,91.100
9_090101_130416,D,20110221,000000,24.4990000,24.4990000,24.1280000,24.1280000,2.400
9_090101_130416,D,20110222,000000,24.1320000,24.1320000,23.8610000,23.8610000,142.200
9_090101_130416,D,20110224,000000,24.0000000,24.0000000,23.0000000,23.4390000,414.200
9_090101_130416,D,20110225,000000,23.1550000,23.6980000,23.1550000,23.4600000,232.100
9_090101_130416,D,20110228,000000,24.1500000,24.3980000,23.4240000,23.7390000,321.500
9_090101_130416,D,20110301,000000,23.6030000,23.9190000,23.1630000,23.5230000,45.200
9_090101_130416,D,20110302,000000,23.1940000,23.5490000,23.1500000,23.2310000,31.200
9_090101_130416,D,20110303,000000,23.1510000,23.8000000,23.0070000,23.5010000,78.000
9_090101_130416,D,20110304,000000,23.4990000,23.4990000,23.1470000,23.2500000,61.500
9_090101_130416,D,20110305,000000,23.0080000,23.3400000,23.0000000,23.2510000,32.600
9_090101_130416,D,20110309,000000,23.1240000,23.2090000,22.9360000,23.0060000,58.400
9_090101_130416,D,20110310,000000,22.7010000,23.1950000,22.6000000,23.1120000,99.900
9_090101_130416,D,20110311,000000,22.9990000,23.2010000,22.6210000,23.0000000,240.600
9_090101_130416,D,20110314,000000,23.0990000,23.5000000,22.8500000,23.0010000,162.900
9_090101_130416,D,20110315,000000,22.8030000,22.9040000,21.2200000,21.9930000,242.800
9_090101_130416,D,20110316,000000,22.4980000,22.4980000,21.9000000,21.9000000,106.800
9_090101_130416,D,20110317,000000,21.9720000,22.0010000,21.3200000,21.7080000,198.500
9_090101_130416,D,20110318,000000,21.5960000,22.0020000,21.5960000,21.9460000,48.700
9_090101_130416,D,20110321,000000,21.6080000,22.5500000,21.6000000,22.5200000,85.200
9_090101_130416,D,20110322,000000,22.0760000,22.6000000,22.0000000,22.3000000,79.500
9_090101_130416,D,20110323,000000,22.4020000,22.7990000,22.4020000,22.6640000,247.600
9_090101_130416,D,20110324,000000,22.9390000,23.7260000,22.2070000,23.2970000,190.900
9_090101_130416,D,20110325,000000,23.2520000,23.4000000,23.1180000,23.1180000,24.800
9_090101_130416,D,20110328,000000,22.9010000,22.9990000,22.8060000,22.8220000,24.200
9_090101_130416,D,20110329,000000,22.9010000,23.3000000,22.8070000,22.8070000,128.500
9_090101_130416,D,20110330,000000,22.9090000,23.2480000,22.6240000,22.6660000,111.000
9_090101_130416,D,20110331,000000,22.6990000,22.9980000,22.5820000,22.7000000,87.200
9_090101_130416,D,20110401,000000,22.7110000,23.2000000,22.5990000,22.7980000,292.200
9_090101_130416,D,20110404,000000,22.6010000,23.3760000,22.6010000,23.1000000,115.600
9_090101_130416,D,20110405,000000,23.1000000,23.1000000,22.8710000,22.9450000,72.200
9_090101_130416,D,20110406,000000,23.1000000,23.1000000,22.6270000,22.7770000,59.700
9_090101_130416,D,20110407,000000,22.7770000,22.7840000,22.5000000,22.5000000,53.300
9_090101_130416,D,20110408,000000,22.4200000,22.4800000,22.3160000,22.4290000,29.800
9_090101_130416,D,20110411,000000,22.4750000,22.4750000,21.7510000,21.8000000,186.400
9_090101_130416,D,20110412,000000,21.6000000,21.7390000,21.2000000,21.2000000,161.400
9_090101_130416,D,20110413,000000,21.6020000,21.6020000,21.1500000,21.1510000,12.200
9_090101_130416,D,20110414,000000,21.0030000,21.0980000,20.2000000,20.4180000,131.700
9_090101_130416,D,20110415,000000,20.5100000,20.9440000,20.3010000,20.8140000,51.500
9_090101_130416,D,20110418,000000,20.5890000,21.2110000,20.2530000,20.3510000,95.200
9_090101_130416,D,20110419,000000,20.9990000,21.3410000,20.8800000,20.9000000,61.900
9_090101_130416,D,20110420,000000,20.9990000,21.2970000,18.7200000,21.0610000,162.200
9_090101_130416,D,20110421,000000,21.2000000,21.4000000,21.1300000,21.1400000,44.900
9_090101_130416,D,20110422,000000,21.2000000,21.3500000,21.1940000,21.3100000,32.400
9_090101_130416,D,20110425,000000,21.2990000,21.5010000,21.2990000,21.2990000,218.300
9_090101_130416,D,20110426,000000,21.3500000,21.4000000,21.3300000,21.3470000,80.500
9_090101_130416,D,20110427,000000,21.4000000,21.5000000,21.4000000,21.4820000,313.000
9_090101_130416,D,20110428,000000,21.3300000,21.3300000,20.9400000,21.1370000,24.900
9_090101_130416,D,20110429,000000,21.1900000,21.4980000,21.1900000,21.3100000,15.400
9_090101_130416,D,20110503,000000,21.0000000,21.2900000,20.9400000,21.0060000,68.900
9_090101_130416,D,20110504,000000,21.0000000,21.3790000,20.4340000,20.9400000,2.145.900
9_090101_130416,D,20110505,000000,20.9950000,21.3000000,20.0000000,21.0100000,86.100
9_090101_130416,D,20110506,000000,21.0100000,21.0400000,20.3260000,21.0400000,16.200
9_090101_130416,D,20110510,000000,20.5030000,21.0000000,20.1510000,21.0000000,20.100
9_090101_130416,D,20110511,000000,20.9970000,20.9970000,20.3300000,20.3300000,4.200
9_090101_130416,D,20110512,000000,20.7510000,20.7990000,20.0580000,20.3610000,10.200
9_090101_130416,D,20110513,000000,20.3450000,20.7770000,20.1360000,20.2520000,5.000
9_090101_130416,D,20110516,000000,20.2000000,20.2000000,19.8350000,20.0250000,11.200
9_090101_130416,D,20110517,000000,19.9910000,19.9910000,19.8030000,19.8030000,2.200
9_090101_130416,D,20110518,000000,20.0040000,20.1150000,19.5000000,19.7000000,71.500
9_090101_130416,D,20110519,000000,19.5730000,19.8670000,19.5430000,19.8110000,13.900
9_090101_130416,D,20110520,000000,19.8600000,20.0990000,19.8500000,19.8750000,66.400
9_090101_130416,D,20110523,000000,19.5000000,22.4990000,19.3170000,21.9000000,166.600
9_090101_130416,D,20110524,000000,22.1990000,22.9940000,20.3150000,21.3530000,131.700
9_090101_130416,D,20110525,000000,21.0010000,21.2930000,20.5660000,20.8020000,29.600
9_090101_130416,D,20110526,000000,20.5510000,21.5000000,20.5500000,21.0000000,225.100
9_090101_130416,D,20110527,000000,21.1980000,21.2500000,20.5550000,20.5610000,60.700
9_090101_130416,D,20110530,000000,20.8400000,20.8410000,20.5520000,20.5900000,8.300
9_090101_130416,D,20110531,000000,20.5530000,21.0000000,20.0000000,20.7330000,42.400
9_090101_130416,D,20110601,000000,20.3910000,20.7670000,20.3910000,20.5520000,6.600
9_090101_130416,D,20110602,000000,20.5940000,20.6000000,19.9890000,20.6000000,47.800
9_090101_130416,D,20110603,000000,20.7710000,21.1500000,20.6010000,20.6010000,85.600
9_090101_130416,D,20110606,000000,21.0000000,21.1970000,21.0000000,21.0010000,15.100
9_090101_130416,D,20110607,000000,20.9900000,21.0010000,20.8160000,21.0000000,14.100
9_090101_130416,D,20110608,000000,20.9730000,21.2000000,20.8180000,21.0390000,84.400
9_090101_130416,D,20110609,000000,21.1970000,21.6900000,21.1700000,21.4090000,155.700
9_090101_130416,D,20110610,000000,21.5460000,21.5460000,21.3050000,21.3050000,220.200
9_090101_130416,D,20110614,000000,21.5000000,21.5000000,21.2040000,21.4050000,38.400
9_090101_130416,D,20110615,000000,21.4000000,21.8950000,21.2500000,21.2500000,62.200
9_090101_130416,D,20110616,000000,21.4530000,21.5490000,21.3490000,21.3500000,40.400
9_090101_130416,D,20110617,000000,21.4500000,21.8980000,21.4500000,21.5500000,376.200
9_090101_130416,D,20110620,000000,21.4000000,21.5330000,21.4000000,21.4000000,11.100
9_090101_130416,D,20110621,000000,21.1670000,21.6990000,21.1670000,21.6000000,33.400
9_090101_130416,D,20110622,000000,21.6500000,21.9000000,21.3810000,21.4980000,59.600
9_090101_130416,D,20110623,000000,21.1520000,21.5000000,20.7490000,20.7600000,83.200
9_090101_130416,D,20110624,000000,21.0000000,21.2010000,20.8000000,21.1750000,139.800
9_090101_130416,D,20110627,000000,20.8230000,21.0000000,20.8150000,20.8970000,18.200
9_090101_130416,D,20110628,000000,20.8030000,21.0600000,20.7000000,20.9620000,20.200
9_090101_130416,D,20110629,000000,20.7690000,21.8000000,20.7690000,21.3500000,157.000
9_090101_130416,D,20110630,000000,21.2090000,21.5470000,19.5000000,19.5000000,680.300
9_090101_130416,D,20110701,000000,20.3390000,20.6950000,20.2390000,20.5920000,192.500
9_090101_130416,D,20110704,000000,20.6730000,20.6950000,20.2510000,20.3000000,137.000
9_090101_130416,D,20110705,000000,20.3010000,20.7440000,20.2390000,20.4180000,41.100
9_090101_130416,D,20110706,000000,20.2440000,20.2440000,20.0300000,20.2340000,33.900
9_090101_130416,D,20110707,000000,20.0560000,20.9770000,20.0500000,20.9500000,111.300
9_090101_130416,D,20110708,000000,20.9990000,21.0560000,20.6860000,21.0470000,137.600
9_090101_130416,D,20110711,000000,20.7160000,20.8500000,20.5990000,20.6060000,88.800
9_090101_130416,D,20110712,000000,20.7560000,20.9950000,20.2040000,20.5400000,50.400
9_090101_130416,D,20110713,000000,20.5440000,20.8000000,20.5440000,20.6940000,113.100
9_090101_130416,D,20110714,000000,20.8000000,21.0000000,20.8000000,21.0000000,52.300
9_090101_130416,D,20110715,000000,21.3950000,21.7490000,21.2560000,21.2560000,84.000
9_090101_130416,D,20110718,000000,21.4990000,21.5470000,20.8680000,21.0170000,79.100
9_090101_130416,D,20110719,000000,21.2800000,21.4500000,20.7740000,21.0900000,37.000
9_090101_130416,D,20110720,000000,21.2200000,21.6000000,21.2200000,21.4010000,162.100
9_090101_130416,D,20110721,000000,21.4990000,21.8540000,21.4900000,21.5320000,68.900
9_090101_130416,D,20110722,000000,21.7450000,21.9800000,21.6500000,21.9800000,70.600
9_090101_130416,D,20110725,000000,22.0000000,22.4800000,21.5100000,21.6700000,68.200
9_090101_130416,D,20110726,000000,21.5100000,22.1220000,21.5000000,22.0100000,298.400
9_090101_130416,D,20110727,000000,22.1180000,22.8000000,22.1010000,22.5000000,418.100
9_090101_130416,D,20110728,000000,22.6470000,23.0620000,22.5000000,23.0610000,497.000
9_090101_130416,D,20110729,000000,23.2630000,23.2630000,22.7000000,23.2490000,335.000
9_090101_130416,D,20110801,000000,23.3190000,23.6000000,23.3190000,23.5000000,173.200
9_090101_130416,D,20110802,000000,23.3660000,23.5000000,22.8120000,23.1500000,218.800
9_090101_130416,D,20110803,000000,23.0280000,23.2000000,22.8970000,23.1990000,500.500
9_090101_130416,D,20110804,000000,23.7490000,23.7490000,22.9500000,23.2100000,1.941.400
9_090101_130416,D,20110805,000000,22.1280000,22.6300000,20.2000000,22.6300000,366.600
9_090101_130416,D,20110808,000000,20.6500000,21.6000000,20.5570000,21.0000000,395.300
9_090101_130416,D,20110809,000000,20.2800000,21.2000000,19.9500000,20.4000000,211.400
9_090101_130416,D,20110810,000000,21.1900000,21.1900000,20.4010000,20.4010000,153.700
9_090101_130416,D,20110811,000000,21.0490000,21.4000000,19.5000000,20.5000000,161.300
9_090101_130416,D,20110812,000000,20.8150000,20.8150000,20.0020000,20.6000000,347.300
9_090101_130416,D,20110815,000000,21.3390000,21.3390000,20.4700000,20.9740000,583.600
9_090101_130416,D,20110816,000000,21.0990000,21.1000000,20.4150000,21.1000000,180.200
9_090101_130416,D,20110817,000000,21.0000000,21.7500000,20.8900000,21.7500000,244.500
9_090101_130416,D,20110818,000000,21.5000000,22.0500000,21.3000000,21.3000000,201.900
9_090101_130416,D,20110819,000000,20.2070000,21.8000000,20.2070000,21.8000000,153.800
9_090101_130416,D,20110822,000000,22.3890000,22.3900000,21.6600000,22.2120000,10.400
9_090101_130416,D,20110823,000000,22.4890000,22.4900000,21.8000000,22.2500000,40.200
9_090101_130416,D,20110824,000000,22.0000000,22.4820000,21.9600000,22.2280000,13.200
9_090101_130416,D,20110825,000000,22.3000000,22.4000000,21.7720000,22.0940000,28.100
9_090101_130416,D,20110826,000000,21.6790000,22.3000000,21.1000000,22.0000000,187.200
9_090101_130416,D,20110829,000000,21.9790000,22.5000000,21.6620000,22.5000000,127.400
9_090101_130416,D,20110830,000000,22.0400000,22.1760000,21.8000000,22.0000000,110.200
9_090101_130416,D,20110831,000000,22.1700000,22.1700000,21.5810000,21.8360000,173.300
9_090101_130416,D,20110901,000000,21.7500000,21.7500000,21.7400000,21.7500000,15.300
9_090101_130416,D,20110902,000000,20.7260000,21.6140000,20.7260000,21.5000000,30.700
9_090101_130416,D,20110905,000000,21.1130000,21.9000000,20.4530000,20.8790000,248.200
9_090101_130416,D,20110906,000000,20.4410000,20.9900000,20.0690000,20.0750000,212.100
9_090101_130416,D,20110907,000000,20.4980000,20.7000000,20.3170000,20.5000000,209.600
9_090101_130416,D,20110908,000000,20.7500000,20.7500000,20.1000000,20.3400000,128.100
9_090101_130416,D,20110909,000000,20.3010000,20.6640000,20.3000000,20.4010000,75.100
9_090101_130416,D,20110912,000000,20.4010000,20.4490000,19.8110000,20.4490000,43.000
9_090101_130416,D,20110913,000000,20.4250000,20.5010000,20.4100000,20.4100000,72.800
9_090101_130416,D,20110914,000000,20.1090000,20.3700000,20.0930000,20.3700000,41.400
9_090101_130416,D,20110915,000000,20.5880000,20.8200000,20.5400000,20.5400000,91.900
9_090101_130416,D,20110916,000000,20.5000000,20.6560000,20.4500000,20.4650000,59.400
9_090101_130416,D,20110919,000000,20.5000000,21.0000000,20.4550000,20.5000000,77.500
9_090101_130416,D,20110920,000000,20.4990000,21.0490000,20.4800000,20.4990000,149.000
9_090101_130416,D,20110921,000000,20.4990000,20.7000000,20.4000000,20.4000000,73.100
9_090101_130416,D,20110922,000000,19.9530000,20.3000000,18.8340000,18.9250000,165.800
9_090101_130416,D,20110923,000000,18.8010000,18.8020000,17.2550000,17.4780000,155.300
9_090101_130416,D,20110926,000000,17.9950000,17.9950000,16.2050000,17.0700000,44.700
9_090101_130416,D,20110927,000000,17.6840000,17.6910000,16.6010000,16.9930000,1.841.700
9_090101_130416,D,20110928,000000,16.8600000,16.9800000,16.1020000,16.2010000,476.800
9_090101_130416,D,20110929,000000,16.1100000,17.5000000,16.1100000,16.7840000,104.600
9_090101_130416,D,20110930,000000,16.8680000,16.8680000,16.0100000,16.4500000,31.500
9_090101_130416,D,20111003,000000,15.5430000,17.0000000,15.5430000,16.1490000,13.700
9_090101_130416,D,20111004,000000,16.1370000,16.7990000,15.2130000,15.6900000,44.300
9_090101_130416,D,20111005,000000,15.7460000,15.9000000,15.0000000,15.2560000,26.700
9_090101_130416,D,20111006,000000,16.2550000,16.2550000,15.0000000,15.7000000,56.900
9_090101_130416,D,20111007,000000,16.2170000,16.2170000,15.5820000,16.1000000,77.700
9_090101_130416,D,20111010,000000,15.9750000,16.4540000,15.6590000,16.4520000,39.700
9_090101_130416,D,20111011,000000,16.0260000,17.1990000,16.0260000,17.1990000,934.800
9_090101_130416,D,20111012,000000,17.0000000,20.9440000,17.0000000,18.7000000,1.359.900
9_090101_130416,D,20111013,000000,17.9890000,18.7000000,17.9880000,18.4010000,43.100
9_090101_130416,D,20111014,000000,17.4010000,18.6490000,17.4010000,18.6490000,563.900
9_090101_130416,D,20111017,000000,18.7000000,18.7000000,17.8010000,17.9400000,55.300
9_090101_130416,D,20111018,000000,17.7100000,18.2000000,17.3500000,17.7020000,84.200
9_090101_130416,D,20111019,000000,17.7250000,18.5000000,17.7000000,18.0710000,318.100
9_090101_130416,D,20111020,000000,17.8030000,18.0000000,17.6100000,18.0000000,20.800
9_090101_130416,D,20111021,000000,18.0260000,18.9000000,18.0260000,18.5500000,471.000
9_090101_130416,D,20111024,000000,18.8000000,19.5000000,18.8000000,19.4000000,251.900
9_090101_130416,D,20111025,000000,19.1410000,19.3990000,18.5350000,18.8720000,126.100
9_090101_130416,D,20111026,000000,18.9160000,19.1990000,18.9160000,19.0160000,44.200
9_090101_130416,D,20111027,000000,19.0560000,19.4000000,19.0560000,19.1550000,101.300
9_090101_130416,D,20111028,000000,19.0660000,19.5000000,18.8160000,19.2000000,13.500
9_090101_130416,D,20111031,000000,19.5000000,19.5000000,18.7040000,19.4420000,13.900
9_090101_130416,D,20111101,000000,18.3620000,19.2500000,18.3620000,18.5000000,71.000
9_090101_130416,D,20111102,000000,18.8800000,18.9880000,18.6010000,18.7490000,56.100
9_090101_130416,D,20111103,000000,18.3290000,19.0000000,17.9000000,18.7000000,57.600
9_090101_130416,D,20111107,000000,18.6620000,18.6660000,18.5000000,18.6630000,46.300
9_090101_130416,D,20111108,000000,18.6090000,18.8180000,18.1000000,18.5820000,51.900
9_090101_130416,D,20111109,000000,18.5810000,18.5820000,17.8000000,17.8010000,64.100
9_090101_130416,D,20111110,000000,17.3110000,17.8730000,17.3110000,17.7730000,2.800
9_090101_130416,D,20111111,000000,18.2760000,19.1090000,18.0090000,18.2660000,92.600
9_090101_130416,D,20111114,000000,18.6200000,18.6200000,17.5000000,17.7760000,76.500
9_090101_130416,D,20111115,000000,17.7490000,18.1000000,17.2000000,17.2000000,95.500
9_090101_130416,D,20111116,000000,17.8000000,17.8000000,16.9780000,17.1810000,189.700
9_090101_130416,D,20111117,000000,17.8160000,17.8160000,16.9000000,17.0830000,73.200
9_090101_130416,D,20111118,000000,17.0900000,17.3230000,16.5650000,16.7270000,64.100
9_090101_130416,D,20111121,000000,16.6840000,16.8450000,16.6840000,16.7270000,51.400
9_090101_130416,D,20111122,000000,16.7770000,16.7780000,15.8890000,16.3610000,69.200
9_090101_130416,D,20111123,000000,16.1230000,16.4480000,15.5130000,16.3530000,13.800
9_090101_130416,D,20111124,000000,16.2610000,16.3890000,16.0180000,16.2970000,324.700
9_090101_130416,D,20111125,000000,16.0770000,16.1450000,15.7800000,15.7800000,118.500
9_090101_130416,D,20111128,000000,15.6050000,16.9880000,15.6050000,16.8240000,75.500
9_090101_130416,D,20111129,000000,16.9890000,17.1050000,16.5000000,16.7300000,31.600
9_090101_130416,D,20111130,000000,16.5670000,17.0000000,16.5020000,16.9370000,33.300
9_090101_130416,D,20111201,000000,17.1000000,17.2500000,16.6440000,16.9040000,64.600
9_090101_130416,D,20111202,000000,16.5120000,17.2000000,16.5120000,17.0500000,31.400
9_090101_130416,D,20111205,000000,17.1980000,17.1990000,16.5660000,17.0550000,9.700
9_090101_130416,D,20111206,000000,16.9860000,17.0990000,16.7920000,16.9000000,27.100
9_090101_130416,D,20111207,000000,17.2510000,17.2520000,16.3330000,16.6480000,93.600
9_090101_130416,D,20111208,000000,16.8050000,16.9260000,16.1830000,16.5840000,13.500
9_090101_130416,D,20111209,000000,16.0010000,17.3490000,15.6900000,15.9000000,41.800
9_090101_130416,D,20111212,000000,15.9650000,16.4990000,15.5000000,15.5350000,46.500
9_090101_130416,D,20111213,000000,15.6830000,15.7000000,15.6500000,15.6700000,3.400
9_090101_130416,D,20111214,000000,15.0270000,15.5890000,14.9990000,15.2000000,214.500
9_090101_130416,D,20111215,000000,14.9000000,15.7740000,14.5510000,14.9050000,206.900
9_090101_130416,D,20111216,000000,14.9400000,15.1110000,14.8700000,15.0000000,102.900
9_090101_130416,D,20111219,000000,14.8290000,15.0000000,14.7550000,14.9950000,223.100
9_090101_130416,D,20111220,000000,14.8730000,15.2330000,14.8560000,15.0280000,54.000
9_090101_130416,D,20111221,000000,15.2500000,15.2500000,14.8050000,14.9150000,76.200
9_090101_130416,D,20111222,000000,14.8490000,15.1990000,14.2410000,15.1000000,192.300
9_090101_130416,D,20111223,000000,14.9990000,15.3430000,14.9000000,15.3430000,227.300
9_090101_130416,D,20111226,000000,15.1500000,15.1750000,14.9310000,15.0300000,39.800
9_090101_130416,D,20111227,000000,15.0040000,15.0040000,14.9500000,14.9500000,12.300
9_090101_130416,D,20111228,000000,14.9270000,15.0250000,14.7500000,15.0250000,102.000
9_090101_130416,D,20111229,000000,14.8570000,15.0000000,14.6020000,14.8420000,42.700
9_090101_130416,D,20111230,000000,14.7520000,15.1970000,14.7500000,15.0000000,24.800
9_090101_130416,D,20120103,000000,15.0060000,15.9890000,14.9640000,15.9860000,27.300
9_090101_130416,D,20120104,000000,15.9860000,16.0170000,15.5720000,16.0170000,35.000
9_090101_130416,D,20120105,000000,16.0000000,16.1080000,16.0000000,16.1000000,5.500
9_090101_130416,D,20120106,000000,16.0020000,16.0500000,15.7520000,15.9180000,2.200
9_090101_130416,D,20120109,000000,16.1490000,16.8000000,16.0350000,16.1430000,10.900
9_090101_130416,D,20120110,000000,16.2320000,16.4700000,16.1000000,16.3000000,42.400
9_090101_130416,D,20120111,000000,16.2800000,16.5000000,15.5100000,16.1520000,43.500
9_090101_130416,D,20120112,000000,16.2250000,16.5000000,16.1030000,16.3500000,34.800
9_090101_130416,D,20120113,000000,16.4000000,16.5000000,15.8000000,15.8000000,99.700
9_090101_130416,D,20120116,000000,16.0980000,16.4500000,16.0980000,16.2000000,42.900
9_090101_130416,D,20120117,000000,16.0980000,16.7480000,15.9010000,16.3130000,79.600
9_090101_130416,D,20120118,000000,16.4600000,16.9500000,16.3550000,16.3550000,98.100
9_090101_130416,D,20120119,000000,16.3440000,17.2000000,16.2800000,17.2000000,407.900
9_090101_130416,D,20120120,000000,17.0000000,17.9900000,16.8010000,17.6180000,441.400
9_090101_130416,D,20120123,000000,17.9970000,19.4440000,17.9970000,18.4390000,570.500
9_090101_130416,D,20120124,000000,18.5000000,20.2000000,18.5000000,19.5000000,1.276.500
9_090101_130416,D,20120125,000000,19.5000000,23.0100000,18.7600000,19.6480000,1.288.200
9_090101_130416,D,20120126,000000,19.8000000,19.9490000,18.6560000,19.1590000,418.100
9_090101_130416,D,20120127,000000,19.1590000,19.6800000,18.6020000,18.8010000,16.900
9_090101_130416,D,20120130,000000,18.5500000,18.8000000,18.2010000,18.5000000,356.600
9_090101_130416,D,20120131,000000,18.2690000,18.5000000,18.2630000,18.3980000,6.200
9_090101_130416,D,20120201,000000,18.0020000,18.0990000,17.8170000,17.9800000,113.700
9_090101_130416,D,20120202,000000,18.2150000,18.2150000,17.6010000,17.9500000,407.900
9_090101_130416,D,20120203,000000,18.4990000,18.4990000,17.8000000,17.8800000,291.700
9_090101_130416,D,20120206,000000,17.8410000,18.0600000,17.7500000,17.7990000,368.500
9_090101_130416,D,20120207,000000,17.9990000,17.9990000,17.6500000,17.7000000,69.200
9_090101_130416,D,20120208,000000,17.7590000,18.1990000,17.7100000,17.7990000,144.500
9_090101_130416,D,20120209,000000,17.6100000,17.9000000,17.4550000,17.5000000,394.700
9_090101_130416,D,20120210,000000,17.5060000,17.5060000,17.2390000,17.4960000,30.700
9_090101_130416,D,20120213,000000,17.3470000,17.9000000,17.3320000,17.7700000,87.500
9_090101_130416,D,20120214,000000,17.8000000,17.8500000,17.5690000,17.6880000,489.000
9_090101_130416,D,20120215,000000,17.6180000,18.0000000,17.4850000,17.7970000,326.200
9_090101_130416,D,20120216,000000,17.5010000,18.0000000,17.5000000,17.7850000,1.090.900
9_090101_130416,D,20120217,000000,18.4410000,18.4410000,17.6270000,17.6270000,138.900
9_090101_130416,D,20120220,000000,17.9960000,18.1880000,17.6520000,17.7900000,53.300
9_090101_130416,D,20120221,000000,17.6780000,17.8500000,17.5000000,17.7760000,171.800
9_090101_130416,D,20120222,000000,17.9600000,17.9980000,17.4500000,17.5990000,42.900
9_090101_130416,D,20120224,000000,17.9870000,18.0010000,17.5490000,17.9510000,78.700
9_090101_130416,D,20120227,000000,18.1790000,18.1800000,17.8600000,17.9900000,35.200
9_090101_130416,D,20120228,000000,17.9990000,18.0990000,17.8000000,17.8980000,24.800
9_090101_130416,D,20120229,000000,18.0000000,18.0770000,17.7990000,17.8000000,68.500
9_090101_130416,D,20120301,000000,18.0000000,18.0000000,17.7100000,17.8470000,22.800
9_090101_130416,D,20120302,000000,17.7640000,18.0000000,17.7550000,17.8200000,169.200
9_090101_130416,D,20120305,000000,17.7550000,18.0880000,17.7550000,17.9330000,68.800
9_090101_130416,D,20120306,000000,17.9990000,17.9990000,17.4500000,17.6500000,473.100
9_090101_130416,D,20120307,000000,17.2000000,17.6400000,17.1500000,17.5500000,112.100
9_090101_130416,D,20120311,000000,17.6350000,17.6440000,17.4780000,17.5000000,337.800
9_090101_130416,D,20120312,000000,17.5000000,17.9110000,17.2530000,17.9110000,285.200
9_090101_130416,D,20120313,000000,17.9780000,18.3000000,17.7180000,18.0000000,35.500
9_090101_130416,D,20120314,000000,18.2000000,18.5000000,17.4590000,18.0000000,146.100
9_090101_130416,D,20120315,000000,17.6020000,19.4400000,17.6020000,19.3000000,715.400
9_090101_130416,D,20120316,000000,19.1320000,20.0000000,19.0000000,20.0000000,1.133.400
9_090101_130416,D,20120319,000000,19.7660000,20.6500000,19.5180000,20.6500000,1.491.700
9_090101_130416,D,20120320,000000,20.7500000,21.0000000,19.7000000,20.4250000,1.894.500
9_090101_130416,D,20120321,000000,20.6200000,21.8980000,20.1120000,20.2000000,787.100
9_090101_130416,D,20120322,000000,20.4030000,20.4030000,19.0000000,19.1110000,786.100
9_090101_130416,D,20120323,000000,19.0000000,19.2000000,18.5550000,18.6500000,237.300
9_090101_130416,D,20120326,000000,18.9660000,18.9660000,17.5300000,18.2500000,299.900
9_090101_130416,D,20120327,000000,18.4980000,18.5000000,17.8200000,18.2000000,165.100
9_090101_130416,D,20120328,000000,18.4890000,18.4890000,17.8300000,17.9950000,111.000
9_090101_130416,D,20120329,000000,17.9740000,18.1000000,17.3030000,17.4970000,231.100
9_090101_130416,D,20120330,000000,17.4960000,17.9650000,17.4960000,17.8000000,93.900
9_090101_130416,D,20120402,000000,17.9020000,18.4380000,17.8000000,17.8260000,85.400
9_090101_130416,D,20120403,000000,17.9250000,18.1770000,17.7000000,18.1770000,133.200
9_090101_130416,D,20120404,000000,18.0140000,18.1790000,16.5800000,17.8430000,37.600
9_090101_130416,D,20120405,000000,17.6670000,17.9980000,17.1110000,17.9900000,38.700
9_090101_130416,D,20120406,000000,17.9990000,18.1690000,17.6770000,17.8670000,33.900
9_090101_130416,D,20120409,000000,17.8000000,17.9940000,17.3030000,17.9000000,48.200
9_090101_130416,D,20120410,000000,17.8650000,17.8650000,17.7000000,17.7000000,10.100
9_090101_130416,D,20120411,000000,17.4010000,17.7360000,17.4000000,17.6870000,41.400
9_090101_130416,D,20120412,000000,17.7010000,17.9990000,17.5000000,17.9550000,72.200
9_090101_130416,D,20120413,000000,17.5640000,17.7770000,17.5640000,17.7770000,10.500
9_090101_130416,D,20120416,000000,17.5910000,17.6630000,17.5910000,17.6630000,1.000
9_090101_130416,D,20120417,000000,17.5670000,17.6510000,17.4000000,17.5000000,34.300
9_090101_130416,D,20120418,000000,17.5000000,17.5500000,17.3200000,17.5000000,52.200
9_090101_130416,D,20120419,000000,17.4740000,17.5920000,17.2200000,17.3000000,240.900
9_090101_130416,D,20120420,000000,17.5990000,17.5990000,17.3260000,17.4110000,5.600
9_090101_130416,D,20120423,000000,17.2010000,17.4960000,17.2010000,17.3780000,1.900
9_090101_130416,D,20120424,000000,17.3630000,17.3670000,17.1030000,17.1110000,51.400
9_090101_130416,D,20120425,000000,17.2960000,17.2960000,17.1030000,17.2150000,48.000
9_090101_130416,D,20120426,000000,17.1030000,17.4980000,17.0000000,17.3840000,14.100
9_090101_130416,D,20120427,000000,16.5100000,17.3580000,16.5100000,17.3140000,93.500
9_090101_130416,D,20120428,000000,17.0040000,17.2150000,16.7020000,17.0160000,44.000
9_090101_130416,D,20120502,000000,17.6380000,17.6380000,17.1000000,17.3670000,18.200
9_090101_130416,D,20120503,000000,17.1010000,17.3080000,16.6150000,17.0160000,11.100
9_090101_130416,D,20120504,000000,16.3680000,17.1750000,16.3680000,16.5000000,45.100
9_090101_130416,D,20120505,000000,16.7760000,16.9990000,16.5040000,16.9990000,14.500
9_090101_130416,D,20120507,000000,17.9950000,17.9950000,16.1010000,16.9870000,43.700
9_090101_130416,D,20120508,000000,16.5690000,17.1730000,16.5690000,17.1720000,49.400
9_090101_130416,D,20120510,000000,16.7020000,17.3990000,16.6740000,17.3890000,21.500
9_090101_130416,D,20120511,000000,16.6750000,17.0940000,16.6740000,16.9200000,26.700
9_090101_130416,D,20120512,000000,17.0450000,17.0450000,16.5520000,16.6760000,77.600
9_090101_130416,D,20120514,000000,16.1010000,16.7500000,16.0000000,16.3690000,172.700
9_090101_130416,D,20120515,000000,16.3050000,16.7060000,16.1120000,16.7060000,40.200
9_090101_130416,D,20120516,000000,16.1550000,16.5000000,16.1550000,16.5000000,1.000
9_090101_130416,D,20120517,000000,16.3010000,16.4000000,15.6000000,16.2300000,81.700
9_090101_130416,D,20120518,000000,15.2020000,15.9790000,15.2020000,15.8980000,1.600
9_090101_130416,D,20120521,000000,16.9770000,16.9770000,16.0000000,16.2000000,8.600
9_090101_130416,D,20120522,000000,16.1000000,16.9900000,16.1000000,16.4000000,20.500
9_090101_130416,D,20120523,000000,16.1510000,16.3230000,15.7500000,15.7500000,5.300
9_090101_130416,D,20120524,000000,16.0000000,16.0000000,15.1780000,15.5000000,92.400
9_090101_130416,D,20120525,000000,15.5000000,15.5000000,14.7280000,14.9000000,123.100
9_090101_130416,D,20120528,000000,14.9800000,15.2990000,14.8000000,14.9000000,69.700
9_090101_130416,D,20120529,000000,15.0600000,15.2880000,14.9000000,14.9000000,23.200
9_090101_130416,D,20120530,000000,14.6520000,14.9590000,14.6520000,14.8000000,52.600
9_090101_130416,D,20120531,000000,14.8000000,14.8000000,14.0300000,14.4600000,40.400
9_090101_130416,D,20120601,000000,14.2010000,14.4340000,13.6190000,13.6190000,72.600
9_090101_130416,D,20120604,000000,13.5500000,13.7500000,13.5100000,13.6500000,83.200
9_090101_130416,D,20120605,000000,14.9960000,14.9960000,13.4990000,13.7630000,129.300
9_090101_130416,D,20120606,000000,14.2090000,14.2200000,13.7500000,13.7500000,42.600
9_090101_130416,D,20120607,000000,13.8000000,14.2890000,13.7500000,14.2800000,42.100
9_090101_130416,D,20120608,000000,14.1800000,14.2000000,13.8000000,13.8900000,96.800
9_090101_130416,D,20120609,000000,14.1990000,14.3500000,14.0000000,14.0000000,3.000
9_090101_130416,D,20120613,000000,13.8530000,14.3970000,13.7000000,13.7010000,36.400
9_090101_130416,D,20120614,000000,13.7510000,13.9920000,13.0950000,13.3610000,195.900
9_090101_130416,D,20120615,000000,13.6620000,14.4600000,13.5030000,14.0200000,341.700
9_090101_130416,D,20120618,000000,14.0000000,14.4600000,13.9990000,14.2530000,70.700
9_090101_130416,D,20120619,000000,14.2000000,14.5000000,14.0000000,14.0000000,106.400
9_090101_130416,D,20120620,000000,14.0000000,14.0000000,13.9500000,13.9980000,8.600
9_090101_130416,D,20120621,000000,13.6000000,14.2200000,13.6000000,13.8300000,32.500
9_090101_130416,D,20120622,000000,14.1870000,14.1870000,13.5550000,13.5550000,14.100
9_090101_130416,D,20120625,000000,13.6970000,13.7520000,13.3500000,13.3500000,78.600
9_090101_130416,D,20120626,000000,13.6310000,13.6310000,13.3780000,13.3810000,8.100
9_090101_130416,D,20120627,000000,13.7000000,13.7000000,13.4000000,13.7000000,52.200
9_090101_130416,D,20120628,000000,13.9000000,13.9000000,13.5000000,13.5000000,22.100
9_090101_130416,D,20120629,000000,13.6460000,14.3200000,13.6450000,14.3200000,33.300
9_090101_130416,D,20120702,000000,14.1410000,14.1410000,13.7550000,13.8000000,212.000
9_090101_130416,D,20120703,000000,13.8990000,14.0000000,13.7490000,13.8500000,266.500
9_090101_130416,D,20120704,000000,13.8010000,13.9500000,13.5060000,13.8790000,35.400
9_090101_130416,D,20120705,000000,14.0000000,15.3000000,13.9200000,15.3000000,2.612.900
9_090101_130416,D,20120706,000000,15.4300000,16.2990000,14.9020000,15.9990000,1.553.400
9_090101_130416,D,20120709,000000,15.9000000,17.0000000,15.7500000,16.9500000,718.200
9_090101_130416,D,20120710,000000,16.0000000,17.2000000,16.0000000,17.0000000,263.600
9_090101_130416,D,20120711,000000,16.5210000,16.8990000,16.5010000,16.8480000,63.700
9_090101_130416,D,20120712,000000,16.8000000,18.5000000,15.6500000,17.5000000,1.789.300
9_090101_130416,D,20120713,000000,17.9990000,18.0010000,17.8000000,17.8490000,45.600
9_090101_130416,D,20120716,000000,17.4010000,17.6940000,17.1000000,17.1500000,174.500
9_090101_130416,D,20120717,000000,17.0020000,17.4690000,16.2000000,16.9310000,255.900
9_090101_130416,D,20120718,000000,17.1010000,17.2500000,16.8000000,16.8000000,69.900
9_090101_130416,D,20120719,000000,16.7810000,17.0100000,16.7200000,16.7210000,40.100
9_090101_130416,D,20120720,000000,16.5010000,16.7210000,16.3660000,16.5000000,86.300
9_090101_130416,D,20120723,000000,16.4000000,16.4000000,15.5050000,15.8570000,332.500
9_090101_130416,D,20120724,000000,16.3730000,16.3730000,15.5140000,15.5140000,37.600
9_090101_130416,D,20120725,000000,15.7760000,15.8010000,15.3010000,15.8000000,32.900
9_090101_130416,D,20120726,000000,15.7000000,15.7000000,14.5000000,15.1130000,391.100
9_090101_130416,D,20120727,000000,15.1050000,15.1940000,14.8030000,15.1800000,49.000
9_090101_130416,D,20120730,000000,15.1990000,15.4790000,15.1480000,15.1480000,41.000
9_090101_130416,D,20120731,000000,15.1020000,15.1020000,14.8230000,14.8500000,4.800
9_090101_130416,D,20120801,000000,14.9790000,14.9790000,14.6020000,14.7980000,24.100
9_090101_130416,D,20120802,000000,14.9550000,14.9550000,14.2050000,14.4200000,55.600
9_090101_130416,D,20120803,000000,14.3930000,14.5000000,14.2050000,14.3500000,79.900
9_090101_130416,D,20120806,000000,14.5000000,14.6000000,14.4990000,14.6000000,76.300
9_090101_130416,D,20120807,000000,14.6090000,14.7000000,14.5360000,14.7000000,7.700
9_090101_130416,D,20120808,000000,14.9920000,14.9920000,14.6300000,14.6300000,39.000
9_090101_130416,D,20120809,000000,14.7800000,15.0000000,14.6010000,14.7000000,20.200
9_090101_130416,D,20120810,000000,14.9490000,14.9490000,14.5110000,14.8000000,25.500
9_090101_130416,D,20120813,000000,15.0000000,15.0000000,14.5200000,14.6040000,139.700
9_090101_130416,D,20120814,000000,14.8520000,14.8520000,14.4130000,14.6470000,325.700
9_090101_130416,D,20120815,000000,14.5030000,14.7210000,14.3180000,14.3250000,58.800
9_090101_130416,D,20120816,000000,14.5000000,14.5000000,13.9990000,14.0000000,272.200
9_090101_130416,D,20120817,000000,14.0990000,14.3460000,13.7000000,13.8260000,210.700
9_090101_130416,D,20120820,000000,13.8300000,13.8570000,13.4980000,13.5130000,233.500
9_090101_130416,D,20120821,000000,13.6550000,13.9960000,13.6540000,13.8390000,204.800
9_090101_130416,D,20120822,000000,13.8450000,13.8450000,13.5500000,13.7000000,98.500
9_090101_130416,D,20120823,000000,13.7860000,14.0000000,13.7500000,13.9000000,116.900
9_090101_130416,D,20120824,000000,13.9890000,14.1460000,13.8500000,13.8500000,67.400
9_090101_130416,D,20120827,000000,13.8000000,13.8690000,13.7500000,13.8070000,85.900
9_090101_130416,D,20120828,000000,13.5940000,13.7950000,13.5800000,13.7490000,43.400
9_090101_130416,D,20120829,000000,13.7450000,13.7490000,13.5340000,13.5350000,134.400
9_090101_130416,D,20120830,000000,13.5350000,13.5350000,13.1120000,13.3290000,76.900
9_090101_130416,D,20120831,000000,13.3500000,13.8000000,13.2510000,13.3000000,290.600
9_090101_130416,D,20120903,000000,13.3400000,13.4830000,13.0000000,13.4540000,502.500
9_090101_130416,D,20120904,000000,13.3520000,13.7500000,13.3510000,13.6000000,1.612.500
9_090101_130416,D,20120905,000000,13.7490000,13.9500000,13.3820000,13.6300000,56.200
9_090101_130416,D,20120906,000000,13.6300000,13.8750000,13.5500000,13.6460000,64.300
9_090101_130416,D,20120907,000000,13.6500000,13.8800000,12.0300000,13.6790000,117.500
9_090101_130416,D,20120910,000000,13.8880000,13.8970000,13.4660000,13.8140000,52.800
9_090101_130416,D,20120911,000000,13.6000000,14.2350000,13.5990000,14.1560000,296.900
9_090101_130416,D,20120912,000000,14.8640000,14.8640000,14.1480000,14.5010000,191.400
9_090101_130416,D,20120913,000000,14.0900000,14.6000000,14.0140000,14.5690000,320.100
9_090101_130416,D,20120914,000000,14.7500000,14.9480000,13.5500000,14.9480000,5.764.900
9_090101_130416,D,20120917,000000,14.9970000,15.3900000,14.3010000,14.9400000,1.909.000
9_090101_130416,D,20120918,000000,14.9000000,15.1000000,14.6570000,14.8010000,290.300
9_090101_130416,D,20120919,000000,14.5500000,14.9980000,14.5500000,14.7210000,75.100
9_090101_130416,D,20120920,000000,14.6030000,14.8800000,14.6000000,14.8800000,175.200
9_090101_130416,D,20120921,000000,14.9800000,14.9800000,14.7000000,14.9770000,100.400
9_090101_130416,D,20120924,000000,14.9500000,14.9500000,14.6500000,14.9000000,232.500
9_090101_130416,D,20120925,000000,14.7610000,14.9550000,14.7500000,14.9500000,268.500
9_090101_130416,D,20120926,000000,14.9250000,14.9490000,14.5000000,14.9000000,324.700
9_090101_130416,D,20120927,000000,14.7930000,14.7930000,14.6500000,14.6980000,12.000
9_090101_130416,D,20120928,000000,14.6000000,15.0730000,14.6000000,14.7000000,247.100
9_090101_130416,D,20121001,000000,14.6770000,14.8710000,14.6770000,14.8710000,400
9_090101_130416,D,20121002,000000,14.8490000,15.0370000,14.7100000,14.9500000,72.000
9_090101_130416,D,20121003,000000,15.1500000,15.5000000,14.6170000,14.7910000,28.300
9_090101_130416,D,20121004,000000,15.2500000,15.2500000,14.6000000,15.0930000,32.100
9_090101_130416,D,20121005,000000,15.4500000,15.4500000,14.8100000,14.9500000,210.800
9_090101_130416,D,20121008,000000,14.6680000,14.9000000,14.6500000,14.8990000,7.200
9_090101_130416,D,20121009,000000,14.9970000,14.9970000,14.7100000,14.7110000,10.400
9_090101_130416,D,20121010,000000,14.7010000,14.8490000,14.7000000,14.7000000,5.300
9_090101_130416,D,20121011,000000,14.6010000,15.1500000,14.4920000,15.1500000,117.100
9_090101_130416,D,20121012,000000,14.9000000,15.4500000,14.8000000,15.2000000,411.100
9_090101_130416,D,20121015,000000,15.4470000,15.6900000,15.3000000,15.3980000,188.900
9_090101_130416,D,20121016,000000,15.1650000,15.4520000,15.1630000,15.4520000,2.100
9_090101_130416,D,20121017,000000,14.8580000,15.3460000,14.8350000,15.2930000,232.600
9_090101_130416,D,20121018,000000,15.2930000,15.2930000,15.0270000,15.0500000,6.700
9_090101_130416,D,20121019,000000,15.0010000,15.4000000,14.8580000,15.3250000,158.700
9_090101_130416,D,20121022,000000,14.9130000,15.3370000,14.9110000,15.1880000,22.900
9_090101_130416,D,20121023,000000,15.0020000,15.2990000,14.7600000,15.1470000,137.700
9_090101_130416,D,20121024,000000,15.3060000,15.3990000,14.9000000,15.3500000,346.500
9_090101_130416,D,20121025,000000,15.4900000,16.0700000,15.3700000,16.0700000,471.300
9_090101_130416,D,20121026,000000,15.9700000,16.3000000,15.7250000,16.1510000,241.300
9_090101_130416,D,20121029,000000,16.3890000,16.3990000,15.7660000,16.2550000,226.000
9_090101_130416,D,20121030,000000,16.0270000,16.2250000,15.9590000,16.0500000,172.900
9_090101_130416,D,20121031,000000,16.1090000,16.2000000,15.9070000,16.1490000,247.100
9_090101_130416,D,20121101,000000,16.1630000,16.1640000,16.0010000,16.0030000,137.900
9_090101_130416,D,20121102,000000,16.0030000,16.5000000,16.0030000,16.4980000,340.100
9_090101_130416,D,20121106,000000,16.2990000,16.5000000,16.0050000,16.1930000,40.300
9_090101_130416,D,20121107,000000,16.7130000,16.7130000,16.2510000,16.2510000,26.100
9_090101_130416,D,20121108,000000,16.4000000,16.4000000,15.8010000,15.8010000,141.900
9_090101_130416,D,20121109,000000,15.9900000,16.3980000,15.8020000,16.0010000,268.200
9_090101_130416,D,20121112,000000,15.8010000,16.3000000,15.8010000,16.2500000,202.100
9_090101_130416,D,20121113,000000,15.8060000,16.2500000,15.8060000,15.9500000,207.500
9_090101_130416,D,20121114,000000,16.0000000,16.2900000,15.9400000,16.1200000,449.900
9_090101_130416,D,20121115,000000,16.2990000,16.2990000,15.9200000,15.9300000,83.800
9_090101_130416,D,20121116,000000,15.9950000,16.1960000,15.9000000,16.1960000,17.700
9_090101_130416,D,20121119,000000,16.2990000,16.4960000,16.0000000,16.1990000,21.400
9_090101_130416,D,20121120,000000,16.1960000,16.3470000,16.1220000,16.1600000,29.300
9_090101_130416,D,20121121,000000,16.2410000,16.3260000,16.2400000,16.3260000,7.000
9_090101_130416,D,20121122,000000,16.3620000,16.3620000,16.0100000,16.0100000,68.500
9_090101_130416,D,20121123,000000,16.3700000,16.3700000,16.0140000,16.2090000,30.700
9_090101_130416,D,20121126,000000,16.2000000,16.3980000,16.1000000,16.2550000,114.600
9_090101_130416,D,20121127,000000,16.3960000,16.3960000,16.1410000,16.1450000,22.200
9_090101_130416,D,20121128,000000,16.2990000,16.2990000,15.8100000,16.2500000,214.900
9_090101_130416,D,20121129,000000,16.2500000,16.2500000,16.0000000,16.0500000,41.800
9_090101_130416,D,20121130,000000,15.9610000,16.1480000,15.9610000,16.0850000,30.900
9_090101_130416,D,20121203,000000,16.1350000,16.2150000,15.9200000,16.2100000,344.400
9_090101_130416,D,20121204,000000,16.1980000,16.2100000,15.9500000,15.9500000,19.800
9_090101_130416,D,20121205,000000,15.9500000,16.1740000,15.8000000,15.8000000,20.200
9_090101_130416,D,20121206,000000,15.9640000,16.1000000,15.9640000,15.9990000,20.000
9_090101_130416,D,20121207,000000,15.9180000,16.0500000,15.7370000,15.9760000,87.500
9_090101_130416,D,20121210,000000,15.7000000,15.9860000,15.6800000,15.8720000,14.000
9_090101_130416,D,20121211,000000,16.0310000,16.0310000,15.5150000,15.5150000,42.000
9_090101_130416,D,20121212,000000,15.5320000,15.9290000,15.5320000,15.6500000,23.300
9_090101_130416,D,20121213,000000,15.7990000,15.8000000,15.4500000,15.5360000,12.400
9_090101_130416,D,20121214,000000,15.6110000,15.8000000,15.6110000,15.7150000,3.700
9_090101_130416,D,20121217,000000,15.6490000,15.8000000,15.5100000,15.8000000,17.400
9_090101_130416,D,20121218,000000,15.9000000,15.9000000,15.6100000,15.7590000,71.000
9_090101_130416,D,20121219,000000,15.7010000,15.8970000,15.5000000,15.7200000,40.500
9_090101_130416,D,20121220,000000,15.7200000,15.8620000,15.7000000,15.8620000,52.200
9_090101_130416,D,20121221,000000,15.8950000,15.8950000,15.7210000,15.7210000,12.000
9_090101_130416,D,20121224,000000,15.7990000,15.8000000,15.5020000,15.5020000,35.200
9_090101_130416,D,20121225,000000,15.7990000,16.1970000,15.4540000,16.1490000,1.232.200
9_090101_130416,D,20121226,000000,16.2150000,16.4500000,16.0520000,16.0700000,144.600
9_090101_130416,D,20121227,000000,15.9990000,15.9990000,15.6500000,15.9010000,73.000
9_090101_130416,D,20121228,000000,15.8010000,18.0000000,15.8000000,16.4010000,431.900
9_090101_130416,D,20130108,000000,16.0320000,16.4010000,16.0320000,16.1910000,11.600
9_090101_130416,D,20130109,000000,16.1910000,16.4970000,16.1210000,16.3990000,39.500
9_090101_130416,D,20130110,000000,16.3010000,16.5000000,16.3000000,16.3210000,51.800
9_090101_130416,D,20130111,000000,16.3200000,16.3200000,16.1300000,16.2790000,104.100
9_090101_130416,D,20130114,000000,16.1220000,16.3990000,16.1200000,16.2790000,80.800
9_090101_130416,D,20130115,000000,16.6580000,16.6580000,16.0000000,16.1480000,203.300
9_090101_130416,D,20130116,000000,16.2960000,16.5000000,16.0000000,16.3100000,140.700
9_090101_130416,D,20130117,000000,16.2500000,16.2500000,16.0010000,16.2000000,36.800
9_090101_130416,D,20130118,000000,16.2320000,16.2320000,16.1020000,16.2000000,7.700
9_090101_130416,D,20130121,000000,16.2440000,16.2440000,16.0500000,16.0500000,48.800
9_090101_130416,D,20130122,000000,16.1490000,16.1490000,15.9890000,16.0830000,24.000
9_090101_130416,D,20130123,000000,16.1990000,16.1990000,15.9130000,16.0540000,7.000
9_090101_130416,D,20130124,000000,16.0600000,16.0600000,15.8150000,15.8900000,25.700
9_090101_130416,D,20130125,000000,15.9270000,15.9590000,15.8100000,15.8500000,18.000
9_090101_130416,D,20130128,000000,15.9590000,16.4800000,15.7720000,16.4000000,77.200
9_090101_130416,D,20130129,000000,16.2510000,17.2000000,15.7000000,16.1690000,1.082.000
9_090101_130416,D,20130130,000000,16.0800000,16.2000000,15.9000000,15.9900000,181.100
9_090101_130416,D,20130131,000000,15.7710000,16.0950000,15.7700000,16.0950000,67.800
9_090101_130416,D,20130201,000000,15.8910000,16.2970000,15.7800000,16.0000000,45.400
9_090101_130416,D,20130204,000000,16.0000000,16.2950000,16.0000000,16.0000000,26.700
9_090101_130416,D,20130205,000000,16.1730000,16.1730000,15.7800000,15.9370000,37.000
9_090101_130416,D,20130206,000000,15.9000000,15.9580000,15.8000000,15.8640000,19.300
9_090101_130416,D,20130207,000000,15.7800000,15.9100000,15.7800000,15.8500000,24.000
9_090101_130416,D,20130208,000000,15.8110000,15.8110000,15.5550000,15.7300000,69.600
9_090101_130416,D,20130211,000000,15.7700000,15.7900000,15.5010000,15.6600000,42.200
9_090101_130416,D,20130212,000000,15.5090000,15.8000000,15.5000000,15.8000000,181.800
9_090101_130416,D,20130213,000000,15.5530000,15.8790000,15.5530000,15.8790000,1.600
9_090101_130416,D,20130214,000000,15.8870000,15.8870000,15.8000000,15.8000000,4.500
9_090101_130416,D,20130215,000000,16.0000000,17.0000000,15.8000000,16.1010000,1.072.500
9_090101_130416,D,20130218,000000,16.3290000,16.3290000,16.0000000,16.2000000,162.900
9_090101_130416,D,20130219,000000,16.1080000,16.2890000,16.0060000,16.2890000,200.800
9_090101_130416,D,20130220,000000,16.2000000,16.2500000,16.0070000,16.1000000,38.200
9_090101_130416,D,20130221,000000,15.8600000,16.0000000,15.8430000,15.9000000,22.300
9_090101_130416,D,20130222,000000,15.8510000,15.9990000,15.8110000,15.9990000,38.800
9_090101_130416,D,20130225,000000,16.0450000,16.0470000,15.9320000,15.9320000,14.200
9_090101_130416,D,20130226,000000,15.9300000,15.9400000,15.3250000,15.3500000,94.200
9_090101_130416,D,20130227,000000,15.4000000,15.6930000,15.4000000,15.6930000,11.300
9_090101_130416,D,20130228,000000,15.6500000,15.8000000,15.3010000,15.4960000,76.800
9_090101_130416,D,20130301,000000,15.3530000,15.5980000,15.3510000,15.5980000,8.600
9_090101_130416,D,20130304,000000,15.5990000,15.5990000,15.2470000,15.2490000,9.200
9_090101_130416,D,20130305,000000,15.2490000,15.3000000,15.2470000,15.2620000,10.700
9_090101_130416,D,20130306,000000,15.3500000,15.6000000,15.3010000,15.4900000,37.300
9_090101_130416,D,20130307,000000,15.4970000,15.6000000,15.4600000,15.4800000,70.900
9_090101_130416,D,20130311,000000,15.6000000,15.6000000,15.4490000,15.4500000,118.500
9_090101_130416,D,20130312,000000,15.3710000,15.4000000,15.3500000,15.3600000,11.900
9_090101_130416,D,20130313,000000,15.2020000,15.2840000,14.8200000,14.8200000,97.800
9_090101_130416,D,20130314,000000,14.9720000,14.9720000,14.6000000,14.7890000,68.800
9_090101_130416,D,20130315,000000,15.0580000,15.0580000,14.9500000,14.9500000,1.100
9_090101_130416,D,20130318,000000,14.8470000,14.8470000,14.1000000,14.2770000,46.100
9_090101_130416,D,20130319,000000,13.7000000,14.2000000,13.7000000,14.1500000,12.700
9_090101_130416,D,20130320,000000,14.0990000,14.3000000,14.0740000,14.1740000,14.100
9_090101_130416,D,20130321,000000,14.2000000,14.2000000,14.1000000,14.1000000,19.400
9_090101_130416,D,20130322,000000,14.0020000,14.1990000,13.6990000,13.7000000,27.500
9_090101_130416,D,20130325,000000,13.9980000,13.9980000,13.7000000,13.7000000,7.500
9_090101_130416,D,20130326,000000,14.4420000,14.4420000,13.3000000,13.5000000,125.000
9_090101_130416,D,20130327,000000,13.8380000,13.8380000,13.0000000,13.1830000,6.200
9_090101_130416,D,20130328,000000,13.0530000,13.6000000,13.0010000,13.6000000,107.600
9_090101_130416,D,20130329,000000,13.4990000,13.5000000,13.2310000,13.4950000,13.700
9_090101_130416,D,20130401,000000,13.4950000,13.5290000,13.4070000,13.4150000,4.800
9_090101_130416,D,20130402,000000,13.2000000,13.3000000,13.1010000,13.2000000,53.000
9_090101_130416,D,20130403,000000,13.1990000,13.4980000,13.0010000,13.1510000,3.900
